1.560832023620605469e+00 -4.928798675537109375e+00 -2.714857578277587891e+00
2.278047800064086914e+00 -4.769042491912841797e+00 -1.925410270690917969e+00
1.514840841293334961e+00 -4.780935287475585938e+00 -2.310061693191528320e+00
-5.068786621093750000e+00 -8.108518600463867188e+00 -7.822211742401123047e+00
-4.999320030212402344e+00 -8.061318397521972656e+00 -1.156792640686035156e+01
-4.184998512268066406e+00 -8.320759773254394531e+00 -9.419739723205566406e+00
-7.270741462707519531e+00 -7.468235969543457031e+00 -7.058837413787841797e+00
-7.774984836578369141e+00 -7.350527763366699219e+00 -7.967192649841308594e+00
-5.692261695861816406e+00 -8.128479957580566406e+00 -9.823551177978515625e+00
-6.220638751983642578e+00 -7.997231483459472656e+00 -9.061434745788574219e+00
-6.480722427368164062e+00 -7.345130443572998047e+00 -1.205438804626464844e+01
-8.410824775695800781e+00 -6.366871356964111328e+00 -1.057609272003173828e+01
-8.333660125732421875e+00 -6.189869403839111328e+00 -1.129423332214355469e+01
-9.642334938049316406e+00 -5.266430377960205078e+00 -8.363454818725585938e+00
-1.005111885070800781e+01 -4.324261665344238281e+00 -8.716629981994628906e+00
-9.586357116699218750e+00 -4.642124652862548828e+00 -1.086824512481689453e+01
-8.220038414001464844e+00 -6.689756870269775391e+00 -5.445423603057861328e+00
-9.067623138427734375e+00 -6.091167926788330078e+00 -4.929783821105957031e+00
-7.968304157257080078e+00 -5.744569778442382812e+00 -3.404296159744262695e+00
-8.497043609619140625e+00 -5.227793216705322266e+00 -2.225912809371948242e+00
-6.958464145660400391e+00 -5.439757347106933594e+00 -3.111972570419311523e+00
-2.593375444412231445e+00 -5.029308795928955078e+00 -1.547594785690307617e+00
-3.373401165008544922e+00 -4.879896163940429688e+00 -5.825276970863342285e-01
-1.439692378044128418e+00 -4.990154743194580078e+00 -2.368494272232055664e-01
-7.378792285919189453e+00 -3.211182117462158203e+00 2.311694860458374023e+00
-5.355240345001220703e+00 -3.511415719985961914e+00 1.279046058654785156e+00
-3.860296249389648438e+00 -5.067051887512207031e+00 -2.136364459991455078e+00
-7.304393291473388672e+00 -4.796359062194824219e+00 -1.626412272453308105e+00
-6.307605743408203125e+00 -5.166303634643554688e+00 -2.786187887191772461e+00
-3.738250494003295898e+00 -4.412693500518798828e+00 1.347526311874389648e-01
-4.768009662628173828e+00 -7.278674602508544922e+00 -5.294495582580566406e+00
-4.545513629913330078e+00 -6.497367382049560547e+00 -4.090656757354736328e+00
-2.280292987823486328e+00 -7.655164718627929688e+00 -6.416885852813720703e+00
-2.884656906127929688e+00 -7.167142868041992188e+00 -5.066825389862060547e+00
-2.214365482330322266e+00 -7.176702022552490234e+00 -5.298918247222900391e+00
-1.356324911117553711e+00 -6.800455570220947266e+00 -5.044115543365478516e+00
-2.779684782028198242e+00 -6.776175498962402344e+00 -4.439444541931152344e+00
-5.267623424530029297e+00 -6.850080490112304688e+00 -4.678598403930664062e+00
-6.153739929199218750e+00 -7.666549205780029297e+00 -6.741849422454833984e+00
-8.704339981079101562e+00 -6.650366306304931641e+00 -6.454704761505126953e+00
-1.417182207107543945e+00 -4.978937625885009766e+00 -1.835748791694641113e+00
-9.350571036338806152e-01 -5.039667606353759766e+00 -2.277180194854736328e+00
-2.241440057754516602e+00 -5.123202323913574219e+00 -2.022878170013427734e+00
-3.503071963787078857e-01 -5.081684589385986328e+00 -1.198055982589721680e+00
6.317782998085021973e-01 -4.610795497894287109e+00 -1.599642157554626465e+00
-8.148017525672912598e-01 -5.402209758758544922e+00 -3.020841598510742188e+00
-8.061062544584274292e-03 -5.497972488403320312e+00 -3.345585346221923828e+00
6.071932315826416016e-01 -4.760786056518554688e+00 -2.126658916473388672e+00
-9.515529632568359375e+00 -4.813199996948242188e+00 -2.044274568557739258e+00
-9.940380096435546875e+00 -4.890524864196777344e+00 -4.679163455963134766e+00
-9.351855278015136719e+00 -5.580829620361328125e+00 -3.830547094345092773e+00
-1.019565296173095703e+01 -3.759382963180541992e+00 -3.287887334823608398e+00
-1.031908321380615234e+01 -3.585958480834960938e+00 -4.715746879577636719e+00
-9.119876861572265625e+00 -4.087095260620117188e+00 3.095883727073669434e-01
-9.780951499938964844e+00 -4.173911571502685547e+00 -1.408096790313720703e+00
-9.820141792297363281e+00 -3.231296539306640625e+00 -2.796580195426940918e-01
-9.598562240600585938e+00 -2.926340103149414062e+00 9.026349782943725586e-01
-9.112291336059570312e+00 -2.721250534057617188e+00 2.167390823364257812e+00
-9.278499603271484375e+00 -1.629526734352111816e+00 1.269296526908874512e+00
-1.017270851135253906e+01 -2.695015668869018555e+00 -2.523641586303710938e+00
-1.009725284576416016e+01 -1.608987092971801758e+00 -2.652625799179077148e+00
-9.464205741882324219e+00 -1.293289542198181152e+00 -8.881900906562805176e-01
-7.935844898223876953e+00 -4.186274111270904541e-01 -6.470258235931396484e-01
-1.006350612640380859e+01 -4.635979652404785156e+00 -5.544894695281982422e+00
-1.034775352478027344e+01 -3.652465105056762695e+00 -5.425062179565429688e+00
-1.053235816955566406e+01 -2.257509708404541016e+00 -5.301926612854003906e+00
-1.059037303924560547e+01 -2.098132371902465820e+00 -5.872497081756591797e+00
-1.008345413208007812e+01 -6.567394137382507324e-01 -5.353969573974609375e+00
-1.059012031555175781e+01 -2.843321084976196289e+00 -7.961649894714355469e+00
-1.071174812316894531e+01 -1.946478247642517090e+00 -8.887742042541503906e+00
-1.060154914855957031e+01 -8.101289272308349609e-01 -8.517237663269042969e+00
-9.952466011047363281e+00 -3.288282155990600586e-01 -6.705917835235595703e+00
-8.382416725158691406e+00 -2.023209929466247559e-01 -2.253495931625366211e+00
-6.927724838256835938e+00 1.704305052757263184e+00 -3.685837268829345703e+00
-9.016614913940429688e+00 3.874762058258056641e-01 -6.202917575836181641e+00
-7.577255249023437500e+00 1.441956639289855957e+00 -4.988072872161865234e+00
1.320421886444091797e+01 -5.411404132843017578e+00 4.503436088562011719e+00
1.353975963592529297e+01 -6.182082653045654297e+00 7.800863981246948242e-01
1.303781223297119141e+01 -5.924344539642333984e+00 1.439829111099243164e+00
1.488296222686767578e+01 -5.901441574096679688e+00 1.975453853607177734e+00
1.471668243408203125e+01 -5.043238162994384766e+00 3.123390436172485352e+00
1.196327972412109375e+01 -5.505426406860351562e+00 2.693621397018432617e+00
4.425280094146728516e+00 -1.031389713287353516e+00 4.964440345764160156e+00
5.311807155609130859e+00 -5.965667366981506348e-01 6.111848831176757812e+00
6.649643421173095703e+00 -4.818065643310546875e+00 -1.673336267471313477e+00
8.912248611450195312e+00 -6.234972953796386719e+00 -1.253929853439331055e+00
8.126144409179687500e+00 -6.143279552459716797e+00 -1.092623829841613770e+00
7.451961517333984375e+00 -6.222964286804199219e+00 -5.037664771080017090e-01
2.553712129592895508e+00 -5.414964199066162109e+00 4.059454202651977539e-01
4.295136451721191406e+00 -4.689198017120361328e+00 -1.502183437347412109e+00
5.167509078979492188e+00 -5.076806545257568359e+00 -1.174156904220581055e+00
2.305906295776367188e+00 -4.275385379791259766e+00 -1.262752413749694824e+00
4.115170955657958984e+00 -4.718703746795654297e+00 -1.282683372497558594e+00
5.108935832977294922e+00 -5.551860332489013672e+00 2.156092077493667603e-01
5.807831764221191406e+00 -5.951665878295898438e+00 -6.147456169128417969e-01
3.097257375717163086e+00 -5.481256961822509766e+00 -5.902444720268249512e-01
9.444470405578613281e+00 -5.070358276367187500e+00 3.049113750457763672e+00
1.000486564636230469e+01 -4.523438453674316406e+00 4.839551448822021484e+00
9.944613456726074219e+00 -4.711927890777587891e+00 4.225662231445312500e+00
8.692559242248535156e+00 -3.827822685241699219e+00 5.298932552337646484e+00
8.922047615051269531e+00 -4.875762462615966797e+00 3.129311084747314453e+00
9.020378112792968750e+00 -5.860266685485839844e+00 1.416279315948486328e+00
8.681032180786132812e+00 -6.059456348419189453e+00 9.314281940460205078e-01
5.520502567291259766e+00 -1.180460333824157715e+00 4.046603202819824219e+00
6.158950805664062500e+00 -3.639086723327636719e+00 2.405684709548950195e+00
5.589866161346435547e+00 -3.934237241744995117e+00 1.877542018890380859e+00
4.515882015228271484e+00 -1.850733876228332520e+00 3.086978673934936523e+00
4.617043018341064453e+00 -1.413817882537841797e+00 3.740034341812133789e+00
6.887620449066162109e+00 -2.325334072113037109e+00 4.307789802551269531e+00
6.705712795257568359e+00 -1.705204725265502930e+00 5.534810066223144531e+00
6.540501117706298828e+00 -5.426223754882812500e+00 9.357245564460754395e-01
1.209177589416503906e+01 -3.960282087326049805e+00 5.860961437225341797e+00
1.377485752105712891e+01 -4.338138580322265625e+00 4.551203250885009766e+00
1.264774417877197266e+01 -3.086558818817138672e+00 4.874821186065673828e+00
1.350683307647705078e+01 -3.130074977874755859e+00 3.211453914642333984e+00
7.855523109436035156e+00 -2.615810394287109375e+00 6.682840347290039062e+00
7.428815364837646484e+00 -2.160484313964843750e+00 6.672077655792236328e+00
4.268316268920898438e+00 -2.296692728996276855e-01 6.885944843292236328e+00
9.660998344421386719e+00 -3.745827674865722656e+00 6.454614639282226562e+00
1.048413372039794922e+01 -2.469236373901367188e+00 6.602043151855468750e+00
1.083083152770996094e+01 -2.033414602279663086e+00 5.608111381530761719e+00
8.726688385009765625e+00 -1.173267364501953125e+00 6.556725025177001953e+00
9.092087745666503906e+00 -8.216308355331420898e-01 5.542201042175292969e+00
1.118516635894775391e+01 -1.818051815032958984e+00 4.587745189666748047e+00
1.153309154510498047e+01 -1.580329418182373047e+00 3.557344198226928711e+00
6.682689666748046875e+00 -1.133464813232421875e+00 6.421344757080078125e+00
7.815423488616943359e+00 -5.772690773010253906e-01 6.408155918121337891e+00
7.099545478820800781e+00 3.588996529579162598e-01 5.833953857421875000e+00
6.335242271423339844e+00 1.232415586709976196e-01 6.121634483337402344e+00
5.705279827117919922e+00 1.169321656227111816e+00 5.610703945159912109e+00
8.159320831298828125e+00 5.784355401992797852e-01 4.552687644958496094e+00
5.779092788696289062e+00 2.318428039550781250e+00 4.224700927734375000e+00
6.173861503601074219e+00 2.384985446929931641e+00 3.744161128997802734e+00
-2.132599592208862305e+00 -2.792175769805908203e+00 3.778627634048461914e+00
-1.521510243415832520e+00 -3.796460151672363281e+00 1.668459415435791016e+00
-1.475592970848083496e+00 -4.646103858947753906e+00 3.922950327396392822e-01
-1.615446925163269043e+00 -2.856151103973388672e+00 3.503147125244140625e+00
-2.424434572458267212e-01 -2.652828693389892578e+00 2.384552001953125000e+00
-5.071490764617919922e+00 -3.476182460784912109e+00 1.471560359001159668e+00
-4.358795642852783203e+00 -3.313645601272583008e+00 2.206166744232177734e+00
-5.804621696472167969e+00 -2.595727920532226562e+00 3.394470691680908203e+00
-5.278501033782958984e+00 -3.016768932342529297e+00 2.538459062576293945e+00
-4.094523906707763672e+00 -2.823957443237304688e+00 3.384992599487304688e+00
-2.759658098220825195e+00 -1.616947889328002930e+00 4.883182048797607422e+00
-5.654173851013183594e+00 -1.267179489135742188e+00 4.709527492523193359e+00
-5.351101398468017578e+00 -7.370078563690185547e-01 4.910720825195312500e+00
2.539468288421630859e+00 -1.677743434906005859e+00 3.690783023834228516e+00
1.374211668968200684e+00 -8.634083867073059082e-01 4.156864166259765625e+00
-5.798163264989852905e-02 -1.178444623947143555e+00 3.670038938522338867e+00
1.090543389320373535e+00 -2.857882678508758545e-01 4.689252376556396484e+00
2.520930528640747070e+00 -9.818471670150756836e-01 5.329891204833984375e+00
3.533954858779907227e+00 -4.537638127803802490e-01 6.686405658721923828e+00
1.115910649299621582e+00 8.099488615989685059e-01 5.407176971435546875e+00
-3.225813150405883789e+00 -1.386941790580749512e+00 5.013972282409667969e+00
-4.245595932006835938e+00 3.014589846134185791e-01 5.012151241302490234e+00
-2.750005960464477539e+00 5.711668133735656738e-01 5.141894340515136719e+00
-1.171663761138916016e+00 1.623853564262390137e+00 4.410665988922119141e+00
-3.888797283172607422e+00 1.022671580314636230e+00 4.049704551696777344e+00
-3.825065135955810547e+00 1.426250338554382324e+00 2.889280557632446289e+00
-1.768215149641036987e-01 -5.095984935760498047e+00 -7.975323498249053955e-02
2.982461750507354736e-01 -4.952279090881347656e+00 -1.146267578005790710e-01
8.161989450454711914e-01 -4.957587242126464844e+00 3.506134077906608582e-02
1.647699475288391113e+00 -3.791430473327636719e+00 1.426644086837768555e+00
1.482395052909851074e+00 -4.991227626800537109e+00 5.848132967948913574e-01
1.624269008636474609e+00 -3.755931377410888672e+00 -1.363872647285461426e+00
1.890508413314819336e+00 -2.610115051269531250e+00 2.367942571640014648e+00
2.285470008850097656e+00 1.582418918609619141e+00 5.575562000274658203e+00
2.871451854705810547e+00 2.559343338012695312e+00 4.237607955932617188e+00
2.603189468383789062e+00 2.988966464996337891e+00 3.012417554855346680e+00
-8.655671477317810059e-01 2.488886833190917969e+00 2.619330167770385742e+00
-6.673554182052612305e-01 1.964105248451232910e+00 4.181276798248291016e+00
5.691630244255065918e-01 2.566437482833862305e+00 3.245252132415771484e+00
-1.730820894241333008e+00 3.178866386413574219e+00 1.094358116388320923e-01
-7.585072994232177734e+00 -2.458962917327880859e+00 3.555215835571289062e+00
-7.328504085540771484e+00 -1.423864960670471191e+00 4.217549800872802734e+00
-7.960325241088867188e+00 -8.139149546623229980e-01 2.906894445419311523e+00
-6.811764240264892578e+00 -1.160533428192138672e+00 4.463009834289550781e+00
-7.015884399414062500e+00 -3.678556680679321289e-01 3.059934377670288086e+00
-6.419588565826416016e+00 1.883196383714675903e-01 1.420456886291503906e+00
-6.218875408172607422e+00 1.392714381217956543e-01 2.391649723052978516e+00
-6.923948287963867188e+00 2.277038246393203735e-01 -8.149315714836120605e-01
-3.744760513305664062e+00 1.651300311088562012e+00 1.846144914627075195e+00
-5.364074230194091797e+00 2.017879962921142578e+00 -1.991836667060852051e+00
-3.647927522659301758e+00 3.036456346511840820e+00 -1.668079018592834473e+00
3.383231163024902344e+00 8.297506570816040039e-01 6.484521865844726562e+00
2.977140426635742188e+00 1.883207559585571289e+00 5.381954669952392578e+00
3.835911273956298828e+00 2.282110452651977539e+00 4.817387580871582031e+00
4.538056373596191406e+00 2.810086488723754883e+00 3.778393983840942383e+00
3.874452114105224609e+00 3.240258932113647461e+00 2.965602159500122070e+00
7.762519359588623047e+00 -4.888207912445068359e+00 -3.965432643890380859e+00
2.377247571945190430e+00 -5.068919181823730469e+00 -3.054035186767578125e+00
5.495004177093505859e+00 -4.722032070159912109e+00 -2.526490449905395508e+00
6.321474075317382812e+00 -4.672283172607421875e+00 -2.974970579147338867e+00
3.033739328384399414e+00 -5.004526615142822266e+00 -2.935849189758300781e+00
2.090782642364501953e+00 -5.928031921386718750e+00 -5.251178264617919922e+00
2.626912593841552734e+00 -5.805819511413574219e+00 -6.253077030181884766e+00
3.891488313674926758e+00 -5.139579772949218750e+00 -5.598763465881347656e+00
5.924276351928710938e+00 -4.810069561004638672e+00 -3.733290910720825195e+00
7.160602569580078125e+00 -4.951291561126708984e+00 -4.071878910064697266e+00
2.443497896194458008e+00 -5.620469570159912109e+00 -8.458655357360839844e+00
8.324330329895019531e+00 -4.967603683471679688e+00 -6.012319087982177734e+00
3.300950050354003906e+00 -5.330093860626220703e+00 -7.116583824157714844e+00
3.713578939437866211e+00 -4.721457481384277344e+00 -7.899970531463623047e+00
6.291465282440185547e+00 -5.067590236663818359e+00 -5.379187107086181641e+00
7.410916328430175781e+00 -4.924952507019042969e+00 -6.333436965942382812e+00
5.879636764526367188e+00 -4.174123287200927734e+00 -7.251989841461181641e+00
7.536702632904052734e+00 -4.025242805480957031e+00 -7.372097969055175781e+00
5.589278697967529297e+00 -3.861541032791137695e+00 -7.629810333251953125e+00
5.158453464508056641e+00 -2.836803436279296875e+00 -8.643868446350097656e+00
5.232477188110351562e+00 -2.076700448989868164e+00 -8.896302223205566406e+00
-3.349335193634033203e+00 -7.970299243927001953e+00 -1.205624580383300781e+01
-3.131113767623901367e+00 -8.214956283569335938e+00 -1.051696014404296875e+01
-3.961314678192138672e+00 -7.543088436126708984e+00 -1.315933322906494141e+01
-1.581466317176818848e+00 -6.562784671783447266e+00 -1.324237251281738281e+01
-3.556550979614257812e+00 -6.334125995635986328e+00 -1.446016883850097656e+01
-3.374691009521484375e+00 -5.280411720275878906e+00 -1.519194221496582031e+01
-6.631523609161376953e+00 -6.536963939666748047e+00 -1.317126846313476562e+01
-7.072699546813964844e+00 -6.213068485260009766e+00 -1.318907833099365234e+01
-7.758431911468505859e+00 -5.233255386352539062e+00 -1.367577838897705078e+01
-5.719849109649658203e+00 -7.132149696350097656e+00 -1.307813262939453125e+01
-8.473960876464843750e+00 -5.366055488586425781e+00 -1.256458663940429688e+01
-7.364500522613525391e+00 -4.565458774566650391e+00 -1.457441329956054688e+01
-4.151133537292480469e+00 -5.535299301147460938e+00 -1.502889823913574219e+01
-5.996033668518066406e+00 -4.381799221038818359e+00 -1.525723457336425781e+01
-2.710862874984741211e+00 -5.387042999267578125e+00 -1.501371765136718750e+01
-2.177005052566528320e+00 -4.294639110565185547e+00 -1.536899662017822266e+01
-3.722744226455688477e+00 -3.715107202529907227e+00 -1.575236892700195312e+01
-2.790598869323730469e+00 -3.186363697052001953e+00 -1.571523094177246094e+01
-4.989240169525146484e+00 -2.648962497711181641e+00 -1.594014549255371094e+01
-3.920426130294799805e+00 -1.502833247184753418e+00 -1.593588161468505859e+01
-9.299654006958007812e+00 -4.441200256347656250e+00 -1.222301959991455078e+01
-8.934194564819335938e+00 -4.001638889312744141e+00 -1.344660854339599609e+01
-9.909744262695312500e+00 -2.861618518829345703e+00 -1.234770298004150391e+01
-1.039972782135009766e+01 -1.437515377998352051e+00 -1.152019882202148438e+01
-8.548807144165039062e+00 -3.349118709564208984e+00 -1.436184883117675781e+01
-7.691740036010742188e+00 -2.966734170913696289e+00 -1.519895267486572266e+01
-9.820379257202148438e+00 -9.224509000778198242e-01 -1.328366088867187500e+01
-9.374072074890136719e+00 -3.258877694606781006e-01 -1.420481014251708984e+01
-8.486409187316894531e+00 -9.499483704566955566e-01 -1.507460689544677734e+01
-7.134474754333496094e+00 1.615156084299087524e-01 -1.577074623107910156e+01
-7.626763820648193359e+00 8.159075975418090820e-01 -1.553736972808837891e+01
-1.521792173385620117e+00 -7.555453300476074219e+00 -6.888513565063476562e+00
-4.209980666637420654e-01 -7.156389236450195312e+00 -8.631807327270507812e+00
7.387989759445190430e-02 -6.568072319030761719e+00 -5.590161800384521484e+00
6.193852424621582031e-01 -6.684955596923828125e+00 -6.757249832153320312e+00
-2.397527247667312622e-01 -6.930713653564453125e+00 -9.610841751098632812e+00
-5.071217566728591919e-02 -5.894988536834716797e+00 -1.240208911895751953e+01
1.353158950805664062e+00 -6.387640953063964844e+00 -6.419625759124755859e+00
2.021556615829467773e+00 -5.951288700103759766e+00 -8.191233634948730469e+00
-7.604864239692687988e-01 -5.086522579193115234e+00 -1.430377292633056641e+01
1.024427056312561035e+00 -4.962784767150878906e+00 -1.243797397613525391e+01
-1.230350255966186523e+00 -3.738930225372314453e+00 -1.520301818847656250e+01
-1.924793571233749390e-01 -3.006732940673828125e+00 -1.485954761505126953e+01
1.960262179374694824e+00 -5.052815914154052734e+00 -1.069780254364013672e+01
-1.088088512420654297e+00 -2.404602766036987305e+00 -1.528153800964355469e+01
-1.307608485221862793e+00 -1.696629762649536133e+00 -1.534076881408691406e+01
2.142077207565307617e+00 -3.535632371902465820e+00 -1.149296188354492188e+01
8.844957947731018066e-01 -1.869589567184448242e+00 -1.348712921142578125e+01
7.973344922065734863e-01 -1.143779754638671875e+00 -1.333470630645751953e+01
-2.606387138366699219e+00 -1.777363657951354980e+00 -1.569881534576416016e+01
-2.675588846206665039e+00 -8.077265024185180664e-01 -1.564200115203857422e+01
-5.084035873413085938e+00 4.557553827762603760e-01 -1.588965797424316406e+01
-2.885910272598266602e+00 1.009561777114868164e+00 -1.536772537231445312e+01
-2.164028882980346680e+00 1.176546573638916016e+00 -1.512487888336181641e+01
-4.973416924476623535e-01 1.151515603065490723e+00 -1.389099121093750000e+01
-2.881562709808349609e+00 2.082297325134277344e+00 -1.503613662719726562e+01
-2.464998722076416016e+00 2.791323900222778320e+00 -1.464754772186279297e+01
2.704345464706420898e+00 -3.966429710388183594e+00 -1.033813285827636719e+01
3.520268678665161133e+00 -2.606871366500854492e+00 -1.011259651184082031e+01
3.012928962707519531e+00 -1.844844698905944824e+00 -1.085337352752685547e+01
9.650772809982299805e-01 -2.795212864875793457e-01 -1.281448745727539062e+01
1.484523415565490723e+00 9.773490019142627716e-03 -1.211208534240722656e+01
2.350811958312988281e+00 -2.139052301645278931e-01 -1.122861671447753906e+01
1.082883715629577637e+00 4.201982319355010986e-01 -1.233807182312011719e+01
-1.051108455657958984e+01 -9.648932218551635742e-01 -1.099388408660888672e+01
-9.967043876647949219e+00 6.881486773490905762e-01 -1.292117691040039062e+01
-1.030150985717773438e+01 -1.406327821314334869e-02 -1.048713588714599609e+01
-1.007167625427246094e+01 -1.183091625571250916e-01 -9.024794578552246094e+00
-9.724247932434082031e+00 5.459631681442260742e-01 -1.002848052978515625e+01
-9.962191581726074219e+00 9.255199432373046875e-01 -1.155305767059326172e+01
-9.431943893432617188e+00 2.036784410476684570e+00 -1.278576660156250000e+01
-8.820205688476562500e+00 1.399310588836669922e+00 -9.343448638916015625e+00
-8.414819717407226562e+00 2.401056289672851562e+00 -1.037709903717041016e+01
-8.198868751525878906e+00 1.158902049064636230e+00 -6.070106506347656250e+00
-7.960196971893310547e+00 1.593697905540466309e+00 -7.152885913848876953e+00
-8.282756805419921875e+00 1.882994174957275391e+00 -8.738397598266601562e+00
-7.898362159729003906e+00 2.551410675048828125e+00 -9.733874320983886719e+00
-6.296243190765380859e+00 2.697906255722045898e+00 -7.680398941040039062e+00
-6.211929798126220703e+00 3.007746458053588867e+00 -8.164483070373535156e+00
-8.634268760681152344e+00 2.205633640289306641e+00 -1.429361057281494141e+01
-8.035929679870605469e+00 2.232796430587768555e+00 -1.473408031463623047e+01
-7.635514259338378906e+00 3.445820093154907227e+00 -1.351604843139648438e+01
-6.652520656585693359e+00 4.271813869476318359e+00 -1.314101123809814453e+01
-6.099193572998046875e+00 1.897076606750488281e+00 -1.547866249084472656e+01
-5.843391895294189453e+00 2.187886238098144531e+00 -1.533000469207763672e+01
-5.168602466583251953e+00 3.971747636795043945e+00 -1.412486362457275391e+01
-4.613282680511474609e+00 3.964994430541992188e+00 -1.425172615051269531e+01
-5.865694999694824219e+00 3.774679899215698242e+00 -1.412870597839355469e+01
-8.271393775939941406e+00 3.287182569503784180e+00 -1.224962615966796875e+01
-6.240455627441406250e+00 4.418217182159423828e+00 -1.238393688201904297e+01
-5.554213523864746094e+00 4.385623931884765625e+00 -1.074607944488525391e+01
-3.386709213256835938e+00 4.237918376922607422e+00 -1.349093723297119141e+01
-3.168344020843505859e+00 4.300527572631835938e+00 -1.287299633026123047e+01
-5.217551708221435547e+00 4.438532829284667969e+00 -1.222208690643310547e+01
-4.466576099395751953e+00 4.639577388763427734e+00 -1.232867145538330078e+01
-3.214410781860351562e+00 4.691168308258056641e+00 -1.144532871246337891e+01
-4.955781459808349609e+00 4.790434360504150391e+00 -1.084997463226318359e+01
-3.793292522430419922e+00 4.897223472595214844e+00 -1.117312431335449219e+01
-6.638040542602539062e+00 3.687116146087646484e+00 -1.050416564941406250e+01
-5.929085731506347656e+00 3.624191761016845703e+00 -9.037330627441406250e+00
3.061855554580688477e+00 -1.817223578691482544e-01 -1.030436801910400391e+01
-1.366686373949050903e-01 1.532619237899780273e+00 -1.287997722625732422e+01
-2.112910985946655273e+00 3.224871397018432617e+00 -1.359678936004638672e+01
9.990003108978271484e-01 8.076298832893371582e-01 -1.169157123565673828e+01
-1.052178859710693359e+00 2.888634204864501953e+00 -1.234081268310546875e+01
-2.711781501770019531e+00 3.850287199020385742e+00 -1.327289009094238281e+01
-1.647973656654357910e+00 3.651436805725097656e+00 -1.187758350372314453e+01
1.143278217315673828e+01 -6.498394966125488281e+00 -3.370023727416992188e+00
1.331833648681640625e+01 -6.676013946533203125e+00 -1.706775188446044922e+00
1.117162036895751953e+01 -6.431358814239501953e+00 -8.332489132881164551e-01
1.097582530975341797e+01 -6.441599845886230469e+00 -2.592702150344848633e+00
1.434671497344970703e+01 -6.941665172576904297e+00 -5.008235454559326172e+00
1.198566341400146484e+01 -6.563962936401367188e+00 -3.970870018005371094e+00
1.269557762145996094e+01 -6.548294067382812500e+00 -5.466250896453857422e+00
1.314341068267822266e+01 -6.860583305358886719e+00 -3.652832031250000000e+00
1.561555099487304688e+01 -7.022339344024658203e+00 -3.572096586227416992e+00
1.605434226989746094e+01 -5.961251258850097656e+00 -4.156573295593261719e+00
1.623081207275390625e+01 -6.486536502838134766e+00 -1.133241176605224609e+00
1.635851478576660156e+01 -5.704939365386962891e+00 -2.020052671432495117e+00
1.456812858581542969e+01 -6.551645755767822266e+00 8.011108636856079102e-02
1.480273151397705078e+01 -6.933038711547851562e+00 -1.522839307785034180e+00
1.535692596435546875e+01 -6.214245319366455078e+00 1.015207290649414062e+00
1.477158737182617188e+01 -4.040377616882324219e+00 2.018659591674804688e+00
1.510911369323730469e+01 -4.203307151794433594e+00 9.190163016319274902e-01
1.432284450531005859e+01 -3.303059339523315430e+00 1.057300090789794922e+00
1.578556632995605469e+01 -4.928992271423339844e+00 -3.324925899505615234e+00
1.520149707794189453e+01 -4.071367740631103516e+00 -2.546567440032958984e+00
1.518594169616699219e+01 -3.974554777145385742e+00 -9.864865541458129883e-01
1.493851470947265625e+01 -3.644729852676391602e+00 -1.488307952880859375e+00
1.429528236389160156e+01 -2.862607240676879883e+00 -8.629204630851745605e-01
1.380430316925048828e+01 -6.725363254547119141e+00 -6.230849742889404297e+00
1.524750900268554688e+01 -5.938438415527343750e+00 -6.530147552490234375e+00
1.236620521545410156e+01 -6.424068927764892578e+00 -6.655423164367675781e+00
1.290911960601806641e+01 -5.890110015869140625e+00 -7.440607547760009766e+00
1.592686080932617188e+01 -5.849489688873291016e+00 -5.618421077728271484e+00
1.560294818878173828e+01 -5.087308406829833984e+00 -5.909410476684570312e+00
1.502188968658447266e+01 -4.428859710693359375e+00 -5.512075901031494141e+00
1.325347042083740234e+01 -5.500489711761474609e+00 -7.296367168426513672e+00
1.262627506256103516e+01 -4.941774368286132812e+00 -6.612171173095703125e+00
1.348781299591064453e+01 -4.464498043060302734e+00 -6.088493347167968750e+00
1.360995388031005859e+01 -3.380987882614135742e+00 -4.930843830108642578e+00
1.496642208099365234e+01 -3.749963998794555664e+00 -2.790071725845336914e+00
1.490412712097167969e+01 -3.761307954788208008e+00 -4.472667694091796875e+00
1.434583473205566406e+01 -2.919224262237548828e+00 -3.724176645278930664e+00
1.016539955139160156e+01 -5.969921112060546875e+00 -2.746178627014160156e+00
6.991787433624267578e+00 -4.732422828674316406e+00 -2.373283386230468750e+00
7.278512001037597656e+00 -4.800906181335449219e+00 -1.946221113204956055e+00
6.844246864318847656e+00 -4.678990840911865234e+00 -2.936303377151489258e+00
1.048366546630859375e+01 -6.261665344238281250e+00 -2.341885805130004883e+00
9.016005516052246094e+00 -5.492235183715820312e+00 -1.948304176330566406e+00
7.952503681182861328e+00 -5.063176155090332031e+00 -1.581164240837097168e+00
9.599822998046875000e+00 -5.497682094573974609e+00 -3.438441276550292969e+00
9.956759452819824219e+00 -5.512652397155761719e+00 -4.665287971496582031e+00
8.332532882690429688e+00 -4.961027145385742188e+00 -3.963374614715576172e+00
1.352730464935302734e+01 -2.162978649139404297e+00 -1.416395232081413269e-02
1.219675731658935547e+01 -7.815859317779541016e-01 -1.007358670234680176e+00
1.096521377563476562e+01 -5.928420066833496094e+00 -5.494634628295898438e+00
1.102814579010009766e+01 -5.392690181732177734e+00 -6.031458854675292969e+00
9.598103523254394531e+00 -5.042118072509765625e+00 -5.200933456420898438e+00
1.172107887268066406e+01 -4.673574924468994141e+00 -6.177258491516113281e+00
9.186996459960937500e+00 -4.298078536987304688e+00 -6.418975353240966797e+00
1.040726280212402344e+01 -3.517710685729980469e+00 -5.872827053070068359e+00
1.247352218627929688e+01 -3.667776107788085938e+00 -5.452376842498779297e+00
1.065674591064453125e+01 -3.174492835998535156e+00 -5.672956943511962891e+00
1.068292903900146484e+01 -2.247205018997192383e+00 -5.259533882141113281e+00
8.546645164489746094e+00 -3.667361736297607422e+00 -7.032517433166503906e+00
9.059461593627929688e+00 -3.063529253005981445e+00 -6.572463512420654297e+00
8.057633399963378906e+00 -2.022381305694580078e+00 -6.904818058013916016e+00
1.041696548461914062e+01 -1.583970427513122559e+00 -5.117651939392089844e+00
8.264020919799804688e+00 -1.691732048988342285e+00 -6.643182754516601562e+00
8.758374214172363281e+00 -4.678377509117126465e-01 -5.847984313964843750e+00
7.289644718170166016e+00 -1.506364792585372925e-01 -6.922338962554931641e+00
1.325790309906005859e+01 -2.139373302459716797e+00 -4.034617424011230469e+00
1.342899894714355469e+01 -1.679744601249694824e+00 -1.914946913719177246e+00
1.319663047790527344e+01 -1.333503603935241699e+00 -3.129842758178710938e+00
1.237792778015136719e+01 -4.464071691036224365e-01 -2.221432924270629883e+00
1.203521919250488281e+01 -1.327336579561233521e-01 -2.822495698928833008e+00
1.241138744354248047e+01 -1.912976384162902832e+00 -4.351368427276611328e+00
1.121592998504638672e+01 -1.222295880317687988e+00 -4.483225822448730469e+00
1.149311351776123047e+01 -5.733295083045959473e-01 -3.855782508850097656e+00
1.016577816009521484e+01 1.568866133689880371e+00 -1.735855221748352051e+00
9.276424407958984375e+00 2.369437456130981445e+00 -2.878161191940307617e+00
9.321431159973144531e+00 2.294083833694458008e+00 -3.345814943313598633e+00
8.564810752868652344e+00 2.931205034255981445e+00 -2.363961458206176758e+00
1.021931743621826172e+01 -9.019185304641723633e-01 -5.003984451293945312e+00
1.064660835266113281e+01 2.979348301887512207e-01 -4.114552021026611328e+00
8.375299453735351562e+00 1.404020339250564575e-01 -5.861255645751953125e+00
7.026616573333740234e+00 9.992603063583374023e-01 -6.434957027435302734e+00
1.387595939636230469e+01 -3.285537958145141602e+00 2.605344295501708984e+00
1.247875690460205078e+01 -2.180409669876098633e+00 2.913692712783813477e+00
1.128712368011474609e+01 -6.161513328552246094e-01 1.455296754837036133e+00
1.147344779968261719e+01 -4.796573817729949951e-01 3.075346648693084717e-01
1.001754283905029297e+01 -9.057299792766571045e-02 3.137237787246704102e+00
8.890016555786132812e+00 1.201655268669128418e+00 2.629030704498291016e+00
9.484920501708984375e+00 9.081109166145324707e-01 2.108301877975463867e+00
7.344443321228027344e+00 2.208626985549926758e+00 2.984238147735595703e+00
7.172222137451171875e+00 2.845705509185791016e+00 1.844813108444213867e+00
9.855688095092773438e+00 1.077706336975097656e+00 3.766579627990722656e-01
1.007131290435791016e+01 1.417431950569152832e+00 -9.821549057960510254e-01
8.002911567687988281e+00 2.736742019653320312e+00 4.365360140800476074e-01
3.351830720901489258e+00 4.280146598815917969e+00 -3.460193872451782227e-01
6.225716590881347656e+00 3.611204862594604492e+00 2.870129644870758057e-01
5.482431888580322266e+00 4.055839538574218750e+00 -2.225825309753417969e+00
3.673648595809936523e+00 4.399092197418212891e+00 -6.836448311805725098e-01
2.849889755249023438e+00 3.831658363342285156e+00 -2.456875085830688477e+00
2.966735363006591797e+00 3.531817913055419922e+00 -3.331721544265747070e+00
-9.875430464744567871e-01 3.796812534332275391e+00 -7.649869918823242188e-01
2.156865119934082031e+00 3.168338060379028320e+00 -4.391141414642333984e+00
1.058883778750896454e-02 4.166003227233886719e+00 -3.142746210098266602e+00
3.083130419254302979e-01 3.716784954071044922e+00 -4.697880268096923828e+00
2.382819414138793945e+00 3.817474126815795898e+00 -2.567508697509765625e+00
5.105041980743408203e+00 -8.639676570892333984e-01 -8.893795013427734375e+00
2.951255559921264648e+00 3.249439597129821777e-01 -9.609899520874023438e+00
5.076205730438232422e+00 5.336415767669677734e-01 -8.120255470275878906e+00
3.652901411056518555e+00 5.834537744522094727e-01 -8.971783638000488281e+00
2.531042575836181641e+00 5.161943435668945312e-01 -9.803484916687011719e+00
1.551094412803649902e+00 1.860412836074829102e+00 -9.914578437805175781e+00
3.345738053321838379e-01 3.159301757812500000e+00 -9.159776687622070312e+00
1.147163584828376770e-01 3.010321855545043945e+00 -1.046028423309326172e+01
5.668422222137451172e+00 2.838807344436645508e+00 -4.862918376922607422e+00
6.178227901458740234e+00 1.915916919708251953e+00 -6.099301815032958984e+00
4.713942527770996094e+00 2.728834390640258789e+00 -5.254924774169921875e+00
4.815765857696533203e+00 2.434443712234497070e+00 -5.970685482025146484e+00
6.616960048675537109e+00 3.769527912139892578e+00 -2.719550848007202148e+00
6.599232673645019531e+00 1.305542826652526855e+00 -6.436548709869384766e+00
5.732941150665283203e+00 1.706725955009460449e+00 -6.616327285766601562e+00
4.879839897155761719e+00 1.823949933052062988e+00 -7.050489902496337891e+00
2.748373270034790039e+00 2.881546258926391602e+00 -5.068420410156250000e+00
2.828523397445678711e+00 2.117076158523559570e+00 -7.365272521972656250e+00
2.039796113967895508e+00 2.353892087936401367e+00 -6.816401958465576172e+00
9.947958588600158691e-02 3.313166379928588867e+00 -6.272166728973388672e+00
2.783145308494567871e-01 2.973606824874877930e+00 -7.760826587677001953e+00
3.080591559410095215e-01 3.043941974639892578e+00 -8.139588356018066406e+00
-3.297589063644409180e+00 3.401550292968750000e+00 -2.584525346755981445e+00
-5.632102012634277344e+00 3.067022323608398438e+00 -7.732992649078369141e+00
-4.807975769042968750e+00 3.487955093383789062e+00 -7.636227130889892578e+00
-4.257986545562744141e+00 3.354957580566406250e+00 -6.674480438232421875e+00
-2.166769027709960938e+00 3.288039684295654297e+00 -2.324262112379074097e-01
-1.889860749244689941e+00 3.754755258560180664e+00 -1.355264663696289062e+00
-1.527704596519470215e+00 4.101198673248291016e+00 -2.469736099243164062e+00
-1.352787613868713379e+00 4.400996208190917969e+00 -3.693715572357177734e+00
-1.181222796440124512e+00 4.409292221069335938e+00 -4.987760066986083984e+00
-4.798964023590087891e+00 4.083743095397949219e+00 -8.506464958190917969e+00
-4.503586292266845703e+00 4.561872959136962891e+00 -9.025852203369140625e+00
-1.979745507240295410e+00 4.468555450439453125e+00 -7.512526035308837891e+00
-3.348793983459472656e+00 4.463726520538330078e+00 -8.332772254943847656e+00
-1.539123177528381348e+00 3.659127950668334961e+00 -1.120069217681884766e+01
-1.226770877838134766e+00 3.514301300048828125e+00 -1.106506538391113281e+01
-3.825690031051635742e+00 4.859642028808593750e+00 -1.070600414276123047e+01
-2.046064138412475586e+00 4.187028408050537109e+00 -9.851852416992187500e+00
-3.095501661300659180e-01 3.487975835800170898e+00 -9.968161582946777344e+00
-2.158620595932006836e+00 4.565606594085693359e+00 -6.121379375457763672e+00
5.292685031890869141e+00 3.332843780517578125e+00 2.375325202941894531e+00
6.061092853546142578e+00 3.288549900054931641e+00 1.810218095779418945e+00
1.971791028976440430e+00 7.160469889640808105e-01 -1.028991317749023438e+01
-5.143002867698669434e-01 2.802529096603393555e+00 -1.161765575408935547e+01
4.451777637004852295e-01 2.534080743789672852e+00 -1.077191734313964844e+01
