1.562502861022949219e+00 -4.935755729675292969e+00 -2.715422153472900391e+00
2.279404163360595703e+00 -4.785994052886962891e+00 -1.928070306777954102e+00
1.516001224517822266e+00 -4.793320655822753906e+00 -2.310563325881958008e+00
-5.068986892700195312e+00 -8.108722686767578125e+00 -7.822372913360595703e+00
-4.999462127685546875e+00 -8.061113357543945312e+00 -1.156820201873779297e+01
-4.185231208801269531e+00 -8.320806503295898438e+00 -9.419755935668945312e+00
-7.271177291870117188e+00 -7.468501567840576172e+00 -7.058980464935302734e+00
-7.775176525115966797e+00 -7.350739479064941406e+00 -7.967312812805175781e+00
-5.692419528961181641e+00 -8.128583908081054688e+00 -9.823906898498535156e+00
-6.220984458923339844e+00 -7.997542858123779297e+00 -9.061729431152343750e+00
-6.480338096618652344e+00 -7.344262599945068359e+00 -1.205466175079345703e+01
-8.410437583923339844e+00 -6.366076946258544922e+00 -1.057610416412353516e+01
-8.332612991333007812e+00 -6.187988758087158203e+00 -1.129423427581787109e+01
-9.642442703247070312e+00 -5.266106128692626953e+00 -8.362977981567382812e+00
-1.005112361907958984e+01 -4.323851585388183594e+00 -8.715549468994140625e+00
-9.586961746215820312e+00 -4.641504764556884766e+00 -1.086752796173095703e+01
-8.220562934875488281e+00 -6.690290451049804688e+00 -5.445438861846923828e+00
-9.067919731140136719e+00 -6.091591358184814453e+00 -4.930109024047851562e+00
-7.968401908874511719e+00 -5.745071887969970703e+00 -3.404668807983398438e+00
-8.496842384338378906e+00 -5.228374481201171875e+00 -2.226330041885375977e+00
-6.958615779876708984e+00 -5.440216064453125000e+00 -3.112497091293334961e+00
-2.593998432159423828e+00 -5.031191349029541016e+00 -1.548490166664123535e+00
-3.374206781387329102e+00 -4.881669044494628906e+00 -5.832788944244384766e-01
-1.441255569458007812e+00 -4.994898796081542969e+00 -2.383431047201156616e-01
-7.379910945892333984e+00 -3.210818290710449219e+00 2.312750339508056641e+00
-5.356140136718750000e+00 -3.511157274246215820e+00 1.278773903846740723e+00
-3.860539197921752930e+00 -5.068174362182617188e+00 -2.136999845504760742e+00
-7.304390907287597656e+00 -4.796421051025390625e+00 -1.626741170883178711e+00
-6.307887554168701172e+00 -5.166822910308837891e+00 -2.786753177642822266e+00
-3.739131927490234375e+00 -4.414123535156250000e+00 1.341034024953842163e-01
-4.768077850341796875e+00 -7.279104709625244141e+00 -5.294925212860107422e+00
-4.545705795288085938e+00 -6.498255729675292969e+00 -4.091202735900878906e+00
-2.280157566070556641e+00 -7.655837059020996094e+00 -6.417372703552246094e+00
-2.884623765945434570e+00 -7.168083190917968750e+00 -5.067453861236572266e+00
-2.214162588119506836e+00 -7.178153991699218750e+00 -5.299529552459716797e+00
-1.355796456336975098e+00 -6.803097248077392578e+00 -5.044586658477783203e+00
-2.779724597930908203e+00 -6.777343750000000000e+00 -4.440149307250976562e+00
-5.267711639404296875e+00 -6.850563049316406250e+00 -4.679049968719482422e+00
-6.154025077819824219e+00 -7.666887760162353516e+00 -6.742118835449218750e+00
-8.704936981201171875e+00 -6.650658130645751953e+00 -6.454813957214355469e+00
-1.417319059371948242e+00 -4.982544898986816406e+00 -1.836639285087585449e+00
-9.348136782646179199e-01 -5.044600009918212891e+00 -2.277484655380249023e+00
-2.241583108901977539e+00 -5.125237941741943359e+00 -2.023741483688354492e+00
-3.515367507934570312e-01 -5.091175556182861328e+00 -1.199002027511596680e+00
6.333252191543579102e-01 -4.625586032867431641e+00 -1.599357485771179199e+00
-8.144203424453735352e-01 -5.404976367950439453e+00 -3.021687507629394531e+00
-7.504477165639400482e-03 -5.501793861389160156e+00 -3.346117258071899414e+00
6.079061031341552734e-01 -4.769388198852539062e+00 -2.126436710357666016e+00
-9.515477180480957031e+00 -4.813630104064941406e+00 -2.044828414916992188e+00
-9.939949035644531250e+00 -4.890245914459228516e+00 -4.679848194122314453e+00
-9.351814270019531250e+00 -5.581051349639892578e+00 -3.831095457077026367e+00
-1.019540405273437500e+01 -3.759219169616699219e+00 -3.288578748703002930e+00
-1.031938838958740234e+01 -3.585276842117309570e+00 -4.716261863708496094e+00
-9.119645118713378906e+00 -4.086919307708740234e+00 3.090272247791290283e-01
-9.780722618103027344e+00 -4.174283981323242188e+00 -1.408783197402954102e+00
-9.819704055786132812e+00 -3.232060670852661133e+00 -2.805159687995910645e-01
-9.598941802978515625e+00 -2.927870512008666992e+00 9.024900794029235840e-01
-9.113506317138671875e+00 -2.722725152969360352e+00 2.168202877044677734e+00
-9.277819633483886719e+00 -1.631244063377380371e+00 1.269085407257080078e+00
-1.017219829559326172e+01 -2.695114612579345703e+00 -2.524468898773193359e+00
-1.009671497344970703e+01 -1.609027504920959473e+00 -2.652782201766967773e+00
-9.463252067565917969e+00 -1.293985486030578613e+00 -8.884070515632629395e-01
-7.935909271240234375e+00 -4.183844327926635742e-01 -6.463123559951782227e-01
-1.006333827972412109e+01 -4.634747505187988281e+00 -5.545445442199707031e+00
-1.034790325164794922e+01 -3.651180505752563477e+00 -5.425201416015625000e+00
-1.053329372406005859e+01 -2.256999015808105469e+00 -5.301765441894531250e+00
-1.059021759033203125e+01 -2.097744464874267578e+00 -5.871702671051025391e+00
-1.008389854431152344e+01 -6.557175517082214355e-01 -5.352858543395996094e+00
-1.058972740173339844e+01 -2.841950178146362305e+00 -7.961616992950439453e+00
-1.071133804321289062e+01 -1.944921731948852539e+00 -8.886610984802246094e+00
-1.060186767578125000e+01 -8.086326122283935547e-01 -8.515488624572753906e+00
-9.952588081359863281e+00 -3.273381292819976807e-01 -6.704149723052978516e+00
-8.383360862731933594e+00 -2.010723203420639038e-01 -2.253041505813598633e+00
-6.926634788513183594e+00 1.702690005302429199e+00 -3.686433553695678711e+00
-9.018964767456054688e+00 3.928518891334533691e-01 -6.200813293457031250e+00
-7.577465057373046875e+00 1.444181561470031738e+00 -4.986755847930908203e+00
1.318997764587402344e+01 -6.581362247467041016e+00 4.749715328216552734e+00
1.356124019622802734e+01 -6.447279453277587891e+00 7.717946767807006836e-01
1.305979061126708984e+01 -6.282086372375488281e+00 1.498915553092956543e+00
1.495287609100341797e+01 -6.477613449096679688e+00 1.910905599594116211e+00
1.478852748870849609e+01 -5.957105159759521484e+00 3.106407880783081055e+00
1.198484134674072266e+01 -6.051505565643310547e+00 2.828603744506835938e+00
4.415802001953125000e+00 -1.306413531303405762e+00 4.915264606475830078e+00
5.281137466430664062e+00 -1.103873729705810547e+00 6.009302139282226562e+00
6.655205726623535156e+00 -4.854725360870361328e+00 -1.683408379554748535e+00
8.919292449951171875e+00 -6.274788856506347656e+00 -1.265799760818481445e+00
8.131014823913574219e+00 -6.186201095581054688e+00 -1.107527613639831543e+00
7.457513809204101562e+00 -6.263991355895996094e+00 -5.204532146453857422e-01
2.555263519287109375e+00 -5.430294990539550781e+00 3.987385332584381104e-01
4.298414230346679688e+00 -4.713162899017333984e+00 -1.507086873054504395e+00
5.170891284942626953e+00 -5.108517169952392578e+00 -1.183145523071289062e+00
2.308093786239624023e+00 -4.296042442321777344e+00 -1.266995191574096680e+00
4.117723464965820312e+00 -4.742084026336669922e+00 -1.287365794181823730e+00
5.110744476318359375e+00 -5.585587978363037109e+00 2.045671492815017700e-01
5.811039924621582031e+00 -5.990319728851318359e+00 -6.309117078781127930e-01
3.098303556442260742e+00 -5.503797531127929688e+00 -5.972083210945129395e-01
9.479701042175292969e+00 -5.270650386810302734e+00 3.067183256149291992e+00
9.988525390625000000e+00 -5.162590980529785156e+00 4.880709648132324219e+00
9.967185020446777344e+00 -5.111048221588134766e+00 4.263842582702636719e+00
8.697789192199707031e+00 -4.271099567413330078e+00 5.260875225067138672e+00
8.944438934326171875e+00 -5.007476329803466797e+00 3.122172594070434570e+00
9.034109115600585938e+00 -5.931755065917968750e+00 1.404576897621154785e+00
8.688433647155761719e+00 -6.095873355865478516e+00 9.122079610824584961e-01
5.533838272094726562e+00 -1.393865346908569336e+00 4.021409988403320312e+00
6.173920631408691406e+00 -3.707563400268554688e+00 2.371679544448852539e+00
5.596539020538330078e+00 -3.979976892471313477e+00 1.856944322586059570e+00
4.521078586578369141e+00 -1.916920900344848633e+00 3.054913520812988281e+00
4.620337486267089844e+00 -1.538067579269409180e+00 3.715048074722290039e+00
6.923363208770751953e+00 -2.510124444961547852e+00 4.275854110717773438e+00
6.701504707336425781e+00 -2.111036062240600586e+00 5.469813823699951172e+00
6.549131870269775391e+00 -5.471512317657470703e+00 9.149780869483947754e-01
1.207172870635986328e+01 -5.301242828369140625e+00 5.978044509887695312e+00
1.369718456268310547e+01 -5.518469810485839844e+00 4.491655826568603516e+00
1.257715129852294922e+01 -4.209628105163574219e+00 4.793607234954833984e+00
1.344187068939208984e+01 -4.078335285186767578e+00 3.137579679489135742e+00
7.852582454681396484e+00 -3.160103797912597656e+00 6.593706130981445312e+00
7.406858921051025391e+00 -2.726606845855712891e+00 6.540969371795654297e+00
4.268730163574218750e+00 -6.805870532989501953e-01 6.784450054168701172e+00
9.658102035522460938e+00 -4.565486907958984375e+00 6.435511589050292969e+00
1.048857116699218750e+01 -3.301403999328613281e+00 6.222867012023925781e+00
1.081761455535888672e+01 -2.980330467224121094e+00 5.324365139007568359e+00
8.716939926147460938e+00 -1.871487259864807129e+00 6.200780868530273438e+00
9.055179595947265625e+00 -1.592643737792968750e+00 5.261342525482177734e+00
1.113424015045166016e+01 -2.743651390075683594e+00 4.375610828399658203e+00
1.147145652770996094e+01 -2.410617589950561523e+00 3.406951665878295898e+00
6.617024898529052734e+00 -1.762693166732788086e+00 6.280945777893066406e+00
7.779275417327880859e+00 -1.312513351440429688e+00 6.100149154663085938e+00
7.039785861968994141e+00 -3.921949267387390137e-01 5.497605800628662109e+00
6.282363891601562500e+00 -5.870907902717590332e-01 5.828311920166015625e+00
5.685853958129882812e+00 5.427334308624267578e-01 5.333646774291992188e+00
8.127080917358398438e+00 -6.515669822692871094e-02 4.325170993804931641e+00
5.759968757629394531e+00 1.774259090423583984e+00 4.008580207824707031e+00
6.145969390869140625e+00 1.887409090995788574e+00 3.557624340057373047e+00
-2.136062145233154297e+00 -2.793029069900512695e+00 3.773732662200927734e+00
-1.524040460586547852e+00 -3.803332328796386719e+00 1.665510892868041992e+00
-1.477216601371765137e+00 -4.651520729064941406e+00 3.906988203525543213e-01
-1.620791673660278320e+00 -2.865448951721191406e+00 3.498779535293579102e+00
-2.498565316200256348e-01 -2.664142370223999023e+00 2.372871160507202148e+00
-5.072283744812011719e+00 -3.476156949996948242e+00 1.470980644226074219e+00
-4.360109806060791016e+00 -3.314337015151977539e+00 2.205186367034912109e+00
-5.806406974792480469e+00 -2.593482017517089844e+00 3.395365238189697266e+00
-5.279888153076171875e+00 -3.015363216400146484e+00 2.538194894790649414e+00
-4.096500873565673828e+00 -2.822692871093750000e+00 3.382386922836303711e+00
-2.760616540908813477e+00 -1.613468050956726074e+00 4.874891757965087891e+00
-5.654594421386718750e+00 -1.264503240585327148e+00 4.711063861846923828e+00
-5.350600242614746094e+00 -7.335126399993896484e-01 4.910863876342773438e+00
2.521354913711547852e+00 -1.762669682502746582e+00 3.650001049041748047e+00
1.364692568778991699e+00 -9.193464517593383789e-01 4.128010272979736328e+00
-6.704976409673690796e-02 -1.195596098899841309e+00 3.655879259109497070e+00
1.087430119514465332e+00 -3.527522981166839600e-01 4.670205593109130859e+00
2.503875970840454102e+00 -1.155014276504516602e+00 5.264793872833251953e+00
3.517230510711669922e+00 -7.588037848472595215e-01 6.613748073577880859e+00
1.120016574859619141e+00 7.285954952239990234e-01 5.400087356567382812e+00
-3.226063013076782227e+00 -1.384592652320861816e+00 5.010240554809570312e+00
-4.245694160461425781e+00 3.058926463127136230e-01 5.013018608093261719e+00
-2.748007059097290039e+00 5.688453912734985352e-01 5.141016960144042969e+00
-1.166183114051818848e+00 1.615020751953125000e+00 4.409691810607910156e+00
-3.889466047286987305e+00 1.034849643707275391e+00 4.056365966796875000e+00
-3.826338529586791992e+00 1.436428070068359375e+00 2.894939899444580078e+00
-1.800216138362884521e-01 -5.104591369628906250e+00 -8.175489306449890137e-02
2.961583137512207031e-01 -4.965613842010498047e+00 -1.182183399796485901e-01
8.144312500953674316e-01 -4.976758956909179688e+00 2.724384516477584839e-02
1.641816139221191406e+00 -3.814945220947265625e+00 1.408670425415039062e+00
1.481683492660522461e+00 -5.012507438659667969e+00 5.729015469551086426e-01
1.626790046691894531e+00 -3.773334980010986328e+00 -1.362835764884948730e+00
1.879094123840332031e+00 -2.644503116607666016e+00 2.343629121780395508e+00
2.327337265014648438e+00 1.376096129417419434e+00 5.533631801605224609e+00
2.900118589401245117e+00 2.348735332489013672e+00 4.181356906890869141e+00
2.611716985702514648e+00 2.936927795410156250e+00 3.008602142333984375e+00
-8.618999123573303223e-01 2.483861446380615234e+00 2.622862577438354492e+00
-6.598879098892211914e-01 1.944282293319702148e+00 4.183612346649169922e+00
5.747892856597900391e-01 2.548007965087890625e+00 3.249986648559570312e+00
-1.730447173118591309e+00 3.180580854415893555e+00 1.121443510055541992e-01
-7.586689949035644531e+00 -2.457812786102294922e+00 3.557856559753417969e+00
-7.330433845520019531e+00 -1.422123193740844727e+00 4.222676277160644531e+00
-7.961166381835937500e+00 -8.126900792121887207e-01 2.909156322479248047e+00
-6.813991546630859375e+00 -1.156460642814636230e+00 4.469448566436767578e+00
-7.017704963684082031e+00 -3.632102906703948975e-01 3.063054323196411133e+00
-6.420378208160400391e+00 1.921967566013336182e-01 1.421522617340087891e+00
-6.219967842102050781e+00 1.454456001520156860e-01 2.393229246139526367e+00
-6.923896312713623047e+00 2.273946404457092285e-01 -8.142042160034179688e-01
-3.746751546859741211e+00 1.657423377037048340e+00 1.849879622459411621e+00
-5.361828327178955078e+00 2.014652013778686523e+00 -1.992942094802856445e+00
-3.647296905517578125e+00 3.036208391189575195e+00 -1.668301701545715332e+00
3.425379991531372070e+00 5.002278089523315430e-01 6.386842250823974609e+00
3.026258230209350586e+00 1.583914637565612793e+00 5.289794921875000000e+00
3.862987041473388672e+00 1.860165834426879883e+00 4.662638664245605469e+00
4.551847934722900391e+00 2.450922012329101562e+00 3.655549049377441406e+00
3.897296905517578125e+00 3.080055475234985352e+00 2.932839870452880859e+00
7.768543720245361328e+00 -4.921000957489013672e+00 -3.974066495895385742e+00
2.378864526748657227e+00 -5.076683044433593750e+00 -3.054952621459960938e+00
5.499418735504150391e+00 -4.746725559234619141e+00 -2.531388998031616211e+00
6.326516151428222656e+00 -4.699608325958251953e+00 -2.981070756912231445e+00
3.035666227340698242e+00 -5.016580581665039062e+00 -2.937880754470825195e+00
2.091294765472412109e+00 -5.932722568511962891e+00 -5.252093315124511719e+00
2.626997709274291992e+00 -5.809392929077148438e+00 -6.253630638122558594e+00
3.891542911529541016e+00 -5.143560886383056641e+00 -5.599604606628417969e+00
5.927507400512695312e+00 -4.826657772064208984e+00 -3.737703323364257812e+00
7.164186954498291016e+00 -4.975000381469726562e+00 -4.079085826873779297e+00
2.443345069885253906e+00 -5.622000694274902344e+00 -8.458575248718261719e+00
8.324970245361328125e+00 -4.995861530303955078e+00 -6.020091056823730469e+00
3.300921678543090820e+00 -5.333342075347900391e+00 -7.117079734802246094e+00
3.713861703872680664e+00 -4.725157260894775391e+00 -7.900189399719238281e+00
6.292046070098876953e+00 -5.079168796539306641e+00 -5.382884025573730469e+00
7.410211563110351562e+00 -4.940441608428955078e+00 -6.337403774261474609e+00
5.879561901092529297e+00 -4.183317184448242188e+00 -7.254553794860839844e+00
7.536116123199462891e+00 -4.039124011993408203e+00 -7.372684478759765625e+00
5.589096069335937500e+00 -3.865968942642211914e+00 -7.629626750946044922e+00
5.157989025115966797e+00 -2.840337991714477539e+00 -8.642776489257812500e+00
5.232254028320312500e+00 -2.081075191497802734e+00 -8.894804954528808594e+00
-3.349402427673339844e+00 -7.970527172088623047e+00 -1.205607986450195312e+01
-3.131291151046752930e+00 -8.214867591857910156e+00 -1.051696872711181641e+01
-3.961652517318725586e+00 -7.543477058410644531e+00 -1.315928745269775391e+01
-1.582080721855163574e+00 -6.562895774841308594e+00 -1.324196720123291016e+01
-3.557043552398681641e+00 -6.332994937896728516e+00 -1.446054840087890625e+01
-3.375715732574462891e+00 -5.279618740081787109e+00 -1.519163322448730469e+01
-6.631108760833740234e+00 -6.535436153411865234e+00 -1.317113590240478516e+01
-7.071773529052734375e+00 -6.210828781127929688e+00 -1.318826293945312500e+01
-7.757318496704101562e+00 -5.230153083801269531e+00 -1.367453098297119141e+01
-5.719765663146972656e+00 -7.131767749786376953e+00 -1.307822608947753906e+01
-8.473001480102539062e+00 -5.363329410552978516e+00 -1.256392765045166016e+01
-7.364301204681396484e+00 -4.562765598297119141e+00 -1.457249259948730469e+01
-4.151352405548095703e+00 -5.534165859222412109e+00 -1.502873802185058594e+01
-5.996312141418457031e+00 -4.380797863006591797e+00 -1.525750064849853516e+01
-2.712022304534912109e+00 -5.386691570281982422e+00 -1.501308250427246094e+01
-2.177748203277587891e+00 -4.294297695159912109e+00 -1.536833572387695312e+01
-3.723525047302246094e+00 -3.713869094848632812e+00 -1.575116634368896484e+01
-2.791032791137695312e+00 -3.186034202575683594e+00 -1.571466255187988281e+01
-4.990442752838134766e+00 -2.648093223571777344e+00 -1.594005775451660156e+01
-3.922124862670898438e+00 -1.502088069915771484e+00 -1.593424415588378906e+01
-9.300369262695312500e+00 -4.439845085144042969e+00 -1.222171974182128906e+01
-8.934014320373535156e+00 -3.998799085617065430e+00 -1.344492912292480469e+01
-9.911047935485839844e+00 -2.860368967056274414e+00 -1.234633445739746094e+01
-1.040211391448974609e+01 -1.437479734420776367e+00 -1.151794528961181641e+01
-8.549637794494628906e+00 -3.346138715744018555e+00 -1.435971355438232422e+01
-7.693071365356445312e+00 -2.964077711105346680e+00 -1.519684219360351562e+01
-9.822078704833984375e+00 -9.204544425010681152e-01 -1.328175354003906250e+01
-9.375126838684082031e+00 -3.211232125759124756e-01 -1.420186233520507812e+01
-8.487519264221191406e+00 -9.466578364372253418e-01 -1.507164859771728516e+01
-7.136608123779296875e+00 1.646945774555206299e-01 -1.576698207855224609e+01
-7.628031253814697266e+00 8.225098848342895508e-01 -1.553272438049316406e+01
-1.521329402923583984e+00 -7.556825637817382812e+00 -6.888980388641357422e+00
-4.206473231315612793e-01 -7.157478332519531250e+00 -8.632361412048339844e+00
7.423931360244750977e-02 -6.570253849029541016e+00 -5.590936660766601562e+00
6.198740601539611816e-01 -6.686670780181884766e+00 -6.757968425750732422e+00
-2.397565543651580811e-01 -6.930965900421142578e+00 -9.611065864562988281e+00
-5.073269084095954895e-02 -5.895255565643310547e+00 -1.240206718444824219e+01
1.353675007820129395e+00 -6.390676975250244141e+00 -6.420299530029296875e+00
2.021629333496093750e+00 -5.952775478363037109e+00 -8.191690444946289062e+00
-7.605475187301635742e-01 -5.086696624755859375e+00 -1.430354976654052734e+01
1.024677038192749023e+00 -4.963139057159423828e+00 -1.243806076049804688e+01
-1.230792641639709473e+00 -3.739159822463989258e+00 -1.520192241668701172e+01
-1.926840692758560181e-01 -3.007021188735961914e+00 -1.485915374755859375e+01
1.960780978202819824e+00 -5.053668498992919922e+00 -1.069786262512207031e+01
-1.088256835937500000e+00 -2.404787778854370117e+00 -1.528111076354980469e+01
-1.308057427406311035e+00 -1.696913123130798340e+00 -1.534036159515380859e+01
2.142362117767333984e+00 -3.536491632461547852e+00 -1.149315452575683594e+01
8.845266103744506836e-01 -1.869989037513732910e+00 -1.348700141906738281e+01
7.971416711807250977e-01 -1.143989920616149902e+00 -1.333454036712646484e+01
-2.607058048248291016e+00 -1.777564167976379395e+00 -1.569786453247070312e+01
-2.676968336105346680e+00 -8.084435462951660156e-01 -1.563992977142333984e+01
-5.086560249328613281e+00 4.575020968914031982e-01 -1.588607311248779297e+01
-2.887645483016967773e+00 1.009350061416625977e+00 -1.536501979827880859e+01
-2.165035724639892578e+00 1.176273941993713379e+00 -1.512337589263916016e+01
-4.981885254383087158e-01 1.151143074035644531e+00 -1.388953876495361328e+01
-2.883055925369262695e+00 2.082112789154052734e+00 -1.503398132324218750e+01
-2.466134548187255859e+00 2.791371822357177734e+00 -1.464487552642822266e+01
2.704588174819946289e+00 -3.967993021011352539e+00 -1.033829116821289062e+01
3.520029067993164062e+00 -2.610096693038940430e+00 -1.011145877838134766e+01
3.012259244918823242e+00 -1.847686290740966797e+00 -1.085252094268798828e+01
9.637887477874755859e-01 -2.805258631706237793e-01 -1.281304645538330078e+01
1.482134103775024414e+00 7.741475943475961685e-03 -1.210949993133544922e+01
2.348497152328491211e+00 -2.173348069190979004e-01 -1.122665214538574219e+01
1.080501198768615723e+00 4.185040891170501709e-01 -1.233509445190429688e+01
-1.051243400573730469e+01 -9.627261161804199219e-01 -1.099193668365478516e+01
-9.967415809631347656e+00 6.918632388114929199e-01 -1.291916179656982422e+01
-1.030277442932128906e+01 -1.103938184678554535e-02 -1.048509311676025391e+01
-1.007256507873535156e+01 -1.164871007204055786e-01 -9.022907257080078125e+00
-9.725679397583007812e+00 5.507209300994873047e-01 -1.002523517608642578e+01
-9.963296890258789062e+00 9.301431179046630859e-01 -1.154974079132080078e+01
-9.434403419494628906e+00 2.043382644653320312e+00 -1.278104400634765625e+01
-8.822525978088378906e+00 1.405786752700805664e+00 -9.339329719543457031e+00
-8.420531272888183594e+00 2.412112712860107422e+00 -1.037016487121582031e+01
-8.201390266418457031e+00 1.164852499961853027e+00 -6.067907333374023438e+00
-7.964060306549072266e+00 1.601102113723754883e+00 -7.148456573486328125e+00
-8.286709785461425781e+00 1.891970396041870117e+00 -8.733215332031250000e+00
-7.903356075286865234e+00 2.562419891357421875e+00 -9.727318763732910156e+00
-6.299248218536376953e+00 2.705285787582397461e+00 -7.677105903625488281e+00
-6.216326236724853516e+00 3.019521713256835938e+00 -8.158379554748535156e+00
-8.636849403381347656e+00 2.214140176773071289e+00 -1.429004192352294922e+01
-8.037532806396484375e+00 2.244126796722412109e+00 -1.472903442382812500e+01
-7.639931201934814453e+00 3.460856676101684570e+00 -1.350985431671142578e+01
-6.656747341156005859e+00 4.278218269348144531e+00 -1.313464927673339844e+01
-6.101114273071289062e+00 1.901557683944702148e+00 -1.547275066375732422e+01
-5.845948219299316406e+00 2.190681219100952148e+00 -1.532456493377685547e+01
-5.169802665710449219e+00 3.976674795150756836e+00 -1.411942958831787109e+01
-4.614516258239746094e+00 3.966293573379516602e+00 -1.424687767028808594e+01
-5.867902278900146484e+00 3.781589984893798828e+00 -1.412331581115722656e+01
-8.276513099670410156e+00 3.297743558883666992e+00 -1.224344539642333984e+01
-6.244987964630126953e+00 4.429272651672363281e+00 -1.237644958496093750e+01
-5.558333873748779297e+00 4.397620201110839844e+00 -1.073882293701171875e+01
-3.388000726699829102e+00 4.237665176391601562e+00 -1.348591423034667969e+01
-3.170746803283691406e+00 4.300397396087646484e+00 -1.286803817749023438e+01
-5.221315860748291016e+00 4.447438716888427734e+00 -1.221548461914062500e+01
-4.468605995178222656e+00 4.643168449401855469e+00 -1.232352066040039062e+01
-3.216225385665893555e+00 4.691533088684082031e+00 -1.144121074676513672e+01
-4.957500934600830078e+00 4.798643112182617188e+00 -1.084441184997558594e+01
-3.794767379760742188e+00 4.900434494018554688e+00 -1.116872596740722656e+01
-6.643200397491455078e+00 3.699248790740966797e+00 -1.049650478363037109e+01
-5.934441089630126953e+00 3.639224052429199219e+00 -9.029643058776855469e+00
3.058291912078857422e+00 -1.901399940252304077e-01 -1.030173301696777344e+01
-1.391353160142898560e-01 1.530753016471862793e+00 -1.287668037414550781e+01
-2.114251136779785156e+00 3.224563121795654297e+00 -1.359387207031250000e+01
9.956052303314208984e-01 8.038634657859802246e-01 -1.168829154968261719e+01
-1.054078578948974609e+00 2.887411355972290039e+00 -1.233751201629638672e+01
-2.713707923889160156e+00 3.849873304367065430e+00 -1.326863002777099609e+01
-1.649591803550720215e+00 3.651175022125244141e+00 -1.187395000457763672e+01
1.144106388092041016e+01 -6.557146549224853516e+00 -3.390855312347412109e+00
1.333341979980468750e+01 -6.816906452178955078e+00 -1.738524079322814941e+00
1.118037986755371094e+01 -6.464478492736816406e+00 -8.454889059066772461e-01
1.098573684692382812e+01 -6.484956264495849609e+00 -2.610323190689086914e+00
1.435933303833007812e+01 -7.015199184417724609e+00 -5.041971683502197266e+00
1.199373817443847656e+01 -6.626499652862548828e+00 -3.994341611862182617e+00
1.270474338531494141e+01 -6.610375881195068359e+00 -5.489511013031005859e+00
1.315281486511230469e+01 -6.939070701599121094e+00 -3.685647249221801758e+00
1.563558959960937500e+01 -7.116954803466796875e+00 -3.617088794708251953e+00
1.608296966552734375e+01 -6.046114444732666016e+00 -4.196410655975341797e+00
1.626155090332031250e+01 -6.630146980285644531e+00 -1.191305279731750488e+00
1.639973258972167969e+01 -5.824703693389892578e+00 -2.060656785964965820e+00
1.459116077423095703e+01 -6.740638732910156250e+00 2.890609577298164368e-02
1.482397365570068359e+01 -7.054342746734619141e+00 -1.572258353233337402e+00
1.540524959564208984e+01 -6.509752750396728516e+00 9.427030682563781738e-01
1.481134319305419922e+01 -4.617545604705810547e+00 2.032696962356567383e+00
1.516037559509277344e+01 -4.530793190002441406e+00 8.968269228935241699e-01
1.435589218139648438e+01 -3.693874597549438477e+00 1.045364022254943848e+00
1.583607673645019531e+01 -5.017011642456054688e+00 -3.362413406372070312e+00
1.526342201232910156e+01 -4.173181056976318359e+00 -2.574555873870849609e+00
1.523777580261230469e+01 -4.141252994537353516e+00 -1.010258078575134277e+00
1.500291347503662109e+01 -3.772296190261840820e+00 -1.511413693428039551e+00
1.436717891693115234e+01 -3.035027980804443359e+00 -8.671709299087524414e-01
1.381724739074707031e+01 -6.784312248229980469e+00 -6.257043361663818359e+00
1.526370429992675781e+01 -5.999282360076904297e+00 -6.554879188537597656e+00
1.237428379058837891e+01 -6.477060317993164062e+00 -6.672251224517822266e+00
1.291897964477539062e+01 -5.944699287414550781e+00 -7.455879688262939453e+00
1.594746303558349609e+01 -5.920050144195556641e+00 -5.653359413146972656e+00
1.564265632629394531e+01 -5.145510196685791016e+00 -5.948207855224609375e+00
1.507195281982421875e+01 -4.478430271148681641e+00 -5.545183181762695312e+00
1.326707744598388672e+01 -5.557369232177734375e+00 -7.311745643615722656e+00
1.264201927185058594e+01 -4.997509479522705078e+00 -6.620588779449462891e+00
1.351286125183105469e+01 -4.521800518035888672e+00 -6.099867820739746094e+00
1.365112113952636719e+01 -3.439305782318115234e+00 -4.943141937255859375e+00
1.503610992431640625e+01 -3.833683252334594727e+00 -2.816498756408691406e+00
1.496639442443847656e+01 -3.816709280014038086e+00 -4.503495216369628906e+00
1.441969203948974609e+01 -2.977906703948974609e+00 -3.746728897094726562e+00
1.017212009429931641e+01 -6.016006946563720703e+00 -2.760898351669311523e+00
6.998160362243652344e+00 -4.767989635467529297e+00 -2.382650136947631836e+00
7.285415172576904297e+00 -4.839326381683349609e+00 -1.956823945045471191e+00
6.850227832794189453e+00 -4.708878040313720703e+00 -2.944066524505615234e+00
1.049214076995849609e+01 -6.303914070129394531e+00 -2.356986999511718750e+00
9.020692825317382812e+00 -5.537306785583496094e+00 -1.961783528327941895e+00
7.958412647247314453e+00 -5.104767322540283203e+00 -1.593134045600891113e+00
9.606325149536132812e+00 -5.541017055511474609e+00 -3.451061010360717773e+00
9.959690093994140625e+00 -5.565146446228027344e+00 -4.679691791534423828e+00
8.338449478149414062e+00 -5.001528739929199219e+00 -3.973513841629028320e+00
1.360806560516357422e+01 -2.349143266677856445e+00 -1.707038609310984612e-03
1.223187065124511719e+01 -9.703671336174011230e-01 -1.030227303504943848e+00
1.097036743164062500e+01 -5.982539653778076172e+00 -5.512429714202880859e+00
1.103719806671142578e+01 -5.441661834716796875e+00 -6.044343471527099609e+00
9.603748321533203125e+00 -5.088412761688232422e+00 -5.211812019348144531e+00
1.173378658294677734e+01 -4.726053237915039062e+00 -6.180402278900146484e+00
9.191897392272949219e+00 -4.329678058624267578e+00 -6.422955989837646484e+00
1.041660499572753906e+01 -3.558066368103027344e+00 -5.871815204620361328e+00
1.249502086639404297e+01 -3.720248222351074219e+00 -5.455142021179199219e+00
1.066751098632812500e+01 -3.218544244766235352e+00 -5.666800498962402344e+00
1.069288444519042969e+01 -2.291719436645507812e+00 -5.247783184051513672e+00
8.546984672546386719e+00 -3.687180757522583008e+00 -7.030856609344482422e+00
9.061887741088867188e+00 -3.092925548553466797e+00 -6.566000461578369141e+00
8.057635307312011719e+00 -2.036937475204467773e+00 -6.899788379669189453e+00
1.042431831359863281e+01 -1.622749447822570801e+00 -5.104270458221435547e+00
8.264620780944824219e+00 -1.714251399040222168e+00 -6.634747505187988281e+00
8.760442733764648438e+00 -4.935872554779052734e-01 -5.837906837463378906e+00
7.285858154296875000e+00 -1.686338335275650024e-01 -6.911655902862548828e+00
1.332038593292236328e+01 -2.190894603729248047e+00 -4.050830364227294922e+00
1.350504112243652344e+01 -1.794714808464050293e+00 -1.915774464607238770e+00
1.326286125183105469e+01 -1.390952467918395996e+00 -3.136843681335449219e+00
1.243577766418457031e+01 -5.325852632522583008e-01 -2.215071439743041992e+00
1.208489418029785156e+01 -1.838166862726211548e-01 -2.819733619689941406e+00
1.244725990295410156e+01 -1.958944559097290039e+00 -4.352511882781982422e+00
1.124304294586181641e+01 -1.262696981430053711e+00 -4.477841377258300781e+00
1.153382778167724609e+01 -6.109551787376403809e-01 -3.857894659042358398e+00
1.017730903625488281e+01 1.490848183631896973e+00 -1.727012157440185547e+00
9.298933029174804688e+00 2.327527284622192383e+00 -2.869239807128906250e+00
9.333858489990234375e+00 2.270475387573242188e+00 -3.340890169143676758e+00
8.574691772460937500e+00 2.886705636978149414e+00 -2.361603260040283203e+00
1.022806453704833984e+01 -9.330042600631713867e-01 -4.993521213531494141e+00
1.066887283325195312e+01 2.719805240631103516e-01 -4.113366127014160156e+00
8.374840736389160156e+00 1.219315975904464722e-01 -5.851103782653808594e+00
7.020470142364501953e+00 9.796919226646423340e-01 -6.423297882080078125e+00
1.385991382598876953e+01 -4.009235858917236328e+00 2.561476707458496094e+00
1.246684265136718750e+01 -2.867919206619262695e+00 2.835991859436035156e+00
1.125950336456298828e+01 -1.108217120170593262e+00 1.364531397819519043e+00
1.144702434539794922e+01 -8.221170902252197266e-01 2.478505074977874756e-01
9.953116416931152344e+00 -7.670041322708129883e-01 2.964000225067138672e+00
8.831930160522460938e+00 6.457568407058715820e-01 2.475491046905517578e+00
9.399242401123046875e+00 3.634378015995025635e-01 1.978654265403747559e+00
7.293045043945312500e+00 1.665044784545898438e+00 2.808399200439453125e+00
7.155350685119628906e+00 2.471770763397216797e+00 1.761730194091796875e+00
9.805127143859863281e+00 7.283157110214233398e-01 3.103908896446228027e-01
1.005477237701416016e+01 1.172146439552307129e+00 -1.007475137710571289e+00
8.000089645385742188e+00 2.494773149490356445e+00 3.870294094085693359e-01
3.352666616439819336e+00 4.277296066284179688e+00 -3.441830277442932129e-01
6.225775241851806641e+00 3.479062557220458984e+00 2.601643502712249756e-01
5.481451988220214844e+00 4.030113697052001953e+00 -2.224831819534301758e+00
3.675157546997070312e+00 4.393229484558105469e+00 -6.827071905136108398e-01
2.849280357360839844e+00 3.826048374176025391e+00 -2.455594301223754883e+00
2.962008237838745117e+00 3.516397237777709961e+00 -3.327278614044189453e+00
-9.878021478652954102e-01 3.799838781356811523e+00 -7.625410556793212891e-01
2.149167299270629883e+00 3.148757696151733398e+00 -4.384694576263427734e+00
1.023127045482397079e-02 4.165649414062500000e+00 -3.141941785812377930e+00
3.077589869499206543e-01 3.714306831359863281e+00 -4.696922302246093750e+00
2.381556510925292969e+00 3.812781095504760742e+00 -2.565739870071411133e+00
5.102822780609130859e+00 -8.735212087631225586e-01 -8.891510009765625000e+00
2.944145202636718750e+00 3.104630410671234131e-01 -9.605914115905761719e+00
5.065116405487060547e+00 5.066379308700561523e-01 -8.108682632446289062e+00
3.644440174102783203e+00 5.649269819259643555e-01 -8.965745925903320312e+00
2.524258375167846680e+00 5.042617917060852051e-01 -9.799092292785644531e+00
1.547115564346313477e+00 1.853080272674560547e+00 -9.910595893859863281e+00
3.315231800079345703e-01 3.153937816619873047e+00 -9.155663490295410156e+00
1.124019324779510498e-01 3.007188796997070312e+00 -1.045612144470214844e+01
5.657801628112792969e+00 2.804972887039184570e+00 -4.856450557708740234e+00
6.164844989776611328e+00 1.884900808334350586e+00 -6.087348461151123047e+00
4.702708244323730469e+00 2.696002721786499023e+00 -5.245441913604736328e+00
4.800629138946533203e+00 2.389519929885864258e+00 -5.957827568054199219e+00
6.609336376190185547e+00 3.723963499069213867e+00 -2.714952945709228516e+00
6.589561462402343750e+00 1.280225276947021484e+00 -6.423227787017822266e+00
5.716603279113769531e+00 1.668537974357604980e+00 -6.599695205688476562e+00
4.863385677337646484e+00 1.782994270324707031e+00 -7.032826423645019531e+00
2.738633394241333008e+00 2.856008529663085938e+00 -5.059910774230957031e+00
2.818231105804443359e+00 2.093094587326049805e+00 -7.356800079345703125e+00
2.030307054519653320e+00 2.333969116210937500e+00 -6.809466838836669922e+00
9.561294317245483398e-02 3.306873559951782227e+00 -6.269279003143310547e+00
2.726456522941589355e-01 2.964864253997802734e+00 -7.756730556488037109e+00
3.038046061992645264e-01 3.036514520645141602e+00 -8.135887145996093750e+00
-3.296882152557373047e+00 3.402468681335449219e+00 -2.583627700805664062e+00
-5.634153366088867188e+00 3.076445817947387695e+00 -7.729310512542724609e+00
-4.810037612915039062e+00 3.494956254959106445e+00 -7.633006095886230469e+00
-4.259428977966308594e+00 3.357192277908325195e+00 -6.673153877258300781e+00
-2.169576168060302734e+00 3.294030666351318359e+00 -2.267197072505950928e-01
-1.892561554908752441e+00 3.762042284011840820e+00 -1.350662708282470703e+00
-1.528721570968627930e+00 4.102325439453125000e+00 -2.467103004455566406e+00
-1.353905677795410156e+00 4.397068500518798828e+00 -3.692990303039550781e+00
-1.182550191879272461e+00 4.404959201812744141e+00 -4.986443042755126953e+00
-4.801576614379882812e+00 4.093549251556396484e+00 -8.501022338867187500e+00
-4.505373954772949219e+00 4.570017814636230469e+00 -9.020696640014648438e+00
-1.980916619300842285e+00 4.468581199645996094e+00 -7.509944915771484375e+00
-3.350322008132934570e+00 4.467650413513183594e+00 -8.329057693481445312e+00
-1.540934801101684570e+00 3.659184455871582031e+00 -1.119678783416748047e+01
-1.228189587593078613e+00 3.513682126998901367e+00 -1.106150913238525391e+01
-3.827215909957885742e+00 4.863732814788818359e+00 -1.070187950134277344e+01
-2.047415971755981445e+00 4.189024448394775391e+00 -9.848316192626953125e+00
-3.107579350471496582e-01 3.487064838409423828e+00 -9.964670181274414062e+00
-2.159076452255249023e+00 4.564054965972900391e+00 -6.119731903076171875e+00
5.301074504852294922e+00 3.077970266342163086e+00 2.306804180145263672e+00
6.053432464599609375e+00 2.995407342910766602e+00 1.734552264213562012e+00
1.966039538383483887e+00 7.069268226623535156e-01 -1.028565120697021484e+01
-5.166923999786376953e-01 2.800415515899658203e+00 -1.161399269104003906e+01
4.416442513465881348e-01 2.529338359832763672e+00 -1.076768493652343750e+01
