1.560275912284851074e+00 -4.930850982666015625e+00 -2.712677717208862305e+00
2.276851654052734375e+00 -4.774458408355712891e+00 -1.921293973922729492e+00
1.514306664466857910e+00 -4.784758090972900391e+00 -2.307272911071777344e+00
-5.069062232971191406e+00 -8.108377456665039062e+00 -7.822232723236083984e+00
-5.000005722045898438e+00 -8.060972213745117188e+00 -1.156792259216308594e+01
-4.185268402099609375e+00 -8.320732116699218750e+00 -9.419688224792480469e+00
-7.271201133728027344e+00 -7.468289375305175781e+00 -7.058865547180175781e+00
-7.775325298309326172e+00 -7.350472927093505859e+00 -7.967148780822753906e+00
-5.692999839782714844e+00 -8.128004074096679688e+00 -9.823700904846191406e+00
-6.221116542816162109e+00 -7.996958732604980469e+00 -9.061540603637695312e+00
-6.481255531311035156e+00 -7.343718528747558594e+00 -1.205432701110839844e+01
-8.410773277282714844e+00 -6.364389419555664062e+00 -1.057554626464843750e+01
-8.333557128906250000e+00 -6.186201095581054688e+00 -1.129386234283447266e+01
-9.642728805541992188e+00 -5.265830993652343750e+00 -8.362472534179687500e+00
-1.005186176300048828e+01 -4.323910236358642578e+00 -8.715123176574707031e+00
-9.587955474853515625e+00 -4.639515876770019531e+00 -1.086616420745849609e+01
-8.220314025878906250e+00 -6.690172672271728516e+00 -5.445386886596679688e+00
-9.067722320556640625e+00 -6.090898513793945312e+00 -4.929903507232666016e+00
-7.967989921569824219e+00 -5.744605064392089844e+00 -3.404541730880737305e+00
-8.496677398681640625e+00 -5.227739810943603516e+00 -2.225962162017822266e+00
-6.958176136016845703e+00 -5.439864635467529297e+00 -3.112319231033325195e+00
-2.593812227249145508e+00 -5.030593872070312500e+00 -1.547738313674926758e+00
-3.373933553695678711e+00 -4.880934238433837891e+00 -5.827021598815917969e-01
-1.440784215927124023e+00 -4.993057727813720703e+00 -2.369669526815414429e-01
-7.379456996917724609e+00 -3.210777521133422852e+00 2.312974452972412109e+00
-5.355734348297119141e+00 -3.511569023132324219e+00 1.279296159744262695e+00
-3.860422611236572266e+00 -5.067821502685546875e+00 -2.136572599411010742e+00
-7.304484844207763672e+00 -4.796047210693359375e+00 -1.626528143882751465e+00
-6.307580947875976562e+00 -5.166619777679443359e+00 -2.786435604095458984e+00
-3.738798618316650391e+00 -4.413211345672607422e+00 1.344111263751983643e-01
-4.768188476562500000e+00 -7.278820991516113281e+00 -5.294538974761962891e+00
-4.545521259307861328e+00 -6.497915744781494141e+00 -4.090967655181884766e+00
-2.280357837677001953e+00 -7.655392169952392578e+00 -6.416911602020263672e+00
-2.884723186492919922e+00 -7.167311668395996094e+00 -5.067056179046630859e+00
-2.214458227157592773e+00 -7.176906585693359375e+00 -5.298867702484130859e+00
-1.356445789337158203e+00 -6.800789833068847656e+00 -5.043658733367919922e+00
-2.779697656631469727e+00 -6.776541709899902344e+00 -4.439592361450195312e+00
-5.267695426940917969e+00 -6.850300312042236328e+00 -4.678816318511962891e+00
-6.154055118560791016e+00 -7.666589260101318359e+00 -6.741876602172851562e+00
-8.704888343811035156e+00 -6.650435924530029297e+00 -6.454642295837402344e+00
-1.417726755142211914e+00 -4.980730056762695312e+00 -1.835807323455810547e+00
-9.350976943969726562e-01 -5.041646480560302734e+00 -2.276715278625488281e+00
-2.241821527481079102e+00 -5.124080181121826172e+00 -2.023139238357543945e+00
-3.517250418663024902e-01 -5.087486267089843750e+00 -1.197706103324890137e+00
6.307955384254455566e-01 -4.619542598724365234e+00 -1.597845077514648438e+00
-8.147950768470764160e-01 -5.403302192687988281e+00 -3.020157098770141602e+00
-8.006935939192771912e-03 -5.499278068542480469e+00 -3.344404458999633789e+00
6.070130467414855957e-01 -4.763946533203125000e+00 -2.125168800354003906e+00
-9.515289306640625000e+00 -4.812989234924316406e+00 -2.043915271759033203e+00
-9.940005302429199219e+00 -4.889757633209228516e+00 -4.679409503936767578e+00
-9.351669311523437500e+00 -5.580434322357177734e+00 -3.830650329589843750e+00
-1.019607067108154297e+01 -3.759043216705322266e+00 -3.287158966064453125e+00
-1.032037067413330078e+01 -3.585350513458251953e+00 -4.714765071868896484e+00
-9.120013236999511719e+00 -4.086658000946044922e+00 3.102185130119323730e-01
-9.780832290649414062e+00 -4.173536777496337891e+00 -1.407322406768798828e+00
-9.820408821105957031e+00 -3.230700016021728516e+00 -2.788230478763580322e-01
-9.599247932434082031e+00 -2.925682783126831055e+00 9.036862850189208984e-01
-9.113207817077636719e+00 -2.720153093338012695e+00 2.168885231018066406e+00
-9.279008865356445312e+00 -1.628420829772949219e+00 1.270640492439270020e+00
-1.017306232452392578e+01 -2.694292545318603516e+00 -2.522688388824462891e+00
-1.009749889373779297e+01 -1.608318805694580078e+00 -2.651928186416625977e+00
-9.464736938476562500e+00 -1.292538166046142578e+00 -8.872346282005310059e-01
-7.936266422271728516e+00 -4.178951680660247803e-01 -6.464065909385681152e-01
-1.006297302246093750e+01 -4.634242057800292969e+00 -5.544983386993408203e+00
-1.034854316711425781e+01 -3.651210784912109375e+00 -5.424143314361572266e+00
-1.053386402130126953e+01 -2.256774663925170898e+00 -5.300695419311523438e+00
-1.059176540374755859e+01 -2.097151756286621094e+00 -5.870529174804687500e+00
-1.008384799957275391e+01 -6.554027199745178223e-01 -5.352907657623291016e+00
-1.059094429016113281e+01 -2.842136621475219727e+00 -7.960806369781494141e+00
-1.071271991729736328e+01 -1.944814443588256836e+00 -8.885839462280273438e+00
-1.060194015502929688e+01 -8.077219724655151367e-01 -8.515382766723632812e+00
-9.952481269836425781e+00 -3.273916840553283691e-01 -6.704242229461669922e+00
-8.382501602172851562e+00 -2.020491808652877808e-01 -2.253234624862670898e+00
-6.926776409149169922e+00 1.703098177909851074e+00 -3.685695409774780273e+00
-9.017807960510253906e+00 3.901832103729248047e-01 -6.201488018035888672e+00
-7.577295780181884766e+00 1.442502617835998535e+00 -4.986038684844970703e+00
1.309540653228759766e+01 -6.162289142608642578e+00 4.913446903228759766e+00
1.352643299102783203e+01 -6.349284648895263672e+00 8.624796271324157715e-01
1.301275634765625000e+01 -6.158854007720947266e+00 1.577074766159057617e+00
1.487030792236328125e+01 -6.248578071594238281e+00 2.076392650604248047e+00
1.466531753540039062e+01 -5.587509632110595703e+00 3.312019586563110352e+00
1.192190361022949219e+01 -5.906615257263183594e+00 2.910670757293701172e+00
4.409412860870361328e+00 -1.167581558227539062e+00 4.967029571533203125e+00
5.272657394409179688e+00 -8.439644575119018555e-01 6.112236976623535156e+00
6.647871017456054688e+00 -4.830593585968017578e+00 -1.655284404754638672e+00
8.908308982849121094e+00 -6.249300956726074219e+00 -1.221762299537658691e+00
8.123631477355957031e+00 -6.156109809875488281e+00 -1.064430475234985352e+00
7.451354980468750000e+00 -6.235572814941406250e+00 -4.844182133674621582e-01
2.553278923034667969e+00 -5.420059680938720703e+00 4.047679007053375244e-01
4.292813301086425781e+00 -4.695757389068603516e+00 -1.492270469665527344e+00
5.165022850036621094e+00 -5.085503578186035156e+00 -1.161542296409606934e+00
2.305120468139648438e+00 -4.282189369201660156e+00 -1.258747458457946777e+00
4.113111019134521484e+00 -4.725476264953613281e+00 -1.272280097007751465e+00
5.108437538146972656e+00 -5.562902927398681641e+00 2.207263708114624023e-01
5.807540416717529297e+00 -5.962233543395996094e+00 -6.033899188041687012e-01
3.096096754074096680e+00 -5.487543106079101562e+00 -5.868794918060302734e-01
9.447154998779296875e+00 -5.210893630981445312e+00 3.172386646270751953e+00
9.944543838500976562e+00 -4.931009769439697266e+00 5.163572311401367188e+00
9.922646522521972656e+00 -4.979485034942626953e+00 4.442648887634277344e+00
8.642138481140136719e+00 -4.124269962310791016e+00 5.497128486633300781e+00
8.921193122863769531e+00 -4.970288753509521484e+00 3.220764160156250000e+00
9.020514488220214844e+00 -5.904798030853271484e+00 1.468552708625793457e+00
8.680774688720703125e+00 -6.072112560272216797e+00 9.615178108215332031e-01
5.522519588470458984e+00 -1.296943545341491699e+00 4.083505630493164062e+00
6.169896602630615234e+00 -3.670177936553955078e+00 2.413076162338256836e+00
5.593321800231933594e+00 -3.954508304595947266e+00 1.882230758666992188e+00
4.520224094390869141e+00 -1.882768750190734863e+00 3.089408159255981445e+00
4.616786003112792969e+00 -1.478202223777770996e+00 3.752389430999755859e+00
6.899254798889160156e+00 -2.436087608337402344e+00 4.362078189849853516e+00
6.679838657379150391e+00 -1.913510918617248535e+00 5.585678577423095703e+00
6.542796134948730469e+00 -5.441509246826171875e+00 9.457021355628967285e-01
1.184648609161376953e+01 -4.972239494323730469e+00 6.568200588226318359e+00
1.355719661712646484e+01 -5.072743892669677734e+00 4.792529582977294922e+00
1.243237686157226562e+01 -3.877354621887207031e+00 5.170520782470703125e+00
1.334037494659423828e+01 -3.743777751922607422e+00 3.398097753524780273e+00
7.770267009735107422e+00 -2.925371408462524414e+00 6.822750568389892578e+00
7.362787723541259766e+00 -2.428157091140747070e+00 6.713694095611572266e+00
4.243661880493164062e+00 -4.595387279987335205e-01 6.874839305877685547e+00
9.526739120483398438e+00 -4.452684402465820312e+00 6.938572883605957031e+00
1.031226539611816406e+01 -3.112944126129150391e+00 6.716924190521240234e+00
1.071755313873291016e+01 -2.687081336975097656e+00 5.748620510101318359e+00
8.652930259704589844e+00 -1.575283765792846680e+00 6.436153411865234375e+00
9.024633407592773438e+00 -1.302689790725708008e+00 5.506920337677001953e+00
1.107007694244384766e+01 -2.426693201065063477e+00 4.708335399627685547e+00
1.142007350921630859e+01 -2.144801378250122070e+00 3.657762527465820312e+00
6.625784873962402344e+00 -1.400649189949035645e+00 6.421474933624267578e+00
7.766042709350585938e+00 -9.625962972640991211e-01 6.291379451751708984e+00
7.044654369354248047e+00 -6.902599334716796875e-02 5.657125949859619141e+00
6.281930923461914062e+00 -2.364017516374588013e-01 6.013340473175048828e+00
5.666293621063232422e+00 7.824306488037109375e-01 5.438931941986083984e+00
8.124460220336914062e+00 1.894433200359344482e-01 4.470651149749755859e+00
5.743118762969970703e+00 1.947099208831787109e+00 4.072234630584716797e+00
6.132802009582519531e+00 2.042018413543701172e+00 3.623188257217407227e+00
-2.132834196090698242e+00 -2.793053388595581055e+00 3.777179002761840820e+00
-1.523001432418823242e+00 -3.798059463500976562e+00 1.666741609573364258e+00
-1.476582884788513184e+00 -4.648289680480957031e+00 3.911952078342437744e-01
-1.617855787277221680e+00 -2.856606483459472656e+00 3.499875783920288086e+00
-2.468405812978744507e-01 -2.655091047286987305e+00 2.378322362899780273e+00
-5.072141647338867188e+00 -3.476416349411010742e+00 1.471507072448730469e+00
-4.359448909759521484e+00 -3.313899755477905273e+00 2.206108331680297852e+00
-5.805712699890136719e+00 -2.594526529312133789e+00 3.395501613616943359e+00
-5.279178619384765625e+00 -3.016161680221557617e+00 2.538958072662353516e+00
-4.095141887664794922e+00 -2.823758125305175781e+00 3.384953975677490234e+00
-2.759388208389282227e+00 -1.617863059043884277e+00 4.884427070617675781e+00
-5.654669761657714844e+00 -1.266584753990173340e+00 4.710987091064453125e+00
-5.351240158081054688e+00 -7.365785241127014160e-01 4.912116527557373047e+00
2.528131008148193359e+00 -1.717436552047729492e+00 3.676806449890136719e+00
1.367949247360229492e+00 -8.843612670898437500e-01 4.141287803649902344e+00
-6.422601640224456787e-02 -1.181325912475585938e+00 3.659429550170898438e+00
1.086803555488586426e+00 -3.088771402835845947e-01 4.673999786376953125e+00
2.504236221313476562e+00 -1.057532787322998047e+00 5.301443099975585938e+00
3.510056734085083008e+00 -5.823994278907775879e-01 6.657330989837646484e+00
1.111204624176025391e+00 7.759079337120056152e-01 5.406389713287353516e+00
-3.226476430892944336e+00 -1.388534545898437500e+00 5.015263557434082031e+00
-4.245972633361816406e+00 3.011190295219421387e-01 5.012506961822509766e+00
-2.751914024353027344e+00 5.685142874717712402e-01 5.141889095306396484e+00
-1.172539472579956055e+00 1.622046947479248047e+00 4.411976814270019531e+00
-3.888433694839477539e+00 1.022656083106994629e+00 4.049942970275878906e+00
-3.824210643768310547e+00 1.425006031990051270e+00 2.890257120132446289e+00
-1.785720437765121460e-01 -5.100660324096679688e+00 -8.005607128143310547e-02
2.962632179260253906e-01 -4.958526134490966797e+00 -1.153529956936836243e-01
8.140819072723388672e-01 -4.965376853942871094e+00 3.287061303853988647e-02
1.644392728805541992e+00 -3.800344705581665039e+00 1.419499635696411133e+00
1.481171965599060059e+00 -4.998899459838867188e+00 5.801640152931213379e-01
1.622593283653259277e+00 -3.765925168991088867e+00 -1.357857584953308105e+00
1.884750485420227051e+00 -2.624952554702758789e+00 2.358937025070190430e+00
2.295914888381958008e+00 1.479357361793518066e+00 5.556327342987060547e+00
2.877773046493530273e+00 2.439224720001220703e+00 4.203229904174804688e+00
2.602251291275024414e+00 2.958628892898559570e+00 3.007530212402343750e+00
-8.654249906539916992e-01 2.487367868423461914e+00 2.621698379516601562e+00
-6.683537960052490234e-01 1.964357733726501465e+00 4.190048694610595703e+00
5.674438476562500000e-01 2.560188293457031250e+00 3.249544382095336914e+00
-1.730238437652587891e+00 3.177844762802124023e+00 1.101334989070892334e-01
-7.586149215698242188e+00 -2.457123994827270508e+00 3.556608676910400391e+00
-7.329874992370605469e+00 -1.422162652015686035e+00 4.219997882843017578e+00
-7.961904048919677734e+00 -8.110361099243164062e-01 2.909492969512939453e+00
-6.813200950622558594e+00 -1.159310936927795410e+00 4.467303752899169922e+00
-7.017446517944335938e+00 -3.638675808906555176e-01 3.062837123870849609e+00
-6.419905662536621094e+00 1.892088502645492554e-01 1.421414017677307129e+00
-6.218622684478759766e+00 1.400027871131896973e-01 2.392096996307373047e+00
-6.923927783966064453e+00 2.283597290515899658e-01 -8.145505189895629883e-01
-3.744441509246826172e+00 1.650563836097717285e+00 1.846402168273925781e+00
-5.362266063690185547e+00 2.015766143798828125e+00 -1.992423415184020996e+00
-3.648308992385864258e+00 3.037036180496215820e+00 -1.667505621910095215e+00
3.391674995422363281e+00 6.663252711296081543e-01 6.439206123352050781e+00
2.991683721542358398e+00 1.720833420753479004e+00 5.329586029052734375e+00
3.834183692932128906e+00 2.023069620132446289e+00 4.718882083892822266e+00
4.532172203063964844e+00 2.575622081756591797e+00 3.697271347045898438e+00
3.881279945373535156e+00 3.138175725936889648e+00 2.944127082824707031e+00
7.760614395141601562e+00 -4.906749248504638672e+00 -3.945429325103759766e+00
2.376454114913940430e+00 -5.071265220642089844e+00 -3.050486326217651367e+00
5.493014812469482422e+00 -4.731438636779785156e+00 -2.514179468154907227e+00
6.319138050079345703e+00 -4.685977458953857422e+00 -2.959659814834594727e+00
3.032352209091186523e+00 -5.008413791656494141e+00 -2.930431365966796875e+00
2.090615510940551758e+00 -5.929680347442626953e+00 -5.249025821685791016e+00
2.626553058624267578e+00 -5.807642459869384766e+00 -6.250644207000732422e+00
3.889789342880249023e+00 -5.141278743743896484e+00 -5.594483375549316406e+00
5.921864032745361328e+00 -4.817487239837646484e+00 -3.722224712371826172e+00
7.157583713531494141e+00 -4.964530467987060547e+00 -4.056104660034179688e+00
2.443855762481689453e+00 -5.620433807373046875e+00 -8.456435203552246094e+00
8.322436332702636719e+00 -4.984528541564941406e+00 -5.992120265960693359e+00
3.299724102020263672e+00 -5.330153942108154297e+00 -7.112735748291015625e+00
3.712453842163085938e+00 -4.720463752746582031e+00 -7.895280361175537109e+00
6.289297580718994141e+00 -5.074115276336669922e+00 -5.367995262145996094e+00
7.408565521240234375e+00 -4.933181762695312500e+00 -6.317842006683349609e+00
5.878370285034179688e+00 -4.179687500000000000e+00 -7.243877887725830078e+00
7.535691738128662109e+00 -4.034049034118652344e+00 -7.357054233551025391e+00
5.589703083038330078e+00 -3.863572120666503906e+00 -7.623370170593261719e+00
5.160851478576660156e+00 -2.839140415191650391e+00 -8.641375541687011719e+00
5.234068870544433594e+00 -2.079662561416625977e+00 -8.895978927612304688e+00
-3.349512815475463867e+00 -7.970725536346435547e+00 -1.205620861053466797e+01
-3.131255865097045898e+00 -8.215103149414062500e+00 -1.051693058013916016e+01
-3.961802005767822266e+00 -7.543500423431396484e+00 -1.315929698944091797e+01
-1.581743478775024414e+00 -6.563129901885986328e+00 -1.324222564697265625e+01
-3.556921482086181641e+00 -6.334282875061035156e+00 -1.446000862121582031e+01
-3.374982595443725586e+00 -5.281480312347412109e+00 -1.519329261779785156e+01
-6.632253170013427734e+00 -6.535281658172607422e+00 -1.317101478576660156e+01
-7.073035240173339844e+00 -6.209591865539550781e+00 -1.318830108642578125e+01
-7.759006023406982422e+00 -5.228553771972656250e+00 -1.367406272888183594e+01
-5.720528602600097656e+00 -7.131625652313232422e+00 -1.307819461822509766e+01
-8.474164962768554688e+00 -5.361358165740966797e+00 -1.256345081329345703e+01
-7.365234375000000000e+00 -4.561218261718750000e+00 -1.457252216339111328e+01
-4.151575565338134766e+00 -5.534731388092041016e+00 -1.502948665618896484e+01
-5.996761798858642578e+00 -4.380273818969726562e+00 -1.525581073760986328e+01
-2.711462974548339844e+00 -5.387384891510009766e+00 -1.501361179351806641e+01
-2.177686929702758789e+00 -4.294744968414306641e+00 -1.536876106262207031e+01
-3.723053216934204102e+00 -3.714301347732543945e+00 -1.575252342224121094e+01
-2.791197299957275391e+00 -3.185462713241577148e+00 -1.571472072601318359e+01
-4.990678787231445312e+00 -2.647472858428955078e+00 -1.593947029113769531e+01
-3.922617912292480469e+00 -1.501566886901855469e+00 -1.593357086181640625e+01
-9.300614356994628906e+00 -4.436775207519531250e+00 -1.222011661529541016e+01
-8.935495376586914062e+00 -3.996944427490234375e+00 -1.344382381439208984e+01
-9.912045478820800781e+00 -2.857959508895874023e+00 -1.234474945068359375e+01
-1.040236091613769531e+01 -1.433594465255737305e+00 -1.151674842834472656e+01
-8.549948692321777344e+00 -3.344427824020385742e+00 -1.435866355895996094e+01
-7.693157196044921875e+00 -2.962741851806640625e+00 -1.519630813598632812e+01
-9.821800231933593750e+00 -9.178778529167175293e-01 -1.328077602386474609e+01
-9.374016761779785156e+00 -3.163473308086395264e-01 -1.420053291320800781e+01
-8.487073898315429688e+00 -9.429556727409362793e-01 -1.507129383087158203e+01
-7.136554718017578125e+00 1.673543155193328857e-01 -1.576653003692626953e+01
-7.627844810485839844e+00 8.254213333129882812e-01 -1.553169536590576172e+01
-1.521809339523315430e+00 -7.555730819702148438e+00 -6.888269424438476562e+00
-4.211890697479248047e-01 -7.156102657318115234e+00 -8.631420135498046875e+00
7.375206053256988525e-02 -6.568340778350830078e+00 -5.589429855346679688e+00
6.194276213645935059e-01 -6.684888362884521484e+00 -6.756593227386474609e+00
-2.398226857185363770e-01 -6.930577754974365234e+00 -9.610465049743652344e+00
-5.071174725890159607e-02 -5.895313262939453125e+00 -1.240191078186035156e+01
1.353280186653137207e+00 -6.388593673706054688e+00 -6.418105125427246094e+00
2.021788358688354492e+00 -5.951824665069580078e+00 -8.189867019653320312e+00
-7.605921626091003418e-01 -5.086906909942626953e+00 -1.430346298217773438e+01
1.024769902229309082e+00 -4.963344573974609375e+00 -1.243765163421630859e+01
-1.230928897857666016e+00 -3.739287853240966797e+00 -1.520219898223876953e+01
-1.928508877754211426e-01 -3.007015943527221680e+00 -1.485907363891601562e+01
1.960651397705078125e+00 -5.053330898284912109e+00 -1.069696426391601562e+01
-1.088386654853820801e+00 -2.404593229293823242e+00 -1.528143501281738281e+01
-1.307679891586303711e+00 -1.696418523788452148e+00 -1.534037208557128906e+01
2.141834259033203125e+00 -3.535897016525268555e+00 -1.149204635620117188e+01
8.844191431999206543e-01 -1.869886517524719238e+00 -1.348665428161621094e+01
7.970764636993408203e-01 -1.143549323081970215e+00 -1.333413600921630859e+01
-2.607394695281982422e+00 -1.776996374130249023e+00 -1.569705867767333984e+01
-2.677124023437500000e+00 -8.073672056198120117e-01 -1.563926410675048828e+01
-5.087007522583007812e+00 4.589507877826690674e-01 -1.588502883911132812e+01
-2.887892246246337891e+00 1.010667681694030762e+00 -1.536382484436035156e+01
-2.165606021881103516e+00 1.177419662475585938e+00 -1.512205410003662109e+01
-4.987910389900207520e-01 1.152230620384216309e+00 -1.388827514648437500e+01
-2.883081197738647461e+00 2.084600210189819336e+00 -1.503232669830322266e+01
-2.466350317001342773e+00 2.793860912322998047e+00 -1.464327716827392578e+01
2.704142093658447266e+00 -3.966840505599975586e+00 -1.033657550811767578e+01
3.521103143692016602e+00 -2.608842849731445312e+00 -1.011045646667480469e+01
3.011845350265502930e+00 -1.846686124801635742e+00 -1.085103321075439453e+01
9.632470011711120605e-01 -2.796603441238403320e-01 -1.281162452697753906e+01
1.481251239776611328e+00 8.902959525585174561e-03 -1.210770225524902344e+01
2.347334146499633789e+00 -2.164276242256164551e-01 -1.122424411773681641e+01
1.079902887344360352e+00 4.200434088706970215e-01 -1.233348083496093750e+01
-1.051292610168457031e+01 -9.600922465324401855e-01 -1.099067306518554688e+01
-9.966620445251464844e+00 6.961824297904968262e-01 -1.291827201843261719e+01
-1.030222034454345703e+01 -7.817959412932395935e-03 -1.048445796966552734e+01
-1.007210922241210938e+01 -1.151276528835296631e-01 -9.022704124450683594e+00
-9.725528717041015625e+00 5.540906190872192383e-01 -1.002466487884521484e+01
-9.962652206420898438e+00 9.342464804649353027e-01 -1.154924774169921875e+01
-9.433894157409667969e+00 2.049945354461669922e+00 -1.277964305877685547e+01
-8.822134017944335938e+00 1.408763170242309570e+00 -9.338986396789550781e+00
-8.420735359191894531e+00 2.417673587799072266e+00 -1.036873435974121094e+01
-8.199914932250976562e+00 1.161445975303649902e+00 -6.068372726440429688e+00
-7.963840961456298828e+00 1.600444197654724121e+00 -7.148351669311523438e+00
-8.286407470703125000e+00 1.891803622245788574e+00 -8.733198165893554688e+00
-7.902702331542968750e+00 2.565335750579833984e+00 -9.726626396179199219e+00
-6.299207210540771484e+00 2.706446409225463867e+00 -7.676323413848876953e+00
-6.216218948364257812e+00 3.020934343338012695e+00 -8.157927513122558594e+00
-8.635995864868164062e+00 2.218721151351928711e+00 -1.428779888153076172e+01
-8.037810325622558594e+00 2.247916936874389648e+00 -1.472731685638427734e+01
-7.640090942382812500e+00 3.468925714492797852e+00 -1.350726985931396484e+01
-6.656299591064453125e+00 4.290727615356445312e+00 -1.313236236572265625e+01
-6.101484775543212891e+00 1.905626654624938965e+00 -1.547157859802246094e+01
-5.845818042755126953e+00 2.196327447891235352e+00 -1.532285785675048828e+01
-5.169766902923583984e+00 3.982666254043579102e+00 -1.411705875396728516e+01
-4.613891601562500000e+00 3.969754219055175781e+00 -1.424489402770996094e+01
-5.867266654968261719e+00 3.792555093765258789e+00 -1.412297916412353516e+01
-8.278261184692382812e+00 3.307535409927368164e+00 -1.223972988128662109e+01
-6.244331836700439453e+00 4.435115337371826172e+00 -1.237430572509765625e+01
-5.558529853820800781e+00 4.401837825775146484e+00 -1.073682785034179688e+01
-3.388360738754272461e+00 4.241375923156738281e+00 -1.348418998718261719e+01
-3.170388698577880859e+00 4.304019927978515625e+00 -1.286635684967041016e+01
-5.220857143402099609e+00 4.452875137329101562e+00 -1.221343612670898438e+01
-4.468224048614501953e+00 4.647676467895507812e+00 -1.232141685485839844e+01
-3.216367721557617188e+00 4.695147037506103516e+00 -1.143978404998779297e+01
-4.957982540130615234e+00 4.803753376007080078e+00 -1.084234046936035156e+01
-3.794832229614257812e+00 4.904724597930908203e+00 -1.116681003570556641e+01
-6.642992496490478516e+00 3.704246044158935547e+00 -1.049474048614501953e+01
-5.934374809265136719e+00 3.641051054000854492e+00 -9.028700828552246094e+00
3.057228088378906250e+00 -1.878512799739837646e-01 -1.029901599884033203e+01
-1.398285478353500366e-01 1.532373547554016113e+00 -1.287521934509277344e+01
-2.114830970764160156e+00 3.226552724838256836e+00 -1.359217166900634766e+01
9.946441650390625000e-01 8.058150410652160645e-01 -1.168629932403564453e+01
-1.054057359695434570e+00 2.889838457107543945e+00 -1.233629608154296875e+01
-2.713941812515258789e+00 3.852698087692260742e+00 -1.326686573028564453e+01
-1.649751424789428711e+00 3.654124498367309570e+00 -1.187255764007568359e+01
1.143231487274169922e+01 -6.526335716247558594e+00 -3.335435867309570312e+00
1.331645870208740234e+01 -6.764316082000732422e+00 -1.655256628990173340e+00
1.117236900329589844e+01 -6.445077896118164062e+00 -8.076952695846557617e-01
1.097656822204589844e+01 -6.457822322845458984e+00 -2.560319185256958008e+00
1.435263919830322266e+01 -6.986143589019775391e+00 -4.968585968017578125e+00
1.198743534088134766e+01 -6.598083972930908203e+00 -3.935927629470825195e+00
1.269949626922607422e+01 -6.586054801940917969e+00 -5.427911758422851562e+00
1.314525604248046875e+01 -6.906971931457519531e+00 -3.615161895751953125e+00
1.562106609344482422e+01 -7.082757949829101562e+00 -3.533990859985351562e+00
1.607176589965820312e+01 -6.014085769653320312e+00 -4.115982055664062500e+00
1.623203277587890625e+01 -6.579588413238525391e+00 -1.095141291618347168e+00
1.637108421325683594e+01 -5.782600879669189453e+00 -1.973382949829101562e+00
1.455970287322998047e+01 -6.670628547668457031e+00 1.326359510421752930e-01
1.480184268951416016e+01 -7.010201930999755859e+00 -1.483222484588623047e+00
1.535385990142822266e+01 -6.395153522491455078e+00 1.068223834037780762e+00
1.472375583648681641e+01 -4.398974418640136719e+00 2.170426607131958008e+00
1.509860515594482422e+01 -4.407458782196044922e+00 1.019040822982788086e+00
1.428621387481689453e+01 -3.564320802688598633e+00 1.170889973640441895e+00
1.581333351135253906e+01 -4.986932754516601562e+00 -3.277818679809570312e+00
1.523360919952392578e+01 -4.139075756072998047e+00 -2.491416215896606445e+00
1.519682216644287109e+01 -4.080266475677490234e+00 -9.157425165176391602e-01
1.497245788574218750e+01 -3.727632761001586914e+00 -1.426840662956237793e+00
1.432335376739501953e+01 -2.984610319137573242e+00 -7.924113869667053223e-01
1.381339454650878906e+01 -6.764048099517822266e+00 -6.191312789916992188e+00
1.525863647460937500e+01 -5.975002765655517578e+00 -6.487702369689941406e+00
1.237152194976806641e+01 -6.459749221801757812e+00 -6.614816665649414062e+00
1.291795158386230469e+01 -5.928033351898193359e+00 -7.396532535552978516e+00
1.593927383422851562e+01 -5.893249511718750000e+00 -5.578302860260009766e+00
1.563014602661132812e+01 -5.123911380767822266e+00 -5.872387886047363281e+00
1.505499076843261719e+01 -4.461214065551757812e+00 -5.472983360290527344e+00
1.326325225830078125e+01 -5.538542270660400391e+00 -7.250829696655273438e+00
1.263518047332763672e+01 -4.979868412017822266e+00 -6.564478874206542969e+00
1.350224876403808594e+01 -4.504939079284667969e+00 -6.039158821105957031e+00
1.363344764709472656e+01 -3.425733566284179688e+00 -4.879963397979736328e+00
1.500874996185302734e+01 -3.807865142822265625e+00 -2.739402532577514648e+00
1.494370460510253906e+01 -3.799315214157104492e+00 -4.430100440979003906e+00
1.439384460449218750e+01 -2.962201356887817383e+00 -3.678162813186645508e+00
1.016254234313964844e+01 -5.988541603088378906e+00 -2.714873790740966797e+00
6.989426612854003906e+00 -4.751010894775390625e+00 -2.354699373245239258e+00
7.277474403381347656e+00 -4.811128139495849609e+00 -1.924128532409667969e+00
6.841759681701660156e+00 -4.696611881256103516e+00 -2.919033288955688477e+00
1.048300838470458984e+01 -6.274657726287841797e+00 -2.312478303909301758e+00
9.010999679565429688e+00 -5.508069038391113281e+00 -1.917554140090942383e+00
7.949375629425048828e+00 -5.074896335601806641e+00 -1.553593873977661133e+00
9.598884582519531250e+00 -5.517650604248046875e+00 -3.408597230911254883e+00
9.955009460449218750e+00 -5.541841030120849609e+00 -4.633495807647705078e+00
8.331871986389160156e+00 -4.982615470886230469e+00 -3.939174890518188477e+00
1.356190586090087891e+01 -2.293822765350341797e+00 6.280919909477233887e-02
1.221068000793457031e+01 -9.248940944671630859e-01 -9.785660505294799805e-01
1.096497249603271484e+01 -5.960278034210205078e+00 -5.460534095764160156e+00
1.103069114685058594e+01 -5.423690319061279297e+00 -5.994363784790039062e+00
9.596337318420410156e+00 -5.070801734924316406e+00 -5.174041748046875000e+00
1.172675228118896484e+01 -4.708909034729003906e+00 -6.130595207214355469e+00
9.186496734619140625e+00 -4.319887638092041016e+00 -6.392958164215087891e+00
1.040850925445556641e+01 -3.547044038772583008e+00 -5.836043357849121094e+00
1.248386096954345703e+01 -3.706420421600341797e+00 -5.402075290679931641e+00
1.065529155731201172e+01 -3.209254503250122070e+00 -5.626554965972900391e+00
1.068094539642333984e+01 -2.279796600341796875e+00 -5.211804389953613281e+00
8.546315193176269531e+00 -3.681717634201049805e+00 -7.011236667633056641e+00
9.057271003723144531e+00 -3.084604263305664062e+00 -6.541829586029052734e+00
8.056061744689941406e+00 -2.033159255981445312e+00 -6.890359401702880859e+00
1.041238212585449219e+01 -1.612841248512268066e+00 -5.076632022857666016e+00
8.259181976318359375e+00 -1.708237528800964355e+00 -6.621227264404296875e+00
8.753976821899414062e+00 -4.875551760196685791e-01 -5.825350761413574219e+00
7.281128406524658203e+00 -1.652369350194931030e-01 -6.904924392700195312e+00
1.329966354370117188e+01 -2.176803350448608398e+00 -3.993649005889892578e+00
1.347575569152832031e+01 -1.761837959289550781e+00 -1.860290884971618652e+00
1.325296592712402344e+01 -1.367091298103332520e+00 -3.091237783432006836e+00
1.242014980316162109e+01 -5.117483735084533691e-01 -2.177851915359497070e+00
1.208008766174316406e+01 -1.653842777013778687e-01 -2.793457746505737305e+00
1.243402004241943359e+01 -1.946771383285522461e+00 -4.307658672332763672e+00
1.123263931274414062e+01 -1.250577926635742188e+00 -4.444604396820068359e+00
1.153029155731201172e+01 -5.932693481445312500e-01 -3.832812547683715820e+00
1.017252063751220703e+01 1.502987146377563477e+00 -1.718208074569702148e+00
9.293092727661132812e+00 2.333806037902832031e+00 -2.863180398941040039e+00
9.331572532653808594e+00 2.275832176208496094e+00 -3.336045265197753906e+00
8.569749832153320312e+00 2.891764640808105469e+00 -2.356805324554443359e+00
1.021987628936767578e+01 -9.242638945579528809e-01 -4.974080085754394531e+00
1.066598510742187500e+01 2.822096943855285645e-01 -4.101637840270996094e+00
8.370373725891113281e+00 1.264743506908416748e-01 -5.845222949981689453e+00
7.016835212707519531e+00 9.839407205581665039e-01 -6.419339179992675781e+00
1.376382064819335938e+01 -3.756655931472778320e+00 2.753823041915893555e+00
1.239697360992431641e+01 -2.626113891601562500e+00 3.039374351501464844e+00
1.123537731170654297e+01 -9.660905599594116211e-01 1.496035814285278320e+00
1.143704032897949219e+01 -7.400089502334594727e-01 3.245789408683776855e-01
9.951664924621582031e+00 -5.423146486282348633e-01 3.137536525726318359e+00
8.840986251831054688e+00 8.231714963912963867e-01 2.571181297302246094e+00
9.406089782714843750e+00 5.173791646957397461e-01 2.080239534378051758e+00
7.295822143554687500e+00 1.834748744964599609e+00 2.886823654174804688e+00
7.148797512054443359e+00 2.574553012847900391e+00 1.799499154090881348e+00
9.806315422058105469e+00 8.069120645523071289e-01 3.629257678985595703e-01
1.004685592651367188e+01 1.215369820594787598e+00 -9.742490649223327637e-01
7.991591453552246094e+00 2.554637670516967773e+00 4.125360250473022461e-01
3.351841688156127930e+00 4.281231880187988281e+00 -3.439881205558776855e-01
6.221394538879394531e+00 3.514177083969116211e+00 2.720525860786437988e-01
5.481630802154541016e+00 4.037052631378173828e+00 -2.223625659942626953e+00
3.674738407135009766e+00 4.398093223571777344e+00 -6.824751496315002441e-01
2.849870920181274414e+00 3.830998897552490234e+00 -2.455465555191040039e+00
2.964180469512939453e+00 3.525795459747314453e+00 -3.327562570571899414e+00
-9.877644777297973633e-01 3.797958135604858398e+00 -7.630063295364379883e-01
2.150888204574584961e+00 3.158250093460083008e+00 -4.385427951812744141e+00
1.080432254821062088e-02 4.167213916778564453e+00 -3.141736507415771484e+00
3.083075284957885742e-01 3.718284606933593750e+00 -4.696182250976562500e+00
2.381715774536132812e+00 3.817457914352416992e+00 -2.565895557403564453e+00
5.102435111999511719e+00 -8.701527714729309082e-01 -8.890023231506347656e+00
2.944282531738281250e+00 3.162514269351959229e-01 -9.603476524353027344e+00
5.064656734466552734e+00 5.154893398284912109e-01 -8.106563568115234375e+00
3.644248723983764648e+00 5.720097422599792480e-01 -8.963227272033691406e+00
2.523781061172485352e+00 5.086861252784729004e-01 -9.796620368957519531e+00
1.546556115150451660e+00 1.856320500373840332e+00 -9.909397125244140625e+00
3.304761946201324463e-01 3.157033205032348633e+00 -9.154932022094726562e+00
1.117304787039756775e-01 3.009526014328002930e+00 -1.045539283752441406e+01
5.658791542053222656e+00 2.814567089080810547e+00 -4.855598926544189453e+00
6.164574623107910156e+00 1.893699049949645996e+00 -6.085989952087402344e+00
4.704287528991699219e+00 2.708528995513916016e+00 -5.246585845947265625e+00
4.802635669708251953e+00 2.404942750930786133e+00 -5.959660053253173828e+00
6.609194755554199219e+00 3.729902267456054688e+00 -2.714011907577514648e+00
6.587448120117187500e+00 1.287641167640686035e+00 -6.421582221984863281e+00
5.717077732086181641e+00 1.682651996612548828e+00 -6.599132537841796875e+00
4.866400718688964844e+00 1.799186587333679199e+00 -7.035225391387939453e+00
2.740669250488281250e+00 2.866713047027587891e+00 -5.060599803924560547e+00
2.819440841674804688e+00 2.104381561279296875e+00 -7.356290340423583984e+00
2.030970573425292969e+00 2.341418504714965820e+00 -6.809152126312255859e+00
9.612572938203811646e-02 3.311253547668457031e+00 -6.268856048583984375e+00
2.725137472152709961e-01 2.968811511993408203e+00 -7.756392955780029297e+00
3.033059537410736084e-01 3.040141582489013672e+00 -8.134848594665527344e+00
-3.297678709030151367e+00 3.402995347976684570e+00 -2.583177804946899414e+00
-5.635400295257568359e+00 3.077050447463989258e+00 -7.728875160217285156e+00
-4.810184478759765625e+00 3.496332645416259766e+00 -7.632317543029785156e+00
-4.258833408355712891e+00 3.357770204544067383e+00 -6.673069000244140625e+00
-2.168737888336181641e+00 3.291237354278564453e+00 -2.279045581817626953e-01
-1.890966415405273438e+00 3.758807420730590820e+00 -1.352113485336303711e+00
-1.528362035751342773e+00 4.100957870483398438e+00 -2.467489719390869141e+00
-1.353313207626342773e+00 4.398262500762939453e+00 -3.692197084426879883e+00
-1.181719303131103516e+00 4.408327579498291016e+00 -4.985445499420166016e+00
-4.803153038024902344e+00 4.097481250762939453e+00 -8.498201370239257812e+00
-4.505945682525634766e+00 4.574637889862060547e+00 -9.018287658691406250e+00
-1.980843186378479004e+00 4.471333026885986328e+00 -7.508765220642089844e+00
-3.350476264953613281e+00 4.471112251281738281e+00 -8.327854156494140625e+00
-1.541359424591064453e+00 3.662122011184692383e+00 -1.119554710388183594e+01
-1.228937625885009766e+00 3.516535758972167969e+00 -1.106019496917724609e+01
-3.827622652053833008e+00 4.868309020996093750e+00 -1.069970226287841797e+01
-2.048139095306396484e+00 4.191631793975830078e+00 -9.847055435180664062e+00
-3.116329014301300049e-01 3.489608287811279297e+00 -9.963756561279296875e+00
-2.159129142761230469e+00 4.567074298858642578e+00 -6.118487834930419922e+00
5.289792537689208984e+00 3.158300161361694336e+00 2.331228494644165039e+00
6.047489643096923828e+00 3.079244375228881836e+00 1.763398408889770508e+00
1.965136289596557617e+00 7.100203037261962891e-01 -1.028341865539550781e+01
-5.171597003936767578e-01 2.802585124969482422e+00 -1.161260032653808594e+01
4.412163496017456055e-01 2.531923294067382812e+00 -1.076649475097656250e+01
