1.549221158027648926e+00 -4.930616378784179688e+00 -2.715084552764892578e+00
2.262185335159301758e+00 -4.776273727416992188e+00 -1.925619244575500488e+00
1.501716136932373047e+00 -4.785883426666259766e+00 -2.310161113739013672e+00
-5.069011211395263672e+00 -8.108386993408203125e+00 -7.822646617889404297e+00
-4.998584270477294922e+00 -8.061562538146972656e+00 -1.156840991973876953e+01
-4.184829235076904297e+00 -8.320809364318847656e+00 -9.419985771179199219e+00
-7.271141529083251953e+00 -7.468467235565185547e+00 -7.059181213378906250e+00
-7.775087833404541016e+00 -7.350738048553466797e+00 -7.967448711395263672e+00
-5.691756725311279297e+00 -8.128314018249511719e+00 -9.824153900146484375e+00
-6.220501422882080078e+00 -7.996742725372314453e+00 -9.061973571777343750e+00
-6.479359149932861328e+00 -7.345179080963134766e+00 -1.205497837066650391e+01
-8.409546852111816406e+00 -6.366484642028808594e+00 -1.057636928558349609e+01
-8.330979347229003906e+00 -6.189157485961914062e+00 -1.129515743255615234e+01
-9.642466545104980469e+00 -5.267889976501464844e+00 -8.363027572631835938e+00
-1.005113220214843750e+01 -4.326275348663330078e+00 -8.716245651245117188e+00
-9.586352348327636719e+00 -4.644463062286376953e+00 -1.086830902099609375e+01
-8.220433235168457031e+00 -6.690583705902099609e+00 -5.445699214935302734e+00
-9.068008422851562500e+00 -6.091836929321289062e+00 -4.930391788482666016e+00
-7.968843936920166016e+00 -5.745280742645263672e+00 -3.404990911483764648e+00
-8.497646331787109375e+00 -5.228333950042724609e+00 -2.226560115814208984e+00
-6.959176063537597656e+00 -5.440367221832275391e+00 -3.112769603729248047e+00
-2.596977710723876953e+00 -5.032704830169677734e+00 -1.548247933387756348e+00
-3.376323223114013672e+00 -4.882933616638183594e+00 -5.832448601722717285e-01
-1.444361925125122070e+00 -4.996491909027099609e+00 -2.378535717725753784e-01
-7.378777980804443359e+00 -3.210873126983642578e+00 2.309701681137084961e+00
-5.355556011199951172e+00 -3.512000560760498047e+00 1.277301669120788574e+00
-3.862616062164306641e+00 -5.068849086761474609e+00 -2.136947870254516602e+00
-7.304990291595458984e+00 -4.796295642852783203e+00 -1.626945614814758301e+00
-6.309057712554931641e+00 -5.167072296142578125e+00 -2.786880731582641602e+00
-3.739924430847167969e+00 -4.414912223815917969e+00 1.336326748132705688e-01
-4.768971443176269531e+00 -7.278912067413330078e+00 -5.295098304748535156e+00
-4.547132492065429688e+00 -6.498449802398681641e+00 -4.091183185577392578e+00
-2.281327724456787109e+00 -7.655892848968505859e+00 -6.417037487030029297e+00
-2.886425495147705078e+00 -7.168087482452392578e+00 -5.067140102386474609e+00
-2.216284275054931641e+00 -7.177890777587890625e+00 -5.298991203308105469e+00
-1.359283208847045898e+00 -6.802378654479980469e+00 -5.044487953186035156e+00
-2.782072544097900391e+00 -6.777526855468750000e+00 -4.439863681793212891e+00
-5.268467426300048828e+00 -6.850582599639892578e+00 -4.679224014282226562e+00
-6.154301643371582031e+00 -7.666550636291503906e+00 -6.742437839508056641e+00
-8.704912185668945312e+00 -6.651221275329589844e+00 -6.454874038696289062e+00
-1.422492980957031250e+00 -4.983439445495605469e+00 -1.835754394531250000e+00
-9.412989020347595215e-01 -5.044259548187255859e+00 -2.276818275451660156e+00
-2.245656251907348633e+00 -5.126508235931396484e+00 -2.023089408874511719e+00
-3.582039475440979004e-01 -5.089859008789062500e+00 -1.198482275009155273e+00
6.216484904289245605e-01 -4.620455741882324219e+00 -1.599293470382690430e+00
-8.197746276855468750e-01 -5.404507160186767578e+00 -3.021087408065795898e+00
-1.454140432178974152e-02 -5.499553680419921875e+00 -3.346288681030273438e+00
5.978231430053710938e-01 -4.765243530273437500e+00 -2.126257181167602539e+00
-9.516192436218261719e+00 -4.813506603240966797e+00 -2.044778823852539062e+00
-9.940351486206054688e+00 -4.890569686889648438e+00 -4.680196285247802734e+00
-9.352404594421386719e+00 -5.581226825714111328e+00 -3.831359863281250000e+00
-1.019620418548583984e+01 -3.759493350982666016e+00 -3.288286924362182617e+00
-1.031941413879394531e+01 -3.585684299468994141e+00 -4.715872764587402344e+00
-9.120158195495605469e+00 -4.086925506591796875e+00 3.089218139648437500e-01
-9.781535148620605469e+00 -4.173884391784667969e+00 -1.408527255058288574e+00
-9.820520401000976562e+00 -3.231049776077270508e+00 -2.803580462932586670e-01
-9.598957061767578125e+00 -2.925911903381347656e+00 9.017019867897033691e-01
-9.112450599670410156e+00 -2.720360279083251953e+00 2.166171789169311523e+00
-9.279193878173828125e+00 -1.628777980804443359e+00 1.268451452255249023e+00
-1.017338275909423828e+01 -2.694667339324951172e+00 -2.524033069610595703e+00
-1.009771156311035156e+01 -1.608842372894287109e+00 -2.653032302856445312e+00
-9.464868545532226562e+00 -1.292943596839904785e+00 -8.887195587158203125e-01
-7.936821460723876953e+00 -4.177601635456085205e-01 -6.474282145500183105e-01
-1.006285285949707031e+01 -4.635076999664306641e+00 -5.545557022094726562e+00
-1.034758853912353516e+01 -3.652100086212158203e+00 -5.425090789794921875e+00
-1.053361988067626953e+01 -2.257973670959472656e+00 -5.301714897155761719e+00
-1.059152984619140625e+01 -2.099630117416381836e+00 -5.872092247009277344e+00
-1.008380222320556641e+01 -6.575374603271484375e-01 -5.354091644287109375e+00
-1.059046173095703125e+01 -2.844689607620239258e+00 -7.961894989013671875e+00
-1.071194934844970703e+01 -1.948766708374023438e+00 -8.887418746948242188e+00
-1.060228538513183594e+01 -8.134029507637023926e-01 -8.516891479492187500e+00
-9.952597618103027344e+00 -3.319138288497924805e-01 -6.705708026885986328e+00
-8.382927894592285156e+00 -2.022659331560134888e-01 -2.254051685333251953e+00
-6.925119876861572266e+00 1.701527714729309082e+00 -3.688170194625854492e+00
-9.016854286193847656e+00 3.871076107025146484e-01 -6.202897071838378906e+00
-7.575938224792480469e+00 1.442129015922546387e+00 -4.987972736358642578e+00
1.321925640106201172e+01 -5.557479858398437500e+00 4.452309131622314453e+00
1.349737453460693359e+01 -6.062772750854492188e+00 7.194486260414123535e-01
1.302221107482910156e+01 -5.945401191711425781e+00 1.412301778793334961e+00
1.489898681640625000e+01 -5.804750442504882812e+00 1.869242429733276367e+00
1.473142814636230469e+01 -5.059592247009277344e+00 3.050727128982543945e+00
1.195011901855468750e+01 -5.646667003631591797e+00 2.684236288070678711e+00
4.432412147521972656e+00 -1.133411169052124023e+00 4.871845722198486328e+00
5.314625263214111328e+00 -7.764276862144470215e-01 5.997939586639404297e+00
6.610963344573974609e+00 -4.824565410614013672e+00 -1.667531371116638184e+00
8.865428924560546875e+00 -6.227257728576660156e+00 -1.252293705940246582e+00
8.084980964660644531e+00 -6.155728340148925781e+00 -1.094470500946044922e+00
7.423583984375000000e+00 -6.242846965789794922e+00 -5.115177035331726074e-01
2.547623157501220703e+00 -5.424255371093750000e+00 4.021560251712799072e-01
4.272244453430175781e+00 -4.697654247283935547e+00 -1.500521183013916016e+00
5.140998840332031250e+00 -5.089223861694335938e+00 -1.175246953964233398e+00
2.291720628738403320e+00 -4.285065174102783203e+00 -1.265200376510620117e+00
4.095619678497314453e+00 -4.727897167205810547e+00 -1.281823515892028809e+00
5.095973968505859375e+00 -5.566431522369384766e+00 2.072003930807113647e-01
5.782929897308349609e+00 -5.969017982482910156e+00 -6.238714456558227539e-01
3.083543062210083008e+00 -5.491045475006103516e+00 -5.937132239341735840e-01
9.439661026000976562e+00 -5.140019893646240234e+00 3.029559135437011719e+00
1.001172637939453125e+01 -4.692354202270507812e+00 4.778877258300781250e+00
9.944131851196289062e+00 -4.853374958038330078e+00 4.198396682739257812e+00
8.714687347412109375e+00 -3.950442790985107422e+00 5.212387084960937500e+00
8.920467376708984375e+00 -4.920999050140380859e+00 3.104703426361083984e+00
9.006873130798339844e+00 -5.885696411132812500e+00 1.401005148887634277e+00
8.656134605407714844e+00 -6.074155807495117188e+00 9.226764440536499023e-01
5.533317565917968750e+00 -1.238581776618957520e+00 3.975150346755981445e+00
6.164281368255615234e+00 -3.656959533691406250e+00 2.368785142898559570e+00
5.588475227355957031e+00 -3.950198173522949219e+00 1.855311155319213867e+00
4.517128944396972656e+00 -1.873886942863464355e+00 3.043775081634521484e+00
4.621134757995605469e+00 -1.450872182846069336e+00 3.680193662643432617e+00
6.907377719879150391e+00 -2.373046875000000000e+00 4.248386383056640625e+00
6.723626136779785156e+00 -1.814445137977600098e+00 5.438002109527587891e+00
6.526538372039794922e+00 -5.444747447967529297e+00 9.214729666709899902e-01
1.210265064239501953e+01 -4.225019931793212891e+00 5.803079128265380859e+00
1.376914787292480469e+01 -4.612780570983886719e+00 4.463691711425781250e+00
1.260040855407714844e+01 -3.421510219573974609e+00 4.793446540832519531e+00
1.345407581329345703e+01 -3.313097476959228516e+00 3.166944980621337891e+00
7.889986991882324219e+00 -2.757758378982543945e+00 6.540614604949951172e+00
7.466607093811035156e+00 -2.309926033020019531e+00 6.534525394439697266e+00
4.267933845520019531e+00 -4.367222785949707031e-01 6.716560840606689453e+00
9.710094451904296875e+00 -4.008772373199462891e+00 6.338215351104736328e+00
1.048818778991699219e+01 -2.711758613586425781e+00 6.375378608703613281e+00
1.080450439453125000e+01 -2.368808269500732422e+00 5.408661365509033203e+00
8.755193710327148438e+00 -1.368262052536010742e+00 6.365216732025146484e+00
9.074801445007324219e+00 -1.085742592811584473e+00 5.409360408782958984e+00
1.114083957672119141e+01 -2.126172542572021484e+00 4.475076675415039062e+00
1.147666740417480469e+01 -1.801357746124267578e+00 3.512166261672973633e+00
6.692589282989501953e+00 -1.319699883460998535e+00 6.311409473419189453e+00
7.834872245788574219e+00 -7.727832198143005371e-01 6.312302589416503906e+00
7.108719825744628906e+00 1.714572161436080933e-01 5.780064105987548828e+00
6.326639652252197266e+00 -7.595369964838027954e-02 6.079965591430664062e+00
5.728474617004394531e+00 1.014087319374084473e+00 5.581464290618896484e+00
8.151274681091308594e+00 3.901997208595275879e-01 4.493858337402343750e+00
5.789845466613769531e+00 2.151415109634399414e+00 4.174483299255371094e+00
6.202213764190673828e+00 2.293073892593383789e+00 3.735992670059204102e+00
-2.133157730102539062e+00 -2.800174713134765625e+00 3.777591943740844727e+00
-1.524721741676330566e+00 -3.802428722381591797e+00 1.664407968521118164e+00
-1.479493141174316406e+00 -4.652304172515869141e+00 3.902586698532104492e-01
-1.619494795799255371e+00 -2.864530324935913086e+00 3.496904850006103516e+00
-2.497122883796691895e-01 -2.661177635192871094e+00 2.371388196945190430e+00
-5.071920394897460938e+00 -3.476903915405273438e+00 1.469339966773986816e+00
-4.359587192535400391e+00 -3.315483808517456055e+00 2.204089164733886719e+00
-5.804052352905273438e+00 -2.592750310897827148e+00 3.389208078384399414e+00
-5.278409004211425781e+00 -3.016896486282348633e+00 2.535901546478271484e+00
-4.094872474670410156e+00 -2.827421665191650391e+00 3.383001089096069336e+00
-2.758290052413940430e+00 -1.623677372932434082e+00 4.886533737182617188e+00
-5.651577472686767578e+00 -1.261385202407836914e+00 4.697727203369140625e+00
-5.347311019897460938e+00 -7.332385182380676270e-01 4.896068572998046875e+00
2.532632350921630859e+00 -1.712668418884277344e+00 3.630438566207885742e+00
1.365795016288757324e+00 -8.938132524490356445e-01 4.112882614135742188e+00
-6.818446516990661621e-02 -1.191287279129028320e+00 3.650913238525390625e+00
1.083657741546630859e+00 -3.274926245212554932e-01 4.649476528167724609e+00
2.519488096237182617e+00 -1.071343898773193359e+00 5.230093955993652344e+00
3.543044805526733398e+00 -6.008340120315551758e-01 6.542452335357666016e+00
1.115907669067382812e+00 7.556021213531494141e-01 5.374925613403320312e+00
-3.224846839904785156e+00 -1.391691446304321289e+00 5.011325836181640625e+00
-4.241425037384033203e+00 3.001415729522705078e-01 4.999096393585205078e+00
-2.749297618865966797e+00 5.638718605041503906e-01 5.131677627563476562e+00
-1.168788075447082520e+00 1.612553596496582031e+00 4.401185035705566406e+00
-3.886377811431884766e+00 1.018822908401489258e+00 4.042853355407714844e+00
-3.824145555496215820e+00 1.423045873641967773e+00 2.885187864303588867e+00
-1.823844611644744873e-01 -5.104500293731689453e+00 -8.139551430940628052e-02
2.912724018096923828e-01 -4.962163448333740234e+00 -1.172244846820831299e-01
8.072828650474548340e-01 -4.969354629516601562e+00 2.956831827759742737e-02
1.640802145004272461e+00 -3.803981304168701172e+00 1.408976554870605469e+00
1.475780844688415527e+00 -5.003514289855957031e+00 5.759014487266540527e-01
1.612654805183410645e+00 -3.767187356948852539e+00 -1.363690972328186035e+00
1.883496880531311035e+00 -2.624953746795654297e+00 2.336501836776733398e+00
2.309632539749145508e+00 1.448781371116638184e+00 5.471220493316650391e+00
2.883051156997680664e+00 2.430606126785278320e+00 4.162907600402832031e+00
2.602786540985107422e+00 2.942242860794067383e+00 2.984489440917968750e+00
-8.647019267082214355e-01 2.481943130493164062e+00 2.614726066589355469e+00
-6.647225022315979004e-01 1.946835398674011230e+00 4.170445919036865234e+00
5.689424276351928711e-01 2.552790403366088867e+00 3.235218286514282227e+00
-1.729674220085144043e+00 3.172706842422485352e+00 1.072809025645256042e-01
-7.584465980529785156e+00 -2.457014083862304688e+00 3.552091598510742188e+00
-7.327004909515380859e+00 -1.420675516128540039e+00 4.213049888610839844e+00
-7.960870742797851562e+00 -8.111757040023803711e-01 2.905180454254150391e+00
-6.809386253356933594e+00 -1.156297802925109863e+00 4.455368995666503906e+00
-7.016277313232421875e+00 -3.642064630985260010e-01 3.055647373199462891e+00
-6.420102596282958984e+00 1.895570009946823120e-01 1.418633341789245605e+00
-6.219361782073974609e+00 1.407635211944580078e-01 2.388566732406616211e+00
-6.924919128417968750e+00 2.288106530904769897e-01 -8.152399063110351562e-01
-3.745379447937011719e+00 1.650368690490722656e+00 1.844793081283569336e+00
-5.361170768737792969e+00 2.014391183853149414e+00 -1.994137525558471680e+00
-3.645740747451782227e+00 3.031556606292724609e+00 -1.671171069145202637e+00
3.415221452713012695e+00 6.318390369415283203e-01 6.292222023010253906e+00
2.999930381774902344e+00 1.697220087051391602e+00 5.245357990264892578e+00
3.848747968673706055e+00 2.055430412292480469e+00 4.695765972137451172e+00
4.539301872253417969e+00 2.573760747909545898e+00 3.671978235244750977e+00
3.877272605895996094e+00 3.091464042663574219e+00 2.905695199966430664e+00
7.701491355895996094e+00 -4.864019393920898438e+00 -3.962905883789062500e+00
2.364014625549316406e+00 -5.070924282073974609e+00 -3.054100751876831055e+00
5.464690208435058594e+00 -4.722271919250488281e+00 -2.521840095520019531e+00
6.280261516571044922e+00 -4.662632465362548828e+00 -2.967976570129394531e+00
3.015336036682128906e+00 -5.008426666259765625e+00 -2.934995412826538086e+00
2.081066370010375977e+00 -5.928441524505615234e+00 -5.251712322235107422e+00
2.614790916442871094e+00 -5.805212020874023438e+00 -6.252905368804931641e+00
3.871931076049804688e+00 -5.135393142700195312e+00 -5.596669197082519531e+00
5.888481616973876953e+00 -4.804030418395996094e+00 -3.729037761688232422e+00
7.110484123229980469e+00 -4.937757015228271484e+00 -4.068596363067626953e+00
2.436976909637451172e+00 -5.619045734405517578e+00 -8.458912849426269531e+00
8.255312919616699219e+00 -4.973422050476074219e+00 -6.010623931884765625e+00
3.285248279571533203e+00 -5.326505661010742188e+00 -7.115017890930175781e+00
3.699205398559570312e+00 -4.719400405883789062e+00 -7.898377895355224609e+00
6.252645969390869141e+00 -5.064997673034667969e+00 -5.376348018646240234e+00
7.358705043792724609e+00 -4.932730197906494141e+00 -6.333826541900634766e+00
5.844806671142578125e+00 -4.175048828125000000e+00 -7.252254962921142578e+00
7.491284370422363281e+00 -4.035692691802978516e+00 -7.373987197875976562e+00
5.566270351409912109e+00 -3.860164642333984375e+00 -7.629615783691406250e+00
5.147729396820068359e+00 -2.834203720092773438e+00 -8.645097732543945312e+00
5.229284286499023438e+00 -2.078509092330932617e+00 -8.899501800537109375e+00
-3.348832368850708008e+00 -7.970691204071044922e+00 -1.205640506744384766e+01
-3.130772829055786133e+00 -8.215078353881835938e+00 -1.051711368560791016e+01
-3.960597991943359375e+00 -7.543933868408203125e+00 -1.315979099273681641e+01
-1.581051230430603027e+00 -6.564496994018554688e+00 -1.324309539794921875e+01
-3.556121110916137695e+00 -6.334966182708740234e+00 -1.446090316772460938e+01
-3.374285459518432617e+00 -5.282156944274902344e+00 -1.519467926025390625e+01
-6.629683017730712891e+00 -6.537464141845703125e+00 -1.317185115814208984e+01
-7.069963455200195312e+00 -6.213634967803955078e+00 -1.318994235992431641e+01
-7.755244731903076172e+00 -5.233661174774169922e+00 -1.367748832702636719e+01
-5.718698501586914062e+00 -7.132842063903808594e+00 -1.307892322540283203e+01
-8.470471382141113281e+00 -5.366125106811523438e+00 -1.256609439849853516e+01
-7.362086772918701172e+00 -4.566265106201171875e+00 -1.457618141174316406e+01
-4.150698661804199219e+00 -5.536092758178710938e+00 -1.503034782409667969e+01
-5.994916439056396484e+00 -4.383272171020507812e+00 -1.525783920288085938e+01
-2.709915637969970703e+00 -5.389934062957763672e+00 -1.501661872863769531e+01
-2.175181150436401367e+00 -4.298721790313720703e+00 -1.537320804595947266e+01
-3.721830129623413086e+00 -3.717774629592895508e+00 -1.575435638427734375e+01
-2.789293289184570312e+00 -3.191035270690917969e+00 -1.571896457672119141e+01
-4.988120079040527344e+00 -2.650429487228393555e+00 -1.594296073913574219e+01
-3.919769763946533203e+00 -1.505676627159118652e+00 -1.593834590911865234e+01
-9.297632217407226562e+00 -4.443183898925781250e+00 -1.222404670715332031e+01
-8.931197166442871094e+00 -4.003318309783935547e+00 -1.344787597656250000e+01
-9.909986495971679688e+00 -2.866115808486938477e+00 -1.234823989868164062e+01
-1.040046977996826172e+01 -1.441377043724060059e+00 -1.152042770385742188e+01
-8.547307968139648438e+00 -3.351916313171386719e+00 -1.436309719085693359e+01
-7.690440177917480469e+00 -2.967950820922851562e+00 -1.520018196105957031e+01
-9.820523262023925781e+00 -9.284504055976867676e-01 -1.328462600708007812e+01
-9.374978065490722656e+00 -3.328629136085510254e-01 -1.420503902435302734e+01
-8.486963272094726562e+00 -9.542882442474365234e-01 -1.507524013519287109e+01
-7.134946346282958984e+00 1.579634994268417358e-01 -1.577148628234863281e+01
-7.627188205718994141e+00 8.107348680496215820e-01 -1.553746795654296875e+01
-1.523251891136169434e+00 -7.555669784545898438e+00 -6.889064311981201172e+00
-4.226517677307128906e-01 -7.155847072601318359e+00 -8.632328987121582031e+00
6.999921053647994995e-02 -6.568521499633789062e+00 -5.591039180755615234e+00
6.164144873619079590e-01 -6.684853076934814453e+00 -6.758126735687255859e+00
-2.405901849269866943e-01 -6.930384635925292969e+00 -9.611181259155273438e+00
-5.049203336238861084e-02 -5.895772933959960938e+00 -1.240249061584472656e+01
1.347427248954772949e+00 -6.388462066650390625e+00 -6.420518875122070312e+00
2.017052412033081055e+00 -5.951988220214843750e+00 -8.192035675048828125e+00
-7.593432664871215820e-01 -5.089087486267089844e+00 -1.430517959594726562e+01
1.024803161621093750e+00 -4.963249206542968750e+00 -1.243817520141601562e+01
-1.228517174720764160e+00 -3.742926359176635742e+00 -1.520593452453613281e+01
-1.913419961929321289e-01 -3.009177923202514648e+00 -1.486083602905273438e+01
1.959078907966613770e+00 -5.052946567535400391e+00 -1.069856452941894531e+01
-1.087337136268615723e+00 -2.408446311950683594e+00 -1.528335285186767578e+01
-1.306957483291625977e+00 -1.700760364532470703e+00 -1.534278488159179688e+01
2.140413045883178711e+00 -3.535473585128784180e+00 -1.149302101135253906e+01
8.847259879112243652e-01 -1.870327711105346680e+00 -1.348803424835205078e+01
7.966563105583190918e-01 -1.144803524017333984e+00 -1.333513069152832031e+01
-2.605076551437377930e+00 -1.782050013542175293e+00 -1.570349121093750000e+01
-2.674708366394042969e+00 -8.109042644500732422e-01 -1.564374160766601562e+01
-5.083760261535644531e+00 4.534974992275238037e-01 -1.589198017120361328e+01
-2.886461257934570312e+00 1.006726264953613281e+00 -1.536896324157714844e+01
-2.164927005767822266e+00 1.173931956291198730e+00 -1.512567424774169922e+01
-4.986924231052398682e-01 1.149360895156860352e+00 -1.389160728454589844e+01
-2.882727861404418945e+00 2.079093694686889648e+00 -1.503730201721191406e+01
-2.467109441757202148e+00 2.787741422653198242e+00 -1.464824008941650391e+01
2.700218200683593750e+00 -3.965886116027832031e+00 -1.033802223205566406e+01
3.515850067138671875e+00 -2.607249975204467773e+00 -1.011494541168212891e+01
3.010748147964477539e+00 -1.845272660255432129e+00 -1.085566139221191406e+01
9.631522893905639648e-01 -2.814516425132751465e-01 -1.281510734558105469e+01
1.481785893440246582e+00 7.679571863263845444e-03 -1.211320877075195312e+01
2.347834825515747070e+00 -2.165122926235198975e-01 -1.123027992248535156e+01
1.079897522926330566e+00 4.171855151653289795e-01 -1.233868503570556641e+01
-1.051231288909912109e+01 -9.691044688224792480e-01 -1.099430465698242188e+01
-9.966626167297363281e+00 6.809492111206054688e-01 -1.292260169982910156e+01
-1.030352020263671875e+01 -1.886130496859550476e-02 -1.048735618591308594e+01
-1.007300472259521484e+01 -1.238369569182395935e-01 -9.024957656860351562e+00
-9.726400375366210938e+00 5.390645265579223633e-01 -1.002838611602783203e+01
-9.963325500488281250e+00 9.181370735168457031e-01 -1.155341243743896484e+01
-9.432666778564453125e+00 2.025527238845825195e+00 -1.278650951385498047e+01
-8.822024345397949219e+00 1.393671631813049316e+00 -9.341611862182617188e+00
-8.418356895446777344e+00 2.392983198165893555e+00 -1.037641429901123047e+01
-8.198127746582031250e+00 1.159477472305297852e+00 -6.070230484008789062e+00
-7.960856914520263672e+00 1.591451644897460938e+00 -7.152166843414306641e+00
-8.282540321350097656e+00 1.876311182975769043e+00 -8.738482475280761719e+00
-7.901309967041015625e+00 2.543689250946044922e+00 -9.733158111572265625e+00
-6.297846317291259766e+00 2.699371576309204102e+00 -7.678211688995361328e+00
-6.214455604553222656e+00 3.004536628723144531e+00 -8.162718772888183594e+00
-8.634366035461425781e+00 2.193713188171386719e+00 -1.429299926757812500e+01
-8.036584854125976562e+00 2.224432706832885742e+00 -1.473239803314208984e+01
-7.637497901916503906e+00 3.433968067169189453e+00 -1.351433563232421875e+01
-6.656929969787597656e+00 4.257005691528320312e+00 -1.313937377929687500e+01
-6.100366592407226562e+00 1.891336202621459961e+00 -1.547738361358642578e+01
-5.845662593841552734e+00 2.180236816406250000e+00 -1.532697391510009766e+01
-5.172236442565917969e+00 3.962912797927856445e+00 -1.412264347076416016e+01
-4.616964817047119141e+00 3.957762002944946289e+00 -1.425028610229492188e+01
-5.868850708007812500e+00 3.764741659164428711e+00 -1.412570858001708984e+01
-8.274952888488769531e+00 3.276479244232177734e+00 -1.224905395507812500e+01
-6.244991779327392578e+00 4.408377170562744141e+00 -1.238253211975097656e+01
-5.557549476623535156e+00 4.374205112457275391e+00 -1.074534988403320312e+01
-3.390628099441528320e+00 4.231442928314208984e+00 -1.349033069610595703e+01
-3.172427177429199219e+00 4.293543815612792969e+00 -1.287262058258056641e+01
-5.221874237060546875e+00 4.429289340972900391e+00 -1.222089481353759766e+01
-4.470886707305908203e+00 4.631503105163574219e+00 -1.232786273956298828e+01
-3.218301773071289062e+00 4.683662891387939453e+00 -1.144519329071044922e+01
-4.959730625152587891e+00 4.779682636260986328e+00 -1.084984207153320312e+01
-3.797581195831298828e+00 4.888725280761718750e+00 -1.117302989959716797e+01
-6.641995906829833984e+00 3.677198171615600586e+00 -1.050322723388671875e+01
-5.932750701904296875e+00 3.617571353912353516e+00 -9.036008834838867188e+00
3.056962728500366211e+00 -1.880366206169128418e-01 -1.030595874786376953e+01
-1.398655027151107788e-01 1.528399825096130371e+00 -1.288039970397949219e+01
-2.115473985671997070e+00 3.220503568649291992e+00 -1.359756660461425781e+01
9.951406121253967285e-01 8.023154139518737793e-01 -1.169257450103759766e+01
-1.055182218551635742e+00 2.884001255035400391e+00 -1.234134197235107422e+01
-2.715221405029296875e+00 3.844583511352539062e+00 -1.327289772033691406e+01
-1.651232123374938965e+00 3.645852327346801758e+00 -1.187786006927490234e+01
1.132637596130371094e+01 -6.474006652832031250e+00 -3.380147933959960938e+00
1.323672580718994141e+01 -6.514716625213623047e+00 -1.771330833435058594e+00
1.113238143920898438e+01 -6.403490066528320312e+00 -8.483709096908569336e-01
1.089074993133544922e+01 -6.404041290283203125e+00 -2.598273277282714844e+00
1.418002319335937500e+01 -6.897461414337158203e+00 -5.045762062072753906e+00
1.185690116882324219e+01 -6.548498153686523438e+00 -3.990282058715820312e+00
1.254090785980224609e+01 -6.541975021362304688e+00 -5.496540546417236328e+00
1.301597118377685547e+01 -6.805924892425537109e+00 -3.679951906204223633e+00
1.548250770568847656e+01 -6.868123054504394531e+00 -3.629272937774658203e+00
1.586278343200683594e+01 -5.834441661834716797e+00 -4.220567226409912109e+00
1.615339469909667969e+01 -6.248615264892578125e+00 -1.232084512710571289e+00
1.624737739562988281e+01 -5.481160640716552734e+00 -2.109722137451171875e+00
1.450673007965087891e+01 -6.280790328979492188e+00 -1.767177879810333252e-02
1.471665000915527344e+01 -6.705116748809814453e+00 -1.599206209182739258e+00
1.528846549987792969e+01 -5.957344055175781250e+00 8.987348079681396484e-01
1.472810745239257812e+01 -3.957769870758056641e+00 2.002482414245605469e+00
1.511824893951416016e+01 -4.000609397888183594e+00 8.662657737731933594e-01
1.432648372650146484e+01 -3.153075933456420898e+00 1.054893493652343750e+00
1.561857509613037109e+01 -4.808255672454833984e+00 -3.386347293853759766e+00
1.507370090484619141e+01 -3.948061227798461914e+00 -2.595587730407714844e+00
1.514884090423583984e+01 -3.781238079071044922e+00 -1.037816882133483887e+00
1.482966041564941406e+01 -3.538719654083251953e+00 -1.533264517784118652e+00
1.417246818542480469e+01 -2.814129829406738281e+00 -8.755628466606140137e-01
1.361822700500488281e+01 -6.727035045623779297e+00 -6.277014255523681641e+00
1.502704524993896484e+01 -5.918318748474121094e+00 -6.578416824340820312e+00
1.218932342529296875e+01 -6.438717365264892578e+00 -6.685485839843750000e+00
1.271309757232666016e+01 -5.905206203460693359e+00 -7.487591266632080078e+00
1.562795352935791016e+01 -5.750139236450195312e+00 -5.657222747802734375e+00
1.525614833831787109e+01 -5.063874244689941406e+00 -5.933541774749755859e+00
1.467421054840087891e+01 -4.459776878356933594e+00 -5.520926952362060547e+00
1.304174327850341797e+01 -5.503473758697509766e+00 -7.350667953491210938e+00
1.242349624633789062e+01 -4.958066940307617188e+00 -6.656293869018554688e+00
1.324469184875488281e+01 -4.494606018066406250e+00 -6.114655971527099609e+00
1.335634040832519531e+01 -3.427829027175903320e+00 -4.939000129699707031e+00
1.473977947235107422e+01 -3.752630710601806641e+00 -2.809732913970947266e+00
1.456448268890380859e+01 -3.818250894546508789e+00 -4.484737396240234375e+00
1.404900264739990234e+01 -3.008516073226928711e+00 -3.725914955139160156e+00
1.007743453979492188e+01 -5.950347900390625000e+00 -2.742706298828125000e+00
6.942948818206787109e+00 -4.718764781951904297e+00 -2.364396095275878906e+00
7.231138229370117188e+00 -4.802281379699707031e+00 -1.939817070960998535e+00
6.794666290283203125e+00 -4.661334991455078125e+00 -2.928415298461914062e+00
1.040762805938720703e+01 -6.227372646331787109e+00 -2.339419126510620117e+00
8.946771621704101562e+00 -5.490395069122314453e+00 -1.939384698867797852e+00
7.895914077758789062e+00 -5.070302009582519531e+00 -1.572992682456970215e+00
9.517367362976074219e+00 -5.480441093444824219e+00 -3.435562610626220703e+00
9.851072311401367188e+00 -5.502138614654541016e+00 -4.667785644531250000e+00
8.258939743041992188e+00 -4.938673973083496094e+00 -3.960757255554199219e+00
1.343111038208007812e+01 -2.150021553039550781e+00 -1.432414352893829346e-02
1.213450241088867188e+01 -8.020884990692138672e-01 -1.027888178825378418e+00
1.083353996276855469e+01 -5.924581050872802734e+00 -5.504934787750244141e+00
1.087794780731201172e+01 -5.400876045227050781e+00 -6.048761844635009766e+00
9.496424674987792969e+00 -5.038578987121582031e+00 -5.197086334228515625e+00
1.155523109436035156e+01 -4.692663669586181641e+00 -6.201596260070800781e+00
9.091859817504882812e+00 -4.307405471801757812e+00 -6.415712833404541016e+00
1.027978038787841797e+01 -3.528271675109863281e+00 -5.865618228912353516e+00
1.228407382965087891e+01 -3.698207139968872070e+00 -5.461456298828125000e+00
1.051597785949707031e+01 -3.194221973419189453e+00 -5.664220333099365234e+00
1.056423091888427734e+01 -2.266734600067138672e+00 -5.257880687713623047e+00
8.487261772155761719e+00 -3.679193019866943359e+00 -7.031834125518798828e+00
8.975986480712890625e+00 -3.073335409164428711e+00 -6.564424514770507812e+00
8.031960487365722656e+00 -2.022996425628662109e+00 -6.906705379486083984e+00
1.033821678161621094e+01 -1.588979363441467285e+00 -5.124657154083251953e+00
8.227597236633300781e+00 -1.692530035972595215e+00 -6.644032955169677734e+00
8.724075317382812500e+00 -4.667973816394805908e-01 -5.852370262145996094e+00
7.272077560424804688e+00 -1.554642617702484131e-01 -6.919429302215576172e+00
1.304873466491699219e+01 -2.199982404708862305e+00 -4.037161350250244141e+00
1.330002975463867188e+01 -1.678698778152465820e+00 -1.932496190071105957e+00
1.310086345672607422e+01 -1.356894373893737793e+00 -3.172524213790893555e+00
1.226684856414794922e+01 -5.227882266044616699e-01 -2.243330001831054688e+00
1.199825477600097656e+01 -1.503940522670745850e-01 -2.857486963272094727e+00
1.227364826202392578e+01 -1.944025635719299316e+00 -4.360151290893554688e+00
1.112800884246826172e+01 -1.224848270416259766e+00 -4.506806373596191406e+00
1.144154739379882812e+01 -5.624791383743286133e-01 -3.903965234756469727e+00
1.013309097290039062e+01 1.518440008163452148e+00 -1.744944930076599121e+00
9.277881622314453125e+00 2.359698295593261719e+00 -2.885293483734130859e+00
9.332826614379882812e+00 2.308626174926757812e+00 -3.362596988677978516e+00
8.574063301086425781e+00 2.928558349609375000e+00 -2.367463111877441406e+00
1.017729854583740234e+01 -8.956893682479858398e-01 -5.019728660583496094e+00
1.063118457794189453e+01 3.106682598590850830e-01 -4.143738746643066406e+00
8.354273796081542969e+00 1.384080648422241211e-01 -5.858734607696533203e+00
7.010671138763427734e+00 9.924899935722351074e-01 -6.430513858795166016e+00
1.384868812561035156e+01 -3.303124427795410156e+00 2.596550464630126953e+00
1.246014404296875000e+01 -2.284622669219970703e+00 2.908226013183593750e+00
1.128240108489990234e+01 -6.909604072570800781e-01 1.440476655960083008e+00
1.142654418945312500e+01 -5.559738874435424805e-01 2.905972003936767578e-01
9.965973854064941406e+00 -3.305264115333557129e-01 3.071893215179443359e+00
8.877968788146972656e+00 1.042087316513061523e+00 2.613394021987915039e+00
9.437370300292968750e+00 7.473698258399963379e-01 2.075987339019775391e+00
7.373928070068359375e+00 2.119487524032592773e+00 2.985033512115478516e+00
7.186363220214843750e+00 2.758399486541748047e+00 1.840988516807556152e+00
9.803436279296875000e+00 9.674026370048522949e-01 3.536123037338256836e-01
1.000793361663818359e+01 1.308246970176696777e+00 -1.000721454620361328e+00
8.018939018249511719e+00 2.696791172027587891e+00 4.348917603492736816e-01
3.348198413848876953e+00 4.268784523010253906e+00 -3.492145538330078125e-01
6.217526912689208984e+00 3.526541233062744141e+00 2.710040211677551270e-01
5.471976757049560547e+00 4.015905857086181641e+00 -2.227353334426879883e+00
3.666818380355834961e+00 4.377659797668457031e+00 -6.870058178901672363e-01
2.842317819595336914e+00 3.806992292404174805e+00 -2.457037448883056641e+00
2.956656455993652344e+00 3.502447366714477539e+00 -3.328927993774414062e+00
-9.873588085174560547e-01 3.791686058044433594e+00 -7.660316228866577148e-01
2.146394729614257812e+00 3.138563632965087891e+00 -4.386684417724609375e+00
8.782421238720417023e-03 4.157199859619140625e+00 -3.144008874893188477e+00
3.069770336151123047e-01 3.709230899810791016e+00 -4.699353694915771484e+00
2.376915931701660156e+00 3.797119140625000000e+00 -2.566459655761718750e+00
5.100497245788574219e+00 -8.711456656455993652e-01 -8.897979736328125000e+00
2.944468975067138672e+00 3.135455846786499023e-01 -9.612403869628906250e+00
5.062982559204101562e+00 5.143423080444335938e-01 -8.118450164794921875e+00
3.643664121627807617e+00 5.682326555252075195e-01 -8.972412109375000000e+00
2.524938106536865234e+00 5.060086250305175781e-01 -9.804923057556152344e+00
1.546684980392456055e+00 1.852262616157531738e+00 -9.915022850036621094e+00
3.306498825550079346e-01 3.151035547256469727e+00 -9.159337043762207031e+00
1.117977127432823181e-01 3.003914356231689453e+00 -1.046061325073242188e+01
5.655953884124755859e+00 2.808476924896240234e+00 -4.859330654144287109e+00
6.162221908569335938e+00 1.891985416412353516e+00 -6.091780185699462891e+00
4.701468944549560547e+00 2.694449901580810547e+00 -5.248363494873046875e+00
4.798755645751953125e+00 2.391252756118774414e+00 -5.962344169616699219e+00
6.606842994689941406e+00 3.732419490814208984e+00 -2.719245433807373047e+00
6.583587169647216797e+00 1.290919780731201172e+00 -6.430527210235595703e+00
5.713002681732177734e+00 1.676856637001037598e+00 -6.606616020202636719e+00
4.861248970031738281e+00 1.787403583526611328e+00 -7.039834022521972656e+00
2.736803054809570312e+00 2.849143266677856445e+00 -5.062727451324462891e+00
2.816893577575683594e+00 2.092995166778564453e+00 -7.361899852752685547e+00
2.028537034988403320e+00 2.330357074737548828e+00 -6.813265323638916016e+00
9.541540592908859253e-02 3.303596973419189453e+00 -6.272518634796142578e+00
2.718073725700378418e-01 2.961380004882812500e+00 -7.760218620300292969e+00
3.030008673667907715e-01 3.033378839492797852e+00 -8.139246940612792969e+00
-3.295917749404907227e+00 3.397724151611328125e+00 -2.585863113403320312e+00
-5.633974552154541016e+00 3.062931537628173828e+00 -7.732091426849365234e+00
-4.809057712554931641e+00 3.478631496429443359e+00 -7.636316299438476562e+00
-4.259219169616699219e+00 3.349338531494140625e+00 -6.674214363098144531e+00
-2.166548252105712891e+00 3.283915996551513672e+00 -2.325279414653778076e-01
-1.889033555984497070e+00 3.748457431793212891e+00 -1.355928421020507812e+00
-1.527791619300842285e+00 4.092674255371093750e+00 -2.470079183578491211e+00
-1.353766322135925293e+00 4.391788482666015625e+00 -3.694240808486938477e+00
-1.182971358299255371e+00 4.401370048522949219e+00 -4.988665580749511719e+00
-4.801044464111328125e+00 4.073927402496337891e+00 -8.506645202636718750e+00
-4.506995677947998047e+00 4.551854133605957031e+00 -9.026250839233398438e+00
-1.982480287551879883e+00 4.460779666900634766e+00 -7.512645721435546875e+00
-3.351740598678588867e+00 4.453400611877441406e+00 -8.333090782165527344e+00
-1.542151570320129395e+00 3.653279781341552734e+00 -1.120083618164062500e+01
-1.229340791702270508e+00 3.508544683456420898e+00 -1.106533718109130859e+01
-3.829905033111572266e+00 4.850193023681640625e+00 -1.070609855651855469e+01
-2.049189805984497070e+00 4.179365158081054688e+00 -9.852053642272949219e+00
-3.122703731060028076e-01 3.481508731842041016e+00 -9.968233108520507812e+00
-2.160242557525634766e+00 4.556642532348632812e+00 -6.122244358062744141e+00
5.283799171447753906e+00 3.134902238845825195e+00 2.309995412826538086e+00
6.058273792266845703e+00 3.158382177352905273e+00 1.779667854309082031e+00
1.966082692146301270e+00 7.075698971748352051e-01 -1.029090881347656250e+01
-5.175801515579223633e-01 2.797173500061035156e+00 -1.161802482604980469e+01
4.415269494056701660e-01 2.527441978454589844e+00 -1.077233791351318359e+01
