1.565087437629699707e+00 -4.939939975738525391e+00 -2.718072652816772461e+00
2.283412456512451172e+00 -4.795960426330566406e+00 -1.932754039764404297e+00
1.519725203514099121e+00 -4.800247669219970703e+00 -2.314622640609741211e+00
-5.068837165832519531e+00 -8.108744621276855469e+00 -7.822367668151855469e+00
-4.998836994171142578e+00 -8.062259674072265625e+00 -1.156785964965820312e+01
-4.184761524200439453e+00 -8.321263313293457031e+00 -9.419635772705078125e+00
-7.270942211151123047e+00 -7.468552589416503906e+00 -7.059062957763671875e+00
-7.775037288665771484e+00 -7.350810050964355469e+00 -7.967365741729736328e+00
-5.691835403442382812e+00 -8.129169464111328125e+00 -9.823608398437500000e+00
-6.220489978790283203e+00 -7.997686386108398438e+00 -9.061611175537109375e+00
-6.479993343353271484e+00 -7.345855236053466797e+00 -1.205433273315429688e+01
-8.410378456115722656e+00 -6.366884708404541016e+00 -1.057616806030273438e+01
-8.332925796508789062e+00 -6.190355300903320312e+00 -1.129461383819580078e+01
-9.642178535461425781e+00 -5.267066955566406250e+00 -8.363242149353027344e+00
-1.005057430267333984e+01 -4.326251983642578125e+00 -8.716969490051269531e+00
-9.585665702819824219e+00 -4.643269538879394531e+00 -1.086805725097656250e+01
-8.220108985900878906e+00 -6.690596103668212891e+00 -5.445760250091552734e+00
-9.067652702331542969e+00 -6.092326164245605469e+00 -4.930423259735107422e+00
-7.968191623687744141e+00 -5.745686531066894531e+00 -3.405040025711059570e+00
-8.496709823608398438e+00 -5.228966236114501953e+00 -2.226788997650146484e+00
-6.958374023437500000e+00 -5.440374374389648438e+00 -3.113077878952026367e+00
-2.593249797821044922e+00 -5.032868385314941406e+00 -1.550934314727783203e+00
-3.373875617980957031e+00 -4.884231090545654297e+00 -5.854662656784057617e-01
-1.440509319305419922e+00 -4.999573707580566406e+00 -2.420803159475326538e-01
-7.381063461303710938e+00 -3.215859651565551758e+00 2.310316324234008789e+00
-5.356276512145996094e+00 -3.517847776412963867e+00 1.278638720512390137e+00
-3.860021352767944336e+00 -5.068849086761474609e+00 -2.138380527496337891e+00
-7.304334640502929688e+00 -4.796308994293212891e+00 -1.627444267272949219e+00
-6.307560920715332031e+00 -5.166976451873779297e+00 -2.787500381469726562e+00
-3.739298105239868164e+00 -4.417733669281005859e+00 1.326932609081268311e-01
-4.768197059631347656e+00 -7.279139518737792969e+00 -5.295052051544189453e+00
-4.545566082000732422e+00 -6.498564243316650391e+00 -4.091682910919189453e+00
-2.280347108840942383e+00 -7.655911922454833984e+00 -6.417624950408935547e+00
-2.884713649749755859e+00 -7.168008327484130859e+00 -5.067784786224365234e+00
-2.214250326156616211e+00 -7.177719593048095703e+00 -5.300135612487792969e+00
-1.355446577072143555e+00 -6.803146362304687500e+00 -5.046084880828857422e+00
-2.779486179351806641e+00 -6.777512550354003906e+00 -4.440865039825439453e+00
-5.267754554748535156e+00 -6.850626468658447266e+00 -4.679255008697509766e+00
-6.153949260711669922e+00 -7.666862964630126953e+00 -6.742214679718017578e+00
-8.704586029052734375e+00 -6.650918960571289062e+00 -6.455084323883056641e+00
-1.415583133697509766e+00 -4.984477043151855469e+00 -1.839410901069641113e+00
-9.326049685478210449e-01 -5.046774864196777344e+00 -2.280459880828857422e+00
-2.240244150161743164e+00 -5.126360416412353516e+00 -2.025907039642333984e+00
-3.498292267322540283e-01 -5.095591068267822266e+00 -1.203621268272399902e+00
6.370865702629089355e-01 -4.632491588592529297e+00 -1.604252815246582031e+00
-8.131462335586547852e-01 -5.406120300292968750e+00 -3.023598909378051758e+00
-6.257894914597272873e-03 -5.503350734710693359e+00 -3.348359584808349609e+00
6.109033226966857910e-01 -4.773270606994628906e+00 -2.130298137664794922e+00
-9.515202522277832031e+00 -4.814463138580322266e+00 -2.045269250869750977e+00
-9.940151214599609375e+00 -4.891571044921875000e+00 -4.680107593536376953e+00
-9.351738929748535156e+00 -5.582050800323486328e+00 -3.831434965133666992e+00
-1.019534873962402344e+01 -3.760535001754760742e+00 -3.288367033004760742e+00
-1.031945514678955078e+01 -3.586722612380981445e+00 -4.715712547302246094e+00
-9.119988441467285156e+00 -4.089438915252685547e+00 3.083744645118713379e-01
-9.780637741088867188e+00 -4.175378799438476562e+00 -1.409049630165100098e+00
-9.819567680358886719e+00 -3.233049631118774414e+00 -2.811357080936431885e-01
-9.598649024963378906e+00 -2.929140567779541016e+00 8.999444246292114258e-01
-9.114072799682617188e+00 -2.725502014160156250e+00 2.165006875991821289e+00
-9.278498649597167969e+00 -1.631865859031677246e+00 1.268215298652648926e+00
-1.017220878601074219e+01 -2.695898056030273438e+00 -2.524286746978759766e+00
-1.009692287445068359e+01 -1.609704136848449707e+00 -2.652981281280517578e+00
-9.463890075683593750e+00 -1.294860959053039551e+00 -8.890771865844726562e-01
-7.936612606048583984e+00 -4.190720021724700928e-01 -6.470626592636108398e-01
-1.006339836120605469e+01 -4.635956287384033203e+00 -5.545183658599853516e+00
-1.034796524047851562e+01 -3.652992010116577148e+00 -5.424853324890136719e+00
-1.053359699249267578e+01 -2.259108781814575195e+00 -5.301507472991943359e+00
-1.059182071685791016e+01 -2.100632429122924805e+00 -5.872084617614746094e+00
-1.008388328552246094e+01 -6.594024300575256348e-01 -5.354175567626953125e+00
-1.059128952026367188e+01 -2.845764875411987305e+00 -7.961989879608154297e+00
-1.071179580688476562e+01 -1.949827790260314941e+00 -8.888541221618652344e+00
-1.060204887390136719e+01 -8.154819607734680176e-01 -8.518465995788574219e+00
-9.952595710754394531e+00 -3.342502415180206299e-01 -6.707067012786865234e+00
-8.383579254150390625e+00 -2.019361108541488647e-01 -2.253870725631713867e+00
-6.926447868347167969e+00 1.700427651405334473e+00 -3.687369585037231445e+00
-9.017301559448242188e+00 3.816347122192382812e-01 -6.203535556793212891e+00
-7.576260566711425781e+00 1.435284495353698730e+00 -4.989032268524169922e+00
1.328660392761230469e+01 -6.733207225799560547e+00 4.618119239807128906e+00
1.358623504638671875e+01 -6.500337123870849609e+00 7.241809368133544922e-01
1.308918571472167969e+01 -6.350099086761474609e+00 1.442713856697082520e+00
1.500293731689453125e+01 -6.544263839721679688e+00 1.822555422782897949e+00
1.486666393280029297e+01 -6.053594112396240234e+00 2.988081932067871094e+00
1.202521133422851562e+01 -6.146871089935302734e+00 2.761099576950073242e+00
4.414836406707763672e+00 -1.446004033088684082e+00 4.875627517700195312e+00
5.275901794433593750e+00 -1.347075939178466797e+00 5.937959671020507812e+00
6.666296005249023438e+00 -4.894914150238037109e+00 -1.701306104660034180e+00
8.930098533630371094e+00 -6.322131156921386719e+00 -1.288178682327270508e+00
8.140117645263671875e+00 -6.236110687255859375e+00 -1.130849480628967285e+00
7.463030815124511719e+00 -6.299684524536132812e+00 -5.399768948554992676e-01
2.557739257812500000e+00 -5.437907695770263672e+00 3.918891847133636475e-01
4.303708553314208984e+00 -4.728825092315673828e+00 -1.514091610908508301e+00
5.177922248840332031e+00 -5.132227420806884766e+00 -1.194906473159790039e+00
2.313117027282714844e+00 -4.307304859161376953e+00 -1.273860216140747070e+00
4.123331546783447266e+00 -4.756800651550292969e+00 -1.293731451034545898e+00
5.112916469573974609e+00 -5.599480628967285156e+00 1.922401934862136841e-01
5.814412117004394531e+00 -6.020015239715576172e+00 -6.443055868148803711e-01
3.100915193557739258e+00 -5.515273094177246094e+00 -6.037709712982177734e-01
9.502557754516601562e+00 -5.316704750061035156e+00 3.004702091217041016e+00
1.003905296325683594e+01 -5.220180034637451172e+00 4.708405494689941406e+00
1.000168037414550781e+01 -5.159207344055175781e+00 4.153580188751220703e+00
8.752846717834472656e+00 -4.338578224182128906e+00 5.114692211151123047e+00
8.959201812744140625e+00 -5.035950183868408203e+00 3.065858602523803711e+00
9.042650222778320312e+00 -5.959368228912353516e+00 1.368311047554016113e+00
8.693523406982421875e+00 -6.125765323638916016e+00 8.868961334228515625e-01
5.541425228118896484e+00 -1.465860843658447266e+00 3.982442140579223633e+00
6.178838253021240234e+00 -3.732997179031372070e+00 2.344542026519775391e+00
5.599330425262451172e+00 -3.996689081192016602e+00 1.837986350059509277e+00
4.520800113677978516e+00 -1.942137002944946289e+00 3.030065298080444336e+00
4.619765758514404297e+00 -1.589632153511047363e+00 3.690704584121704102e+00
6.944297313690185547e+00 -2.554683923721313477e+00 4.219478607177734375e+00
6.720252037048339844e+00 -2.252215147018432617e+00 5.390961647033691406e+00
6.553168296813964844e+00 -5.496562957763671875e+00 8.976087570190429688e-01
1.219050121307373047e+01 -5.289837837219238281e+00 5.692584514617919922e+00
1.380394172668457031e+01 -5.716725826263427734e+00 4.332102775573730469e+00
1.265267467498779297e+01 -4.367303371429443359e+00 4.598412036895751953e+00
1.349574184417724609e+01 -4.211454391479492188e+00 3.010053157806396484e+00
7.932734012603759766e+00 -3.289357662200927734e+00 6.452467441558837891e+00
7.455668449401855469e+00 -2.895990133285522461e+00 6.423739433288574219e+00
4.259204387664794922e+00 -8.756310939788818359e-01 6.703220844268798828e+00
9.802021980285644531e+00 -4.602408409118652344e+00 6.116196632385253906e+00
1.063731193542480469e+01 -3.384305000305175781e+00 6.010426998138427734e+00
1.086862754821777344e+01 -3.128801107406616211e+00 5.127624511718750000e+00
8.770507812500000000e+00 -2.036334991455078125e+00 6.088752269744873047e+00
9.067395210266113281e+00 -1.751785159111022949e+00 5.160568237304687500e+00
1.114389610290527344e+01 -2.913280487060546875e+00 4.214480400085449219e+00
1.147717857360839844e+01 -2.546438217163085938e+00 3.308097362518310547e+00
6.632483005523681641e+00 -1.984741449356079102e+00 6.179811477661132812e+00
7.790421962738037109e+00 -1.489059686660766602e+00 6.033840656280517578e+00
7.037980079650878906e+00 -5.533100366592407227e-01 5.458179473876953125e+00
6.281489849090576172e+00 -7.870257496833801270e-01 5.774244308471679688e+00
5.689990043640136719e+00 4.105904698371887207e-01 5.309966564178466797e+00
8.124389648437500000e+00 -1.930878758430480957e-01 4.288499832153320312e+00
5.769661903381347656e+00 1.696773767471313477e+00 4.010847568511962891e+00
6.153953552246093750e+00 1.828361511230468750e+00 3.554572582244873047e+00
-2.137505054473876953e+00 -2.817019939422607422e+00 3.775872468948364258e+00
-1.525501012802124023e+00 -3.813133478164672852e+00 1.661468267440795898e+00
-1.477422833442687988e+00 -4.658666610717773438e+00 3.865196406841278076e-01
-1.623219847679138184e+00 -2.881998777389526367e+00 3.494089365005493164e+00
-2.533727884292602539e-01 -2.677721261978149414e+00 2.367134809494018555e+00
-5.073369026184082031e+00 -3.483524560928344727e+00 1.470533967018127441e+00
-4.361457347869873047e+00 -3.325839042663574219e+00 2.205372333526611328e+00
-5.807806491851806641e+00 -2.607950687408447266e+00 3.394549369812011719e+00
-5.281209945678710938e+00 -3.030161619186401367e+00 2.539729595184326172e+00
-4.098401069641113281e+00 -2.841680049896240234e+00 3.383511304855346680e+00
-2.767881870269775391e+00 -1.642207860946655273e+00 4.879139900207519531e+00
-5.655505657196044922e+00 -1.278792500495910645e+00 4.708428382873535156e+00
-5.350712776184082031e+00 -7.489814758300781250e-01 4.908474445343017578e+00
2.513093233108520508e+00 -1.803227186203002930e+00 3.625585794448852539e+00
1.359875798225402832e+00 -9.554246068000793457e-01 4.111108303070068359e+00
-7.213865220546722412e-02 -1.215470314025878906e+00 3.648218154907226562e+00
1.088201761245727539e+00 -3.880152106285095215e-01 4.653276920318603516e+00
2.494619607925415039e+00 -1.241671562194824219e+00 5.233764648437500000e+00
3.513307809829711914e+00 -8.799469470977783203e-01 6.563096046447753906e+00
1.124925971031188965e+00 6.901689767837524414e-01 5.385584831237792969e+00
-3.228221178054809570e+00 -1.404178738594055176e+00 5.007882595062255859e+00
-4.243621349334716797e+00 2.866483628749847412e-01 5.006857395172119141e+00
-2.749409437179565430e+00 5.504999756813049316e-01 5.131760120391845703e+00
-1.165572166442871094e+00 1.601303100585937500e+00 4.404663562774658203e+00
-3.885387420654296875e+00 1.000578165054321289e+00 4.042421340942382812e+00
-3.822822809219360352e+00 1.409414052963256836e+00 2.886168479919433594e+00
-1.787661164999008179e-01 -5.109707832336425781e+00 -8.661119639873504639e-02
2.971331477165222168e-01 -4.971331119537353516e+00 -1.239483952522277832e-01
8.158698678016662598e-01 -4.984953880310058594e+00 1.952007040381431580e-02
1.640225410461425781e+00 -3.826702594757080078e+00 1.396991729736328125e+00
1.482580065727233887e+00 -5.021171092987060547e+00 5.630171298980712891e-01
1.632620811462402344e+00 -3.783409118652343750e+00 -1.369751811027526855e+00
1.874311089515686035e+00 -2.661657333374023438e+00 2.328280448913574219e+00
2.338761806488037109e+00 1.300779342651367188e+00 5.521277427673339844e+00
2.908414840698242188e+00 2.293219804763793945e+00 4.174934387207031250e+00
2.615854978561401367e+00 2.913929462432861328e+00 3.006262540817260742e+00
-8.606848120689392090e-01 2.470865011215209961e+00 2.617722034454345703e+00
-6.568192243576049805e-01 1.923548817634582520e+00 4.177845001220703125e+00
5.789653062820434570e-01 2.518808126449584961e+00 3.241765022277832031e+00
-1.729156970977783203e+00 3.172881841659545898e+00 1.087571233510971069e-01
-7.588097095489501953e+00 -2.466803789138793945e+00 3.554606914520263672e+00
-7.330759525299072266e+00 -1.431627035140991211e+00 4.218202590942382812e+00
-7.960283279418945312e+00 -8.196332454681396484e-01 2.906786441802978516e+00
-6.813271045684814453e+00 -1.170262217521667480e+00 4.462463378906250000e+00
-7.016798496246337891e+00 -3.753670752048492432e-01 3.060564279556274414e+00
-6.419248580932617188e+00 1.848277151584625244e-01 1.419698476791381836e+00
-6.219393253326416016e+00 1.340771019458770752e-01 2.390103101730346680e+00
-6.924196243286132812e+00 2.266877740621566772e-01 -8.151246309280395508e-01
-3.744271278381347656e+00 1.644836068153381348e+00 1.844574809074401855e+00
-5.361923694610595703e+00 2.013407230377197266e+00 -1.993456959724426270e+00
-3.646041154861450195e+00 3.033461809158325195e+00 -1.669867873191833496e+00
3.434764623641967773e+00 3.767341375350952148e-01 6.355211257934570312e+00
3.038854598999023438e+00 1.492160201072692871e+00 5.275127410888671875e+00
3.873549222946166992e+00 1.768936634063720703e+00 4.650615692138671875e+00
4.560989379882812500e+00 2.394312620162963867e+00 3.654892921447753906e+00
3.904077291488647461e+00 3.052253007888793945e+00 2.936506509780883789e+00
7.778853893280029297e+00 -4.956223964691162109e+00 -3.990227937698364258e+00
2.381668567657470703e+00 -5.082934856414794922e+00 -3.057488918304443359e+00
5.506417274475097656e+00 -4.766819953918457031e+00 -2.540346622467041016e+00
6.335523128509521484e+00 -4.724913597106933594e+00 -2.992755651473999023e+00
3.039581298828125000e+00 -5.025433540344238281e+00 -2.941478729248046875e+00
2.092722654342651367e+00 -5.935705661773681641e+00 -5.254501819610595703e+00
2.628999471664428711e+00 -5.812455177307128906e+00 -6.256800651550292969e+00
3.894329071044921875e+00 -5.147064208984375000e+00 -5.603417396545410156e+00
5.934439659118652344e+00 -4.841933250427246094e+00 -3.746220111846923828e+00
7.172735691070556641e+00 -5.001787185668945312e+00 -4.091718196868896484e+00
2.444480657577514648e+00 -5.624637603759765625e+00 -8.461295127868652344e+00
8.333127021789550781e+00 -5.016597270965576172e+00 -6.037067890167236328e+00
3.302397727966308594e+00 -5.335894584655761719e+00 -7.119956970214843750e+00
3.715382099151611328e+00 -4.727718353271484375e+00 -7.902995109558105469e+00
6.296731948852539062e+00 -5.092333316802978516e+00 -5.391738414764404297e+00
7.415989398956298828e+00 -4.954030036926269531e+00 -6.348611831665039062e+00
5.884711265563964844e+00 -4.193547725677490234e+00 -7.262901782989501953e+00
7.541259288787841797e+00 -4.048917293548583984e+00 -7.381639003753662109e+00
5.593399047851562500e+00 -3.873797416687011719e+00 -7.635653495788574219e+00
5.162188529968261719e+00 -2.844373464584350586e+00 -8.646764755249023438e+00
5.233768939971923828e+00 -2.084098339080810547e+00 -8.896351814270019531e+00
-3.348845243453979492e+00 -7.971282958984375000e+00 -1.205606555938720703e+01
-3.130908966064453125e+00 -8.215480804443359375e+00 -1.051690101623535156e+01
-3.960683107376098633e+00 -7.544628143310546875e+00 -1.315937137603759766e+01
-1.581301569938659668e+00 -6.563935756683349609e+00 -1.324255847930908203e+01
-3.556111097335815430e+00 -6.335516929626464844e+00 -1.446059322357177734e+01
-3.374082326889038086e+00 -5.282697677612304688e+00 -1.519354534149169922e+01
-6.630638122558593750e+00 -6.538456916809082031e+00 -1.317152976989746094e+01
-7.071717262268066406e+00 -6.215376377105712891e+00 -1.318959903717041016e+01
-7.757407665252685547e+00 -5.235731124877929688e+00 -1.367678642272949219e+01
-5.719045639038085938e+00 -7.133263587951660156e+00 -1.307825279235839844e+01
-8.473675727844238281e+00 -5.367341518402099609e+00 -1.256568145751953125e+01
-7.363411903381347656e+00 -4.568994045257568359e+00 -1.457585906982421875e+01
-4.150125980377197266e+00 -5.537544727325439453e+00 -1.503028964996337891e+01
-5.994888305664062500e+00 -4.385227680206298828e+00 -1.525955295562744141e+01
-2.710693120956420898e+00 -5.389102935791015625e+00 -1.501470756530761719e+01
-2.176267385482788086e+00 -4.297146320343017578e+00 -1.537064647674560547e+01
-3.721608877182006836e+00 -3.718427419662475586e+00 -1.575425624847412109e+01
-2.788882732391357422e+00 -3.189637660980224609e+00 -1.571735572814941406e+01
-4.988551139831542969e+00 -2.652392148971557617e+00 -1.594254779815673828e+01
-3.919553995132446289e+00 -1.507544159889221191e+00 -1.593771266937255859e+01
-9.299772262573242188e+00 -4.443920135498046875e+00 -1.222218608856201172e+01
-8.934576988220214844e+00 -4.004768848419189453e+00 -1.344748401641845703e+01
-9.910444259643554688e+00 -2.866933584213256836e+00 -1.234881114959716797e+01
-1.040043735504150391e+01 -1.442606806755065918e+00 -1.152232265472412109e+01
-8.548649787902832031e+00 -3.354243755340576172e+00 -1.436321544647216797e+01
-7.690908432006835938e+00 -2.971120357513427734e+00 -1.520118904113769531e+01
-9.820771217346191406e+00 -9.296421408653259277e-01 -1.328647327423095703e+01
-9.373948097229003906e+00 -3.358284831047058105e-01 -1.420901679992675781e+01
-8.486597061157226562e+00 -9.569819569587707520e-01 -1.507823276519775391e+01
-7.134288311004638672e+00 1.548683941364288330e-01 -1.577348423004150391e+01
-7.626264572143554688e+00 8.068654537200927734e-01 -1.554075717926025391e+01
-1.521396398544311523e+00 -7.557797431945800781e+00 -6.889739036560058594e+00
-4.205982983112335205e-01 -7.158163547515869141e+00 -8.632835388183593750e+00
7.480780035257339478e-02 -6.571788311004638672e+00 -5.592238426208496094e+00
6.201540231704711914e-01 -6.688427448272705078e+00 -6.758810043334960938e+00
-2.395997494459152222e-01 -6.931625843048095703e+00 -9.611464500427246094e+00
-5.075555667281150818e-02 -5.895659923553466797e+00 -1.240228176116943359e+01
1.354220867156982422e+00 -6.392677307128906250e+00 -6.421978473663330078e+00
2.022173166275024414e+00 -5.954731464385986328e+00 -8.193375587463378906e+00
-7.601058483123779297e-01 -5.088166236877441406e+00 -1.430429458618164062e+01
1.024327754974365234e+00 -4.963787555694580078e+00 -1.243844795227050781e+01
-1.229619860649108887e+00 -3.741082668304443359e+00 -1.520365047454833984e+01
-1.919237673282623291e-01 -3.008285284042358398e+00 -1.486003875732421875e+01
1.960228800773620605e+00 -5.054321289062500000e+00 -1.069903278350830078e+01
-1.087278008460998535e+00 -2.407011747360229492e+00 -1.528252124786376953e+01
-1.306619405746459961e+00 -1.699019312858581543e+00 -1.534182929992675781e+01
2.142018079757690430e+00 -3.537368059158325195e+00 -1.149363422393798828e+01
8.845720887184143066e-01 -1.870843529701232910e+00 -1.348727226257324219e+01
7.974093556404113770e-01 -1.145296573638916016e+00 -1.333498573303222656e+01
-2.605053901672363281e+00 -1.782045722007751465e+00 -1.570061874389648438e+01
-2.674377918243408203e+00 -8.125556111335754395e-01 -1.564385700225830078e+01
-5.082991123199462891e+00 4.498455822467803955e-01 -1.589103889465332031e+01
-2.884682178497314453e+00 1.004330396652221680e+00 -1.537058734893798828e+01
-2.163119316101074219e+00 1.172306895256042480e+00 -1.512650871276855469e+01
-4.966802000999450684e-01 1.147340178489685059e+00 -1.389178752899169922e+01
-2.881057977676391602e+00 2.076754093170166016e+00 -1.503804779052734375e+01
-2.464972496032714844e+00 2.784720182418823242e+00 -1.464897632598876953e+01
2.704954147338867188e+00 -3.969856500625610352e+00 -1.033966445922851562e+01
3.522651910781860352e+00 -2.613885402679443359e+00 -1.011460781097412109e+01
3.014114618301391602e+00 -1.851053714752197266e+00 -1.085471630096435547e+01
9.655089974403381348e-01 -2.838682234287261963e-01 -1.281496715545654297e+01
1.484265089035034180e+00 3.055881243199110031e-03 -1.211200428009033203e+01
2.350288629531860352e+00 -2.224741280078887939e-01 -1.122866249084472656e+01
1.082997202873229980e+00 4.135258197784423828e-01 -1.233826637268066406e+01
-1.051179409027099609e+01 -9.709651470184326172e-01 -1.099547672271728516e+01
-9.965986251831054688e+00 6.772803068161010742e-01 -1.292563438415527344e+01
-1.030168247222900391e+01 -2.335191518068313599e-02 -1.048949337005615234e+01
-1.007124900817871094e+01 -1.276220083236694336e-01 -9.026842117309570312e+00
-9.723916053771972656e+00 5.333803296089172363e-01 -1.003146076202392578e+01
-9.961815834045410156e+00 9.134848713874816895e-01 -1.155598640441894531e+01
-9.430754661560058594e+00 2.020887136459350586e+00 -1.278908920288085938e+01
-8.818553924560546875e+00 1.385946393013000488e+00 -9.346092224121093750e+00
-8.412713050842285156e+00 2.384206771850585938e+00 -1.038113784790039062e+01
-8.198309898376464844e+00 1.151854395866394043e+00 -6.071229457855224609e+00
-7.960340023040771484e+00 1.586368203163146973e+00 -7.153831958770751953e+00
-8.281421661376953125e+00 1.870676398277282715e+00 -8.741454124450683594e+00
-7.896818161010742188e+00 2.534892559051513672e+00 -9.737401962280273438e+00
-6.296232223510742188e+00 2.690210342407226562e+00 -7.681424617767333984e+00
-6.211592197418212891e+00 2.997101783752441406e+00 -8.166391372680664062e+00
-8.633764266967773438e+00 2.190996170043945312e+00 -1.429716777801513672e+01
-8.035801887512207031e+00 2.219730377197265625e+00 -1.473721599578857422e+01
-7.633055686950683594e+00 3.427093505859375000e+00 -1.351954555511474609e+01
-6.652804374694824219e+00 4.251092910766601562e+00 -1.314330768585205078e+01
-6.097855091094970703e+00 1.887977957725524902e+00 -1.548061084747314453e+01
-5.842364788055419922e+00 2.177074193954467773e+00 -1.533063507080078125e+01
-5.168350219726562500e+00 3.959144115447998047e+00 -1.412564182281494141e+01
-4.614502429962158203e+00 3.954256772994995117e+00 -1.425309658050537109e+01
-5.863656997680664062e+00 3.761266231536865234e+00 -1.413079452514648438e+01
-8.269302368164062500e+00 3.267604351043701172e+00 -1.225423145294189453e+01
-6.240437507629394531e+00 4.400204181671142578e+00 -1.238660812377929688e+01
-5.553468704223632812e+00 4.367990970611572266e+00 -1.074949645996093750e+01
-3.387825250625610352e+00 4.227921009063720703e+00 -1.349292659759521484e+01
-3.169256925582885742e+00 4.288926124572753906e+00 -1.287419128417968750e+01
-5.217796325683593750e+00 4.422917842864990234e+00 -1.222462177276611328e+01
-4.467383384704589844e+00 4.627062320709228516e+00 -1.233066082000732422e+01
-3.215386867523193359e+00 4.678989887237548828e+00 -1.144669342041015625e+01
-4.956970691680908203e+00 4.774554252624511719e+00 -1.085296440124511719e+01
-3.794658899307250977e+00 4.883837223052978516e+00 -1.117537689208984375e+01
-6.636580944061279297e+00 3.667810916900634766e+00 -1.050805950164794922e+01
-5.928746700286865234e+00 3.610842943191528320e+00 -9.040119171142578125e+00
3.058880090713500977e+00 -1.964966505765914917e-01 -1.030289936065673828e+01
-1.370889693498611450e-01 1.524150490760803223e+00 -1.287994098663330078e+01
-2.111745595932006836e+00 3.216660499572753906e+00 -1.359841537475585938e+01
9.970579743385314941e-01 7.955560684204101562e-01 -1.169104576110839844e+01
-1.052054643630981445e+00 2.879031419754028320e+00 -1.234061050415039062e+01
-2.711976528167724609e+00 3.840314388275146484e+00 -1.327416419982910156e+01
-1.648178577423095703e+00 3.641268491744995117e+00 -1.187858390808105469e+01
1.145448493957519531e+01 -6.602539539337158203e+00 -3.418114900588989258e+00
1.335120487213134766e+01 -6.867998600006103516e+00 -1.777285814285278320e+00
1.118762493133544922e+01 -6.494190692901611328e+00 -8.642601370811462402e-01
1.099855709075927734e+01 -6.533857822418212891e+00 -2.635254621505737305e+00
1.437432384490966797e+01 -7.044838905334472656e+00 -5.075335502624511719e+00
1.200722122192382812e+01 -6.667092800140380859e+00 -4.022701740264892578e+00
1.271963119506835938e+01 -6.645153522491455078e+00 -5.519696235656738281e+00
1.316838073730468750e+01 -6.975963115692138672e+00 -3.718006372451782227e+00
1.565209102630615234e+01 -7.140666961669921875e+00 -3.654567241668701172e+00
1.609562683105468750e+01 -6.062995910644531250e+00 -4.231573104858398438e+00
1.628309249877929688e+01 -6.653283119201660156e+00 -1.235187053680419922e+00
1.641464042663574219e+01 -5.842592239379882812e+00 -2.102005004882812500e+00
1.461651992797851562e+01 -6.784583568572998047e+00 -1.952028274536132812e-02
1.484434890747070312e+01 -7.089418411254882812e+00 -1.612194299697875977e+00
1.543932151794433594e+01 -6.550366878509521484e+00 8.825758695602416992e-01
1.485741329193115234e+01 -4.671832084655761719e+00 1.957244992256164551e+00
1.519259929656982422e+01 -4.565941810607910156e+00 8.386127352714538574e-01
1.438985824584960938e+01 -3.727566719055175781e+00 9.869307279586791992e-01
1.584772682189941406e+01 -5.028393268585205078e+00 -3.398297548294067383e+00
1.528069686889648438e+01 -4.183995246887207031e+00 -2.613492965698242188e+00
1.525783443450927734e+01 -4.159360885620117188e+00 -1.054563879966735840e+00
1.502087688446044922e+01 -3.782083988189697266e+00 -1.549396634101867676e+00
1.438163280487060547e+01 -3.048862218856811523e+00 -9.002327919006347656e-01
1.383145332336425781e+01 -6.809278011322021484e+00 -6.288710117340087891e+00
1.527667140960693359e+01 -6.018564701080322266e+00 -6.587708473205566406e+00
1.238963031768798828e+01 -6.504431247711181641e+00 -6.700946807861328125e+00
1.293356037139892578e+01 -5.967422485351562500e+00 -7.484910964965820312e+00
1.595640563964843750e+01 -5.940175533294677734e+00 -5.689054012298583984e+00
1.565423393249511719e+01 -5.162022113800048828e+00 -5.980354785919189453e+00
1.508275604248046875e+01 -4.493276119232177734e+00 -5.578641891479492188e+00
1.327864646911621094e+01 -5.577780246734619141e+00 -7.341485977172851562e+00
1.265451812744140625e+01 -5.016990661621093750e+00 -6.648013591766357422e+00
1.352488040924072266e+01 -4.538114070892333984e+00 -6.130365371704101562e+00
1.366211700439453125e+01 -3.450835227966308594e+00 -4.971128940582275391e+00
1.505173397064208984e+01 -3.841037273406982422e+00 -2.850667953491210938e+00
1.497794723510742188e+01 -3.828346729278564453e+00 -4.536045074462890625e+00
1.443150234222412109e+01 -2.984761714935302734e+00 -3.774560689926147461e+00
1.018244647979736328e+01 -6.070165157318115234e+00 -2.786096572875976562e+00
7.008558273315429688e+00 -4.809226989746093750e+00 -2.400320768356323242e+00
7.295692443847656250e+00 -4.888401031494140625e+00 -1.979049205780029297e+00
6.859850406646728516e+00 -4.739911079406738281e+00 -2.958336114883422852e+00
1.050362777709960938e+01 -6.353830337524414062e+00 -2.381761074066162109e+00
9.030649185180664062e+00 -5.592777252197265625e+00 -1.984729290008544922e+00
7.969174385070800781e+00 -5.156615734100341797e+00 -1.618623971939086914e+00
9.615637779235839844e+00 -5.592655181884765625e+00 -3.475100994110107422e+00
9.973567008972167969e+00 -5.605345726013183594e+00 -4.705182552337646484e+00
8.348842620849609375e+00 -5.043621540069580078e+00 -3.993765592575073242e+00
1.362286853790283203e+01 -2.366022348403930664e+00 -2.795317023992538452e-02
1.223909664154052734e+01 -9.789509177207946777e-01 -1.043140530586242676e+00
1.098484992980957031e+01 -6.019135951995849609e+00 -5.539360046386718750e+00
1.105099678039550781e+01 -5.469687938690185547e+00 -6.070266723632812500e+00
9.616480827331542969e+00 -5.118497848510742188e+00 -5.235487461090087891e+00
1.174582195281982422e+01 -4.746649265289306641e+00 -6.206112861633300781e+00
9.202177047729492188e+00 -4.350337028503417969e+00 -6.441831111907958984e+00
1.042801666259765625e+01 -3.576489686965942383e+00 -5.892691612243652344e+00
1.250775718688964844e+01 -3.736301422119140625e+00 -5.481041431427001953e+00
1.067887592315673828e+01 -3.234318971633911133e+00 -5.688570499420166016e+00
1.070454502105712891e+01 -2.303917646408081055e+00 -5.269792556762695312e+00
8.554929733276367188e+00 -3.699839115142822266e+00 -7.044123649597167969e+00
9.072855949401855469e+00 -3.106342315673828125e+00 -6.583580017089843750e+00
8.062958717346191406e+00 -2.043389797210693359e+00 -6.906011581420898438e+00
1.043518447875976562e+01 -1.633793950080871582e+00 -5.123424053192138672e+00
8.270362854003906250e+00 -1.722197771072387695e+00 -6.642431259155273438e+00
8.765418052673339844e+00 -5.006107687950134277e-01 -5.844179630279541016e+00
7.289388656616210938e+00 -1.731930524110794067e-01 -6.916145801544189453e+00
1.332818508148193359e+01 -2.198798418045043945e+00 -4.074488162994384766e+00
1.351336288452148438e+01 -1.801782131195068359e+00 -1.937059879302978516e+00
1.326454353332519531e+01 -1.397473573684692383e+00 -3.152132987976074219e+00
1.244104194641113281e+01 -5.346732139587402344e-01 -2.221912384033203125e+00
1.208561897277832031e+01 -1.892244517803192139e-01 -2.827168464660644531e+00
1.245410346984863281e+01 -1.970357656478881836e+00 -4.370108127593994141e+00
1.125005245208740234e+01 -1.271988034248352051e+00 -4.493194103240966797e+00
1.153676223754882812e+01 -6.164335012435913086e-01 -3.869709014892578125e+00
1.017927074432373047e+01 1.487602233886718750e+00 -1.727738499641418457e+00
9.301252365112304688e+00 2.325085163116455078e+00 -2.871616601943969727e+00
9.336941719055175781e+00 2.267763376235961914e+00 -3.345091104507446289e+00
8.576074600219726562e+00 2.884648799896240234e+00 -2.362970590591430664e+00
1.023287200927734375e+01 -9.408557415008544922e-01 -5.003146648406982422e+00
1.067169761657714844e+01 2.655771374702453613e-01 -4.119894981384277344e+00
8.377906799316406250e+00 1.172901839017868042e-01 -5.854891777038574219e+00
7.023571014404296875e+00 9.754668474197387695e-01 -6.426076412200927734e+00
1.390732002258300781e+01 -4.079556465148925781e+00 2.477787733078002930e+00
1.249348545074462891e+01 -2.975065946578979492e+00 2.750379085540771484e+00
1.126426696777343750e+01 -1.162705421447753906e+00 1.322061181068420410e+00
1.144246673583984375e+01 -8.559347987174987793e-01 2.289783954620361328e-01
9.947435379028320312e+00 -8.650842308998107910e-01 2.914128780364990234e+00
8.832287788391113281e+00 5.755696296691894531e-01 2.455127954483032227e+00
9.392462730407714844e+00 3.058084845542907715e-01 1.951752185821533203e+00
7.297898292541503906e+00 1.608381986618041992e+00 2.798560857772827148e+00
7.161197185516357422e+00 2.434428215026855469e+00 1.757175683975219727e+00
9.800376892089843750e+00 6.918205022811889648e-01 2.907941937446594238e-01
1.005542469024658203e+01 1.158085703849792480e+00 -1.013956069946289062e+00
8.004748344421386719e+00 2.475486993789672852e+00 3.826197087764739990e-01
3.352705478668212891e+00 4.274734973907470703e+00 -3.445389270782470703e-01
6.228168964385986328e+00 3.466172933578491211e+00 2.597705423831939697e-01
5.481167316436767578e+00 4.025446891784667969e+00 -2.225326538085937500e+00
3.674816846847534180e+00 4.388623714447021484e+00 -6.827229261398315430e-01
2.848006486892700195e+00 3.817258119583129883e+00 -2.455517053604125977e+00
2.959503889083862305e+00 3.500548124313354492e+00 -3.326928853988647461e+00
-9.867916107177734375e-01 3.791921854019165039e+00 -7.657017707824707031e-01
2.147313833236694336e+00 3.132454633712768555e+00 -4.384393692016601562e+00
1.040124520659446716e-02 4.157458305358886719e+00 -3.143268108367919922e+00
3.075609207153320312e-01 3.704990625381469727e+00 -4.698264598846435547e+00
2.379740238189697266e+00 3.802911281585693359e+00 -2.565713405609130859e+00
5.103194236755371094e+00 -8.798027634620666504e-01 -8.892789840698242188e+00
2.944856643676757812e+00 3.008492588996887207e-01 -9.608575820922851562e+00
5.067735195159912109e+00 4.969425499439239502e-01 -8.112511634826660156e+00
3.645232677459716797e+00 5.539651513099670410e-01 -8.968770980834960938e+00
2.524634361267089844e+00 4.943005144596099854e-01 -9.801226615905761719e+00
1.548024773597717285e+00 1.843626260757446289e+00 -9.912829399108886719e+00
3.315737545490264893e-01 3.143539190292358398e+00 -9.158357620239257812e+00
1.130511090159416199e-01 2.997099161148071289e+00 -1.045860099792480469e+01
5.657493591308593750e+00 2.797959089279174805e+00 -4.857056617736816406e+00
6.165528774261474609e+00 1.876000285148620605e+00 -6.088247299194335938e+00
4.701534748077392578e+00 2.678731203079223633e+00 -5.243675708770751953e+00
4.798517227172851562e+00 2.371093273162841797e+00 -5.955371856689453125e+00
6.609153747558593750e+00 3.721415758132934570e+00 -2.715645790100097656e+00
6.591016769409179688e+00 1.274310469627380371e+00 -6.426208972930908203e+00
5.717004776000976562e+00 1.656023859977722168e+00 -6.600415706634521484e+00
4.862868309020996094e+00 1.764872193336486816e+00 -7.032204627990722656e+00
2.737686634063720703e+00 2.836386919021606445e+00 -5.058269500732421875e+00
2.818403482437133789e+00 2.077504634857177734e+00 -7.358071804046630859e+00
2.027962446212768555e+00 2.320011138916015625e+00 -6.810422420501708984e+00
9.535959362983703613e-02 3.297610282897949219e+00 -6.271564483642578125e+00
2.718865871429443359e-01 2.954366922378540039e+00 -7.759032726287841797e+00
3.038190305233001709e-01 3.026520013809204102e+00 -8.138256072998046875e+00
-3.295889854431152344e+00 3.398590803146362305e+00 -2.585836410522460938e+00
-5.631797313690185547e+00 3.059119224548339844e+00 -7.734498977661132812e+00
-4.807432174682617188e+00 3.479745626449584961e+00 -7.637829303741455078e+00
-4.258129119873046875e+00 3.350663185119628906e+00 -6.674917221069335938e+00
-2.165143489837646484e+00 3.282493591308593750e+00 -2.322606891393661499e-01
-1.887852072715759277e+00 3.747933864593505859e+00 -1.356172084808349609e+00
-1.526777029037475586e+00 4.090783596038818359e+00 -2.470502376556396484e+00
-1.352895975112915039e+00 4.388181209564208984e+00 -3.694601535797119141e+00
-1.181935191154479980e+00 4.396626949310302734e+00 -4.987815856933593750e+00
-4.799000263214111328e+00 4.071990489959716797e+00 -8.509426116943359375e+00
-4.504424571990966797e+00 4.548271656036376953e+00 -9.029342651367187500e+00
-1.980288743972778320e+00 4.460337638854980469e+00 -7.512748718261718750e+00
-3.349376678466796875e+00 4.454810619354248047e+00 -8.334185600280761719e+00
-1.539474368095397949e+00 3.648780822753906250e+00 -1.120107364654541016e+01
-1.226914286613464355e+00 3.503716945648193359e+00 -1.106498146057128906e+01
-3.827294111251831055e+00 4.846435546875000000e+00 -1.070839405059814453e+01
-2.046710014343261719e+00 4.176810741424560547e+00 -9.852686882019042969e+00
-3.106499016284942627e-01 3.476108551025390625e+00 -9.967578887939453125e+00
-2.158778429031372070e+00 4.557360649108886719e+00 -6.121502876281738281e+00
5.307984352111816406e+00 3.047108650207519531e+00 2.308995008468627930e+00
6.059335231781005859e+00 2.968301534652709961e+00 1.731772780418395996e+00
1.965979933738708496e+00 6.980224251747131348e-01 -1.028767108917236328e+01
-5.153013467788696289e-01 2.791362524032592773e+00 -1.161690998077392578e+01
4.424562752246856689e-01 2.519555091857910156e+00 -1.076984405517578125e+01
