1.561294794082641602e+00 -4.931342601776123047e+00 -2.713738441467285156e+00
2.278323650360107422e+00 -4.775296211242675781e+00 -1.923846721649169922e+00
1.514941930770874023e+00 -4.785912990570068359e+00 -2.308315038681030273e+00
-5.068965435028076172e+00 -8.108202934265136719e+00 -7.822417259216308594e+00
-4.999611377716064453e+00 -8.060880661010742188e+00 -1.156823921203613281e+01
-4.185286045074462891e+00 -8.320529937744140625e+00 -9.419785499572753906e+00
-7.270696163177490234e+00 -7.468279838562011719e+00 -7.059099197387695312e+00
-7.775058269500732422e+00 -7.350546836853027344e+00 -7.967409133911132812e+00
-5.692446231842041016e+00 -8.128249168395996094e+00 -9.824064254760742188e+00
-6.220756053924560547e+00 -7.997164726257324219e+00 -9.061851501464843750e+00
-6.480658054351806641e+00 -7.344029426574707031e+00 -1.205489921569824219e+01
-8.410860061645507812e+00 -6.365633964538574219e+00 -1.057610511779785156e+01
-8.332769393920898438e+00 -6.187638759613037109e+00 -1.129415130615234375e+01
-9.642228126525878906e+00 -5.266032218933105469e+00 -8.363112449645996094e+00
-1.005060958862304688e+01 -4.324308395385742188e+00 -8.715978622436523438e+00
-9.587034225463867188e+00 -4.640849590301513672e+00 -1.086754131317138672e+01
-8.220120429992675781e+00 -6.690182209014892578e+00 -5.445668697357177734e+00
-9.067586898803710938e+00 -6.091091632843017578e+00 -4.930453777313232422e+00
-7.968219280242919922e+00 -5.744935512542724609e+00 -3.404907703399658203e+00
-8.497093200683593750e+00 -5.227822303771972656e+00 -2.226674318313598633e+00
-6.958303451538085938e+00 -5.440231323242187500e+00 -3.112536191940307617e+00
-2.593133687973022461e+00 -5.030456066131591797e+00 -1.547628879547119141e+00
-3.373479604721069336e+00 -4.881073951721191406e+00 -5.827684402465820312e-01
-1.439957857131958008e+00 -4.992370605468750000e+00 -2.367421686649322510e-01
-7.379221439361572266e+00 -3.211474418640136719e+00 2.311173677444458008e+00
-5.355444908142089844e+00 -3.511947393417358398e+00 1.278480172157287598e+00
-3.860084295272827148e+00 -5.067843437194824219e+00 -2.136500835418701172e+00
-7.304499149322509766e+00 -4.796186923980712891e+00 -1.626892924308776855e+00
-6.307562351226806641e+00 -5.166915893554687500e+00 -2.786527156829833984e+00
-3.738517284393310547e+00 -4.413566589355468750e+00 1.344591379165649414e-01
-4.768012046813964844e+00 -7.278672218322753906e+00 -5.294757366180419922e+00
-4.545374393463134766e+00 -6.497932910919189453e+00 -4.090758800506591797e+00
-2.280102252960205078e+00 -7.655550956726074219e+00 -6.416850090026855469e+00
-2.884420156478881836e+00 -7.167386054992675781e+00 -5.066935539245605469e+00
-2.214053153991699219e+00 -7.177150249481201172e+00 -5.298833847045898438e+00
-1.355675935745239258e+00 -6.801384449005126953e+00 -5.043869972229003906e+00
-2.779354333877563477e+00 -6.776586532592773438e+00 -4.439549922943115234e+00
-5.267519950866699219e+00 -6.850492954254150391e+00 -4.678801536560058594e+00
-6.153832912445068359e+00 -7.666526794433593750e+00 -6.742110729217529297e+00
-8.704769134521484375e+00 -6.650602340698242188e+00 -6.455068111419677734e+00
-1.416562080383300781e+00 -4.980652809143066406e+00 -1.835288405418395996e+00
-9.342633485794067383e-01 -5.041782855987548828e+00 -2.276192188262939453e+00
-2.240905046463012695e+00 -5.124352455139160156e+00 -2.022863864898681641e+00
-3.501453995704650879e-01 -5.085412979125976562e+00 -1.196135044097900391e+00
6.327974200248718262e-01 -4.617074012756347656e+00 -1.596749424934387207e+00
-8.139626979827880859e-01 -5.403375625610351562e+00 -3.020433425903320312e+00
-7.330320775508880615e-03 -5.499515056610107422e+00 -3.345000505447387695e+00
6.077601909637451172e-01 -4.764130115509033203e+00 -2.124754905700683594e+00
-9.515769958496093750e+00 -4.812870502471923828e+00 -2.044882535934448242e+00
-9.939937591552734375e+00 -4.889841556549072266e+00 -4.679934501647949219e+00
-9.351794242858886719e+00 -5.580473899841308594e+00 -3.831374883651733398e+00
-1.019531917572021484e+01 -3.758598804473876953e+00 -3.288202762603759766e+00
-1.031880760192871094e+01 -3.584646940231323242e+00 -4.715918064117431641e+00
-9.120037078857421875e+00 -4.087093353271484375e+00 3.091348707675933838e-01
-9.781250000000000000e+00 -4.173563957214355469e+00 -1.408569812774658203e+00
-9.820369720458984375e+00 -3.230976104736328125e+00 -2.800839245319366455e-01
-9.598827362060546875e+00 -2.926151752471923828e+00 9.020867943763732910e-01
-9.112659454345703125e+00 -2.721149444580078125e+00 2.167002439498901367e+00
-9.278747558593750000e+00 -1.629072070121765137e+00 1.269245505332946777e+00
-1.017285919189453125e+01 -2.693963766098022461e+00 -2.523892879486083984e+00
-1.009741020202636719e+01 -1.608028411865234375e+00 -2.652389049530029297e+00
-9.464541435241699219e+00 -1.292655944824218750e+00 -8.881750106811523438e-01
-7.936687469482421875e+00 -4.179576635360717773e-01 -6.469267010688781738e-01
-1.006353569030761719e+01 -4.634607315063476562e+00 -5.545121192932128906e+00
-1.034753322601318359e+01 -3.650871753692626953e+00 -5.424987316131591797e+00
-1.053339958190917969e+01 -2.255779981613159180e+00 -5.301762580871582031e+00
-1.059106922149658203e+01 -2.096562862396240234e+00 -5.871881484985351562e+00
-1.008398532867431641e+01 -6.546510457992553711e-01 -5.353143215179443359e+00
-1.058925342559814453e+01 -2.842666149139404297e+00 -7.961793899536132812e+00
-1.071102905273437500e+01 -1.945955634117126465e+00 -8.887239456176757812e+00
-1.060162925720214844e+01 -8.091387152671813965e-01 -8.516874313354492188e+00
-9.952418327331542969e+00 -3.272916376590728760e-01 -6.705485343933105469e+00
-8.382713317871093750e+00 -2.019146829843521118e-01 -2.253845930099487305e+00
-6.926193714141845703e+00 1.701931238174438477e+00 -3.686605215072631836e+00
-9.018462181091308594e+00 3.915374279022216797e-01 -6.202246189117431641e+00
-7.576244831085205078e+00 1.441965699195861816e+00 -4.987875461578369141e+00
1.309044075012207031e+01 -5.833855152130126953e+00 4.811168193817138672e+00
1.352721500396728516e+01 -6.267968654632568359e+00 8.452211618423461914e-01
1.301213264465332031e+01 -6.055957317352294922e+00 1.543922424316406250e+00
1.485005760192871094e+01 -6.101042747497558594e+00 2.068452596664428711e+00
1.464650821685791016e+01 -5.377805233001708984e+00 3.288862228393554688e+00
1.191622161865234375e+01 -5.776913166046142578e+00 2.852007389068603516e+00
4.420329093933105469e+00 -1.095850229263305664e+00 4.973935127258300781e+00
5.295064926147460938e+00 -6.979627013206481934e-01 6.119116306304931641e+00
6.651562213897705078e+00 -4.815920352935791016e+00 -1.667033076286315918e+00
8.913348197937011719e+00 -6.230971336364746094e+00 -1.232954859733581543e+00
8.130764007568359375e+00 -6.137306213378906250e+00 -1.081254124641418457e+00
7.455646514892578125e+00 -6.218598365783691406e+00 -4.958444833755493164e-01
2.554218053817749023e+00 -5.419413566589355469e+00 4.061094820499420166e-01
4.295047283172607422e+00 -4.695621490478515625e+00 -1.498517751693725586e+00
5.167977809906005859e+00 -5.081215381622314453e+00 -1.170057773590087891e+00
2.306690216064453125e+00 -4.281917095184326172e+00 -1.262239813804626465e+00
4.114967346191406250e+00 -4.725440025329589844e+00 -1.278849720954895020e+00
5.110256195068359375e+00 -5.558323383331298828e+00 2.186660319566726685e-01
5.811587810516357422e+00 -5.953343868255615234e+00 -6.090202927589416504e-01
3.097990274429321289e+00 -5.486855030059814453e+00 -5.881996750831604004e-01
9.432093620300292969e+00 -5.176511287689208984e+00 3.146779298782348633e+00
9.943191528320312500e+00 -4.849735736846923828e+00 5.088429450988769531e+00
9.907328605651855469e+00 -4.923964500427246094e+00 4.395398616790771484e+00
8.651557922363281250e+00 -4.067049980163574219e+00 5.478013992309570312e+00
8.911058425903320312e+00 -4.954467773437500000e+00 3.206928968429565430e+00
9.016130447387695312e+00 -5.892907619476318359e+00 1.456125497817993164e+00
8.681371688842773438e+00 -6.063788890838623047e+00 9.504095315933227539e-01
5.528631687164306641e+00 -1.253972291946411133e+00 4.084532737731933594e+00
6.169416904449462891e+00 -3.657288074493408203e+00 2.415417671203613281e+00
5.594079494476318359e+00 -3.945324659347534180e+00 1.881890416145324707e+00
4.522636413574218750e+00 -1.868526220321655273e+00 3.094163417816162109e+00
4.622621059417724609e+00 -1.450073361396789551e+00 3.755462169647216797e+00
6.898412704467773438e+00 -2.404782056808471680e+00 4.361735343933105469e+00
6.690479278564453125e+00 -1.844070672988891602e+00 5.591520786285400391e+00
6.544538021087646484e+00 -5.431621074676513672e+00 9.431449174880981445e-01
1.192680931091308594e+01 -4.615115165710449219e+00 6.344999790191650391e+00
1.358445739746093750e+01 -4.788553237915039062e+00 4.735108852386474609e+00
1.246370601654052734e+01 -3.579119443893432617e+00 5.118955135345458984e+00
1.336530876159667969e+01 -3.496011734008789062e+00 3.374124765396118164e+00
7.777556419372558594e+00 -2.856242656707763672e+00 6.816811084747314453e+00
7.374403953552246094e+00 -2.338637590408325195e+00 6.737221717834472656e+00
4.267008781433105469e+00 -3.335115909576416016e-01 6.897393703460693359e+00
9.561231613159179688e+00 -4.373809814453125000e+00 6.885570049285888672e+00
1.032443046569824219e+01 -2.905183076858520508e+00 6.805976390838623047e+00
1.072795200347900391e+01 -2.460561513900756836e+00 5.767191886901855469e+00
8.645565986633300781e+00 -1.456139683723449707e+00 6.538259983062744141e+00
9.039119720458984375e+00 -1.119207024574279785e+00 5.565654277801513672e+00
1.108296298980712891e+01 -2.215960025787353516e+00 4.704680442810058594e+00
1.143299674987792969e+01 -1.935053586959838867e+00 3.656595230102539062e+00
6.641070842742919922e+00 -1.292410731315612793e+00 6.436637401580810547e+00
7.780675411224365234e+00 -7.957647442817687988e-01 6.377008438110351562e+00
7.077624797821044922e+00 1.203963905572891235e-01 5.734952449798583984e+00
6.316838264465332031e+00 -5.707304179668426514e-02 6.082281112670898438e+00
5.688857555389404297e+00 9.545762538909912109e-01 5.511646270751953125e+00
8.145914077758789062e+00 3.693276047706604004e-01 4.532580852508544922e+00
5.753727912902832031e+00 2.098673820495605469e+00 4.139254570007324219e+00
6.144913673400878906e+00 2.182780981063842773e+00 3.682526588439941406e+00
-2.133122205734252930e+00 -2.795614242553710938e+00 3.777869224548339844e+00
-1.522160768508911133e+00 -3.798460006713867188e+00 1.667870402336120605e+00
-1.476407289505004883e+00 -4.648164272308349609e+00 3.921068012714385986e-01
-1.616155147552490234e+00 -2.860538721084594727e+00 3.502881765365600586e+00
-2.435093820095062256e-01 -2.656772851943969727e+00 2.383202791213989258e+00
-5.071679115295410156e+00 -3.477014303207397461e+00 1.470729112625122070e+00
-4.359274387359619141e+00 -3.314655303955078125e+00 2.205453634262084961e+00
-5.805695533752441406e+00 -2.596794843673706055e+00 3.393891334533691406e+00
-5.279037952423095703e+00 -3.017368078231811523e+00 2.537804841995239258e+00
-4.095284461975097656e+00 -2.825803518295288086e+00 3.383556127548217773e+00
-2.759310960769653320e+00 -1.617350459098815918e+00 4.879855155944824219e+00
-5.654240131378173828e+00 -1.267838835716247559e+00 4.708275794982910156e+00
-5.350454330444335938e+00 -7.365710735321044922e-01 4.909570693969726562e+00
2.537513017654418945e+00 -1.698763012886047363e+00 3.688576936721801758e+00
1.371644616127014160e+00 -8.799971938133239746e-01 4.155796527862548828e+00
-5.967628955841064453e-02 -1.185210227966308594e+00 3.669369220733642578e+00
1.087498188018798828e+00 -3.050889372825622559e-01 4.691970825195312500e+00
2.518673181533813477e+00 -1.019098043441772461e+00 5.320347309112548828e+00
3.528294086456298828e+00 -5.175737142562866211e-01 6.680777549743652344e+00
1.111075162887573242e+00 7.877418994903564453e-01 5.414535522460937500e+00
-3.225430965423583984e+00 -1.387475728988647461e+00 5.008803844451904297e+00
-4.244960784912109375e+00 3.013672232627868652e-01 5.010368347167968750e+00
-2.750595092773437500e+00 5.675030946731567383e-01 5.136365413665771484e+00
-1.171465396881103516e+00 1.619037508964538574e+00 4.407435417175292969e+00
-3.889447450637817383e+00 1.023189902305603027e+00 4.051309585571289062e+00
-3.824333667755126953e+00 1.424162745475769043e+00 2.891498804092407227e+00
-1.776130497455596924e-01 -5.099287986755371094e+00 -7.922883331775665283e-02
2.982704639434814453e-01 -4.956516742706298828e+00 -1.137595921754837036e-01
8.162002563476562500e-01 -4.962994575500488281e+00 3.503058478236198425e-02
1.647125720977783203e+00 -3.797801256179809570e+00 1.424864411354064941e+00
1.482768058776855469e+00 -4.996865272521972656e+00 5.838133096694946289e-01
1.624535441398620605e+00 -3.762411832809448242e+00 -1.362578511238098145e+00
1.888983249664306641e+00 -2.619133234024047852e+00 2.366294145584106445e+00
2.293296575546264648e+00 1.524848818778991699e+00 5.563573837280273438e+00
2.874221086502075195e+00 2.491390705108642578e+00 4.218124866485595703e+00
2.601885080337524414e+00 2.972015857696533203e+00 3.009563684463500977e+00
-8.652833700180053711e-01 2.484610795974731445e+00 2.618851184844970703e+00
-6.668258309364318848e-01 1.957595348358154297e+00 4.180690765380859375e+00
5.684716105461120605e-01 2.558341979980468750e+00 3.244217634201049805e+00
-1.730708479881286621e+00 3.177517175674438477e+00 1.089358255267143250e-01
-7.586033821105957031e+00 -2.458834886550903320e+00 3.554621934890747070e+00
-7.328970432281494141e+00 -1.423650264739990234e+00 4.216984272003173828e+00
-7.961449146270751953e+00 -8.121321797370910645e-01 2.907268047332763672e+00
-6.812002658843994141e+00 -1.160046100616455078e+00 4.462227344512939453e+00
-7.017341613769531250e+00 -3.647870421409606934e-01 3.060476541519165039e+00
-6.420636653900146484e+00 1.898363530635833740e-01 1.421044588088989258e+00
-6.219205379486083984e+00 1.390228867530822754e-01 2.391620635986328125e+00
-6.924011230468750000e+00 2.287091761827468872e-01 -8.151133656501770020e-01
-3.744518280029296875e+00 1.649716019630432129e+00 1.847543835639953613e+00
-5.361458301544189453e+00 2.014943838119506836e+00 -1.993386507034301758e+00
-3.646534919738769531e+00 3.035261392593383789e+00 -1.669292688369750977e+00
3.391405344009399414e+00 7.453927397727966309e-01 6.462493896484375000e+00
2.986596107482910156e+00 1.793810844421386719e+00 5.352587699890136719e+00
3.835402488708496094e+00 2.135453462600708008e+00 4.762576580047607422e+00
4.533250808715820312e+00 2.675260305404663086e+00 3.733609914779663086e+00
3.876883745193481445e+00 3.183010578155517578e+00 2.954341411590576172e+00
7.763326168060302734e+00 -4.895138263702392578e+00 -3.955051183700561523e+00
2.377629041671752930e+00 -5.071461677551269531e+00 -3.053102731704711914e+00
5.495134353637695312e+00 -4.728979587554931641e+00 -2.522793531417846680e+00
6.321200847625732422e+00 -4.681343078613281250e+00 -2.969646930694580078e+00
3.033913850784301758e+00 -5.007826805114746094e+00 -2.934635162353515625e+00
2.091494798660278320e+00 -5.929870605468750000e+00 -5.250970840454101562e+00
2.628415346145629883e+00 -5.807835102081298828e+00 -6.253015995025634766e+00
3.892435073852539062e+00 -5.141193389892578125e+00 -5.597528934478759766e+00
5.924640655517578125e+00 -4.814451217651367188e+00 -3.729791402816772461e+00
7.161235332489013672e+00 -4.956835269927978516e+00 -4.064627170562744141e+00
2.444509029388427734e+00 -5.620399951934814453e+00 -8.458244323730468750e+00
8.328206062316894531e+00 -4.973671913146972656e+00 -6.001048088073730469e+00
3.302615880966186523e+00 -5.331031322479248047e+00 -7.116001129150390625e+00
3.715723991394042969e+00 -4.722090721130371094e+00 -7.899238586425781250e+00
6.293355941772460938e+00 -5.071307182312011719e+00 -5.374927043914794922e+00
7.414532184600830078e+00 -4.927750587463378906e+00 -6.326483249664306641e+00
5.882831096649169922e+00 -4.176009654998779297e+00 -7.249453544616699219e+00
7.541981697082519531e+00 -4.028612613677978516e+00 -7.365602016448974609e+00
5.592144966125488281e+00 -3.862135648727416992e+00 -7.627570629119873047e+00
5.160827159881591797e+00 -2.837172269821166992e+00 -8.642988204956054688e+00
5.233312129974365234e+00 -2.075717926025390625e+00 -8.894766807556152344e+00
-3.349665641784667969e+00 -7.970016479492187500e+00 -1.205624294281005859e+01
-3.131459712982177734e+00 -8.214645385742187500e+00 -1.051691722869873047e+01
-3.961638689041137695e+00 -7.542812347412109375e+00 -1.315950298309326172e+01
-1.582218408584594727e+00 -6.562217235565185547e+00 -1.324188518524169922e+01
-3.557109117507934570e+00 -6.333072662353515625e+00 -1.445998287200927734e+01
-3.375270605087280273e+00 -5.278384685516357422e+00 -1.519156265258789062e+01
-6.631108283996582031e+00 -6.535063266754150391e+00 -1.317159366607666016e+01
-7.071636199951171875e+00 -6.210343360900878906e+00 -1.318920326232910156e+01
-7.756620883941650391e+00 -5.230002880096435547e+00 -1.367587089538574219e+01
-5.720036029815673828e+00 -7.131387233734130859e+00 -1.307857894897460938e+01
-8.472673416137695312e+00 -5.363497734069824219e+00 -1.256429767608642578e+01
-7.362898349761962891e+00 -4.562100410461425781e+00 -1.457438182830810547e+01
-4.151091098785400391e+00 -5.533073902130126953e+00 -1.502902126312255859e+01
-5.995047092437744141e+00 -4.380235195159912109e+00 -1.525813102722167969e+01
-2.712246417999267578e+00 -5.385861396789550781e+00 -1.501258277893066406e+01
-2.176917314529418945e+00 -4.293986320495605469e+00 -1.536900138854980469e+01
-3.721688985824584961e+00 -3.713274955749511719e+00 -1.575267791748046875e+01
-2.789665937423706055e+00 -3.184930801391601562e+00 -1.571550846099853516e+01
-4.988647937774658203e+00 -2.647418498992919922e+00 -1.594079208374023438e+01
-3.920419216156005859e+00 -1.502745151519775391e+00 -1.593578243255615234e+01
-9.300038337707519531e+00 -4.440072059631347656e+00 -1.222165966033935547e+01
-8.933507919311523438e+00 -3.999272108078002930e+00 -1.344531917572021484e+01
-9.910515785217285156e+00 -2.860433101654052734e+00 -1.234680652618408203e+01
-1.040019130706787109e+01 -1.436447024345397949e+00 -1.151921367645263672e+01
-8.548434257507324219e+00 -3.346038818359375000e+00 -1.436093521118164062e+01
-7.691424369812011719e+00 -2.964536905288696289e+00 -1.519868755340576172e+01
-9.820510864257812500e+00 -9.199005365371704102e-01 -1.328341484069824219e+01
-9.373041152954101562e+00 -3.214272856712341309e-01 -1.420455074310302734e+01
-8.486875534057617188e+00 -9.475921392440795898e-01 -1.507504272460937500e+01
-7.134685039520263672e+00 1.640769094228744507e-01 -1.577098846435546875e+01
-7.626116275787353516e+00 8.204174637794494629e-01 -1.553751659393310547e+01
-1.521426320075988770e+00 -7.556164264678955078e+00 -6.888439178466796875e+00
-4.207103848457336426e-01 -7.156817436218261719e+00 -8.631832122802734375e+00
7.456266134977340698e-02 -6.569004535675048828e+00 -5.590024948120117188e+00
6.200859546661376953e-01 -6.685726165771484375e+00 -6.757386207580566406e+00
-2.398055642843246460e-01 -6.930772781372070312e+00 -9.610743522644042969e+00
-5.091413483023643494e-02 -5.894998550415039062e+00 -1.240190505981445312e+01
1.353955745697021484e+00 -6.388917446136474609e+00 -6.419585227966308594e+00
2.022396326065063477e+00 -5.951751708984375000e+00 -8.191241264343261719e+00
-7.608377337455749512e-01 -5.086459159851074219e+00 -1.430331707000732422e+01
1.024334907531738281e+00 -4.962642192840576172e+00 -1.243767929077148438e+01
-1.230463266372680664e+00 -3.739064455032348633e+00 -1.520226860046386719e+01
-1.925243437290191650e-01 -3.007044076919555664e+00 -1.485914707183837891e+01
1.960428953170776367e+00 -5.052916526794433594e+00 -1.069760322570800781e+01
-1.087690591812133789e+00 -2.404548645019531250e+00 -1.528141975402832031e+01
-1.306929707527160645e+00 -1.696423053741455078e+00 -1.534095287322998047e+01
2.142194271087646484e+00 -3.535627841949462891e+00 -1.149268627166748047e+01
8.848080039024353027e-01 -1.869756937026977539e+00 -1.348697662353515625e+01
7.973509430885314941e-01 -1.143405318260192871e+00 -1.333428096771240234e+01
-2.605769395828247070e+00 -1.776892542839050293e+00 -1.569964885711669922e+01
-2.675744056701660156e+00 -8.077132105827331543e-01 -1.564177227020263672e+01
-5.084117412567138672e+00 4.573328197002410889e-01 -1.588956832885742188e+01
-2.885784149169921875e+00 1.010414838790893555e+00 -1.536802959442138672e+01
-2.163985013961791992e+00 1.176668524742126465e+00 -1.512416744232177734e+01
-4.970880150794982910e-01 1.151896834373474121e+00 -1.389006805419921875e+01
-2.881412029266357422e+00 2.082524299621582031e+00 -1.503515052795410156e+01
-2.464498043060302734e+00 2.791597843170166016e+00 -1.464658832550048828e+01
2.705034494400024414e+00 -3.966386556625366211e+00 -1.033791732788085938e+01
3.521732091903686523e+00 -2.606960773468017578e+00 -1.011205673217773438e+01
3.013991594314575195e+00 -1.844693064689636230e+00 -1.085319042205810547e+01
9.654458761215209961e-01 -2.787043750286102295e-01 -1.281354808807373047e+01
1.485052824020385742e+00 1.084141340106725693e-02 -1.211108875274658203e+01
2.351462125778198242e+00 -2.129134982824325562e-01 -1.122771835327148438e+01
1.083207249641418457e+00 4.213167428970336914e-01 -1.233644485473632812e+01
-1.051121139526367188e+01 -9.628609418869018555e-01 -1.099337100982666016e+01
-9.965795516967773438e+00 6.928694248199462891e-01 -1.292164707183837891e+01
-1.030186557769775391e+01 -1.123403385281562805e-02 -1.048716926574707031e+01
-1.007199764251708984e+01 -1.173215433955192566e-01 -9.024827003479003906e+00
-9.724702835083007812e+00 5.499153733253479004e-01 -1.002791881561279297e+01
-9.961885452270507812e+00 9.303249120712280273e-01 -1.155247497558593750e+01
-9.430998802185058594e+00 2.043504714965820312e+00 -1.278520011901855469e+01
-8.820015907287597656e+00 1.402576208114624023e+00 -9.343136787414550781e+00
-8.414871215820312500e+00 2.405992269515991211e+00 -1.037648391723632812e+01
-8.198791503906250000e+00 1.160732030868530273e+00 -6.070400238037109375e+00
-7.960643291473388672e+00 1.596863269805908203e+00 -7.152062892913818359e+00
-8.281477928161621094e+00 1.885301947593688965e+00 -8.738666534423828125e+00
-7.897371768951416016e+00 2.554616928100585938e+00 -9.733359336853027344e+00
-6.296350002288818359e+00 2.700843811035156250e+00 -7.679893970489501953e+00
-6.212311267852783203e+00 3.012355089187622070e+00 -8.162961006164550781e+00
-8.632991790771484375e+00 2.211224317550659180e+00 -1.429408740997314453e+01
-8.035243988037109375e+00 2.239672899246215820e+00 -1.473492240905761719e+01
-7.635660648345947266e+00 3.454952001571655273e+00 -1.351659393310546875e+01
-6.652443408966064453e+00 4.274495124816894531e+00 -1.314024639129638672e+01
-6.098730564117431641e+00 1.901298999786376953e+00 -1.547880077362060547e+01
-5.843155860900878906e+00 2.191604375839233398e+00 -1.532981681823730469e+01
-5.167343616485595703e+00 3.973072528839111328e+00 -1.412334728240966797e+01
-4.612350463867187500e+00 3.964590787887573242e+00 -1.424997901916503906e+01
-5.865046501159667969e+00 3.778937816619873047e+00 -1.412773609161376953e+01
-8.271018981933593750e+00 3.292666673660278320e+00 -1.224913883209228516e+01
-6.239655017852783203e+00 4.420352935791015625e+00 -1.238279724121093750e+01
-5.553350925445556641e+00 4.388106822967529297e+00 -1.074512863159179688e+01
-3.385621070861816406e+00 4.238567352294921875e+00 -1.349003028869628906e+01
-3.167975902557373047e+00 4.301213264465332031e+00 -1.287190246582031250e+01
-5.216884136199951172e+00 4.440913677215576172e+00 -1.222106933593750000e+01
-4.466146469116210938e+00 4.641625881195068359e+00 -1.232811355590820312e+01
-3.215007066726684570e+00 4.691764831542968750e+00 -1.144422721862792969e+01
-4.955952644348144531e+00 4.792313098907470703e+00 -1.084922504425048828e+01
-3.793772697448730469e+00 4.898314476013183594e+00 -1.117236518859863281e+01
-6.636621952056884766e+00 3.688832759857177734e+00 -1.050411796569824219e+01
-5.929697513580322266e+00 3.629003286361694336e+00 -9.035642623901367188e+00
3.062463998794555664e+00 -1.802357733249664307e-01 -1.030327129364013672e+01
-1.367246657609939575e-01 1.533568501472473145e+00 -1.287807750701904297e+01
-2.112543344497680664e+00 3.225247859954833984e+00 -1.359547996520996094e+01
9.986553788185119629e-01 8.086701035499572754e-01 -1.169004440307617188e+01
-1.052527308464050293e+00 2.889255762100219727e+00 -1.233873939514160156e+01
-2.711232900619506836e+00 3.850662231445312500e+00 -1.327158069610595703e+01
-1.648209810256958008e+00 3.652227401733398438e+00 -1.187600231170654297e+01
1.143531417846679688e+01 -6.505090236663818359e+00 -3.342108726501464844e+00
1.331624317169189453e+01 -6.720149040222167969e+00 -1.660375833511352539e+00
1.117202091217041016e+01 -6.431785583496093750e+00 -8.144083619117736816e-01
1.097794532775878906e+01 -6.436902046203613281e+00 -2.568737983703613281e+00
1.435418891906738281e+01 -6.961439609527587891e+00 -4.971632480621337891e+00
1.199003696441650391e+01 -6.577300071716308594e+00 -3.941297054290771484e+00
1.270296096801757812e+01 -6.563137054443359375e+00 -5.433890819549560547e+00
1.314715099334716797e+01 -6.880370616912841797e+00 -3.618136405944824219e+00
1.561852645874023438e+01 -7.053817272186279297e+00 -3.532376289367675781e+00
1.606648826599121094e+01 -5.989229679107666016e+00 -4.114983081817626953e+00
1.622987365722656250e+01 -6.539710998535156250e+00 -1.089164614677429199e+00
1.636218452453613281e+01 -5.746602058410644531e+00 -1.971632719039916992e+00
1.455795288085937500e+01 -6.610239982604980469e+00 1.294062435626983643e-01
1.480124568939208984e+01 -6.974545955657958984e+00 -1.481748700141906738e+00
1.534181594848632812e+01 -6.308915138244628906e+00 1.071566581726074219e+00
1.472149181365966797e+01 -4.253183841705322266e+00 2.148446798324584961e+00
1.508909702301025391e+01 -4.317578792572021484e+00 1.009935617446899414e+00
1.428476428985595703e+01 -3.452847957611083984e+00 1.162466168403625488e+00
1.580253124237060547e+01 -4.954859256744384766e+00 -3.278364419937133789e+00
1.521609783172607422e+01 -4.105948925018310547e+00 -2.493256568908691406e+00
1.518537330627441406e+01 -4.034627914428710938e+00 -9.190671443939208984e-01
1.494869804382324219e+01 -3.692299842834472656e+00 -1.427628159523010254e+00
1.430927562713623047e+01 -2.929497480392456055e+00 -7.977077364921569824e-01
1.381556224822998047e+01 -6.741776943206787109e+00 -6.196463108062744141e+00
1.525983715057373047e+01 -5.957196712493896484e+00 -6.491100311279296875e+00
1.237697124481201172e+01 -6.441817760467529297e+00 -6.623230934143066406e+00
1.292162036895751953e+01 -5.909994125366210938e+00 -7.404071807861328125e+00
1.594027900695800781e+01 -5.873414039611816406e+00 -5.578413963317871094e+00
1.562497615814208984e+01 -5.105346679687500000e+00 -5.872200012207031250e+00
1.504470825195312500e+01 -4.448990821838378906e+00 -5.471082687377929688e+00
1.326660060882568359e+01 -5.520650386810302734e+00 -7.258701324462890625e+00
1.263917636871337891e+01 -4.964056015014648438e+00 -6.574036598205566406e+00
1.350194549560546875e+01 -4.487978935241699219e+00 -6.046979904174804688e+00
1.362699604034423828e+01 -3.405791521072387695e+00 -4.887187004089355469e+00
1.498931980133056641e+01 -3.780586719512939453e+00 -2.740565299987792969e+00
1.492846679687500000e+01 -3.780066967010498047e+00 -4.431211948394775391e+00
1.437682151794433594e+01 -2.941778182983398438e+00 -3.681036949157714844e+00
1.016621685028076172e+01 -5.968326568603515625e+00 -2.724590539932250977e+00
6.992277145385742188e+00 -4.736254692077636719e+00 -2.365259408950805664e+00
7.281419754028320312e+00 -4.793900966644287109e+00 -1.936922669410705566e+00
6.844074249267578125e+00 -4.688621520996093750e+00 -2.928462505340576172e+00
1.048448276519775391e+01 -6.254691123962402344e+00 -2.320453166961669922e+00
9.017436981201171875e+00 -5.488629341125488281e+00 -1.927797675132751465e+00
7.956469535827636719e+00 -5.055874824523925781e+00 -1.568445920944213867e+00
9.602856636047363281e+00 -5.498845577239990234e+00 -3.417919635772705078e+00
9.959573745727539062e+00 -5.521323680877685547e+00 -4.642576694488525391e+00
8.334694862365722656e+00 -4.965933322906494141e+00 -3.949181318283081055e+00
1.354496955871582031e+01 -2.234188079833984375e+00 5.661238357424736023e-02
1.220564842224121094e+01 -8.616671562194824219e-01 -9.743910431861877441e-01
1.097052669525146484e+01 -5.939705371856689453e+00 -5.467724800109863281e+00
1.103543567657470703e+01 -5.405648231506347656e+00 -6.003771781921386719e+00
9.601820945739746094e+00 -5.052358150482177734e+00 -5.183208942413330078e+00
1.172918987274169922e+01 -4.690454006195068359e+00 -6.143417358398437500e+00
9.192976951599121094e+00 -4.306849956512451172e+00 -6.401823520660400391e+00
1.041508960723876953e+01 -3.530189514160156250e+00 -5.850409507751464844e+00
1.248577404022216797e+01 -3.687840938568115234e+00 -5.416534423828125000e+00
1.066442298889160156e+01 -3.189384937286376953e+00 -5.646159648895263672e+00
1.069022846221923828e+01 -2.263584852218627930e+00 -5.231820583343505859e+00
8.552380561828613281e+00 -3.671894550323486328e+00 -7.020682334899902344e+00
9.064472198486328125e+00 -3.071617126464843750e+00 -6.555566310882568359e+00
8.060074806213378906e+00 -2.025202989578247070e+00 -6.897601127624511719e+00
1.042330741882324219e+01 -1.596107125282287598e+00 -5.096089839935302734e+00
8.265645980834960938e+00 -1.696987509727478027e+00 -6.632358074188232422e+00
8.761435508728027344e+00 -4.747619330883026123e-01 -5.837301254272460938e+00
7.289968490600585938e+00 -1.531381607055664062e-01 -6.916451930999755859e+00
1.328599262237548828e+01 -2.160313129425048828e+00 -3.996544122695922852e+00
1.345310878753662109e+01 -1.729426741600036621e+00 -1.863531351089477539e+00
1.323516273498535156e+01 -1.352779388427734375e+00 -3.095270633697509766e+00
1.240473365783691406e+01 -4.843244552612304688e-01 -2.184372186660766602e+00
1.206335926055908203e+01 -1.516754329204559326e-01 -2.796540021896362305e+00
1.242887401580810547e+01 -1.932968139648437500e+00 -4.317381858825683594e+00
1.123186302185058594e+01 -1.236917138099670410e+00 -4.458685398101806641e+00
1.151862335205078125e+01 -5.835139155387878418e-01 -3.835918903350830078e+00
1.016920089721679688e+01 1.528318405151367188e+00 -1.719389915466308594e+00
9.285915374755859375e+00 2.347106933593750000e+00 -2.864501476287841797e+00
9.328007698059082031e+00 2.283921241760253906e+00 -3.337630033493041992e+00
8.567214012145996094e+00 2.906668186187744141e+00 -2.357196807861328125e+00
1.022549819946289062e+01 -9.109998941421508789e-01 -4.987690925598144531e+00
1.066021060943603516e+01 2.888721525669097900e-01 -4.103495121002197266e+00
8.376414299011230469e+00 1.368633806705474854e-01 -5.855060100555419922e+00
7.024574279785156250e+00 9.956914782524108887e-01 -6.428510189056396484e+00
1.378060150146484375e+01 -3.567690372467041016e+00 2.734430789947509766e+00
1.240226554870605469e+01 -2.443584918975830078e+00 3.023163557052612305e+00
1.125108623504638672e+01 -8.127442002296447754e-01 1.505333781242370605e+00
1.145321464538574219e+01 -6.211073398590087891e-01 3.446656465530395508e-01
9.973640441894531250e+00 -3.553366363048553467e-01 3.175405502319335938e+00
8.867010116577148438e+00 9.953382611274719238e-01 2.623182535171508789e+00
9.441584587097167969e+00 6.945913434028625488e-01 2.124126672744750977e+00
7.316594123840332031e+00 2.002371788024902344e+00 2.948107481002807617e+00
7.156207084655761719e+00 2.688065767288208008e+00 1.827881813049316406e+00
9.824896812438964844e+00 9.232649207115173340e-01 3.873641192913055420e-01
1.005292606353759766e+01 1.296647787094116211e+00 -9.641440510749816895e-01
7.995946884155273438e+00 2.634814739227294922e+00 4.311996102333068848e-01
3.351767063140869141e+00 4.278502464294433594e+00 -3.454177081584930420e-01
6.223231792449951172e+00 3.554721593856811523e+00 2.807109355926513672e-01
5.482515335083007812e+00 4.045507907867431641e+00 -2.223771333694458008e+00
3.674274444580078125e+00 4.395567893981933594e+00 -6.831898093223571777e-01
2.850143909454345703e+00 3.831461429595947266e+00 -2.456275939941406250e+00
2.967417478561401367e+00 3.532586097717285156e+00 -3.330326080322265625e+00
-9.871792793273925781e-01 3.796580553054809570e+00 -7.646498680114746094e-01
2.157136440277099609e+00 3.166100025177001953e+00 -4.390350818634033203e+00
1.069622766226530075e-02 4.167142391204833984e+00 -3.142567634582519531e+00
3.091427981853485107e-01 3.717993497848510742e+00 -4.698155403137207031e+00
2.382235050201416016e+00 3.817944526672363281e+00 -2.566940307617187500e+00
5.106899261474609375e+00 -8.621168136596679688e-01 -8.893712997436523438e+00
2.953306436538696289e+00 3.283580541610717773e-01 -9.610430717468261719e+00
5.076919555664062500e+00 5.354145765304565430e-01 -8.117814064025878906e+00
3.655907630920410156e+00 5.883266925811767578e-01 -8.973281860351562500e+00
2.531470537185668945e+00 5.178092718124389648e-01 -9.802916526794433594e+00
1.551201701164245605e+00 1.861236214637756348e+00 -9.913793563842773438e+00
3.348520100116729736e-01 3.161015510559082031e+00 -9.158308029174804688e+00
1.151575222611427307e-01 3.011800050735473633e+00 -1.045893287658691406e+01
5.666368484497070312e+00 2.834515810012817383e+00 -4.861867427825927734e+00
6.177435874938964844e+00 1.915241122245788574e+00 -6.097182750701904297e+00
4.713864326477050781e+00 2.730445623397827148e+00 -5.257074356079101562e+00
4.816329002380371094e+00 2.432448863983154297e+00 -5.971758365631103516e+00
6.612946987152099609e+00 3.745685100555419922e+00 -2.715249776840209961e+00
6.597990512847900391e+00 1.303793907165527344e+00 -6.432122707366943359e+00
5.733469009399414062e+00 1.709487438201904297e+00 -6.613760471343994141e+00
4.881331443786621094e+00 1.828689098358154297e+00 -7.050781250000000000e+00
2.748724699020385742e+00 2.880968332290649414e+00 -5.067763328552246094e+00
2.829684257507324219e+00 2.119632720947265625e+00 -7.364516258239746094e+00
2.038032770156860352e+00 2.349107503890991211e+00 -6.814137458801269531e+00
9.920480102300643921e-02 3.313711404800415039e+00 -6.271555900573730469e+00
2.773965895175933838e-01 2.972970008850097656e+00 -7.759175300598144531e+00
3.078615367412567139e-01 3.044237136840820312e+00 -8.138174057006835938e+00
-3.296134710311889648e+00 3.402148246765136719e+00 -2.584814786911010742e+00
-5.632778644561767578e+00 3.069303989410400391e+00 -7.732032775878906250e+00
-4.808718204498291016e+00 3.489744424819946289e+00 -7.635210514068603516e+00
-4.258311748504638672e+00 3.355331420898437500e+00 -6.674076080322265625e+00
-2.168196678161621094e+00 3.289338111877441406e+00 -2.301514744758605957e-01
-1.890033364295959473e+00 3.757614135742187500e+00 -1.354080319404602051e+00
-1.527475595474243164e+00 4.101140022277832031e+00 -2.468636989593505859e+00
-1.352949142456054688e+00 4.398522377014160156e+00 -3.693311214447021484e+00
-1.182065963745117188e+00 4.408433914184570312e+00 -4.986936569213867188e+00
-4.800189018249511719e+00 4.087343692779541016e+00 -8.504248619079589844e+00
-4.504111289978027344e+00 4.564529895782470703e+00 -9.024439811706542969e+00
-1.980056166648864746e+00 4.469967365264892578e+00 -7.510999679565429688e+00
-3.348910570144653320e+00 4.466145038604736328e+00 -8.331496238708496094e+00
-1.539407134056091309e+00 3.660568475723266602e+00 -1.119928073883056641e+01
-1.226508975028991699e+00 3.515873908996582031e+00 -1.106359004974365234e+01
-3.826475143432617188e+00 4.860807895660400391e+00 -1.070499038696289062e+01
-2.046455144882202148e+00 4.188941955566406250e+00 -9.850618362426757812e+00
-3.090765774250030518e-01 3.489762306213378906e+00 -9.967033386230468750e+00
-2.159029483795166016e+00 4.568047523498535156e+00 -6.120184898376464844e+00
5.289131641387939453e+00 3.230750560760498047e+00 2.352609157562255859e+00
6.051073074340820312e+00 3.162381649017333984e+00 1.785452365875244141e+00
1.971283078193664551e+00 7.166358232498168945e-01 -1.028894424438476562e+01
-5.145087242126464844e-01 2.803732872009277344e+00 -1.161568450927734375e+01
4.451960623264312744e-01 2.535221099853515625e+00 -1.077041721343994141e+01
