1.563174724578857422e+00 -4.941061019897460938e+00 -2.714428663253784180e+00
2.280745506286621094e+00 -4.797208309173583984e+00 -1.926494359970092773e+00
1.517449975013732910e+00 -4.800690650939941406e+00 -2.309674978256225586e+00
-5.068809509277343750e+00 -8.108761787414550781e+00 -7.822479724884033203e+00
-4.998897552490234375e+00 -8.062252998352050781e+00 -1.156807327270507812e+01
-4.184890747070312500e+00 -8.321172714233398438e+00 -9.419779777526855469e+00
-7.270862102508544922e+00 -7.468617916107177734e+00 -7.059146404266357422e+00
-7.774802207946777344e+00 -7.350988388061523438e+00 -7.967458248138427734e+00
-5.691735744476318359e+00 -8.129180908203125000e+00 -9.823952674865722656e+00
-6.220386505126953125e+00 -7.997767448425292969e+00 -9.061850547790527344e+00
-6.479954242706298828e+00 -7.345886707305908203e+00 -1.205462169647216797e+01
-8.410897254943847656e+00 -6.368237972259521484e+00 -1.057659626007080078e+01
-8.333083152770996094e+00 -6.190796375274658203e+00 -1.129507541656494141e+01
-9.641975402832031250e+00 -5.266906261444091797e+00 -8.363258361816406250e+00
-1.005098056793212891e+01 -4.324825286865234375e+00 -8.715859413146972656e+00
-9.586561203002929688e+00 -4.642696857452392578e+00 -1.086759948730468750e+01
-8.220118522644042969e+00 -6.690507888793945312e+00 -5.445638656616210938e+00
-9.067738533020019531e+00 -6.091735839843750000e+00 -4.930366992950439453e+00
-7.968210220336914062e+00 -5.745307922363281250e+00 -3.404832601547241211e+00
-8.496901512145996094e+00 -5.228217124938964844e+00 -2.226454496383666992e+00
-6.958293914794921875e+00 -5.440513610839843750e+00 -3.112540483474731445e+00
-2.593773603439331055e+00 -5.033202648162841797e+00 -1.548481822013854980e+00
-3.374211311340332031e+00 -4.883552551269531250e+00 -5.835322141647338867e-01
-1.441057682037353516e+00 -4.998228549957275391e+00 -2.383864969015121460e-01
-7.379160404205322266e+00 -3.211967945098876953e+00 2.311866044998168945e+00
-5.355753898620605469e+00 -3.512989997863769531e+00 1.278608679771423340e+00
-3.860326290130615234e+00 -5.069180965423583984e+00 -2.136945247650146484e+00
-7.304411888122558594e+00 -4.796251296997070312e+00 -1.626878738403320312e+00
-6.307639598846435547e+00 -5.167307853698730469e+00 -2.786716699600219727e+00
-3.739388942718505859e+00 -4.415650367736816406e+00 1.337813884019851685e-01
-4.768193721771240234e+00 -7.279176235198974609e+00 -5.295040130615234375e+00
-4.545660018920898438e+00 -6.498343944549560547e+00 -4.091367244720458984e+00
-2.280387639999389648e+00 -7.655875205993652344e+00 -6.417215347290039062e+00
-2.884855985641479492e+00 -7.168184757232666016e+00 -5.067324161529541016e+00
-2.214447975158691406e+00 -7.178059101104736328e+00 -5.299292564392089844e+00
-1.355853199958801270e+00 -6.803741931915283203e+00 -5.044333457946777344e+00
-2.779686927795410156e+00 -6.777537822723388672e+00 -4.440127372741699219e+00
-5.267673492431640625e+00 -6.850607395172119141e+00 -4.679215431213378906e+00
-6.153927326202392578e+00 -7.667022705078125000e+00 -6.742199897766113281e+00
-8.704604148864746094e+00 -6.651072978973388672e+00 -6.455086708068847656e+00
-1.416571617126464844e+00 -4.985716342926025391e+00 -1.835742473602294922e+00
-9.338403344154357910e-01 -5.047512531280517578e+00 -2.276538848876953125e+00
-2.241044521331787109e+00 -5.127812862396240234e+00 -2.022992134094238281e+00
-3.507843017578125000e-01 -5.095473766326904297e+00 -1.198779702186584473e+00
6.348303556442260742e-01 -4.631206989288330078e+00 -1.598881363868713379e+00
-8.140406608581542969e-01 -5.405870914459228516e+00 -3.021401643753051758e+00
-7.254550233483314514e-03 -5.504342079162597656e+00 -3.345805168151855469e+00
6.091055274009704590e-01 -4.773774623870849609e+00 -2.126250743865966797e+00
-9.515439987182617188e+00 -4.813272953033447266e+00 -2.044585704803466797e+00
-9.940155029296875000e+00 -4.890495300292968750e+00 -4.680178165435791016e+00
-9.351827621459960938e+00 -5.581139087677001953e+00 -3.831250429153442383e+00
-1.019541549682617188e+01 -3.759400129318237305e+00 -3.288144350051879883e+00
-1.031920242309570312e+01 -3.585309743881225586e+00 -4.715803146362304688e+00
-9.119989395141601562e+00 -4.087250709533691406e+00 3.092103302478790283e-01
-9.780842781066894531e+00 -4.173691272735595703e+00 -1.408452987670898438e+00
-9.820240974426269531e+00 -3.231072425842285156e+00 -2.799965739250183105e-01
-9.598907470703125000e+00 -2.926182508468627930e+00 9.022662639617919922e-01
-9.112691879272460938e+00 -2.721218824386596680e+00 2.167668819427490234e+00
-9.279314994812011719e+00 -1.629310250282287598e+00 1.269495606422424316e+00
-1.017275428771972656e+01 -2.694497108459472656e+00 -2.523708105087280273e+00
-1.009745025634765625e+01 -1.608740568161010742e+00 -2.652415275573730469e+00
-9.464575767517089844e+00 -1.293092012405395508e+00 -8.883750438690185547e-01
-7.936233043670654297e+00 -4.186832308769226074e-01 -6.468552947044372559e-01
-1.006330585479736328e+01 -4.634851932525634766e+00 -5.545618534088134766e+00
-1.034742259979248047e+01 -3.650887966156005859e+00 -5.425084590911865234e+00
-1.053375530242919922e+01 -2.257201910018920898e+00 -5.301013469696044922e+00
-1.059154987335205078e+01 -2.097623825073242188e+00 -5.871155261993408203e+00
-1.008412647247314453e+01 -6.567217111587524414e-01 -5.353132724761962891e+00
-1.058940982818603516e+01 -2.842613220214843750e+00 -7.961692333221435547e+00
-1.071149349212646484e+01 -1.946680426597595215e+00 -8.886587142944335938e+00
-1.060341072082519531e+01 -8.104544878005981445e-01 -8.516166687011718750e+00
-9.953730583190917969e+00 -3.287709951400756836e-01 -6.704489231109619141e+00
-8.382710456848144531e+00 -2.021677196025848389e-01 -2.253672599792480469e+00
-6.927451133728027344e+00 1.703004837036132812e+00 -3.686490774154663086e+00
-9.017924308776855469e+00 3.874906301498413086e-01 -6.201719760894775391e+00
-7.578311920166015625e+00 1.442829251289367676e+00 -4.984832286834716797e+00
1.322428035736083984e+01 -6.131903171539306641e+00 4.685441970825195312e+00
1.356367206573486328e+01 -6.363167762756347656e+00 7.901181578636169434e-01
1.305817699432373047e+01 -6.175062179565429688e+00 1.484789013862609863e+00
1.494619941711425781e+01 -6.247503757476806641e+00 1.960256576538085938e+00
1.478580379486083984e+01 -5.561072349548339844e+00 3.129060745239257812e+00
1.198205375671386719e+01 -5.903907775878906250e+00 2.783829927444458008e+00
4.410197257995605469e+00 -1.286075472831726074e+00 4.882091522216796875e+00
5.276525020599365234e+00 -1.068010807037353516e+00 5.963882446289062500e+00
6.657870292663574219e+00 -4.889278411865234375e+00 -1.676037669181823730e+00
8.919075012207031250e+00 -6.320760726928710938e+00 -1.250882983207702637e+00
8.130895614624023438e+00 -6.233846664428710938e+00 -1.095145344734191895e+00
7.455183982849121094e+00 -6.292273521423339844e+00 -5.078462958335876465e-01
2.555082321166992188e+00 -5.436406135559082031e+00 4.016852080821990967e-01
4.299517154693603516e+00 -4.729966163635253906e+00 -1.503281354904174805e+00
5.172013282775878906e+00 -5.129258155822753906e+00 -1.176727294921875000e+00
2.310913801193237305e+00 -4.309424877166748047e+00 -1.266201615333557129e+00
4.119178771972656250e+00 -4.756920337677001953e+00 -1.283920526504516602e+00
5.109889984130859375e+00 -5.593173980712890625e+00 2.084015458822250366e-01
5.808469295501708984e+00 -6.012912273406982422e+00 -6.197280287742614746e-01
3.098655462265014648e+00 -5.514874458312988281e+00 -5.928949117660522461e-01
9.474427223205566406e+00 -5.221774578094482422e+00 3.062867164611816406e+00
1.002976512908935547e+01 -4.974123477935791016e+00 4.880337238311767578e+00
9.977459907531738281e+00 -4.995159626007080078e+00 4.259075164794921875e+00
8.718565940856933594e+00 -4.179437637329101562e+00 5.231913566589355469e+00
8.942985534667968750e+00 -4.983510971069335938e+00 3.121423721313476562e+00
9.031571388244628906e+00 -5.926902294158935547e+00 1.410087347030639648e+00
8.686730384826660156e+00 -6.115103244781494141e+00 9.249491691589355469e-01
5.529803752899169922e+00 -1.357443213462829590e+00 3.989992141723632812e+00
6.171414375305175781e+00 -3.700221776962280273e+00 2.365664243698120117e+00
5.594944477081298828e+00 -3.978809833526611328e+00 1.853241562843322754e+00
4.516645908355712891e+00 -1.911972045898437500e+00 3.044088840484619141e+00
4.613923072814941406e+00 -1.522834777832031250e+00 3.693050861358642578e+00
6.920746326446533203e+00 -2.472475767135620117e+00 4.253835678100585938e+00
6.707679748535156250e+00 -2.038384914398193359e+00 5.436690807342529297e+00
6.547131061553955078e+00 -5.481102466583251953e+00 9.217020869255065918e-01
1.206326198577880859e+01 -4.927225589752197266e+00 6.114862442016601562e+00
1.375430870056152344e+01 -5.106766223907470703e+00 4.583328247070312500e+00
1.259482097625732422e+01 -3.840884208679199219e+00 4.928270339965820312e+00
1.348599815368652344e+01 -3.700975656509399414e+00 3.241488695144653320e+00
7.873025894165039062e+00 -3.057416915893554688e+00 6.520497798919677734e+00
7.428405284881591797e+00 -2.622078418731689453e+00 6.511149406433105469e+00
4.250898838043212891e+00 -6.792891025543212891e-01 6.703424453735351562e+00
9.659901618957519531e+00 -4.498401641845703125e+00 6.452624797821044922e+00
1.044778442382812500e+01 -3.186204433441162109e+00 6.303808689117431641e+00
1.082565021514892578e+01 -2.723400354385375977e+00 5.472824096679687500e+00
8.715844154357910156e+00 -1.743212223052978516e+00 6.252171039581298828e+00
9.066252708435058594e+00 -1.391464948654174805e+00 5.381531715393066406e+00
1.115283775329589844e+01 -2.459665060043334961e+00 4.514022827148437500e+00
1.148042392730712891e+01 -2.139846563339233398e+00 3.526843070983886719e+00
6.628471374511718750e+00 -1.660817623138427734e+00 6.283116340637207031e+00
7.774550437927246094e+00 -1.162435770034790039e+00 6.229900360107421875e+00
7.046747207641601562e+00 -2.239333689212799072e-01 5.638970851898193359e+00
6.278707504272460938e+00 -4.440680444240570068e-01 5.965568065643310547e+00
5.680220127105712891e+00 6.602477431297302246e-01 5.424711227416992188e+00
8.136187553405761719e+00 1.099051237106323242e-01 4.437203884124755859e+00
5.755738735198974609e+00 1.875960469245910645e+00 4.077135562896728516e+00
6.147548198699951172e+00 2.005476951599121094e+00 3.634380817413330078e+00
-2.135173320770263672e+00 -2.803427696228027344e+00 3.775161981582641602e+00
-1.524618029594421387e+00 -3.806935787200927734e+00 1.664379715919494629e+00
-1.477641224861145020e+00 -4.655296325683593750e+00 3.900831043720245361e-01
-1.621625185012817383e+00 -2.871034860610961914e+00 3.496262550354003906e+00
-2.517437040805816650e-01 -2.668249845504760742e+00 2.371636390686035156e+00
-5.072481632232666016e+00 -3.477791786193847656e+00 1.470366716384887695e+00
-4.360018730163574219e+00 -3.316746711730957031e+00 2.204631805419921875e+00
-5.805587768554687500e+00 -2.597666978836059570e+00 3.394561529159545898e+00
-5.279246330261230469e+00 -3.018788099288940430e+00 2.538309574127197266e+00
-4.096415519714355469e+00 -2.829749822616577148e+00 3.383590698242187500e+00
-2.758657693862915039e+00 -1.625560522079467773e+00 4.880842208862304688e+00
-5.654355049133300781e+00 -1.269004106521606445e+00 4.709589958190917969e+00
-5.350392341613769531e+00 -7.394522428512573242e-01 4.909839153289794922e+00
2.515899658203125000e+00 -1.759905338287353516e+00 3.639752388000488281e+00
1.359716892242431641e+00 -9.254698753356933594e-01 4.123410224914550781e+00
-6.999863684177398682e-02 -1.202618598937988281e+00 3.655272006988525391e+00
1.082233905792236328e+00 -3.554717600345611572e-01 4.663797855377197266e+00
2.495159864425659180e+00 -1.151429295539855957e+00 5.256499290466308594e+00
3.510319948196411133e+00 -7.416176795959472656e-01 6.591161251068115234e+00
1.114863276481628418e+00 7.287176251411437988e-01 5.393477916717529297e+00
-3.224917888641357422e+00 -1.392918705940246582e+00 5.010007858276367188e+00
-4.243999958038330078e+00 2.974964380264282227e-01 5.009542942047119141e+00
-2.748670816421508789e+00 5.611875653266906738e-01 5.131862640380859375e+00
-1.168295741081237793e+00 1.610888838768005371e+00 4.403707027435302734e+00
-3.888684511184692383e+00 1.019223451614379883e+00 4.049192905426025391e+00
-3.825110197067260742e+00 1.424280285835266113e+00 2.891370773315429688e+00
-1.793096363544464111e-01 -5.107891559600830078e+00 -8.163168281316757202e-02
2.966175973415374756e-01 -4.968733787536621094e+00 -1.176736131310462952e-01
8.150898814201354980e-01 -4.981622695922851562e+00 2.869087457656860352e-02
1.640985846519470215e+00 -3.817554473876953125e+00 1.407402515411376953e+00
1.481334567070007324e+00 -5.015938758850097656e+00 5.737774968147277832e-01
1.630758643150329590e+00 -3.782902717590332031e+00 -1.362228155136108398e+00
1.876914262771606445e+00 -2.644933462142944336e+00 2.338572978973388672e+00
2.310943841934204102e+00 1.391858816146850586e+00 5.537531375885009766e+00
2.887706756591796875e+00 2.380027770996093750e+00 4.196583747863769531e+00
2.606095552444458008e+00 2.939218997955322266e+00 3.008989572525024414e+00
-8.630144596099853516e-01 2.479526042938232422e+00 2.619347095489501953e+00
-6.623508334159851074e-01 1.943167686462402344e+00 4.181626319885253906e+00
5.726590156555175781e-01 2.541754722595214844e+00 3.245284080505371094e+00
-1.729984045028686523e+00 3.173055648803710938e+00 1.089048087596893311e-01
-7.585862159729003906e+00 -2.459408760070800781e+00 3.555471181869506836e+00
-7.328878879547119141e+00 -1.423876047134399414e+00 4.218063831329345703e+00
-7.960963726043701172e+00 -8.142666220664978027e-01 2.908402919769287109e+00
-6.812169075012207031e+00 -1.159403920173645020e+00 4.463315963745117188e+00
-7.015912532806396484e+00 -3.670891821384429932e-01 3.061374425888061523e+00
-6.419705390930175781e+00 1.886541098356246948e-01 1.420405030250549316e+00
-6.219601154327392578e+00 1.399994492530822754e-01 2.391803264617919922e+00
-6.924736499786376953e+00 2.269706577062606812e-01 -8.136059045791625977e-01
-3.745405435562133789e+00 1.650086641311645508e+00 1.847567915916442871e+00
-5.362468242645263672e+00 2.013289451599121094e+00 -1.992613434791564941e+00
-3.647365808486938477e+00 3.032742738723754883e+00 -1.669564366340637207e+00
3.405303478240966797e+00 5.221637487411499023e-01 6.394443511962890625e+00
3.006160259246826172e+00 1.621753454208374023e+00 5.313000679016113281e+00
3.847743511199951172e+00 1.933930277824401855e+00 4.709180831909179688e+00
4.542546749114990234e+00 2.516663074493408203e+00 3.695516109466552734e+00
3.887523889541625977e+00 3.106992006301879883e+00 2.945653438568115234e+00
7.769570350646972656e+00 -4.951780796051025391e+00 -3.962809801101684570e+00
2.379392147064208984e+00 -5.084066867828369141e+00 -3.053677082061767578e+00
5.500979423522949219e+00 -4.766504287719726562e+00 -2.526295900344848633e+00
6.328097820281982422e+00 -4.723730564117431641e+00 -2.974178791046142578e+00
3.036510705947875977e+00 -5.026646137237548828e+00 -2.935767412185668945e+00
2.091566801071166992e+00 -5.936311721801757812e+00 -5.251702785491943359e+00
2.627108097076416016e+00 -5.812510013580322266e+00 -6.253384590148925781e+00
3.891680717468261719e+00 -5.148290157318115234e+00 -5.598244667053222656e+00
5.928518772125244141e+00 -4.842117309570312500e+00 -3.732473373413085938e+00
7.165193557739257812e+00 -4.999352931976318359e+00 -4.070418834686279297e+00
2.443468570709228516e+00 -5.623643398284912109e+00 -8.458371162414550781e+00
8.326640129089355469e+00 -5.010507106781005859e+00 -6.008483409881591797e+00
3.300947904586791992e+00 -5.336677551269531250e+00 -7.115891933441162109e+00
3.713808059692382812e+00 -4.728320121765136719e+00 -7.898736000061035156e+00
6.292627811431884766e+00 -5.093163013458251953e+00 -5.377839565277099609e+00
7.412400722503662109e+00 -4.952464103698730469e+00 -6.330216884613037109e+00
5.880858421325683594e+00 -4.192857265472412109e+00 -7.250514984130859375e+00
7.538236141204833984e+00 -4.047621250152587891e+00 -7.366149425506591797e+00
5.591409683227539062e+00 -3.873437404632568359e+00 -7.627952575683593750e+00
5.160981655120849609e+00 -2.845505952835083008e+00 -8.642720222473144531e+00
5.234156608581542969e+00 -2.084629058837890625e+00 -8.896386146545410156e+00
-3.349133729934692383e+00 -7.971341609954833984e+00 -1.205621147155761719e+01
-3.131122827529907227e+00 -8.215494155883789062e+00 -1.051689243316650391e+01
-3.960937261581420898e+00 -7.544674873352050781e+00 -1.315950298309326172e+01
-1.581594944000244141e+00 -6.563771247863769531e+00 -1.324229621887207031e+01
-3.556471586227416992e+00 -6.335186958312988281e+00 -1.445994567871093750e+01
-3.374944686889648438e+00 -5.282233238220214844e+00 -1.519297504425048828e+01
-6.630994319915771484e+00 -6.537770748138427734e+00 -1.317135715484619141e+01
-7.072084426879882812e+00 -6.213901996612548828e+00 -1.318865680694580078e+01
-7.758624553680419922e+00 -5.234217643737792969e+00 -1.367534255981445312e+01
-5.719564914703369141e+00 -7.133195877075195312e+00 -1.307827568054199219e+01
-8.473900794982910156e+00 -5.366637706756591797e+00 -1.256446266174316406e+01
-7.364540100097656250e+00 -4.566777229309082031e+00 -1.457339096069335938e+01
-4.151187419891357422e+00 -5.536132812500000000e+00 -1.502913188934326172e+01
-5.996520519256591797e+00 -4.383258819580078125e+00 -1.525793361663818359e+01
-2.711295366287231445e+00 -5.388660430908203125e+00 -1.501403427124023438e+01
-2.177015542984008789e+00 -4.296484470367431641e+00 -1.536969566345214844e+01
-3.722921609878540039e+00 -3.717557191848754883e+00 -1.575316143035888672e+01
-2.790704965591430664e+00 -3.188493728637695312e+00 -1.571550369262695312e+01
-4.990191936492919922e+00 -2.650834083557128906e+00 -1.594119167327880859e+01
-3.920699596405029297e+00 -1.505710005760192871e+00 -1.593567276000976562e+01
-9.300693511962890625e+00 -4.442059993743896484e+00 -1.222240543365478516e+01
-8.934719085693359375e+00 -4.002825260162353516e+00 -1.344544792175292969e+01
-9.910864830017089844e+00 -2.863043069839477539e+00 -1.234708786010742188e+01
-1.040121746063232422e+01 -1.439874649047851562e+00 -1.151924324035644531e+01
-8.549517631530761719e+00 -3.350600481033325195e+00 -1.436066436767578125e+01
-7.692593574523925781e+00 -2.967710018157958984e+00 -1.519789409637451172e+01
-9.821550369262695312e+00 -9.240743517875671387e-01 -1.328342437744140625e+01
-9.375782966613769531e+00 -3.291832208633422852e-01 -1.420407390594482422e+01
-8.487964630126953125e+00 -9.521591663360595703e-01 -1.507354450225830078e+01
-7.136043548583984375e+00 1.587973237037658691e-01 -1.576960849761962891e+01
-7.627560615539550781e+00 8.121925592422485352e-01 -1.553655338287353516e+01
-1.521339535713195801e+00 -7.557415485382080078e+00 -6.888842105865478516e+00
-4.208229184150695801e-01 -7.157626152038574219e+00 -8.632325172424316406e+00
7.409209758043289185e-02 -6.571253299713134766e+00 -5.590891838073730469e+00
6.196068525314331055e-01 -6.686553478240966797e+00 -6.758061408996582031e+00
-2.396391779184341431e-01 -6.931608676910400391e+00 -9.611135482788085938e+00
-5.070018768310546875e-02 -5.895646572113037109e+00 -1.240219497680664062e+01
1.353412747383117676e+00 -6.392191886901855469e+00 -6.420003890991210938e+00
2.021575689315795898e+00 -5.954021930694580078e+00 -8.191493988037109375e+00
-7.602912783622741699e-01 -5.087901115417480469e+00 -1.430410575866699219e+01
1.024591684341430664e+00 -4.963619709014892578e+00 -1.243804931640625000e+01
-1.230136036872863770e+00 -3.740714550018310547e+00 -1.520295238494873047e+01
-1.921611428260803223e-01 -3.008001327514648438e+00 -1.485979461669921875e+01
1.960185527801513672e+00 -5.054499626159667969e+00 -1.069782924652099609e+01
-1.088173985481262207e+00 -2.406061172485351562e+00 -1.528107166290283203e+01
-1.307948470115661621e+00 -1.697974681854248047e+00 -1.534025478363037109e+01
2.141806840896606445e+00 -3.537214517593383789e+00 -1.149233913421630859e+01
8.843656182289123535e-01 -1.870472550392150879e+00 -1.348669242858886719e+01
7.963011860847473145e-01 -1.144932508468627930e+00 -1.333367061614990234e+01
-2.606606245040893555e+00 -1.779863834381103516e+00 -1.569893169403076172e+01
-2.675895214080810547e+00 -8.108064532279968262e-01 -1.564196395874023438e+01
-5.084973335266113281e+00 4.525458514690399170e-01 -1.588830757141113281e+01
-2.886636972427368164e+00 1.006085395812988281e+00 -1.536727523803710938e+01
-2.164363384246826172e+00 1.173648118972778320e+00 -1.512484645843505859e+01
-4.977150559425354004e-01 1.148856759071350098e+00 -1.389029693603515625e+01
-2.882209777832031250e+00 2.078848123550415039e+00 -1.503571510314941406e+01
-2.466050386428833008e+00 2.787626266479492188e+00 -1.464665699005126953e+01
2.704412221908569336e+00 -3.969634771347045898e+00 -1.033777999877929688e+01
3.521831750869750977e+00 -2.613410234451293945e+00 -1.011167144775390625e+01
3.013552188873291016e+00 -1.850131750106811523e+00 -1.085322093963623047e+01
9.644918441772460938e-01 -2.827216684818267822e-01 -1.281333351135253906e+01
1.482986688613891602e+00 4.542204551398754120e-03 -1.211017227172851562e+01
2.348716259002685547e+00 -2.208429425954818726e-01 -1.122656440734863281e+01
1.081631302833557129e+00 4.152395725250244141e-01 -1.233632946014404297e+01
-1.051170921325683594e+01 -9.655963182449340820e-01 -1.099295139312744141e+01
-9.968591690063476562e+00 6.844086050987243652e-01 -1.292136764526367188e+01
-1.030337142944335938e+01 -1.761803962290287018e-02 -1.048669910430908203e+01
-1.007381439208984375e+01 -1.200284883379936218e-01 -9.023864746093750000e+00
-9.727037429809570312e+00 5.430003404617309570e-01 -1.002652072906494141e+01
-9.964458465576171875e+00 9.216895103454589844e-01 -1.155155754089355469e+01
-9.434137344360351562e+00 2.031020164489746094e+00 -1.278412246704101562e+01
-8.821787834167480469e+00 1.396665215492248535e+00 -9.341167449951171875e+00
-8.418475151062011719e+00 2.397273778915405273e+00 -1.037426280975341797e+01
-8.199890136718750000e+00 1.158905506134033203e+00 -6.068580627441406250e+00
-7.964137077331542969e+00 1.596070766448974609e+00 -7.149178504943847656e+00
-8.285773277282714844e+00 1.882633924484252930e+00 -8.735551834106445312e+00
-7.902098655700683594e+00 2.549636602401733398e+00 -9.730371475219726562e+00
-6.299149990081787109e+00 2.698778867721557617e+00 -7.677760124206542969e+00
-6.216080188751220703e+00 3.009413242340087891e+00 -8.160322189331054688e+00
-8.635418891906738281e+00 2.199836969375610352e+00 -1.429296970367431641e+01
-8.036413192749023438e+00 2.227143764495849609e+00 -1.473239898681640625e+01
-7.637487411499023438e+00 3.438785552978515625e+00 -1.351285648345947266e+01
-6.656297206878662109e+00 4.261636734008789062e+00 -1.313746452331542969e+01
-6.100787162780761719e+00 1.892143964767456055e+00 -1.547603416442871094e+01
-5.844977855682373047e+00 2.182155370712280273e+00 -1.532700347900390625e+01
-5.171162128448486328e+00 3.964589118957519531e+00 -1.412143135070800781e+01
-4.615515708923339844e+00 3.958425760269165039e+00 -1.424915885925292969e+01
-5.867839336395263672e+00 3.767200469970703125e+00 -1.412431526184082031e+01
-8.274495124816894531e+00 3.281553268432617188e+00 -1.224711513519287109e+01
-6.244116783142089844e+00 4.414037227630615234e+00 -1.238065814971923828e+01
-5.556899547576904297e+00 4.380987644195556641e+00 -1.074281787872314453e+01
-3.389192342758178711e+00 4.231884479522705078e+00 -1.348882389068603516e+01
-3.170740604400634766e+00 4.294340133666992188e+00 -1.287089443206787109e+01
-5.220806121826171875e+00 4.434092044830322266e+00 -1.221923732757568359e+01
-4.469241142272949219e+00 4.633702278137207031e+00 -1.232641315460205078e+01
-3.216930150985717773e+00 4.684838771820068359e+00 -1.144318962097167969e+01
-4.958692550659179688e+00 4.785610198974609375e+00 -1.084778308868408203e+01
-3.796010017395019531e+00 4.892190933227539062e+00 -1.117114353179931641e+01
-6.641502380371093750e+00 3.683296442031860352e+00 -1.050098133087158203e+01
-5.933903694152832031e+00 3.625812292098999023e+00 -9.032506942749023438e+00
3.057267904281616211e+00 -1.947793364524841309e-01 -1.030063056945800781e+01
-1.382137387990951538e-01 1.527058720588684082e+00 -1.287826347351074219e+01
-2.114114046096801758e+00 3.220075130462646484e+00 -1.359563922882080078e+01
9.958961009979248047e-01 7.993717789649963379e-01 -1.168909931182861328e+01
-1.053487896919250488e+00 2.883110523223876953e+00 -1.233912944793701172e+01
-2.713693857192993164e+00 3.844828605651855469e+00 -1.327128505706787109e+01
-1.649577856063842773e+00 3.645721435546875000e+00 -1.187584114074707031e+01
1.144909095764160156e+01 -6.576960563659667969e+00 -3.370042562484741211e+00
1.333921718597412109e+01 -6.790837287902832031e+00 -1.710824012756347656e+00
1.117983913421630859e+01 -6.489491939544677734e+00 -8.320950865745544434e-01
1.098742103576660156e+01 -6.530191898345947266e+00 -2.591622829437255859e+00
1.436998462677001953e+01 -6.999962806701660156e+00 -5.015110492706298828e+00
1.200235939025878906e+01 -6.636322021484375000e+00 -3.971190690994262695e+00
1.271248531341552734e+01 -6.610719680786132812e+00 -5.466449737548828125e+00
1.316358757019042969e+01 -6.930307865142822266e+00 -3.659363508224487305e+00
1.564372158050537109e+01 -7.082506179809570312e+00 -3.586665630340576172e+00
1.608572959899902344e+01 -6.006777286529541016e+00 -4.169060707092285156e+00
1.626436805725097656e+01 -6.570832729339599609e+00 -1.158521413803100586e+00
1.639701461791992188e+01 -5.767518997192382812e+00 -2.034952640533447266e+00
1.459627914428710938e+01 -6.683494567871093750e+00 6.561370193958282471e-02
1.483020877838134766e+01 -7.018556594848632812e+00 -1.539697170257568359e+00
1.539919853210449219e+01 -6.376223564147949219e+00 9.850954413414001465e-01
1.481478977203369141e+01 -4.358595848083496094e+00 2.047954082489013672e+00
1.516278362274169922e+01 -4.379823684692382812e+00 9.218270778656005859e-01
1.436558437347412109e+01 -3.505117654800415039e+00 1.077060461044311523e+00
1.583171081542968750e+01 -4.967120170593261719e+00 -3.337420225143432617e+00
1.526006698608398438e+01 -4.109903335571289062e+00 -2.556348085403442383e+00
1.523574829101562500e+01 -4.056799411773681641e+00 -9.901860356330871582e-01
1.499704456329345703e+01 -3.699713468551635742e+00 -1.492007493972778320e+00
1.436133480072021484e+01 -2.938811779022216797e+00 -8.526657819747924805e-01
1.382554721832275391e+01 -6.775132179260253906e+00 -6.232472419738769531e+00
1.526953887939453125e+01 -5.981354236602783203e+00 -6.530169486999511719e+00
1.238422489166259766e+01 -6.479624748229980469e+00 -6.650195598602294922e+00
1.292797183990478516e+01 -5.939842700958251953e+00 -7.432616233825683594e+00
1.594571495056152344e+01 -5.892054557800292969e+00 -5.626076221466064453e+00
1.563815402984619141e+01 -5.121633052825927734e+00 -5.920161724090576172e+00
1.506533527374267578e+01 -4.453718662261962891e+00 -5.521812438964843750e+00
1.327183055877685547e+01 -5.547698497772216797e+00 -7.286587238311767578e+00
1.264444923400878906e+01 -4.993464469909667969e+00 -6.596234321594238281e+00
1.351022720336914062e+01 -4.509480476379394531e+00 -6.076161861419677734e+00
1.364453792572021484e+01 -3.415385484695434570e+00 -4.923520565032958984e+00
1.503039073944091797e+01 -3.775890588760375977e+00 -2.797935247421264648e+00
1.496073532104492188e+01 -3.777062892913818359e+00 -4.484062194824218750e+00
1.441153335571289062e+01 -2.930886507034301758e+00 -3.730863571166992188e+00
1.017117977142333984e+01 -6.063152313232421875e+00 -2.745128154754638672e+00
7.000014305114746094e+00 -4.802458763122558594e+00 -2.374121904373168945e+00
7.287161827087402344e+00 -4.882324695587158203e+00 -1.948453545570373535e+00
6.851619720458984375e+00 -4.735826492309570312e+00 -2.934661865234375000e+00
1.049232482910156250e+01 -6.352796077728271484e+00 -2.341504335403442383e+00
9.018917083740234375e+00 -5.590068817138671875e+00 -1.947482943534851074e+00
7.958661556243896484e+00 -5.153231620788574219e+00 -1.583405613899230957e+00
9.606513023376464844e+00 -5.582624912261962891e+00 -3.435502529144287109e+00
9.964963912963867188e+00 -5.589335441589355469e+00 -4.662337303161621094e+00
8.340126037597656250e+00 -5.035334110260009766e+00 -3.960076332092285156e+00
1.358028602600097656e+01 -2.263545036315917969e+00 9.884324856102466583e-03
1.220346832275390625e+01 -9.187873601913452148e-01 -1.010964751243591309e+00
1.097688579559326172e+01 -5.999720573425292969e+00 -5.492022991180419922e+00
1.104178619384765625e+01 -5.451411247253417969e+00 -6.022077083587646484e+00
9.606451988220214844e+00 -5.110307216644287109e+00 -5.195527553558349609e+00
1.173441982269287109e+01 -4.728335857391357422e+00 -6.155559062957763672e+00
9.191638946533203125e+00 -4.343251228332519531e+00 -6.406043529510498047e+00
1.041374206542968750e+01 -3.566651821136474609e+00 -5.851538181304931641e+00
1.249058818817138672e+01 -3.715361833572387695e+00 -5.431750774383544922e+00
1.066178131103515625e+01 -3.224100828170776367e+00 -5.646925926208496094e+00
1.068566703796386719e+01 -2.293016910552978516e+00 -5.231471538543701172e+00
8.547873497009277344e+00 -3.696527242660522461e+00 -7.019778251647949219e+00
9.060334205627441406e+00 -3.100379705429077148e+00 -6.553515434265136719e+00
8.058050155639648438e+00 -2.041460514068603516e+00 -6.896272659301757812e+00
1.041917705535888672e+01 -1.623379945755004883e+00 -5.094923019409179688e+00
8.262130737304687500e+00 -1.718457937240600586e+00 -6.628293037414550781e+00
8.756596565246582031e+00 -4.961659908294677734e-01 -5.831720352172851562e+00
7.284564971923828125e+00 -1.737513840198516846e-01 -6.908802986145019531e+00
1.330449199676513672e+01 -2.161129236221313477e+00 -4.034462928771972656e+00
1.348654747009277344e+01 -1.732394933700561523e+00 -1.902115345001220703e+00
1.324075698852539062e+01 -1.357160568237304688e+00 -3.122087955474853516e+00
1.241279411315917969e+01 -4.951457381248474121e-01 -2.202846288681030273e+00
1.206662464141845703e+01 -1.621730178594589233e-01 -2.809804439544677734e+00
1.243233108520507812e+01 -1.946979403495788574e+00 -4.335451602935791016e+00
1.122969341278076172e+01 -1.257045388221740723e+00 -4.463894844055175781e+00
1.151926803588867188e+01 -5.972216129302978516e-01 -3.849237203598022461e+00
1.016718959808349609e+01 1.504178524017333984e+00 -1.724981904029846191e+00
9.293720245361328125e+00 2.337661743164062500e+00 -2.867610692977905273e+00
9.337375640869140625e+00 2.283019542694091797e+00 -3.344937324523925781e+00
8.573201179504394531e+00 2.898113489151000977e+00 -2.360764741897583008e+00
1.022303390502929688e+01 -9.316418766975402832e-01 -4.987611770629882812e+00
1.066584873199462891e+01 2.814481258392333984e-01 -4.113480091094970703e+00
8.372113227844238281e+00 1.185811087489128113e-01 -5.847730636596679688e+00
7.018208980560302734e+00 9.747559428215026855e-01 -6.420202732086181641e+00
1.388311100006103516e+01 -3.690028190612792969e+00 2.625458478927612305e+00
1.246686363220214844e+01 -2.621829986572265625e+00 2.918174743652343750e+00
1.124708843231201172e+01 -9.726538658142089844e-01 1.426559209823608398e+00
1.141062736511230469e+01 -7.696318626403808594e-01 2.809368669986724854e-01
9.966126441955566406e+00 -5.681426525115966797e-01 3.062089443206787109e+00
8.854276657104492188e+00 8.123173713684082031e-01 2.555424690246582031e+00
9.406216621398925781e+00 5.043624639511108398e-01 2.050687551498413086e+00
7.307177543640136719e+00 1.818542480468750000e+00 2.889744997024536133e+00
7.146588325500488281e+00 2.541967630386352539e+00 1.789412617683410645e+00
9.783091545104980469e+00 7.808983922004699707e-01 3.364680111408233643e-01
1.003117275238037109e+01 1.203972101211547852e+00 -9.918423295021057129e-01
7.989408493041992188e+00 2.541661739349365234e+00 4.053338468074798584e-01
3.351480007171630859e+00 4.275460720062255859e+00 -3.455024957656860352e-01
6.216470718383789062e+00 3.490401744842529297e+00 2.648500204086303711e-01
5.479860305786132812e+00 4.030786991119384766e+00 -2.225988864898681641e+00
3.673038482666015625e+00 4.389400959014892578e+00 -6.835635900497436523e-01
2.847995758056640625e+00 3.819508790969848633e+00 -2.455687999725341797e+00
2.959040880203247070e+00 3.506594657897949219e+00 -3.325874805450439453e+00
-9.874193072319030762e-01 3.792347192764282227e+00 -7.646571397781372070e-01
2.146377325057983398e+00 3.138575553894042969e+00 -4.382856369018554688e+00
8.767427876591682434e-03 4.158347606658935547e+00 -3.142153024673461914e+00
3.056871592998504639e-01 3.706586360931396484e+00 -4.696542739868164062e+00
2.379793405532836914e+00 3.804649114608764648e+00 -2.565152645111083984e+00
5.102711677551269531e+00 -8.787255287170410156e-01 -8.891511917114257812e+00
2.942198276519775391e+00 3.039931058883666992e-01 -9.604717254638671875e+00
5.064053535461425781e+00 4.986239671707153320e-01 -8.107508659362792969e+00
3.642759323120117188e+00 5.562959909439086914e-01 -8.964713096618652344e+00
2.522803544998168945e+00 4.982009530067443848e-01 -9.798418998718261719e+00
1.546514153480529785e+00 1.847492814064025879e+00 -9.910361289978027344e+00
3.305104076862335205e-01 3.147125959396362305e+00 -9.155698776245117188e+00
1.122628599405288696e-01 3.001693487167358398e+00 -1.045670795440673828e+01
5.654898166656494141e+00 2.797926902770996094e+00 -4.853737354278564453e+00
6.163343429565429688e+00 1.876796722412109375e+00 -6.085657596588134766e+00
4.700245380401611328e+00 2.684344053268432617e+00 -5.242373466491699219e+00
4.797885417938232422e+00 2.377370357513427734e+00 -5.954462528228759766e+00
6.610467433929443359e+00 3.732652902603149414e+00 -2.716745615005493164e+00
6.587506294250488281e+00 1.274227499961853027e+00 -6.421875000000000000e+00
5.714547634124755859e+00 1.660313725471496582e+00 -6.597188472747802734e+00
4.861266136169433594e+00 1.771317124366760254e+00 -7.030995368957519531e+00
2.735974311828613281e+00 2.844902753829956055e+00 -5.058673858642578125e+00
2.816367387771606445e+00 2.084244728088378906e+00 -7.355772972106933594e+00
2.027870178222656250e+00 2.326320886611938477e+00 -6.809209823608398438e+00
9.388221055269241333e-02 3.300287008285522461e+00 -6.269197940826416016e+00
2.706412971019744873e-01 2.957070112228393555e+00 -7.756397724151611328e+00
3.025978505611419678e-01 3.030170440673828125e+00 -8.135568618774414062e+00
-3.297081947326660156e+00 3.397877454757690430e+00 -2.584965467453002930e+00
-5.634973049163818359e+00 3.068034172058105469e+00 -7.730316162109375000e+00
-4.810081958770751953e+00 3.486909151077270508e+00 -7.634371280670166016e+00
-4.258558273315429688e+00 3.352663993835449219e+00 -6.674119472503662109e+00
-2.166175603866577148e+00 3.282448768615722656e+00 -2.318464666604995728e-01
-1.889084458351135254e+00 3.748255014419555664e+00 -1.355530142784118652e+00
-1.528194904327392578e+00 4.093706607818603516e+00 -2.469022274017333984e+00
-1.354109168052673340e+00 4.391596794128417969e+00 -3.693041324615478516e+00
-1.183065176010131836e+00 4.399811744689941406e+00 -4.986353874206542969e+00
-4.802648544311523438e+00 4.084295749664306641e+00 -8.502761840820312500e+00
-4.506428718566894531e+00 4.560346126556396484e+00 -9.023138999938964844e+00
-1.981083512306213379e+00 4.463947296142578125e+00 -7.510654449462890625e+00
-3.350796699523925781e+00 4.461172103881835938e+00 -8.330992698669433594e+00
-1.541237235069274902e+00 3.652954816818237305e+00 -1.119817543029785156e+01
-1.228534221649169922e+00 3.507720708847045898e+00 -1.106224918365478516e+01
-3.828452825546264648e+00 4.855490207672119141e+00 -1.070380973815917969e+01
-2.048145771026611328e+00 4.182396888732910156e+00 -9.849652290344238281e+00
-3.114490509033203125e-01 3.480772495269775391e+00 -9.964994430541992188e+00
-2.159375429153442383e+00 4.561501502990722656e+00 -6.120501041412353516e+00
5.291355609893798828e+00 3.118845462799072266e+00 2.328136682510375977e+00
6.042057991027832031e+00 3.036586284637451172e+00 1.752288341522216797e+00
1.965135693550109863e+00 7.015163898468017578e-01 -1.028531265258789062e+01
-5.165110826492309570e-01 2.795274734497070312e+00 -1.161503887176513672e+01
4.417212903499603271e-01 2.524088621139526367e+00 -1.076830291748046875e+01
