1.562015652656555176e+00 -4.930104732513427734e+00 -2.714443206787109375e+00
2.279642105102539062e+00 -4.773136138916015625e+00 -1.925297260284423828e+00
1.516044259071350098e+00 -4.783500671386718750e+00 -2.309356927871704102e+00
-5.068796634674072266e+00 -8.108441352844238281e+00 -7.822117805480957031e+00
-4.999060630798339844e+00 -8.061285018920898438e+00 -1.156799125671386719e+01
-4.185042381286621094e+00 -8.320865631103515625e+00 -9.419653892517089844e+00
-7.270868301391601562e+00 -7.468327999114990234e+00 -7.059001922607421875e+00
-7.775102138519287109e+00 -7.350697517395019531e+00 -7.967330455780029297e+00
-5.692033290863037109e+00 -8.128492355346679688e+00 -9.823809623718261719e+00
-6.220519065856933594e+00 -7.997282505035400391e+00 -9.061598777770996094e+00
-6.480340957641601562e+00 -7.344847679138183594e+00 -1.205447483062744141e+01
-8.411073684692382812e+00 -6.366465091705322266e+00 -1.057600212097167969e+01
-8.333418846130371094e+00 -6.188793659210205078e+00 -1.129419040679931641e+01
-9.642890930175781250e+00 -5.266152381896972656e+00 -8.363172531127929688e+00
-1.005145359039306641e+01 -4.324127674102783203e+00 -8.716070175170898438e+00
-9.586738586425781250e+00 -4.640638828277587891e+00 -1.086791229248046875e+01
-8.220074653625488281e+00 -6.690137386322021484e+00 -5.445701122283935547e+00
-9.067577362060546875e+00 -6.091178417205810547e+00 -4.930509090423583984e+00
-7.968163013458251953e+00 -5.744797706604003906e+00 -3.404844999313354492e+00
-8.496985435485839844e+00 -5.227964401245117188e+00 -2.226387739181518555e+00
-6.958399772644042969e+00 -5.439771175384521484e+00 -3.112401247024536133e+00
-2.592771530151367188e+00 -5.030377388000488281e+00 -1.547758340835571289e+00
-3.373090505599975586e+00 -4.880633354187011719e+00 -5.826249122619628906e-01
-1.439444184303283691e+00 -4.990955352783203125e+00 -2.368406653404235840e-01
-7.378932952880859375e+00 -3.212016820907592773e+00 2.311636924743652344e+00
-5.355190753936767578e+00 -3.512187957763671875e+00 1.279048085212707520e+00
-3.859783887863159180e+00 -5.067459583282470703e+00 -2.136632442474365234e+00
-7.304337501525878906e+00 -4.796107769012451172e+00 -1.626803994178771973e+00
-6.307424068450927734e+00 -5.166194915771484375e+00 -2.786697387695312500e+00
-3.738260507583618164e+00 -4.413315296173095703e+00 1.348079741001129150e-01
-4.767881393432617188e+00 -7.278667926788330078e+00 -5.294453620910644531e+00
-4.545242309570312500e+00 -6.497377872467041016e+00 -4.090968132019042969e+00
-2.279995679855346680e+00 -7.655368328094482422e+00 -6.416972160339355469e+00
-2.884289026260375977e+00 -7.167416572570800781e+00 -5.066849708557128906e+00
-2.213910102844238281e+00 -7.177138805389404297e+00 -5.299005031585693359e+00
-1.355470657348632812e+00 -6.801552772521972656e+00 -5.043908119201660156e+00
-2.779243469238281250e+00 -6.776615142822265625e+00 -4.439444541931152344e+00
-5.267483234405517578e+00 -6.850174903869628906e+00 -4.678676605224609375e+00
-6.153746604919433594e+00 -7.666518688201904297e+00 -6.741860866546630859e+00
-8.704813957214355469e+00 -6.650547981262207031e+00 -6.455023288726806641e+00
-1.416357517242431641e+00 -4.980098247528076172e+00 -1.835869669914245605e+00
-9.338111281394958496e-01 -5.041263103485107422e+00 -2.276779413223266602e+00
-2.240586757659912109e+00 -5.124148368835449219e+00 -2.023108005523681641e+00
-3.498803675174713135e-01 -5.083358287811279297e+00 -1.197297334671020508e+00
6.330854296684265137e-01 -4.613911151885986328e+00 -1.598884940147399902e+00
-8.137008547782897949e-01 -5.403650283813476562e+00 -3.020361661911010742e+00
-7.041865028440952301e-03 -5.499191761016845703e+00 -3.344995737075805664e+00
6.083655357360839844e-01 -4.762868404388427734e+00 -2.125525951385498047e+00
-9.515451431274414062e+00 -4.813156127929687500e+00 -2.044892072677612305e+00
-9.939837455749511719e+00 -4.889949798583984375e+00 -4.680458545684814453e+00
-9.351734161376953125e+00 -5.580735206604003906e+00 -3.831468582153320312e+00
-1.019550323486328125e+01 -3.759049892425537109e+00 -3.288490533828735352e+00
-1.031900691986083984e+01 -3.584796190261840820e+00 -4.716261386871337891e+00
-9.119862556457519531e+00 -4.087140083312988281e+00 3.092175126075744629e-01
-9.780833244323730469e+00 -4.173789024353027344e+00 -1.408575057983398438e+00
-9.819857597351074219e+00 -3.231313228607177734e+00 -2.800852060317993164e-01
-9.598630905151367188e+00 -2.926655292510986328e+00 9.023162722587585449e-01
-9.112703323364257812e+00 -2.721467018127441406e+00 2.167361974716186523e+00
-9.278633117675781250e+00 -1.629426002502441406e+00 1.269491195678710938e+00
-1.017271423339843750e+01 -2.694640874862670898e+00 -2.523957252502441406e+00
-1.009729766845703125e+01 -1.608523011207580566e+00 -2.652769088745117188e+00
-9.464385986328125000e+00 -1.293123126029968262e+00 -8.882168531417846680e-01
-7.936534404754638672e+00 -4.179959297180175781e-01 -6.468793153762817383e-01
-1.006279659271240234e+01 -4.634137630462646484e+00 -5.545700073242187500e+00
-1.034726047515869141e+01 -3.650550842285156250e+00 -5.425620079040527344e+00
-1.053309154510498047e+01 -2.256410598754882812e+00 -5.302206993103027344e+00
-1.059033107757568359e+01 -2.096881389617919922e+00 -5.872643470764160156e+00
-1.008306884765625000e+01 -6.555270552635192871e-01 -5.353953838348388672e+00
-1.058956146240234375e+01 -2.841827392578125000e+00 -7.962355136871337891e+00
-1.071118164062500000e+01 -1.945305585861206055e+00 -8.887451171875000000e+00
-1.060098361968994141e+01 -8.071146607398986816e-01 -8.517288208007812500e+00
-9.951549530029296875e+00 -3.265597224235534668e-01 -6.706295490264892578e+00
-8.382747650146484375e+00 -2.020269632339477539e-01 -2.253692865371704102e+00
-6.927568912506103516e+00 1.703280329704284668e+00 -3.685944318771362305e+00
-9.017843246459960938e+00 3.914872705936431885e-01 -6.202743053436279297e+00
-7.576673507690429688e+00 1.443163514137268066e+00 -4.987625122070312500e+00
1.315332031250000000e+01 -5.621771812438964844e+00 4.667083740234375000e+00
1.353265857696533203e+01 -6.233871459960937500e+00 8.152837753295898438e-01
1.302503204345703125e+01 -5.999232292175292969e+00 1.494332671165466309e+00
1.486645603179931641e+01 -6.018907546997070312e+00 2.023537158966064453e+00
1.468859100341796875e+01 -5.225112915039062500e+00 3.205482244491577148e+00
1.194125175476074219e+01 -5.666650772094726562e+00 2.779415130615234375e+00
4.424414634704589844e+00 -1.067645907402038574e+00 4.974736690521240234e+00
5.305630683898925781e+00 -6.545634269714355469e-01 6.128757953643798828e+00
6.651845932006835938e+00 -4.828692436218261719e+00 -1.667795896530151367e+00
8.914359092712402344e+00 -6.248386859893798828e+00 -1.239962816238403320e+00
8.129000663757324219e+00 -6.160720825195312500e+00 -1.084038972854614258e+00
7.454308509826660156e+00 -6.237626075744628906e+00 -4.950586855411529541e-01
2.554090023040771484e+00 -5.416610717773437500e+00 4.058896601200103760e-01
4.297159194946289062e+00 -4.695479393005371094e+00 -1.501269698143005371e+00
5.169411182403564453e+00 -5.087460517883300781e+00 -1.171417474746704102e+00
2.307540655136108398e+00 -4.279903411865234375e+00 -1.264554858207702637e+00
4.117099285125732422e+00 -4.725134849548339844e+00 -1.282438635826110840e+00
5.109810829162597656e+00 -5.558153152465820312e+00 2.173532843589782715e-01
5.809365272521972656e+00 -5.961624145507812500e+00 -6.079586148262023926e-01
3.097598552703857422e+00 -5.485468387603759766e+00 -5.893404483795166016e-01
9.442032814025878906e+00 -5.126552581787109375e+00 3.096888065338134766e+00
9.976937294006347656e+00 -4.659346580505371094e+00 4.953874111175537109e+00
9.931859970092773438e+00 -4.814417839050292969e+00 4.306471347808837891e+00
8.670715332031250000e+00 -3.951401710510253906e+00 5.396945476531982422e+00
8.919142723083496094e+00 -4.914340019226074219e+00 3.164284229278564453e+00
9.019627571105957031e+00 -5.879305362701416016e+00 1.435936450958251953e+00
8.682693481445312500e+00 -6.067307472229003906e+00 9.425301551818847656e-01
5.524649143218994141e+00 -1.222225069999694824e+00 4.068756580352783203e+00
6.166101932525634766e+00 -3.648840427398681641e+00 2.407096385955810547e+00
5.593075275421142578e+00 -3.941008567810058594e+00 1.878452301025390625e+00
4.520330905914306641e+00 -1.860941886901855469e+00 3.090737104415893555e+00
4.620431423187255859e+00 -1.434921145439147949e+00 3.749992609024047852e+00
6.893575191497802734e+00 -2.369118452072143555e+00 4.336936473846435547e+00
6.696325302124023438e+00 -1.785192966461181641e+00 5.561867237091064453e+00
6.542721271514892578e+00 -5.435420036315917969e+00 9.404222965240478516e-01
1.199451255798339844e+01 -4.345123291015625000e+00 6.095046997070312500e+00
1.369075298309326172e+01 -4.539041042327880859e+00 4.657436370849609375e+00
1.256350898742675781e+01 -3.330232858657836914e+00 5.024822711944580078e+00
1.343416118621826172e+01 -3.304510116577148438e+00 3.308591365814208984e+00
7.809599876403808594e+00 -2.744391202926635742e+00 6.762782573699951172e+00
7.393872737884521484e+00 -2.260508298873901367e+00 6.709373474121093750e+00
4.264177799224853516e+00 -2.908265888690948486e-01 6.897892951965332031e+00
9.592141151428222656e+00 -4.120935916900634766e+00 6.713833332061767578e+00
1.041945266723632812e+01 -2.728540658950805664e+00 6.730175495147705078e+00
1.079511165618896484e+01 -2.258588552474975586e+00 5.702711582183837891e+00
8.696208000183105469e+00 -1.332266449928283691e+00 6.582550048828125000e+00
9.070642471313476562e+00 -9.889215826988220215e-01 5.576016426086425781e+00
1.113933467864990234e+01 -2.016936779022216797e+00 4.660733222961425781e+00
1.148757553100585938e+01 -1.763873934745788574e+00 3.614677429199218750e+00
6.667796134948730469e+00 -1.224755287170410156e+00 6.410590171813964844e+00
7.797209262847900391e+00 -7.051630616188049316e-01 6.409281253814697266e+00
7.087816715240478516e+00 2.218080908060073853e-01 5.789382934570312500e+00
6.331665992736816406e+00 3.431655094027519226e-02 6.099070549011230469e+00
5.698908329010009766e+00 1.053169608116149902e+00 5.573372840881347656e+00
8.155328750610351562e+00 4.590837061405181885e-01 4.549094676971435547e+00
5.768304347991943359e+00 2.198563337326049805e+00 4.190192222595214844e+00
6.161584377288818359e+00 2.275691032409667969e+00 3.718152761459350586e+00
-2.132122039794921875e+00 -2.793646335601806641e+00 3.778736591339111328e+00
-1.521567225456237793e+00 -3.796704053878784180e+00 1.668331503868103027e+00
-1.475774407386779785e+00 -4.646872520446777344e+00 3.923699557781219482e-01
-1.614927411079406738e+00 -2.857363224029541016e+00 3.503286838531494141e+00
-2.426354289054870605e-01 -2.653753757476806641e+00 2.384555339813232422e+00
-5.071266174316406250e+00 -3.477105379104614258e+00 1.471395611763000488e+00
-4.358728408813476562e+00 -3.314009428024291992e+00 2.206017255783081055e+00
-5.804697036743164062e+00 -2.596653699874877930e+00 3.394502401351928711e+00
-5.278426647186279297e+00 -3.017407655715942383e+00 2.538394927978515625e+00
-4.094186305999755859e+00 -2.823958396911621094e+00 3.384325265884399414e+00
-2.758633852005004883e+00 -1.618073940277099609e+00 4.884785652160644531e+00
-5.653517723083496094e+00 -1.266515254974365234e+00 4.709110260009765625e+00
-5.350784301757812500e+00 -7.351423501968383789e-01 4.909446716308593750e+00
2.539461374282836914e+00 -1.688066005706787109e+00 3.691138744354248047e+00
1.373052716255187988e+00 -8.707396984100341797e-01 4.157853603363037109e+00
-5.922884121537208557e-02 -1.181474566459655762e+00 3.670701026916503906e+00
1.086889147758483887e+00 -2.972094416618347168e-01 4.694083690643310547e+00
2.520979642868041992e+00 -9.986365437507629395e-01 5.325151920318603516e+00
3.528088569641113281e+00 -4.919261038303375244e-01 6.687726497650146484e+00
1.110357284545898438e+00 7.990334033966064453e-01 5.420641422271728516e+00
-3.225728034973144531e+00 -1.387240767478942871e+00 5.011631488800048828e+00
-4.245392799377441406e+00 3.033732771873474121e-01 5.010084152221679688e+00
-2.751325845718383789e+00 5.679986476898193359e-01 5.133820056915283203e+00
-1.171239852905273438e+00 1.621107578277587891e+00 4.408920288085937500e+00
-3.889926671981811523e+00 1.025278687477111816e+00 4.047924041748046875e+00
-3.827241659164428711e+00 1.431744337081909180e+00 2.892101287841796875e+00
-1.769224703311920166e-01 -5.097038745880126953e+00 -7.967872917652130127e-02
2.987715303897857666e-01 -4.953903675079345703e+00 -1.145309433341026306e-01
8.170939087867736816e-01 -4.959758281707763672e+00 3.480087593197822571e-02
1.647779822349548340e+00 -3.793220996856689453e+00 1.425682783126831055e+00
1.483224272727966309e+00 -4.993152618408203125e+00 5.844722390174865723e-01
1.626422524452209473e+00 -3.759727239608764648e+00 -1.365742325782775879e+00
1.890341162681579590e+00 -2.613675117492675781e+00 2.367743015289306641e+00
2.286411046981811523e+00 1.551206350326538086e+00 5.578545570373535156e+00
2.873169183731079102e+00 2.522263288497924805e+00 4.232733249664306641e+00
2.603212594985961914e+00 2.979801177978515625e+00 3.013426065444946289e+00
-8.647973537445068359e-01 2.487236261367797852e+00 2.619309186935424805e+00
-6.661047935485839844e-01 1.957650303840637207e+00 4.180717468261718750e+00
5.699303150177001953e-01 2.560395717620849609e+00 3.245993852615356445e+00
-1.729832291603088379e+00 3.177993535995483398e+00 1.092464625835418701e-01
-7.585231304168701172e+00 -2.460116147994995117e+00 3.555375099182128906e+00
-7.327983856201171875e+00 -1.424710988998413086e+00 4.218164443969726562e+00
-7.960878849029541016e+00 -8.128248453140258789e-01 2.908296585083007812e+00
-6.811319351196289062e+00 -1.160551667213439941e+00 4.463065624237060547e+00
-7.016551017761230469e+00 -3.644398748874664307e-01 3.060887813568115234e+00
-6.419869422912597656e+00 1.893325001001358032e-01 1.420070290565490723e+00
-6.219474792480468750e+00 1.399474143981933594e-01 2.390999317169189453e+00
-6.924128055572509766e+00 2.278578132390975952e-01 -8.152641057968139648e-01
-3.746307611465454102e+00 1.651904702186584473e+00 1.847141027450561523e+00
-5.362927913665771484e+00 2.016715764999389648e+00 -1.992303133010864258e+00
-3.647044420242309570e+00 3.037254571914672852e+00 -1.669439673423767090e+00
3.385910034179687500e+00 7.816942334175109863e-01 6.477304935455322266e+00
2.980970382690429688e+00 1.832844018936157227e+00 5.372395992279052734e+00
3.836379051208496094e+00 2.201560974121093750e+00 4.795731067657470703e+00
4.537040710449218750e+00 2.736350059509277344e+00 3.761083364486694336e+00
3.876827478408813477e+00 3.210392713546752930e+00 2.963267564773559570e+00
7.765341758728027344e+00 -4.893405437469482422e+00 -3.960983037948608398e+00
2.378306627273559570e+00 -5.070246696472167969e+00 -3.053952932357788086e+00
5.496636867523193359e+00 -4.728327751159667969e+00 -2.525265216827392578e+00
6.322965621948242188e+00 -4.678162574768066406e+00 -2.972089052200317383e+00
3.034931182861328125e+00 -5.006979942321777344e+00 -2.935851573944091797e+00
2.091628551483154297e+00 -5.928947448730468750e+00 -5.251184463500976562e+00
2.628168106079101562e+00 -5.807034492492675781e+00 -6.253178596496582031e+00
3.892585515975952148e+00 -5.141031742095947266e+00 -5.598391056060791016e+00
5.926140308380126953e+00 -4.813573360443115234e+00 -3.732179641723632812e+00
7.163058280944824219e+00 -4.955543041229248047e+00 -4.069411754608154297e+00
2.444571971893310547e+00 -5.620666980743408203e+00 -8.458436965942382812e+00
8.328398704528808594e+00 -4.970970153808593750e+00 -6.008053779602050781e+00
3.302294015884399414e+00 -5.330364704132080078e+00 -7.116260528564453125e+00
3.714578151702880859e+00 -4.720865726470947266e+00 -7.899122238159179688e+00
6.292977809906005859e+00 -5.069830894470214844e+00 -5.377452373504638672e+00
7.413081645965576172e+00 -4.927616596221923828e+00 -6.329645633697509766e+00
5.881151676177978516e+00 -4.175407886505126953e+00 -7.251241207122802734e+00
7.539212226867675781e+00 -4.027681827545166016e+00 -7.367802619934082031e+00
5.590606212615966797e+00 -3.860794544219970703e+00 -7.628090858459472656e+00
5.159760951995849609e+00 -2.835750341415405273e+00 -8.642983436584472656e+00
5.234376430511474609e+00 -2.076198816299438477e+00 -8.896840095520019531e+00
-3.349162578582763672e+00 -7.970133781433105469e+00 -1.205657768249511719e+01
-3.131265401840209961e+00 -8.214776039123535156e+00 -1.051701831817626953e+01
-3.961040019989013672e+00 -7.543170928955078125e+00 -1.315925025939941406e+01
-1.581176280975341797e+00 -6.563798427581787109e+00 -1.324275016784667969e+01
-3.556292533874511719e+00 -6.334498882293701172e+00 -1.446040534973144531e+01
-3.374917507171630859e+00 -5.280734539031982422e+00 -1.519312667846679688e+01
-6.631158828735351562e+00 -6.536614418029785156e+00 -1.317154598236083984e+01
-7.072167396545410156e+00 -6.212553024291992188e+00 -1.318897914886474609e+01
-7.757856845855712891e+00 -5.232090473175048828e+00 -1.367577648162841797e+01
-5.719540119171142578e+00 -7.132066726684570312e+00 -1.307827377319335938e+01
-8.473759651184082031e+00 -5.364765644073486328e+00 -1.256395053863525391e+01
-7.363682746887207031e+00 -4.563948154449462891e+00 -1.457429122924804688e+01
-4.151378631591796875e+00 -5.535018444061279297e+00 -1.502940654754638672e+01
-5.995181083679199219e+00 -4.381399154663085938e+00 -1.525747299194335938e+01
-2.711071252822875977e+00 -5.387227058410644531e+00 -1.501435852050781250e+01
-2.176548242568969727e+00 -4.294914722442626953e+00 -1.537033939361572266e+01
-3.721886396408081055e+00 -3.714344501495361328e+00 -1.575310420989990234e+01
-2.789957523345947266e+00 -3.185717821121215820e+00 -1.571623706817626953e+01
-4.989556312561035156e+00 -2.647948026657104492e+00 -1.594015216827392578e+01
-3.921812295913696289e+00 -1.502676725387573242e+00 -1.593350505828857422e+01
-9.300356864929199219e+00 -4.440834045410156250e+00 -1.222236633300781250e+01
-8.934897422790527344e+00 -4.001644134521484375e+00 -1.344591140747070312e+01
-9.910534858703613281e+00 -2.862238645553588867e+00 -1.234774112701416016e+01
-1.039943885803222656e+01 -1.437377452850341797e+00 -1.152039432525634766e+01
-8.549048423767089844e+00 -3.347583532333374023e+00 -1.436072349548339844e+01
-7.692034244537353516e+00 -2.964988946914672852e+00 -1.519814872741699219e+01
-9.820209503173828125e+00 -9.228892326354980469e-01 -1.328442668914794922e+01
-9.373141288757324219e+00 -3.243293464183807373e-01 -1.420547485351562500e+01
-8.486723899841308594e+00 -9.486016035079956055e-01 -1.507444000244140625e+01
-7.135332584381103516e+00 1.637402772903442383e-01 -1.576906204223632812e+01
-7.626653194427490234e+00 8.208550214767456055e-01 -1.553696441650390625e+01
-1.521107435226440430e+00 -7.556203842163085938e+00 -6.888762474060058594e+00
-4.205146729946136475e-01 -7.157060146331787109e+00 -8.631906509399414062e+00
7.463606446981430054e-02 -6.568918704986572266e+00 -5.590083599090576172e+00
6.201444268226623535e-01 -6.685697555541992188e+00 -6.757386684417724609e+00
-2.395024448633193970e-01 -6.931234359741210938e+00 -9.610948562622070312e+00
-5.050349235534667969e-02 -5.895541191101074219e+00 -1.240229034423828125e+01
1.354008555412292480e+00 -6.388277530670166016e+00 -6.419601917266845703e+00
2.022362947463989258e+00 -5.951604843139648438e+00 -8.191216468811035156e+00
-7.600480318069458008e-01 -5.086991786956787109e+00 -1.430421733856201172e+01
1.024634718894958496e+00 -4.962985992431640625e+00 -1.243789958953857422e+01
-1.229965567588806152e+00 -3.739357948303222656e+00 -1.520327091217041016e+01
-1.921776533126831055e-01 -3.007015228271484375e+00 -1.485959148406982422e+01
1.960748314857482910e+00 -5.053242206573486328e+00 -1.069772434234619141e+01
-1.088002562522888184e+00 -2.404692888259887695e+00 -1.528115653991699219e+01
-1.307925343513488770e+00 -1.696756005287170410e+00 -1.533981323242187500e+01
2.142400503158569336e+00 -3.535880804061889648e+00 -1.149277973175048828e+01
8.844756484031677246e-01 -1.869882941246032715e+00 -1.348690128326416016e+01
7.973240613937377930e-01 -1.143591403961181641e+00 -1.333436298370361328e+01
-2.606541872024536133e+00 -1.777390718460083008e+00 -1.569925785064697266e+01
-2.676615476608276367e+00 -8.077169656753540039e-01 -1.564058971405029297e+01
-5.084931373596191406e+00 4.565710425376892090e-01 -1.588673496246337891e+01
-2.886417627334594727e+00 1.010102510452270508e+00 -1.536638927459716797e+01
-2.164156436920166016e+00 1.176836848258972168e+00 -1.512438583374023438e+01
-4.969812631607055664e-01 1.152266025543212891e+00 -1.389087295532226562e+01
-2.881676197052001953e+00 2.082967042922973633e+00 -1.503552818298339844e+01
-2.464852333068847656e+00 2.792244911193847656e+00 -1.464750289916992188e+01
2.705170869827270508e+00 -3.967025518417358398e+00 -1.033807849884033203e+01
3.521454811096191406e+00 -2.606579542160034180e+00 -1.011229896545410156e+01
3.013152837753295898e+00 -1.844777941703796387e+00 -1.085309028625488281e+01
9.655487537384033203e-01 -2.787369787693023682e-01 -1.281410312652587891e+01
1.484486937522888184e+00 1.086659356951713562e-02 -1.211095333099365234e+01
2.351027011871337891e+00 -2.130620926618576050e-01 -1.122760391235351562e+01
1.082718372344970703e+00 4.213289916515350342e-01 -1.233706092834472656e+01
-1.051022148132324219e+01 -9.641195535659790039e-01 -1.099471092224121094e+01
-9.964849472045898438e+00 6.881402134895324707e-01 -1.292312431335449219e+01
-1.030054950714111328e+01 -1.287734042853116989e-02 -1.048830604553222656e+01
-1.007037258148193359e+01 -1.179965361952781677e-01 -9.025906562805175781e+00
-9.722830772399902344e+00 5.469707250595092773e-01 -1.002928543090820312e+01
-9.961034774780273438e+00 9.274063110351562500e-01 -1.155371093750000000e+01
-9.431688308715820312e+00 2.040285587310791016e+00 -1.278627014160156250e+01
-8.817842483520507812e+00 1.399601340293884277e+00 -9.344513893127441406e+00
-8.414664268493652344e+00 2.404246091842651367e+00 -1.037724685668945312e+01
-8.198394775390625000e+00 1.161404132843017578e+00 -6.070196628570556641e+00
-7.960976123809814453e+00 1.597631335258483887e+00 -7.152226924896240234e+00
-8.281643867492675781e+00 1.885524392127990723e+00 -8.738843917846679688e+00
-7.897646903991699219e+00 2.553581476211547852e+00 -9.733778953552246094e+00
-6.296006679534912109e+00 2.700624227523803711e+00 -7.680057525634765625e+00
-6.211560249328613281e+00 3.011472225189208984e+00 -8.164265632629394531e+00
-8.633504867553710938e+00 2.208385467529296875e+00 -1.429407787322998047e+01
-8.035393714904785156e+00 2.238384008407592773e+00 -1.473332881927490234e+01
-7.636247634887695312e+00 3.454250335693359375e+00 -1.351582527160644531e+01
-6.652606010437011719e+00 4.283348083496093750e+00 -1.313982105255126953e+01
-6.099411964416503906e+00 1.900725007057189941e+00 -1.547765922546386719e+01
-5.843259811401367188e+00 2.191547155380249023e+00 -1.532880210876464844e+01
-5.168242931365966797e+00 3.975822210311889648e+00 -1.412404727935791016e+01
-4.612679481506347656e+00 3.966644048690795898e+00 -1.425043964385986328e+01
-5.865467071533203125e+00 3.781151056289672852e+00 -1.412794208526611328e+01
-8.272016525268554688e+00 3.292182207107543945e+00 -1.224934387207031250e+01
-6.240646362304687500e+00 4.425183296203613281e+00 -1.238156986236572266e+01
-5.554275989532470703e+00 4.389656543731689453e+00 -1.074437141418457031e+01
-3.386483669281005859e+00 4.238729953765869141e+00 -1.349002265930175781e+01
-3.168686628341674805e+00 4.301180839538574219e+00 -1.287225055694580078e+01
-5.217840671539306641e+00 4.443377971649169922e+00 -1.222057628631591797e+01
-4.466704368591308594e+00 4.641794204711914062e+00 -1.232779121398925781e+01
-3.214895725250244141e+00 4.692052364349365234e+00 -1.144487571716308594e+01
-4.955964565277099609e+00 4.792755603790283203e+00 -1.084929943084716797e+01
-3.793904304504394531e+00 4.898404121398925781e+00 -1.117279052734375000e+01
-6.638320922851562500e+00 3.691221714019775391e+00 -1.050271320343017578e+01
-5.929399490356445312e+00 3.629226922988891602e+00 -9.035832405090332031e+00
3.062405109405517578e+00 -1.805669069290161133e-01 -1.030351638793945312e+01
-1.368529945611953735e-01 1.533792972564697266e+00 -1.287891483306884766e+01
-2.112834692001342773e+00 3.225485324859619141e+00 -1.359653282165527344e+01
9.984807372093200684e-01 8.088478446006774902e-01 -1.169001293182373047e+01
-1.052000522613525391e+00 2.889973163604736328e+00 -1.234042644500732422e+01
-2.711907625198364258e+00 3.850737571716308594e+00 -1.327226448059082031e+01
-1.647745966911315918e+00 3.653223037719726562e+00 -1.187733173370361328e+01
1.143655586242675781e+01 -6.506801128387451172e+00 -3.356468677520751953e+00
1.331967163085937500e+01 -6.703922271728515625e+00 -1.682333350181579590e+00
1.117382812500000000e+01 -6.434564590454101562e+00 -8.246867656707763672e-01
1.097988986968994141e+01 -6.446861743927001953e+00 -2.581568002700805664e+00
1.435300254821777344e+01 -6.952826499938964844e+00 -4.990223884582519531e+00
1.199027347564697266e+01 -6.574640750885009766e+00 -3.956695318222045898e+00
1.270126438140869141e+01 -6.558812618255615234e+00 -5.450908660888671875e+00
1.314817619323730469e+01 -6.872445583343505859e+00 -3.635675430297851562e+00
1.562010574340820312e+01 -7.042208671569824219e+00 -3.551672220230102539e+00
1.605928611755371094e+01 -5.977648258209228516e+00 -4.134360790252685547e+00
1.623090362548828125e+01 -6.516491889953613281e+00 -1.111967325210571289e+00
1.635922050476074219e+01 -5.727176666259765625e+00 -1.993885993957519531e+00
1.456393909454345703e+01 -6.588914871215820312e+00 1.060693264007568359e-01
1.480380344390869141e+01 -6.959202289581298828e+00 -1.502805233001708984e+00
1.535018539428710938e+01 -6.268929958343505859e+00 1.041732311248779297e+00
1.474077892303466797e+01 -4.156918048858642578e+00 2.090942621231079102e+00
1.509684467315673828e+01 -4.268382549285888672e+00 9.679765701293945312e-01
1.430229282379150391e+01 -3.378496885299682617e+00 1.114204645156860352e+00
1.579900932312011719e+01 -4.941347599029541016e+00 -3.300072431564331055e+00
1.521183490753173828e+01 -4.087281227111816406e+00 -2.519033432006835938e+00
1.518328857421875000e+01 -4.007510185241699219e+00 -9.495499134063720703e-01
1.494667530059814453e+01 -3.670467853546142578e+00 -1.456959962844848633e+00
1.430575847625732422e+01 -2.897991418838500977e+00 -8.291124701499938965e-01
1.381325054168701172e+01 -6.735411643981933594e+00 -6.213668346405029297e+00
1.525700283050537109e+01 -5.948041439056396484e+00 -6.508975982666015625e+00
1.237340831756591797e+01 -6.433701992034912109e+00 -6.640227317810058594e+00
1.291884708404541016e+01 -5.900540828704833984e+00 -7.423274040222167969e+00
1.593466281890869141e+01 -5.862704753875732422e+00 -5.596998691558837891e+00
1.561610698699951172e+01 -5.095990657806396484e+00 -5.889471530914306641e+00
1.503553199768066406e+01 -4.436976909637451172e+00 -5.490534782409667969e+00
1.326211833953857422e+01 -5.512177467346191406e+00 -7.276710510253906250e+00
1.263307380676269531e+01 -4.953953742980957031e+00 -6.594456672668457031e+00
1.349392890930175781e+01 -4.477707386016845703e+00 -6.064706325531005859e+00
1.361889076232910156e+01 -3.394508838653564453e+00 -4.906236648559570312e+00
1.497974014282226562e+01 -3.764595508575439453e+00 -2.763972759246826172e+00
1.491592311859130859e+01 -3.772034168243408203e+00 -4.449435710906982422e+00
1.436062145233154297e+01 -2.933094263076782227e+00 -3.699353933334350586e+00
1.016592788696289062e+01 -5.978777408599853516e+00 -2.734914779663085938e+00
6.993503570556640625e+00 -4.744298934936523438e+00 -2.368694782257080078e+00
7.280821323394775391e+00 -4.811895847320556641e+00 -1.940460681915283203e+00
6.846004962921142578e+00 -4.685777664184570312e+00 -2.932117700576782227e+00
1.048546218872070312e+01 -6.269266128540039062e+00 -2.332372426986694336e+00
9.016356468200683594e+00 -5.502854824066162109e+00 -1.937863588333129883e+00
7.954720497131347656e+00 -5.076618194580078125e+00 -1.574163675308227539e+00
9.604249954223632812e+00 -5.501321792602539062e+00 -3.428251743316650391e+00
9.959943771362304688e+00 -5.519692897796630859e+00 -4.653788089752197266e+00
8.336945533752441406e+00 -4.965953350067138672e+00 -3.957177400588989258e+00
1.354138755798339844e+01 -2.193804025650024414e+00 2.362731471657752991e-02
1.220273780822753906e+01 -8.182417750358581543e-01 -9.901876449584960938e-01
1.097008514404296875e+01 -5.936017513275146484e+00 -5.482199668884277344e+00
1.103472328186035156e+01 -5.397770404815673828e+00 -6.019728183746337891e+00
9.603182792663574219e+00 -5.048953056335449219e+00 -5.194307327270507812e+00
1.172680759429931641e+01 -4.681470870971679688e+00 -6.161694526672363281e+00
9.191467285156250000e+00 -4.301511287689208984e+00 -6.412359237670898438e+00
1.041355895996093750e+01 -3.522370100021362305e+00 -5.864413738250732422e+00
1.248041725158691406e+01 -3.678724527359008789e+00 -5.432279109954833984e+00
1.066152286529541016e+01 -3.180389165878295898e+00 -5.661376476287841797e+00
1.068852043151855469e+01 -2.253731012344360352e+00 -5.247051715850830078e+00
8.549018859863281250e+00 -3.668868303298950195e+00 -7.026593208312988281e+00
9.063961982727050781e+00 -3.066032171249389648e+00 -6.566857814788818359e+00
8.059698104858398438e+00 -2.022319316864013672e+00 -6.901920318603515625e+00
1.042191123962402344e+01 -1.589889526367187500e+00 -5.108233451843261719e+00
8.265740394592285156e+00 -1.693470001220703125e+00 -6.639025688171386719e+00
8.760567665100097656e+00 -4.711891710758209229e-01 -5.843881130218505859e+00
7.290862083435058594e+00 -1.506398618221282959e-01 -6.919955253601074219e+00
1.327458858489990234e+01 -2.149672508239746094e+00 -4.015197753906250000e+00
1.344338417053222656e+01 -1.703519105911254883e+00 -1.886600375175476074e+00
1.321463966369628906e+01 -1.342128276824951172e+00 -3.111819982528686523e+00
1.239191532135009766e+01 -4.618867933750152588e-01 -2.200417995452880859e+00
1.204843997955322266e+01 -1.424690783023834229e-01 -2.809341907501220703e+00
1.242125797271728516e+01 -1.921293616294860840e+00 -4.334336757659912109e+00
1.122487449645996094e+01 -1.229088068008422852e+00 -4.468486309051513672e+00
1.150657272338867188e+01 -5.766718387603759766e-01 -3.845846652984619141e+00
1.016631507873535156e+01 1.549135684967041016e+00 -1.728451490402221680e+00
9.280676841735839844e+00 2.357614040374755859e+00 -2.872126102447509766e+00
9.324897766113281250e+00 2.289367914199829102e+00 -3.341749906539916992e+00
8.565127372741699219e+00 2.917930841445922852e+00 -2.360787630081176758e+00
1.022417926788330078e+01 -9.051864743232727051e-01 -4.996342658996582031e+00
1.065301895141601562e+01 2.943643927574157715e-01 -4.108068466186523438e+00
8.377045631408691406e+00 1.395480632781982422e-01 -5.859983444213867188e+00
7.027288436889648438e+00 9.982399940490722656e-01 -6.432707309722900391e+00
1.382319831848144531e+01 -3.420601844787597656e+00 2.677138805389404297e+00
1.244986438751220703e+01 -2.306683063507080078e+00 2.971724748611450195e+00
1.127194309234619141e+01 -7.189092636108398438e-01 1.484169483184814453e+00
1.147371196746826172e+01 -5.426330566406250000e-01 3.248383402824401855e-01
9.997033119201660156e+00 -2.384505718946456909e-01 3.167894601821899414e+00
8.881348609924316406e+00 1.087615609169006348e+00 2.632524967193603516e+00
9.462757110595703125e+00 7.917255759239196777e-01 2.119521141052246094e+00
7.333586692810058594e+00 2.102263689041137695e+00 2.973423004150390625e+00
7.168361663818359375e+00 2.766316652297973633e+00 1.842560172080993652e+00
9.849815368652343750e+00 1.012929201126098633e+00 3.900249302387237549e-01
1.006184196472167969e+01 1.355216264724731445e+00 -9.730538725852966309e-01
8.000335693359375000e+00 2.682965040206909180e+00 4.372912347316741943e-01
3.352636098861694336e+00 4.286178588867187500e+00 -3.433590233325958252e-01
6.225018024444580078e+00 3.580017805099487305e+00 2.856878042221069336e-01
5.482823371887207031e+00 4.051386356353759766e+00 -2.224447488784790039e+00
3.674732446670532227e+00 4.402479648590087891e+00 -6.824266910552978516e-01
2.851253509521484375e+00 3.833756446838378906e+00 -2.455426692962646484e+00
2.968193054199218750e+00 3.534561872482299805e+00 -3.330716848373413086e+00
-9.877511858940124512e-01 3.797696828842163086e+00 -7.642237544059753418e-01
2.158392190933227539e+00 3.170797348022460938e+00 -4.390879631042480469e+00
1.094559393823146820e-02 4.166827201843261719e+00 -3.142642498016357422e+00
3.096255362033843994e-01 3.719377756118774414e+00 -4.698427677154541016e+00
2.383170604705810547e+00 3.820264577865600586e+00 -2.566412448883056641e+00
5.107616901397705078e+00 -8.618896007537841797e-01 -8.894858360290527344e+00
2.952807664871215820e+00 3.275578022003173828e-01 -9.609471321105957031e+00
5.077919960021972656e+00 5.349007248878479004e-01 -8.120269775390625000e+00
3.654915094375610352e+00 5.884821414947509766e-01 -8.972141265869140625e+00
2.531652450561523438e+00 5.176979899406433105e-01 -9.802188873291015625e+00
1.550808072090148926e+00 1.861088275909423828e+00 -9.913493156433105469e+00
3.344006836414337158e-01 3.159873247146606445e+00 -9.159089088439941406e+00
1.144749075174331665e-01 3.011470317840576172e+00 -1.045936775207519531e+01
5.670611858367919922e+00 2.843709707260131836e+00 -4.865001201629638672e+00
6.179771423339843750e+00 1.917363762855529785e+00 -6.100308418273925781e+00
4.715117931365966797e+00 2.732276678085327148e+00 -5.255750656127929688e+00
4.816205024719238281e+00 2.433675527572631836e+00 -5.971175193786621094e+00
6.614927768707275391e+00 3.757400035858154297e+00 -2.717413187026977539e+00
6.600226402282714844e+00 1.305521965026855469e+00 -6.435786247253417969e+00
5.733455657958984375e+00 1.707834124565124512e+00 -6.615993499755859375e+00
4.880594730377197266e+00 1.824394822120666504e+00 -7.050010204315185547e+00
2.750595569610595703e+00 2.885504722595214844e+00 -5.068300724029541016e+00
2.829707145690917969e+00 2.124311685562133789e+00 -7.364258766174316406e+00
2.041298866271972656e+00 2.361270189285278320e+00 -6.815873146057128906e+00
1.000227406620979309e-01 3.315257310867309570e+00 -6.272206306457519531e+00
2.786082625389099121e-01 2.975510597229003906e+00 -7.760149002075195312e+00
3.081541359424591064e-01 3.045676708221435547e+00 -8.139121055603027344e+00
-3.296362638473510742e+00 3.401887178421020508e+00 -2.585584402084350586e+00
-5.631716728210449219e+00 3.069559574127197266e+00 -7.732371807098388672e+00
-4.806977272033691406e+00 3.489589452743530273e+00 -7.636082649230957031e+00
-4.257584095001220703e+00 3.355859041213989258e+00 -6.674424171447753906e+00
-2.167137861251831055e+00 3.288632631301879883e+00 -2.315638363361358643e-01
-1.889533162117004395e+00 3.755349636077880859e+00 -1.355558395385742188e+00
-1.527990460395812988e+00 4.100594043731689453e+00 -2.468834638595581055e+00
-1.353535175323486328e+00 4.397252559661865234e+00 -3.693920373916625977e+00
-1.181836962699890137e+00 4.407289505004882812e+00 -4.987413406372070312e+00
-4.798651695251464844e+00 4.086106777191162109e+00 -8.505588531494140625e+00
-4.503814697265625000e+00 4.564389705657958984e+00 -9.024935722351074219e+00
-1.980048656463623047e+00 4.469765186309814453e+00 -7.511580467224121094e+00
-3.348868370056152344e+00 4.465691566467285156e+00 -8.331933021545410156e+00
-1.539251327514648438e+00 3.661252498626708984e+00 -1.120010089874267578e+01
-1.226701140403747559e+00 3.515990734100341797e+00 -1.106441402435302734e+01
-3.826383829116821289e+00 4.860887527465820312e+00 -1.070567417144775391e+01
-2.046486854553222656e+00 4.188789844512939453e+00 -9.851093292236328125e+00
-3.098835945129394531e-01 3.489441394805908203e+00 -9.967430114746093750e+00
-2.159179449081420898e+00 4.565757751464843750e+00 -6.120532512664794922e+00
5.292326450347900391e+00 3.277646064758300781e+00 2.366869211196899414e+00
6.057927131652832031e+00 3.223869323730468750e+00 1.800947427749633789e+00
1.971554160118103027e+00 7.167684435844421387e-01 -1.028863716125488281e+01
-5.144478678703308105e-01 2.804010391235351562e+00 -1.161681270599365234e+01
4.450232684612274170e-01 2.535267591476440430e+00 -1.077091789245605469e+01
