1.561582922935485840e+00 -4.931817054748535156e+00 -2.715835809707641602e+00
2.279482364654541016e+00 -4.775787353515625000e+00 -1.928779482841491699e+00
1.515705108642578125e+00 -4.786919116973876953e+00 -2.311789989471435547e+00
-5.068822383880615234e+00 -8.108498573303222656e+00 -7.822289466857910156e+00
-4.999222278594970703e+00 -8.061707496643066406e+00 -1.156781768798828125e+01
-4.185046195983886719e+00 -8.321141242980957031e+00 -9.419598579406738281e+00
-7.270931720733642578e+00 -7.468394279479980469e+00 -7.058897495269775391e+00
-7.775049209594726562e+00 -7.350723266601562500e+00 -7.967266559600830078e+00
-5.692143917083740234e+00 -8.128857612609863281e+00 -9.823757171630859375e+00
-6.220700740814208984e+00 -7.997518062591552734e+00 -9.061594963073730469e+00
-6.480309486389160156e+00 -7.345013618469238281e+00 -1.205461120605468750e+01
-8.410503387451171875e+00 -6.366510391235351562e+00 -1.057623767852783203e+01
-8.332463264465332031e+00 -6.189169883728027344e+00 -1.129479885101318359e+01
-9.641744613647460938e+00 -5.266067504882812500e+00 -8.363137245178222656e+00
-1.005048084259033203e+01 -4.324429988861083984e+00 -8.716338157653808594e+00
-9.584918022155761719e+00 -4.641874790191650391e+00 -1.086782932281494141e+01
-8.220373153686523438e+00 -6.690570831298828125e+00 -5.445357322692871094e+00
-9.068099975585937500e+00 -6.091971874237060547e+00 -4.929807186126708984e+00
-7.968347072601318359e+00 -5.745693206787109375e+00 -3.404409408569335938e+00
-8.496954917907714844e+00 -5.228701114654541016e+00 -2.226108312606811523e+00
-6.958368301391601562e+00 -5.440142154693603516e+00 -3.112502336502075195e+00
-2.593049764633178711e+00 -5.029753684997558594e+00 -1.548090577125549316e+00
-3.373256206512451172e+00 -4.880411148071289062e+00 -5.829354524612426758e-01
-1.439202666282653809e+00 -4.990748405456542969e+00 -2.376792281866073608e-01
-7.378680706024169922e+00 -3.211629629135131836e+00 2.311874151229858398e+00
-5.355408668518066406e+00 -3.511865377426147461e+00 1.279196739196777344e+00
-3.860163211822509766e+00 -5.067056179046630859e+00 -2.136668205261230469e+00
-7.304396629333496094e+00 -4.796360015869140625e+00 -1.626818299293518066e+00
-6.307699203491210938e+00 -5.166303157806396484e+00 -2.786452054977416992e+00
-3.738363504409790039e+00 -4.412923812866210938e+00 1.344405859708786011e-01
-4.767933368682861328e+00 -7.278442859649658203e+00 -5.294810771942138672e+00
-4.545550823211669922e+00 -6.496859550476074219e+00 -4.090890884399414062e+00
-2.280198335647583008e+00 -7.655157089233398438e+00 -6.417013645172119141e+00
-2.884586811065673828e+00 -7.167248725891113281e+00 -5.066895484924316406e+00
-2.214262962341308594e+00 -7.176870822906494141e+00 -5.299029350280761719e+00
-1.356051802635192871e+00 -6.801411151885986328e+00 -5.044182777404785156e+00
-2.779596567153930664e+00 -6.776512622833251953e+00 -4.439445972442626953e+00
-5.267544269561767578e+00 -6.849914550781250000e+00 -4.679005622863769531e+00
-6.153734683990478516e+00 -7.666491031646728516e+00 -6.742056369781494141e+00
-8.704772949218750000e+00 -6.650930404663085938e+00 -6.454710960388183594e+00
-1.416558146476745605e+00 -4.980162143707275391e+00 -1.836241602897644043e+00
-9.344264864921569824e-01 -5.041899681091308594e+00 -2.277321577072143555e+00
-2.240965366363525391e+00 -5.123660087585449219e+00 -2.023364782333374023e+00
-3.494392037391662598e-01 -5.084179878234863281e+00 -1.198355436325073242e+00
6.342439651489257812e-01 -4.616235733032226562e+00 -1.600748419761657715e+00
-8.142197728157043457e-01 -5.404053211212158203e+00 -3.020455598831176758e+00
-7.839223369956016541e-03 -5.499722480773925781e+00 -3.345901489257812500e+00
6.077216267585754395e-01 -4.764494419097900391e+00 -2.127335071563720703e+00
-9.515660285949707031e+00 -4.814014434814453125e+00 -2.044013977050781250e+00
-9.940658569335937500e+00 -4.891117095947265625e+00 -4.679530143737792969e+00
-9.352296829223632812e+00 -5.581863403320312500e+00 -3.830583095550537109e+00
-1.019615936279296875e+01 -3.759814023971557617e+00 -3.287432670593261719e+00
-1.032019424438476562e+01 -3.586138248443603516e+00 -4.714879035949707031e+00
-9.119707107543945312e+00 -4.087365150451660156e+00 3.093862831592559814e-01
-9.780659675598144531e+00 -4.174361228942871094e+00 -1.408032298088073730e+00
-9.819618225097656250e+00 -3.231359243392944336e+00 -2.798911333084106445e-01
-9.598395347595214844e+00 -2.926731586456298828e+00 9.024088978767395020e-01
-9.112243652343750000e+00 -2.721576213836669922e+00 2.167511224746704102e+00
-9.278131484985351562e+00 -1.629890799522399902e+00 1.269302248954772949e+00
-1.017247962951660156e+01 -2.694736003875732422e+00 -2.523405790328979492e+00
-1.009716701507568359e+01 -1.608949065208435059e+00 -2.652358293533325195e+00
-9.463864326477050781e+00 -1.293308258056640625e+00 -8.882274031639099121e-01
-7.936547756195068359e+00 -4.178887605667114258e-01 -6.468819975852966309e-01
-1.006299304962158203e+01 -4.634898185729980469e+00 -5.545277118682861328e+00
-1.034829521179199219e+01 -3.651960372924804688e+00 -5.424694538116455078e+00
-1.053321170806884766e+01 -2.257825851440429688e+00 -5.301307201385498047e+00
-1.059068202972412109e+01 -2.098663091659545898e+00 -5.871646404266357422e+00
-1.008325004577636719e+01 -6.569920778274536133e-01 -5.353696823120117188e+00
-1.059010410308837891e+01 -2.842359542846679688e+00 -7.961431503295898438e+00
-1.071135711669921875e+01 -1.946994066238403320e+00 -8.887176513671875000e+00
-1.060254573822021484e+01 -8.098991513252258301e-01 -8.516502380371093750e+00
-9.952690124511718750e+00 -3.289865255355834961e-01 -6.705389976501464844e+00
-8.382776260375976562e+00 -2.025649547576904297e-01 -2.253656387329101562e+00
-6.926796913146972656e+00 1.701118826866149902e+00 -3.687064170837402344e+00
-9.018117904663085938e+00 3.887155950069427490e-01 -6.202907085418701172e+00
-7.577182292938232422e+00 1.439270257949829102e+00 -4.988551616668701172e+00
1.319829082489013672e+01 -5.427004337310791016e+00 4.498795032501220703e+00
1.354468250274658203e+01 -6.186112880706787109e+00 7.786886692047119141e-01
1.303870677947998047e+01 -5.937144756317138672e+00 1.440891861915588379e+00
1.489116382598876953e+01 -5.902575492858886719e+00 1.970774650573730469e+00
1.472371101379394531e+01 -5.031817436218261719e+00 3.109825134277343750e+00
1.196143054962158203e+01 -5.531634330749511719e+00 2.695753335952758789e+00
4.424031257629394531e+00 -1.046435594558715820e+00 4.961832046508789062e+00
5.308592796325683594e+00 -6.196803450584411621e-01 6.109338760375976562e+00
6.650359153747558594e+00 -4.827193737030029297e+00 -1.673939228057861328e+00
8.909302711486816406e+00 -6.249142169952392578e+00 -1.245428442955017090e+00
8.124502182006835938e+00 -6.156841754913330078e+00 -1.088694095611572266e+00
7.451636314392089844e+00 -6.231731414794921875e+00 -5.005347132682800293e-01
2.555357694625854492e+00 -5.416693210601806641e+00 4.045321047306060791e-01
4.296446323394775391e+00 -4.693886280059814453e+00 -1.505730867385864258e+00
5.168372631072998047e+00 -5.083822727203369141e+00 -1.175358176231384277e+00
2.307841300964355469e+00 -4.279506206512451172e+00 -1.273402571678161621e+00
4.116553783416748047e+00 -4.724036693572998047e+00 -1.286811828613281250e+00
5.109284400939941406e+00 -5.556117534637451172e+00 2.149909138679504395e-01
5.807429313659667969e+00 -5.957733154296875000e+00 -6.130952835083007812e-01
3.098739624023437500e+00 -5.485393524169921875e+00 -5.938763618469238281e-01
9.447232246398925781e+00 -5.087649345397949219e+00 3.052729845046997070e+00
1.000451183319091797e+01 -4.563436031341552734e+00 4.849542617797851562e+00
9.946084022521972656e+00 -4.746235847473144531e+00 4.234671115875244141e+00
8.697193145751953125e+00 -3.846641540527343750e+00 5.307712554931640625e+00
8.922565460205078125e+00 -4.889104366302490234e+00 3.133877515792846680e+00
9.021258354187011719e+00 -5.867975234985351562e+00 1.419461131095886230e+00
8.680473327636718750e+00 -6.067386627197265625e+00 9.351903200149536133e-01
5.519217491149902344e+00 -1.187609434127807617e+00 4.044835567474365234e+00
6.163243293762207031e+00 -3.637380838394165039e+00 2.398709535598754883e+00
5.590839862823486328e+00 -3.936586618423461914e+00 1.874783635139465332e+00
4.516704082489013672e+00 -1.853272914886474609e+00 3.083394050598144531e+00
4.616681575775146484e+00 -1.419813871383666992e+00 3.737385511398315430e+00
6.889799118041992188e+00 -2.331866741180419922e+00 4.307517051696777344e+00
6.701518535614013672e+00 -1.723244667053222656e+00 5.531147480010986328e+00
6.541558265686035156e+00 -5.430028915405273438e+00 9.354183673858642578e-01
1.211110115051269531e+01 -3.984445095062255859e+00 5.851652145385742188e+00
1.377983570098876953e+01 -4.371574401855468750e+00 4.537806034088134766e+00
1.266197299957275391e+01 -3.101399898529052734e+00 4.872043132781982422e+00
1.351726627349853516e+01 -3.135858535766601562e+00 3.192566871643066406e+00
7.860440731048583984e+00 -2.624947786331176758e+00 6.686840534210205078e+00
7.433799266815185547e+00 -2.171240568161010742e+00 6.669353961944580078e+00
4.266352653503417969e+00 -2.646278440952301025e-01 6.885127067565917969e+00
9.669678688049316406e+00 -3.768908023834228516e+00 6.451196193695068359e+00
1.048649883270263672e+01 -2.498844385147094727e+00 6.598144054412841797e+00
1.083579063415527344e+01 -2.047945499420166016e+00 5.615646839141845703e+00
8.728257179260253906e+00 -1.188082456588745117e+00 6.553725719451904297e+00
9.102313041687011719e+00 -8.346035480499267578e-01 5.551853179931640625e+00
1.117174625396728516e+01 -1.847601413726806641e+00 4.579044342041015625e+00
1.151064968109130859e+01 -1.626797199249267578e+00 3.547812700271606445e+00
6.675430297851562500e+00 -1.161515235900878906e+00 6.416562557220458984e+00
7.812772274017333984e+00 -5.926526784896850586e-01 6.414578437805175781e+00
7.100267410278320312e+00 3.422994017601013184e-01 5.832106590270996094e+00
6.325546264648437500e+00 9.764967858791351318e-02 6.126997470855712891e+00
5.709730148315429688e+00 1.156455159187316895e+00 5.621371746063232422e+00
8.158059120178222656e+00 5.712468028068542480e-01 4.552628993988037109e+00
5.781825542449951172e+00 2.312374114990234375e+00 4.233832836151123047e+00
6.175413131713867188e+00 2.380743980407714844e+00 3.749212503433227539e+00
-2.132334232330322266e+00 -2.792281627655029297e+00 3.777438879013061523e+00
-1.521520733833312988e+00 -3.796364068984985352e+00 1.667554616928100586e+00
-1.475401401519775391e+00 -4.646322727203369141e+00 3.914988636970520020e-01
-1.615373253822326660e+00 -2.856230974197387695e+00 3.501997232437133789e+00
-2.427028268575668335e-01 -2.653213977813720703e+00 2.383588314056396484e+00
-5.071790218353271484e+00 -3.476649999618530273e+00 1.471529841423034668e+00
-4.359076976776123047e+00 -3.313675165176391602e+00 2.205945491790771484e+00
-5.804818630218505859e+00 -2.595795392990112305e+00 3.394243478775024414e+00
-5.278647899627685547e+00 -3.016860485076904297e+00 2.538514137268066406e+00
-4.094680786132812500e+00 -2.822886705398559570e+00 3.383482456207275391e+00
-2.759573936462402344e+00 -1.616470336914062500e+00 4.881205558776855469e+00
-5.653607368469238281e+00 -1.266552329063415527e+00 4.708750247955322266e+00
-5.350166797637939453e+00 -7.354929447174072266e-01 4.909999847412109375e+00
2.539403915405273438e+00 -1.683458209037780762e+00 3.688203096389770508e+00
1.374195218086242676e+00 -8.675791025161743164e-01 4.153581619262695312e+00
-5.898714438080787659e-02 -1.179797053337097168e+00 3.668661594390869141e+00
1.090756058692932129e+00 -2.892290055751800537e-01 4.683332443237304688e+00
2.521187782287597656e+00 -9.901306629180908203e-01 5.324640750885009766e+00
3.533481121063232422e+00 -4.695038497447967529e-01 6.681327819824218750e+00
1.116933465003967285e+00 8.053830862045288086e-01 5.403780460357666016e+00
-3.225420951843261719e+00 -1.385673403739929199e+00 5.011947631835937500e+00
-4.245419979095458984e+00 3.038788139820098877e-01 5.012010097503662109e+00
-2.749443292617797852e+00 5.713767409324645996e-01 5.141851902008056641e+00
-1.170641422271728516e+00 1.623251557350158691e+00 4.409647464752197266e+00
-3.889171123504638672e+00 1.026237726211547852e+00 4.049665927886962891e+00
-3.826736211776733398e+00 1.433269381523132324e+00 2.891656398773193359e+00
-1.763954311609268188e-01 -5.096879005432128906e+00 -8.037091046571731567e-02
2.998115420341491699e-01 -4.953886508941650391e+00 -1.152571588754653931e-01
8.186867833137512207e-01 -4.958918094635009766e+00 3.292508795857429504e-02
1.648468017578125000e+00 -3.793171882629394531e+00 1.426239848136901855e+00
1.484510540962219238e+00 -4.992366313934326172e+00 5.834172964096069336e-01
1.626751422882080078e+00 -3.761741399765014648e+00 -1.372392416000366211e+00
1.890334367752075195e+00 -2.612720966339111328e+00 2.366995334625244141e+00
2.287018299102783203e+00 1.570858836174011230e+00 5.570883750915527344e+00
2.873094797134399414e+00 2.553399324417114258e+00 4.238243103027343750e+00
2.604680299758911133e+00 2.987183809280395508e+00 3.013637065887451172e+00
-8.646875619888305664e-01 2.485322237014770508e+00 2.618452072143554688e+00
-6.663264632225036621e-01 1.961389422416687012e+00 4.180358409881591797e+00
5.700773596763610840e-01 2.563164710998535156e+00 3.244757890701293945e+00
-1.730166673660278320e+00 3.176179885864257812e+00 1.081572845578193665e-01
-7.584886550903320312e+00 -2.459018945693969727e+00 3.555318832397460938e+00
-7.328028202056884766e+00 -1.423350572586059570e+00 4.217294692993164062e+00
-7.960217475891113281e+00 -8.136026263236999512e-01 2.907046318054199219e+00
-6.811217784881591797e+00 -1.159989953041076660e+00 4.462405681610107422e+00
-7.016087532043457031e+00 -3.664002120494842529e-01 3.059201717376708984e+00
-6.420295715332031250e+00 1.897000521421432495e-01 1.420047760009765625e+00
-6.219198226928710938e+00 1.409139931201934814e-01 2.391220569610595703e+00
-6.924802780151367188e+00 2.282215654850006104e-01 -8.147909641265869141e-01
-3.746303081512451172e+00 1.657195091247558594e+00 1.848282814025878906e+00
-5.362405776977539062e+00 2.015738487243652344e+00 -1.993200302124023438e+00
-3.648307085037231445e+00 3.038187980651855469e+00 -1.667998313903808594e+00
3.386019468307495117e+00 8.113908767700195312e-01 6.480572700500488281e+00
2.979119300842285156e+00 1.870732307434082031e+00 5.380121231079101562e+00
3.839074373245239258e+00 2.272478103637695312e+00 4.821227073669433594e+00
4.540296077728271484e+00 2.803894281387329102e+00 3.782646894454956055e+00
3.875779628753662109e+00 3.237344741821289062e+00 2.968202352523803711e+00
7.762633323669433594e+00 -4.898635864257812500e+00 -3.965498685836791992e+00
2.377542972564697266e+00 -5.071816444396972656e+00 -3.055066108703613281e+00
5.495875835418701172e+00 -4.729332923889160156e+00 -2.527763605117797852e+00
6.321799755096435547e+00 -4.684118747711181641e+00 -2.975213050842285156e+00
3.034390449523925781e+00 -5.007788181304931641e+00 -2.937431097030639648e+00
2.090875387191772461e+00 -5.929634094238281250e+00 -5.251993656158447266e+00
2.626612663269042969e+00 -5.806595325469970703e+00 -6.253667354583740234e+00
3.891216516494750977e+00 -5.141641616821289062e+00 -5.598760604858398438e+00
5.924330234527587891e+00 -4.816978931427001953e+00 -3.734297990798950195e+00
7.160101890563964844e+00 -4.960049152374267578e+00 -4.072000980377197266e+00
2.443620681762695312e+00 -5.620465755462646484e+00 -8.458516120910644531e+00
8.323407173156738281e+00 -4.974779605865478516e+00 -6.012208938598632812e+00
3.300433874130249023e+00 -5.330564498901367188e+00 -7.116305351257324219e+00
3.713323116302490234e+00 -4.722006797790527344e+00 -7.899300098419189453e+00
6.290367603302001953e+00 -5.072639465332031250e+00 -5.379384994506835938e+00
7.409451007843017578e+00 -4.930131435394287109e+00 -6.332412242889404297e+00
5.878119945526123047e+00 -4.177844047546386719e+00 -7.251387596130371094e+00
7.535815715789794922e+00 -4.028560638427734375e+00 -7.371449947357177734e+00
5.588739871978759766e+00 -3.862872362136840820e+00 -7.628500461578369141e+00
5.159689903259277344e+00 -2.838253021240234375e+00 -8.644012451171875000e+00
5.233600139617919922e+00 -2.078207015991210938e+00 -8.897107124328613281e+00
-3.349464654922485352e+00 -7.970584869384765625e+00 -1.205592441558837891e+01
-3.131227731704711914e+00 -8.215059280395507812e+00 -1.051679801940917969e+01
-3.961471080780029297e+00 -7.543601036071777344e+00 -1.315904045104980469e+01
-1.581971287727355957e+00 -6.563072204589843750e+00 -1.324210929870605469e+01
-3.556897878646850586e+00 -6.334067344665527344e+00 -1.445999813079833984e+01
-3.375232458114624023e+00 -5.279844760894775391e+00 -1.519263267517089844e+01
-6.631236076354980469e+00 -6.537049293518066406e+00 -1.317194461822509766e+01
-7.071972846984863281e+00 -6.212750434875488281e+00 -1.318986129760742188e+01
-7.757058620452880859e+00 -5.231879234313964844e+00 -1.367665290832519531e+01
-5.719710826873779297e+00 -7.132265090942382812e+00 -1.307812690734863281e+01
-8.473071098327636719e+00 -5.365368843078613281e+00 -1.256517505645751953e+01
-7.362786769866943359e+00 -4.564637660980224609e+00 -1.457499790191650391e+01
-4.151055335998535156e+00 -5.534709930419921875e+00 -1.502933597564697266e+01
-5.995037078857421875e+00 -4.382311820983886719e+00 -1.525825023651123047e+01
-2.711630344390869141e+00 -5.387168884277343750e+00 -1.501407909393310547e+01
-2.177495241165161133e+00 -4.294694900512695312e+00 -1.536927986145019531e+01
-3.723065376281738281e+00 -3.713607072830200195e+00 -1.575107669830322266e+01
-2.790444612503051758e+00 -3.186198711395263672e+00 -1.571528053283691406e+01
-4.989920616149902344e+00 -2.648835182189941406e+00 -1.593984603881835938e+01
-3.920816421508789062e+00 -1.503183245658874512e+00 -1.593527793884277344e+01
-9.300181388854980469e+00 -4.441260814666748047e+00 -1.222319793701171875e+01
-8.933344841003417969e+00 -4.001197814941406250e+00 -1.344726753234863281e+01
-9.911096572875976562e+00 -2.863287210464477539e+00 -1.234780025482177734e+01
-1.040083980560302734e+01 -1.439568638801574707e+00 -1.152015304565429688e+01
-8.548125267028808594e+00 -3.349243164062500000e+00 -1.436192131042480469e+01
-7.691618442535400391e+00 -2.966682672500610352e+00 -1.519900608062744141e+01
-9.821077346801757812e+00 -9.237306118011474609e-01 -1.328423213958740234e+01
-9.373675346374511719e+00 -3.271094858646392822e-01 -1.420617580413818359e+01
-8.486919403076171875e+00 -9.509042501449584961e-01 -1.507550621032714844e+01
-7.134530067443847656e+00 1.609922349452972412e-01 -1.577169132232666016e+01
-7.625983238220214844e+00 8.159455060958862305e-01 -1.553978538513183594e+01
-1.521565318107604980e+00 -7.555720329284667969e+00 -6.888695716857910156e+00
-4.205238819122314453e-01 -7.156603336334228516e+00 -8.631912231445312500e+00
7.402051985263824463e-02 -6.569021701812744141e+00 -5.590404510498046875e+00
6.198807358741760254e-01 -6.685541152954101562e+00 -6.757481098175048828e+00
-2.396053671836853027e-01 -6.930849552154541016e+00 -9.610840797424316406e+00
-5.077571421861648560e-02 -5.895226478576660156e+00 -1.240191459655761719e+01
1.353322982788085938e+00 -6.388704776763916016e+00 -6.420078754425048828e+00
2.021585941314697266e+00 -5.951407909393310547e+00 -8.191552162170410156e+00
-7.607696652412414551e-01 -5.086853027343750000e+00 -1.430354976654052734e+01
1.024908661842346191e+00 -4.963088989257812500e+00 -1.243801403045654297e+01
-1.230708599090576172e+00 -3.739490985870361328e+00 -1.520242214202880859e+01
-1.927423924207687378e-01 -3.007235288619995117e+00 -1.485919475555419922e+01
1.960800051689147949e+00 -5.053093433380126953e+00 -1.069790363311767578e+01
-1.088260769844055176e+00 -2.405136823654174805e+00 -1.528121566772460938e+01
-1.307702064514160156e+00 -1.696933031082153320e+00 -1.534056472778320312e+01
2.142502784729003906e+00 -3.535917758941650391e+00 -1.149309444427490234e+01
8.846195340156555176e-01 -1.870027184486389160e+00 -1.348714542388916016e+01
7.970808744430541992e-01 -1.144027113914489746e+00 -1.333453750610351562e+01
-2.606585979461669922e+00 -1.777956962585449219e+00 -1.569911003112792969e+01
-2.676171302795410156e+00 -8.089704513549804688e-01 -1.564141082763671875e+01
-5.084506988525390625e+00 4.545744955539703369e-01 -1.588864707946777344e+01
-2.886902332305908203e+00 1.008198857307434082e+00 -1.536624622344970703e+01
-2.164667844772338867e+00 1.175632715225219727e+00 -1.512425994873046875e+01
-4.974299967288970947e-01 1.151002883911132812e+00 -1.389082241058349609e+01
-2.882044553756713867e+00 2.081081628799438477e+00 -1.503489494323730469e+01
-2.465286254882812500e+00 2.790365219116210938e+00 -1.464723491668701172e+01
2.704829454421997070e+00 -3.966875314712524414e+00 -1.033822441101074219e+01
3.521665096282958984e+00 -2.608124732971191406e+00 -1.011316394805908203e+01
3.013017177581787109e+00 -1.845718026161193848e+00 -1.085350418090820312e+01
9.651520848274230957e-01 -2.799671888351440430e-01 -1.281439399719238281e+01
1.484062790870666504e+00 9.226963855326175690e-03 -1.211174106597900391e+01
2.350246667861938477e+00 -2.148748487234115601e-01 -1.122822952270507812e+01
1.082537770271301270e+00 4.197339117527008057e-01 -1.233765029907226562e+01
-1.051181411743164062e+01 -9.671044349670410156e-01 -1.099313640594482422e+01
-9.965922355651855469e+00 6.862065196037292480e-01 -1.292331123352050781e+01
-1.030236530303955078e+01 -1.624627411365509033e-02 -1.048719215393066406e+01
-1.007207775115966797e+01 -1.201720461249351501e-01 -9.024533271789550781e+00
-9.724975585937500000e+00 5.442439317703247070e-01 -1.002842044830322266e+01
-9.961930274963378906e+00 9.234049320220947266e-01 -1.155332279205322266e+01
-9.430947303771972656e+00 2.034040927886962891e+00 -1.278638172149658203e+01
-8.821210861206054688e+00 1.398273348808288574e+00 -9.342497825622558594e+00
-8.414816856384277344e+00 2.399116992950439453e+00 -1.037729740142822266e+01
-8.199091911315917969e+00 1.159082174301147461e+00 -6.070982456207275391e+00
-7.960644245147705078e+00 1.593775749206542969e+00 -7.152908802032470703e+00
-8.282390594482421875e+00 1.881776452064514160e+00 -8.738611221313476562e+00
-7.898676395416259766e+00 2.548508644104003906e+00 -9.733714103698730469e+00
-6.296754360198974609e+00 2.697980403900146484e+00 -7.680291175842285156e+00
-6.212504863739013672e+00 3.008131027221679688e+00 -8.164042472839355469e+00
-8.633233070373535156e+00 2.204273223876953125e+00 -1.429480361938476562e+01
-8.035053253173828125e+00 2.232419967651367188e+00 -1.473475551605224609e+01
-7.635486602783203125e+00 3.444708585739135742e+00 -1.351639747619628906e+01
-6.652931213378906250e+00 4.270371437072753906e+00 -1.314132595062255859e+01
-6.099499702453613281e+00 1.896483182907104492e+00 -1.547694396972656250e+01
-5.843799114227294922e+00 2.186754941940307617e+00 -1.532808971405029297e+01
-5.168977260589599609e+00 3.970788478851318359e+00 -1.412427711486816406e+01
-4.613571643829345703e+00 3.964356899261474609e+00 -1.425142574310302734e+01
-5.865877628326416016e+00 3.773861169815063477e+00 -1.412793159484863281e+01
-8.271422386169433594e+00 3.284877538681030273e+00 -1.224990367889404297e+01
-6.241346359252929688e+00 4.415747165679931641e+00 -1.238372802734375000e+01
-5.554590702056884766e+00 4.383187294006347656e+00 -1.074597835540771484e+01
-3.387393474578857422e+00 4.236245155334472656e+00 -1.349017715454101562e+01
-3.169548034667968750e+00 4.298400402069091797e+00 -1.287208747863769531e+01
-5.218553066253662109e+00 4.436647891998291016e+00 -1.222183322906494141e+01
-4.467785358428955078e+00 4.638347148895263672e+00 -1.232830905914306641e+01
-3.215536117553710938e+00 4.689487934112548828e+00 -1.144509124755859375e+01
-4.957264900207519531e+00 4.788691997528076172e+00 -1.084985637664794922e+01
-3.794968605041503906e+00 4.895699024200439453e+00 -1.117327976226806641e+01
-6.638107776641845703e+00 3.683899641036987305e+00 -1.050436973571777344e+01
-5.930041790008544922e+00 3.624876976013183594e+00 -9.036435127258300781e+00
3.060761928558349609e+00 -1.838067322969436646e-01 -1.030368614196777344e+01
-1.372365951538085938e-01 1.531569480895996094e+00 -1.287939929962158203e+01
-2.113011360168457031e+00 3.223915815353393555e+00 -1.359671783447265625e+01
9.975476861000061035e-01 8.059153556823730469e-01 -1.169027042388916016e+01
-1.052327513694763184e+00 2.887642145156860352e+00 -1.234069728851318359e+01
-2.712327480316162109e+00 3.848698616027832031e+00 -1.327232360839843750e+01
-1.648465752601623535e+00 3.650221347808837891e+00 -1.187726879119873047e+01
1.143268394470214844e+01 -6.505045890808105469e+00 -3.369603395462036133e+00
1.331994724273681641e+01 -6.680953025817871094e+00 -1.707929491996765137e+00
1.117086601257324219e+01 -6.441435813903808594e+00 -8.305981159210205078e-01
1.097333717346191406e+01 -6.452182769775390625e+00 -2.591624021530151367e+00
1.434692573547363281e+01 -6.944609165191650391e+00 -5.010090351104736328e+00
1.198651599884033203e+01 -6.570393085479736328e+00 -3.971902847290039062e+00
1.269668769836425781e+01 -6.553154468536376953e+00 -5.468109130859375000e+00
1.314432907104492188e+01 -6.860389709472656250e+00 -3.654329299926757812e+00
1.561681270599365234e+01 -7.024446964263916016e+00 -3.573518514633178711e+00
1.605205917358398438e+01 -5.961849689483642578e+00 -4.157942295074462891e+00
1.623457527160644531e+01 -6.489214420318603516e+00 -1.137790322303771973e+00
1.635741043090820312e+01 -5.704159259796142578e+00 -2.023305177688598633e+00
1.456984329223632812e+01 -6.555432319641113281e+00 7.799468934535980225e-02
1.480446529388427734e+01 -6.937357902526855469e+00 -1.525548338890075684e+00
1.536090373992919922e+01 -6.213318347930908203e+00 1.007956624031066895e+00
1.477925872802734375e+01 -4.035960197448730469e+00 2.008114337921142578e+00
1.511767387390136719e+01 -4.198996067047119141e+00 9.083667993545532227e-01
1.432995223999023438e+01 -3.302239418029785156e+00 1.049442529678344727e+00
1.578583526611328125e+01 -4.924087047576904297e+00 -3.327546834945678711e+00
1.520581722259521484e+01 -4.067975997924804688e+00 -2.552092313766479492e+00
1.519528484344482422e+01 -3.971465349197387695e+00 -9.939336180686950684e-01
1.494501972198486328e+01 -3.642941951751708984e+00 -1.494469642639160156e+00
1.429889965057373047e+01 -2.859458684921264648e+00 -8.697465658187866211e-01
1.380563831329345703e+01 -6.728956699371337891e+00 -6.233542919158935547e+00
1.524719619750976562e+01 -5.938833236694335938e+00 -6.529262542724609375e+00
1.236723899841308594e+01 -6.430318355560302734e+00 -6.654892921447753906e+00
1.291096973419189453e+01 -5.894571781158447266e+00 -7.440834999084472656e+00
1.592491912841796875e+01 -5.850326061248779297e+00 -5.619446277618408203e+00
1.560108852386474609e+01 -5.086736202239990234e+00 -5.910565376281738281e+00
1.501956653594970703e+01 -4.429009437561035156e+00 -5.511961460113525391e+00
1.325383758544921875e+01 -5.504494667053222656e+00 -7.296598911285400391e+00
1.262701511383056641e+01 -4.945135593414306641e+00 -6.611367702484130859e+00
1.348643207550048828e+01 -4.466683387756347656e+00 -6.086921691894531250e+00
1.360721111297607422e+01 -3.381977081298828125e+00 -4.930215835571289062e+00
1.496837139129638672e+01 -3.746423482894897461e+00 -2.794846057891845703e+00
1.490188694000244141e+01 -3.758022069931030273e+00 -4.474548816680908203e+00
1.434469985961914062e+01 -2.917132377624511719e+00 -3.726564168930053711e+00
1.016206550598144531e+01 -5.983003139495849609e+00 -2.743441343307495117e+00
6.991878509521484375e+00 -4.744124412536621094e+00 -2.374007463455200195e+00
7.278600692749023438e+00 -4.811445713043212891e+00 -1.947163105010986328e+00
6.843975067138671875e+00 -4.691665172576904297e+00 -2.935807704925537109e+00
1.048040866851806641e+01 -6.275689601898193359e+00 -2.339981317520141602e+00
9.013651847839355469e+00 -5.510860443115234375e+00 -1.943447351455688477e+00
7.952116489410400391e+00 -5.076818466186523438e+00 -1.579361081123352051e+00
9.599806785583496094e+00 -5.509427070617675781e+00 -3.437204599380493164e+00
9.956722259521484375e+00 -5.523411273956298828e+00 -4.664498329162597656e+00
8.333792686462402344e+00 -4.970785617828369141e+00 -3.963325023651123047e+00
1.352563095092773438e+01 -2.162046194076538086e+00 -1.818154007196426392e-02
1.219622802734375000e+01 -7.850293517112731934e-01 -1.008651733398437500e+00
1.096548461914062500e+01 -5.935826778411865234e+00 -5.495817661285400391e+00
1.102777767181396484e+01 -5.397942543029785156e+00 -6.031155586242675781e+00
9.598013877868652344e+00 -5.050650596618652344e+00 -5.200519084930419922e+00
1.172008800506591797e+01 -4.679672718048095703e+00 -6.174798488616943359e+00
9.185302734375000000e+00 -4.304388523101806641e+00 -6.417063713073730469e+00
1.040626430511474609e+01 -3.523164749145507812e+00 -5.870333671569824219e+00
1.247177600860595703e+01 -3.672192811965942383e+00 -5.450510025024414062e+00
1.065342140197753906e+01 -3.179763555526733398e+00 -5.669040679931640625e+00
1.067982864379882812e+01 -2.252327680587768555e+00 -5.255970954895019531e+00
8.544176101684570312e+00 -3.671973705291748047e+00 -7.029566287994384766e+00
9.056672096252441406e+00 -3.068863868713378906e+00 -6.568617343902587891e+00
8.057351112365722656e+00 -2.024914741516113281e+00 -6.902852058410644531e+00
1.041499805450439453e+01 -1.588383793830871582e+00 -5.115137100219726562e+00
8.262365341186523438e+00 -1.695098161697387695e+00 -6.641039371490478516e+00
8.756430625915527344e+00 -4.716004729270935059e-01 -5.846782207489013672e+00
7.288512229919433594e+00 -1.531839370727539062e-01 -6.919769763946533203e+00
1.325966930389404297e+01 -2.136956930160522461e+00 -4.037830829620361328e+00
1.342924785614013672e+01 -1.675921440124511719e+00 -1.916641235351562500e+00
1.319606399536132812e+01 -1.331981301307678223e+00 -3.130545854568481445e+00
1.237840175628662109e+01 -4.412520229816436768e-01 -2.220699787139892578e+00
1.203407764434814453e+01 -1.301384121179580688e-01 -2.821946620941162109e+00
1.240987873077392578e+01 -1.912305474281311035e+00 -4.350411891937255859e+00
1.121413230895996094e+01 -1.224016904830932617e+00 -4.479771614074707031e+00
1.149176216125488281e+01 -5.727589130401611328e-01 -3.855242967605590820e+00
1.016790580749511719e+01 1.571069240570068359e+00 -1.735716938972473145e+00
9.277317047119140625e+00 2.370120048522949219e+00 -2.877894639968872070e+00
9.321038246154785156e+00 2.293567180633544922e+00 -3.345731496810913086e+00
8.565206527709960938e+00 2.931859254837036133e+00 -2.364300966262817383e+00
1.021750259399414062e+01 -9.041643142700195312e-01 -5.001363754272460938e+00
1.064645385742187500e+01 2.980138659477233887e-01 -4.114527225494384766e+00
8.374911308288574219e+00 1.383108943700790405e-01 -5.860578536987304688e+00
7.022588729858398438e+00 9.956922531127929688e-01 -6.430365562438964844e+00
1.389390659332275391e+01 -3.292072534561157227e+00 2.589150190353393555e+00
1.248303127288818359e+01 -2.185127496719360352e+00 2.905980587005615234e+00
1.128017330169677734e+01 -6.381244063377380371e-01 1.449786424636840820e+00
1.147060298919677734e+01 -4.931355118751525879e-01 3.072057366371154785e-01
1.001170921325683594e+01 -1.112864762544631958e-01 3.141205787658691406e+00
8.887781143188476562e+00 1.191277146339416504e+00 2.630605697631835938e+00
9.477347373962402344e+00 8.901801109313964844e-01 2.107210397720336914e+00
7.341603279113769531e+00 2.198055267333984375e+00 2.986502885818481445e+00
7.173878192901611328e+00 2.842246532440185547e+00 1.850134015083312988e+00
9.848632812500000000e+00 1.065708518028259277e+00 3.732858896255493164e-01
1.006501197814941406e+01 1.406010627746582031e+00 -9.807016253471374512e-01
8.002136230468750000e+00 2.731269836425781250e+00 4.378278553485870361e-01
3.351082563400268555e+00 4.277101516723632812e+00 -3.464235961437225342e-01
6.226974010467529297e+00 3.611342668533325195e+00 2.889931499958038330e-01
5.481984615325927734e+00 4.054000377655029297e+00 -2.226263523101806641e+00
3.672755956649780273e+00 4.395920276641845703e+00 -6.844121813774108887e-01
2.849262952804565430e+00 3.829509735107421875e+00 -2.456306219100952148e+00
2.965309143066406250e+00 3.525149822235107422e+00 -3.329234361648559570e+00
-9.881947636604309082e-01 3.796799182891845703e+00 -7.646128535270690918e-01
2.154591798782348633e+00 3.160490512847900391e+00 -4.388896465301513672e+00
9.931692853569984436e-03 4.163934707641601562e+00 -3.142653465270996094e+00
3.072454631328582764e-01 3.714898347854614258e+00 -4.697703838348388672e+00
2.381639003753662109e+00 3.816638708114624023e+00 -2.566156148910522461e+00
5.104855060577392578e+00 -8.655069470405578613e-01 -8.893985748291015625e+00
2.948842525482177734e+00 3.217701017856597900e-01 -9.608384132385253906e+00
5.073382854461669922e+00 5.280694365501403809e-01 -8.117590904235839844e+00
3.651277780532836914e+00 5.805569887161254883e-01 -8.971465110778808594e+00
2.527701616287231445e+00 5.123193860054016113e-01 -9.800735473632812500e+00
1.549117684364318848e+00 1.857543945312500000e+00 -9.912846565246582031e+00
3.337995409965515137e-01 3.157913208007812500e+00 -9.158959388732910156e+00
1.140288859605789185e-01 3.008876085281372070e+00 -1.045910930633544922e+01
5.666291713714599609e+00 2.833646297454833984e+00 -4.861300468444824219e+00
6.175259590148925781e+00 1.910605430603027344e+00 -6.096950054168701172e+00
4.710740566253662109e+00 2.720887899398803711e+00 -5.251962184906005859e+00
4.812455177307128906e+00 2.426391124725341797e+00 -5.967431545257568359e+00
6.616590499877929688e+00 3.769054174423217773e+00 -2.720217466354370117e+00
6.595824241638183594e+00 1.300663828849792480e+00 -6.433652400970458984e+00
5.728142261505126953e+00 1.699505686759948730e+00 -6.612284183502197266e+00
4.875927448272705078e+00 1.815635442733764648e+00 -7.045827388763427734e+00
2.745212554931640625e+00 2.872420072555541992e+00 -5.064897537231445312e+00
2.826814413070678711e+00 2.114121437072753906e+00 -7.364437103271484375e+00
2.037444591522216797e+00 2.350327730178833008e+00 -6.815351009368896484e+00
9.905838221311569214e-02 3.312378644943237305e+00 -6.271651744842529297e+00
2.782461941242218018e-01 2.973101377487182617e+00 -7.760367393493652344e+00
3.079149425029754639e-01 3.043300390243530273e+00 -8.138872146606445312e+00
-3.297521114349365234e+00 3.401847124099731445e+00 -2.583920955657958984e+00
-5.632575035095214844e+00 3.067508697509765625e+00 -7.732417583465576172e+00
-4.807884216308593750e+00 3.487601995468139648e+00 -7.636380195617675781e+00
-4.257536411285400391e+00 3.354088306427001953e+00 -6.674986839294433594e+00
-2.168200969696044922e+00 3.290562629699707031e+00 -2.304952442646026611e-01
-1.891172528266906738e+00 3.756261825561523438e+00 -1.354031801223754883e+00
-1.528747797012329102e+00 4.100287914276123047e+00 -2.468654870986938477e+00
-1.353891968727111816e+00 4.398756980895996094e+00 -3.693546056747436523e+00
-1.182260632514953613e+00 4.407426834106445312e+00 -4.987564563751220703e+00
-4.799634456634521484e+00 4.083394050598144531e+00 -8.506104469299316406e+00
-4.504797458648681641e+00 4.561128139495849609e+00 -9.025647163391113281e+00
-1.979723215103149414e+00 4.468632221221923828e+00 -7.512192726135253906e+00
-3.349269151687622070e+00 4.464431285858154297e+00 -8.332721710205078125e+00
-1.539981245994567871e+00 3.658172130584716797e+00 -1.120033550262451172e+01
-1.227363944053649902e+00 3.513236284255981445e+00 -1.106449222564697266e+01
-3.827193975448608398e+00 4.858530998229980469e+00 -1.070608615875244141e+01
-2.046474456787109375e+00 4.186808109283447266e+00 -9.851624488830566406e+00
-3.102755546569824219e-01 3.486960649490356445e+00 -9.967645645141601562e+00
-2.158704042434692383e+00 4.564047336578369141e+00 -6.121274948120117188e+00
5.292539596557617188e+00 3.327435731887817383e+00 2.377104759216308594e+00
6.062449932098388672e+00 3.287665367126464844e+00 1.812879204750061035e+00
1.968306660652160645e+00 7.121626734733581543e-01 -1.028738784790039062e+01
-5.149632096290588379e-01 2.801143884658813477e+00 -1.161677074432373047e+01
4.438271820545196533e-01 2.532021045684814453e+00 -1.077043247222900391e+01
