1.560334205627441406e+00 -4.932311534881591797e+00 -2.713425874710083008e+00
2.276632547378540039e+00 -4.778697013854980469e+00 -1.922102093696594238e+00
1.513591647148132324e+00 -4.787791728973388672e+00 -2.307657480239868164e+00
-5.068992614746093750e+00 -8.108558654785156250e+00 -7.822227478027343750e+00
-4.999858379364013672e+00 -8.060898780822753906e+00 -1.156795883178710938e+01
-4.185200691223144531e+00 -8.321014404296875000e+00 -9.419700622558593750e+00
-7.271107673645019531e+00 -7.468432903289794922e+00 -7.058892250061035156e+00
-7.775218486785888672e+00 -7.350614547729492188e+00 -7.967257022857666016e+00
-5.692668914794921875e+00 -8.128107070922851562e+00 -9.823811531066894531e+00
-6.220966339111328125e+00 -7.997191905975341797e+00 -9.061577796936035156e+00
-6.480978965759277344e+00 -7.343311786651611328e+00 -1.205421638488769531e+01
-8.411683082580566406e+00 -6.366113185882568359e+00 -1.057558631896972656e+01
-8.333541870117187500e+00 -6.186521530151367188e+00 -1.129347610473632812e+01
-9.642608642578125000e+00 -5.266063690185546875e+00 -8.362700462341308594e+00
-1.005130958557128906e+01 -4.324108600616455078e+00 -8.715781211853027344e+00
-9.588274955749511719e+00 -4.640713691711425781e+00 -1.086649322509765625e+01
-8.220221519470214844e+00 -6.690268039703369141e+00 -5.445545673370361328e+00
-9.067563056945800781e+00 -6.091478824615478516e+00 -4.930303573608398438e+00
-7.968159675598144531e+00 -5.745010852813720703e+00 -3.404826879501342773e+00
-8.497137069702148438e+00 -5.228408813476562500e+00 -2.226188898086547852e+00
-6.958420276641845703e+00 -5.440115451812744141e+00 -3.112426280975341797e+00
-2.594060182571411133e+00 -5.030873298645019531e+00 -1.548065185546875000e+00
-3.374120473861694336e+00 -4.881394386291503906e+00 -5.829362273216247559e-01
-1.441131949424743652e+00 -4.994215488433837891e+00 -2.372638285160064697e-01
-7.379442691802978516e+00 -3.211463451385498047e+00 2.313548088073730469e+00
-5.355568408966064453e+00 -3.512023687362670898e+00 1.279727578163146973e+00
-3.860677242279052734e+00 -5.067846775054931641e+00 -2.136695146560668945e+00
-7.304625988006591797e+00 -4.796246528625488281e+00 -1.626600027084350586e+00
-6.307818412780761719e+00 -5.166797161102294922e+00 -2.786540269851684570e+00
-3.738691568374633789e+00 -4.413885116577148438e+00 1.347747296094894409e-01
-4.768257617950439453e+00 -7.278760433197021484e+00 -5.294660568237304688e+00
-4.545801162719726562e+00 -6.498084068298339844e+00 -4.090748786926269531e+00
-2.280586957931518555e+00 -7.655196189880371094e+00 -6.416845798492431641e+00
-2.885013818740844727e+00 -7.167465686798095703e+00 -5.066854476928710938e+00
-2.214764356613159180e+00 -7.177059650421142578e+00 -5.298839092254638672e+00
-1.356830835342407227e+00 -6.801527500152587891e+00 -5.043811798095703125e+00
-2.780170202255249023e+00 -6.776727199554443359e+00 -4.439465999603271484e+00
-5.267736911773681641e+00 -6.850453376770019531e+00 -4.678809642791748047e+00
-6.154025077819824219e+00 -7.666669845581054688e+00 -6.741973876953125000e+00
-8.704721450805664062e+00 -6.650652885437011719e+00 -6.454895019531250000e+00
-1.417899489402770996e+00 -4.981315135955810547e+00 -1.835896849632263184e+00
-9.356670379638671875e-01 -5.042571067810058594e+00 -2.276658535003662109e+00
-2.241991043090820312e+00 -5.124500751495361328e+00 -2.023013353347778320e+00
-3.520484864711761475e-01 -5.087406158447265625e+00 -1.197800874710083008e+00
6.308447718620300293e-01 -4.619133949279785156e+00 -1.597454905509948730e+00
-8.152377009391784668e-01 -5.403887748718261719e+00 -3.020344734191894531e+00
-8.702359162271022797e-03 -5.499803543090820312e+00 -3.345019340515136719e+00
6.061599254608154297e-01 -4.765023708343505859e+00 -2.125319004058837891e+00
-9.515806198120117188e+00 -4.814082145690917969e+00 -2.044148445129394531e+00
-9.939905166625976562e+00 -4.890538215637207031e+00 -4.679663181304931641e+00
-9.351757049560546875e+00 -5.581244468688964844e+00 -3.830987453460693359e+00
-1.019540596008300781e+01 -3.759577751159667969e+00 -3.287633657455444336e+00
-1.031976890563964844e+01 -3.585617303848266602e+00 -4.714904308319091797e+00
-9.120151519775390625e+00 -4.087272167205810547e+00 3.100864887237548828e-01
-9.781172752380371094e+00 -4.174236297607421875e+00 -1.407880067825317383e+00
-9.820394515991210938e+00 -3.231848001480102539e+00 -2.790785431861877441e-01
-9.599550247192382812e+00 -2.926670789718627930e+00 9.037130475044250488e-01
-9.113738059997558594e+00 -2.721302986145019531e+00 2.168641805648803711e+00
-9.279306411743164062e+00 -1.628236532211303711e+00 1.270930290222167969e+00
-1.017256546020507812e+01 -2.694814205169677734e+00 -2.523369550704956055e+00
-1.009731578826904297e+01 -1.608840942382812500e+00 -2.652254819869995117e+00
-9.464521408081054688e+00 -1.292924165725708008e+00 -8.874281644821166992e-01
-7.936309337615966797e+00 -4.191255569458007812e-01 -6.463528275489807129e-01
-1.006318187713623047e+01 -4.634884357452392578e+00 -5.545108318328857422e+00
-1.034838104248046875e+01 -3.651807069778442383e+00 -5.423553466796875000e+00
-1.053382492065429688e+01 -2.257197141647338867e+00 -5.300961971282958984e+00
-1.059085083007812500e+01 -2.097509145736694336e+00 -5.871324539184570312e+00
-1.008309268951416016e+01 -6.565926671028137207e-01 -5.353365421295166016e+00
-1.058942699432373047e+01 -2.842012882232666016e+00 -7.961365699768066406e+00
-1.071109676361083984e+01 -1.944869995117187500e+00 -8.886318206787109375e+00
-1.060086059570312500e+01 -8.074600696563720703e-01 -8.515919685363769531e+00
-9.951967239379882812e+00 -3.274445831775665283e-01 -6.704561710357666016e+00
-8.383351325988769531e+00 -2.024143636226654053e-01 -2.253565788269042969e+00
-6.926421165466308594e+00 1.702055454254150391e+00 -3.686539649963378906e+00
-9.017053604125976562e+00 3.897011280059814453e-01 -6.202334880828857422e+00
-7.577413558959960938e+00 1.442847967147827148e+00 -4.987101078033447266e+00
1.315633201599121094e+01 -6.360093116760253906e+00 4.784726142883300781e+00
1.354265689849853516e+01 -6.395441055297851562e+00 8.093907833099365234e-01
1.303771686553955078e+01 -6.217788696289062500e+00 1.525612354278564453e+00
1.491142845153808594e+01 -6.357579708099365234e+00 1.989351272583007812e+00
1.472053337097167969e+01 -5.750792980194091797e+00 3.201498508453369141e+00
1.195478343963623047e+01 -5.980609893798828125e+00 2.845340967178344727e+00
4.415042400360107422e+00 -1.222992658615112305e+00 4.946512699127197266e+00
5.286221027374267578e+00 -9.381020665168762207e-01 6.067642688751220703e+00
6.649629116058349609e+00 -4.842854022979736328e+00 -1.666586041450500488e+00
8.911692619323730469e+00 -6.265301227569580078e+00 -1.243947148323059082e+00
8.126213073730468750e+00 -6.173957824707031250e+00 -1.086714386940002441e+00
7.452414035797119141e+00 -6.251285552978515625e+00 -5.008428692817687988e-01
2.552537679672241211e+00 -5.424191951751708984e+00 4.039617180824279785e-01
4.294233322143554688e+00 -4.703515529632568359e+00 -1.495929002761840820e+00
5.165964126586914062e+00 -5.096640586853027344e+00 -1.169310688972473145e+00
2.305145263671875000e+00 -4.284658908843994141e+00 -1.258605003356933594e+00
4.113221645355224609e+00 -4.733645439147949219e+00 -1.277401447296142578e+00
5.107334613800048828e+00 -5.573865890502929688e+00 2.140784561634063721e-01
5.806671619415283203e+00 -5.976535797119140625e+00 -6.149367690086364746e-01
3.094319820404052734e+00 -5.493937492370605469e+00 -5.886645913124084473e-01
9.463704109191894531e+00 -5.248635768890380859e+00 3.114682435989379883e+00
9.989732742309570312e+00 -5.039977073669433594e+00 5.003995895385742188e+00
9.956496238708496094e+00 -5.038891792297363281e+00 4.338412284851074219e+00
8.678503990173339844e+00 -4.177450180053710938e+00 5.364921569824218750e+00
8.932180404663085938e+00 -4.997421741485595703e+00 3.169454336166381836e+00
9.027136802673339844e+00 -5.924101352691650391e+00 1.434037089347839355e+00
8.683824539184570312e+00 -6.086914539337158203e+00 9.365223646163940430e-01
5.528626441955566406e+00 -1.330999732017517090e+00 4.049655914306640625e+00
6.171976089477539062e+00 -3.685981273651123047e+00 2.393389225006103516e+00
5.594834804534912109e+00 -3.965234756469726562e+00 1.869363188743591309e+00
4.520455837249755859e+00 -1.898250699043273926e+00 3.074624538421630859e+00
4.618913650512695312e+00 -1.502674341201782227e+00 3.735173702239990234e+00
6.911678791046142578e+00 -2.461688518524169922e+00 4.314383983612060547e+00
6.695267677307128906e+00 -1.983327746391296387e+00 5.523142337799072266e+00
6.544897079467773438e+00 -5.455976009368896484e+00 9.315274357795715332e-01
1.197393417358398438e+01 -5.157072067260742188e+00 6.304123401641845703e+00
1.362026405334472656e+01 -5.275038719177246094e+00 4.641658782958984375e+00
1.250075340270996094e+01 -4.048159599304199219e+00 5.003906726837158203e+00
1.338820552825927734e+01 -3.895168304443359375e+00 3.276186943054199219e+00
7.817932605743408203e+00 -3.016125679016113281e+00 6.696178913116455078e+00
7.394441604614257812e+00 -2.536873340606689453e+00 6.621952056884765625e+00
4.263205051422119141e+00 -5.493255257606506348e-01 6.837554454803466797e+00
9.599421501159667969e+00 -4.470311641693115234e+00 6.649956703186035156e+00
1.041715240478515625e+01 -3.192179918289184570e+00 6.483560085296630859e+00
1.077684211730957031e+01 -2.838235139846801758e+00 5.543103218078613281e+00
8.696967124938964844e+00 -1.689564704895019531e+00 6.329820632934570312e+00
9.048856735229492188e+00 -1.425169587135314941e+00 5.398006916046142578e+00
1.111261653900146484e+01 -2.579634666442871094e+00 4.555597305297851562e+00
1.145170783996582031e+01 -2.260662794113159180e+00 3.549458026885986328e+00
6.634143352508544922e+00 -1.524283170700073242e+00 6.353971004486083984e+00
7.781624317169189453e+00 -1.091789603233337402e+00 6.206952571868896484e+00
7.054248809814453125e+00 -1.905959248542785645e-01 5.580833911895751953e+00
6.288670539855957031e+00 -3.708343505859375000e-01 5.924253940582275391e+00
5.679770469665527344e+00 6.891475915908813477e-01 5.390617847442626953e+00
8.138375282287597656e+00 8.819860219955444336e-02 4.403718471527099609e+00
5.755868911743164062e+00 1.880786418914794922e+00 4.041532993316650391e+00
6.145832538604736328e+00 1.978909254074096680e+00 3.590317010879516602e+00
-2.132544994354248047e+00 -2.794718265533447266e+00 3.782870054244995117e+00
-1.523795485496520996e+00 -3.800215959548950195e+00 1.669386625289916992e+00
-1.477438330650329590e+00 -4.650703430175781250e+00 3.921929895877838135e-01
-1.617024540901184082e+00 -2.858596563339233398e+00 3.504359483718872070e+00
-2.489120066165924072e-01 -2.658410549163818359e+00 2.376788616180419922e+00
-5.071562767028808594e+00 -3.476716518402099609e+00 1.472368121147155762e+00
-4.359214782714843750e+00 -3.315099716186523438e+00 2.207320690155029297e+00
-5.805099487304687500e+00 -2.596479892730712891e+00 3.397541046142578125e+00
-5.278841018676757812e+00 -3.017449617385864258e+00 2.540178298950195312e+00
-4.094882965087890625e+00 -2.825768232345581055e+00 3.388115167617797852e+00
-2.759309291839599609e+00 -1.619695901870727539e+00 4.890890121459960938e+00
-5.654714107513427734e+00 -1.267624974250793457e+00 4.713922023773193359e+00
-5.351296424865722656e+00 -7.363688945770263672e-01 4.915477752685546875e+00
2.526254892349243164e+00 -1.738451600074768066e+00 3.666918754577636719e+00
1.368117213249206543e+00 -9.005829095840454102e-01 4.134004592895507812e+00
-6.614831089973449707e-02 -1.184104442596435547e+00 3.657516002655029297e+00
1.090398430824279785e+00 -3.288740813732147217e-01 4.667892456054687500e+00
2.504282236099243164e+00 -1.106633424758911133e+00 5.293729305267333984e+00
3.515424728393554688e+00 -6.661419272422790527e-01 6.657282352447509766e+00
1.116023540496826172e+00 7.546061277389526367e-01 5.403279781341552734e+00
-3.226437807083129883e+00 -1.388654470443725586e+00 5.018847465515136719e+00
-4.245717048645019531e+00 3.015926778316497803e-01 5.015491008758544922e+00
-2.751058578491210938e+00 5.663178563117980957e-01 5.141746044158935547e+00
-1.170527100563049316e+00 1.618972897529602051e+00 4.412694931030273438e+00
-3.888818740844726562e+00 1.023441076278686523e+00 4.052770614624023438e+00
-3.825450658798217773e+00 1.425003528594970703e+00 2.893549442291259766e+00
-1.794326007366180420e-01 -5.101785659790039062e+00 -8.037960529327392578e-02
2.955612540245056152e-01 -4.960409641265869141e+00 -1.154506877064704895e-01
8.130226731300354004e-01 -4.968571662902832031e+00 3.191373124718666077e-02
1.642917633056640625e+00 -3.805886745452880859e+00 1.415389895439147949e+00
1.480104207992553711e+00 -5.003242015838623047e+00 5.777737498283386230e-01
1.622836470603942871e+00 -3.764409542083740234e+00 -1.358873844146728516e+00
1.882456541061401367e+00 -2.632999420166015625e+00 2.352326631546020508e+00
2.311000108718872070e+00 1.433053493499755859e+00 5.545729637145996094e+00
2.888389825820922852e+00 2.401723384857177734e+00 4.193620204925537109e+00
2.606628179550170898e+00 2.950388908386230469e+00 3.008023738861083984e+00
-8.634087443351745605e-01 2.486238479614257812e+00 2.621978282928466797e+00
-6.648271679878234863e-01 1.955572724342346191e+00 4.186507225036621094e+00
5.709236860275268555e-01 2.558537244796752930e+00 3.251557350158691406e+00
-1.729212760925292969e+00 3.176225185394287109e+00 1.080759093165397644e-01
-7.586243152618408203e+00 -2.459357023239135742e+00 3.558082342147827148e+00
-7.329489231109619141e+00 -1.425262212753295898e+00 4.221893310546875000e+00
-7.961131095886230469e+00 -8.138514757156372070e-01 2.910482883453369141e+00
-6.813143253326416016e+00 -1.162712335586547852e+00 4.469196319580078125e+00
-7.016251087188720703e+00 -3.687217831611633301e-01 3.063758611679077148e+00
-6.420063018798828125e+00 1.884766221046447754e-01 1.420993089675903320e+00
-6.219735622406005859e+00 1.400281190872192383e-01 2.393576860427856445e+00
-6.924587249755859375e+00 2.275451719760894775e-01 -8.137461543083190918e-01
-3.745344161987304688e+00 1.650570392608642578e+00 1.848085522651672363e+00
-5.362267017364501953e+00 2.015111684799194336e+00 -1.992679476737976074e+00
-3.646574735641479492e+00 3.034201383590698242e+00 -1.669308543205261230e+00
3.408516168594360352e+00 5.935308933258056641e-01 6.419396877288818359e+00
3.008270740509033203e+00 1.661603927612304688e+00 5.312661647796630859e+00
3.848845005035400391e+00 1.955453515052795410e+00 4.691878318786621094e+00
4.543885231018066406e+00 2.524411201477050781e+00 3.676457166671752930e+00
3.889626502990722656e+00 3.114983320236206055e+00 2.937844991683959961e+00
7.762531280517578125e+00 -4.910201072692871094e+00 -3.959283590316772461e+00
2.376475572586059570e+00 -5.073609828948974609e+00 -3.052198171615600586e+00
5.494431495666503906e+00 -4.738465309143066406e+00 -2.520277261734008789e+00
6.321251869201660156e+00 -4.689034938812255859e+00 -2.968304157257080078e+00
3.032694578170776367e+00 -5.011756896972656250e+00 -2.932414054870605469e+00
2.090292930603027344e+00 -5.930409908294677734e+00 -5.250037670135498047e+00
2.626015663146972656e+00 -5.807271957397460938e+00 -6.251829147338867188e+00
3.890244483947753906e+00 -5.142122745513916016e+00 -5.596577644348144531e+00
5.923676967620849609e+00 -4.820812225341796875e+00 -3.728857994079589844e+00
7.159814357757568359e+00 -4.967267513275146484e+00 -4.066383838653564453e+00
2.444123744964599609e+00 -5.621364116668701172e+00 -8.457645416259765625e+00
8.322226524353027344e+00 -4.987377643585205078e+00 -6.006042957305908203e+00
3.300530672073364258e+00 -5.331739902496337891e+00 -7.114710807800292969e+00
3.712908267974853516e+00 -4.723215103149414062e+00 -7.897585868835449219e+00
6.289001464843750000e+00 -5.077506542205810547e+00 -5.374149799346923828e+00
7.408373832702636719e+00 -4.935032844543457031e+00 -6.326990127563476562e+00
5.877586364746093750e+00 -4.179387092590332031e+00 -7.246301174163818359e+00
7.535859584808349609e+00 -4.035904407501220703e+00 -7.364335060119628906e+00
5.588577270507812500e+00 -3.865692138671875000e+00 -7.626450538635253906e+00
5.159770965576171875e+00 -2.840437412261962891e+00 -8.642783164978027344e+00
5.233373165130615234e+00 -2.079643487930297852e+00 -8.896059036254882812e+00
-3.349709749221801758e+00 -7.970273494720458984e+00 -1.205625534057617188e+01
-3.131344795227050781e+00 -8.215010643005371094e+00 -1.051704216003417969e+01
-3.961581230163574219e+00 -7.542974948883056641e+00 -1.315919208526611328e+01
-1.581330895423889160e+00 -6.563035488128662109e+00 -1.324225521087646484e+01
-3.556562185287475586e+00 -6.333778381347656250e+00 -1.445969200134277344e+01
-3.375278234481811523e+00 -5.281173229217529297e+00 -1.519327354431152344e+01
-6.631721019744873047e+00 -6.534012317657470703e+00 -1.317051982879638672e+01
-7.072463989257812500e+00 -6.209051609039306641e+00 -1.318749427795410156e+01
-7.758730411529541016e+00 -5.228880405426025391e+00 -1.367420101165771484e+01
-5.720349788665771484e+00 -7.130990505218505859e+00 -1.307814598083496094e+01
-8.473220825195312500e+00 -5.360339641571044922e+00 -1.256284523010253906e+01
-7.365349769592285156e+00 -4.561515331268310547e+00 -1.457241821289062500e+01
-4.151577949523925781e+00 -5.534700393676757812e+00 -1.502918338775634766e+01
-5.996840953826904297e+00 -4.380551338195800781e+00 -1.525699996948242188e+01
-2.711094617843627930e+00 -5.387163162231445312e+00 -1.501416587829589844e+01
-2.177043199539184570e+00 -4.295051097869873047e+00 -1.537026786804199219e+01
-3.723134517669677734e+00 -3.714517593383789062e+00 -1.575254726409912109e+01
-2.790534973144531250e+00 -3.185799360275268555e+00 -1.571608257293701172e+01
-4.990365505218505859e+00 -2.647922277450561523e+00 -1.594018363952636719e+01
-3.921537876129150391e+00 -1.502492189407348633e+00 -1.593518924713134766e+01
-9.302163124084472656e+00 -4.437788009643554688e+00 -1.221992778778076172e+01
-8.935937881469726562e+00 -3.997423171997070312e+00 -1.344313335418701172e+01
-9.912576675415039062e+00 -2.858713626861572266e+00 -1.234453582763671875e+01
-1.040299224853515625e+01 -1.433569073677062988e+00 -1.151596355438232422e+01
-8.550146102905273438e+00 -3.344837903976440430e+00 -1.435842704772949219e+01
-7.692767620086669922e+00 -2.962845325469970703e+00 -1.519609260559082031e+01
-9.822484970092773438e+00 -9.187079668045043945e-01 -1.328124141693115234e+01
-9.374801635742187500e+00 -3.193024396896362305e-01 -1.420140266418457031e+01
-8.486712455749511719e+00 -9.450833201408386230e-01 -1.507151508331298828e+01
-7.135973453521728516e+00 1.657059490680694580e-01 -1.576797103881835938e+01
-7.626765727996826172e+00 8.230583667755126953e-01 -1.553380298614501953e+01
-1.522201299667358398e+00 -7.555991649627685547e+00 -6.888245582580566406e+00
-4.212170839309692383e-01 -7.156409263610839844e+00 -8.631373405456542969e+00
7.315605133771896362e-02 -6.569000720977783203e+00 -5.589693546295166016e+00
6.187995076179504395e-01 -6.685058593750000000e+00 -6.756772041320800781e+00
-2.398737221956253052e-01 -6.930744171142578125e+00 -9.610517501831054688e+00
-5.046261474490165710e-02 -5.895323753356933594e+00 -1.240198326110839844e+01
1.352326393127441406e+00 -6.388661861419677734e+00 -6.418741703033447266e+00
2.021123886108398438e+00 -5.951427936553955078e+00 -8.190386772155761719e+00
-7.603191137313842773e-01 -5.086910247802734375e+00 -1.430371093750000000e+01
1.025174021720886230e+00 -4.963031768798828125e+00 -1.243810176849365234e+01
-1.230490088462829590e+00 -3.739493608474731445e+00 -1.520262241363525391e+01
-1.924093216657638550e-01 -3.007288217544555664e+00 -1.485945510864257812e+01
1.960939884185791016e+00 -5.053859710693359375e+00 -1.069772338867187500e+01
-1.087961792945861816e+00 -2.404851675033569336e+00 -1.528154659271240234e+01
-1.308084011077880859e+00 -1.697030067443847656e+00 -1.534004974365234375e+01
2.142250299453735352e+00 -3.536274433135986328e+00 -1.149279117584228516e+01
8.844557404518127441e-01 -1.870133161544799805e+00 -1.348692607879638672e+01
7.970399260520935059e-01 -1.143789649009704590e+00 -1.333412647247314453e+01
-2.606624126434326172e+00 -1.777400732040405273e+00 -1.569861316680908203e+01
-2.676802396774291992e+00 -8.083868622779846191e-01 -1.563970851898193359e+01
-5.085721969604492188e+00 4.582742452621459961e-01 -1.588724422454833984e+01
-2.887853145599365234e+00 1.009672045707702637e+00 -1.536443233489990234e+01
-2.165167808532714844e+00 1.176512598991394043e+00 -1.512275028228759766e+01
-4.981645643711090088e-01 1.151600480079650879e+00 -1.388922595977783203e+01
-2.882442474365234375e+00 2.083116054534912109e+00 -1.503357887268066406e+01
-2.465756416320800781e+00 2.792353868484497070e+00 -1.464482307434082031e+01
2.704212903976440430e+00 -3.967320680618286133e+00 -1.033729457855224609e+01
3.521828174591064453e+00 -2.609383821487426758e+00 -1.011239337921142578e+01
3.012839794158935547e+00 -1.846559762954711914e+00 -1.085251712799072266e+01
9.641093611717224121e-01 -2.796359956264495850e-01 -1.281278038024902344e+01
1.482634067535400391e+00 8.890874683856964111e-03 -1.210922431945800781e+01
2.348955154418945312e+00 -2.155925035476684570e-01 -1.122575378417968750e+01
1.081418633460998535e+00 4.199917614459991455e-01 -1.233523559570312500e+01
-1.051039981842041016e+01 -9.617152810096740723e-01 -1.099247074127197266e+01
-9.967655181884765625e+00 6.942445635795593262e-01 -1.291934204101562500e+01
-1.030241584777832031e+01 -8.678294718265533447e-03 -1.048453044891357422e+01
-1.007135868072509766e+01 -1.147898137569427490e-01 -9.023000717163085938e+00
-9.724588394165039062e+00 5.519071817398071289e-01 -1.002583408355712891e+01
-9.962737083435058594e+00 9.321420192718505859e-01 -1.155033969879150391e+01
-9.433283805847167969e+00 2.046669244766235352e+00 -1.278238868713378906e+01
-8.820832252502441406e+00 1.406590938568115234e+00 -9.341200828552246094e+00
-8.418914794921875000e+00 2.413386583328247070e+00 -1.037202072143554688e+01
-8.199629783630371094e+00 1.161646842956542969e+00 -6.069765567779541016e+00
-7.962874412536621094e+00 1.600262880325317383e+00 -7.150410652160644531e+00
-8.285433769226074219e+00 1.891354322433471680e+00 -8.735512733459472656e+00
-7.901370048522949219e+00 2.562355041503906250e+00 -9.729650497436523438e+00
-6.297965526580810547e+00 2.704815626144409180e+00 -7.678328990936279297e+00
-6.214173793792724609e+00 3.018349409103393555e+00 -8.160598754882812500e+00
-8.634466171264648438e+00 2.215083837509155273e+00 -1.429136562347412109e+01
-8.035777091979980469e+00 2.244347810745239258e+00 -1.473128986358642578e+01
-7.636122226715087891e+00 3.462931156158447266e+00 -1.351242446899414062e+01
-6.653906822204589844e+00 4.283426284790039062e+00 -1.313475799560546875e+01
-6.100624561309814453e+00 1.903192162513732910e+00 -1.547425842285156250e+01
-5.844499588012695312e+00 2.193745613098144531e+00 -1.532576370239257812e+01
-5.168640613555908203e+00 3.978471279144287109e+00 -1.412036800384521484e+01
-4.613041400909423828e+00 3.966898202896118164e+00 -1.424709415435791016e+01
-5.866257190704345703e+00 3.787771701812744141e+00 -1.412610435485839844e+01
-8.275190353393554688e+00 3.301527976989746094e+00 -1.224431705474853516e+01
-6.242391586303710938e+00 4.429957866668701172e+00 -1.237873744964599609e+01
-5.556256294250488281e+00 4.398074626922607422e+00 -1.074107360839843750e+01
-3.387260198593139648e+00 4.239304542541503906e+00 -1.348661518096923828e+01
-3.169229507446289062e+00 4.302503108978271484e+00 -1.286870574951171875e+01
-5.219032764434814453e+00 4.448511600494384766e+00 -1.221764469146728516e+01
-4.467174053192138672e+00 4.645071029663085938e+00 -1.232451725006103516e+01
-3.215315580368041992e+00 4.694603443145751953e+00 -1.144170761108398438e+01
-4.956405639648437500e+00 4.799593925476074219e+00 -1.084595584869384766e+01
-3.793870925903320312e+00 4.903388500213623047e+00 -1.116955566406250000e+01
-6.640792369842529297e+00 3.699414968490600586e+00 -1.049888992309570312e+01
-5.932183742523193359e+00 3.638228893280029297e+00 -9.031775474548339844e+00
3.058535099029541016e+00 -1.867152452468872070e-01 -1.030023097991943359e+01
-1.382457017898559570e-01 1.532589197158813477e+00 -1.287682247161865234e+01
-2.113817453384399414e+00 3.225722312927246094e+00 -1.359375381469726562e+01
9.965964555740356445e-01 8.067100048065185547e-01 -1.168774700164794922e+01
-1.053051114082336426e+00 2.889504671096801758e+00 -1.233771514892578125e+01
-2.712827920913696289e+00 3.852108240127563477e+00 -1.326920890808105469e+01
-1.648643374443054199e+00 3.653525352478027344e+00 -1.187414932250976562e+01
1.143430995941162109e+01 -6.539833068847656250e+00 -3.365184783935546875e+00
1.332283210754394531e+01 -6.791895866394042969e+00 -1.701933741569519043e+00
1.117408561706542969e+01 -6.455869674682617188e+00 -8.284001946449279785e-01
1.097737121582031250e+01 -6.474458694458007812e+00 -2.588314771652221680e+00
1.435492897033691406e+01 -6.998935699462890625e+00 -5.007633209228515625e+00
1.198802185058593750e+01 -6.608651638031005859e+00 -3.967197656631469727e+00
1.270025920867919922e+01 -6.594567298889160156e+00 -5.461039066314697266e+00
1.314726448059082031e+01 -6.922118663787841797e+00 -3.653143882751464844e+00
1.562675952911376953e+01 -7.100230693817138672e+00 -3.578229904174804688e+00
1.607431602478027344e+01 -6.028473854064941406e+00 -4.158142566680908203e+00
1.624211692810058594e+01 -6.605795860290527344e+00 -1.144767284393310547e+00
1.638196945190429688e+01 -5.804808616638183594e+00 -2.017637491226196289e+00
1.457298851013183594e+01 -6.709501743316650391e+00 7.501900941133499146e-02
1.481105613708496094e+01 -7.035439491271972656e+00 -1.531129479408264160e+00
1.537635517120361328e+01 -6.444385051727294922e+00 1.003472805023193359e+00
1.476498794555664062e+01 -4.503632068634033203e+00 2.098380327224731445e+00
1.512632083892822266e+01 -4.466747760772705078e+00 9.571100473403930664e-01
1.431968498229980469e+01 -3.620597600936889648e+00 1.110196352005004883e+00
1.582384872436523438e+01 -4.999776840209960938e+00 -3.321793317794799805e+00
1.524906635284423828e+01 -4.154677867889404297e+00 -2.534839868545532227e+00
1.521468162536621094e+01 -4.109326362609863281e+00 -9.635354876518249512e-01
1.498276615142822266e+01 -3.751275062561035156e+00 -1.468096852302551270e+00
1.434908199310302734e+01 -3.000663995742797852e+00 -8.306143879890441895e-01
1.381229686737060547e+01 -6.772032260894775391e+00 -6.226306438446044922e+00
1.525824069976806641e+01 -5.985326766967773438e+00 -6.522918224334716797e+00
1.237015533447265625e+01 -6.465854644775390625e+00 -6.645356655120849609e+00
1.291556930541992188e+01 -5.935813903808593750e+00 -7.427959918975830078e+00
1.593927192687988281e+01 -5.903986454010009766e+00 -5.617861270904541016e+00
1.563226795196533203e+01 -5.133284568786621094e+00 -5.911424636840820312e+00
1.506033611297607422e+01 -4.470023155212402344e+00 -5.510663509368896484e+00
1.326331710815429688e+01 -5.547101497650146484e+00 -7.283740997314453125e+00
1.263635253906250000e+01 -4.986919403076171875e+00 -6.594251155853271484e+00
1.350435256958007812e+01 -4.511524200439453125e+00 -6.071672916412353516e+00
1.364091396331787109e+01 -3.429995059967041016e+00 -4.914195060729980469e+00
1.502117824554443359e+01 -3.821329593658447266e+00 -2.778656244277954102e+00
1.495404434204101562e+01 -3.807350873947143555e+00 -4.468239307403564453e+00
1.440507125854492188e+01 -2.971216678619384766e+00 -3.712833642959594727e+00
1.016330814361572266e+01 -6.002302169799804688e+00 -2.736894130706787109e+00
6.990869998931884766e+00 -4.759253025054931641e+00 -2.366696596145629883e+00
7.279002666473388672e+00 -4.827724933624267578e+00 -1.939396977424621582e+00
6.844271659851074219e+00 -4.697665214538574219e+00 -2.929132461547851562e+00
1.048375320434570312e+01 -6.292719364166259766e+00 -2.336282968521118164e+00
9.012733459472656250e+00 -5.521060943603515625e+00 -1.937925577163696289e+00
7.951382637023925781e+00 -5.090646266937255859e+00 -1.571952342987060547e+00
9.600706100463867188e+00 -5.525495052337646484e+00 -3.429878473281860352e+00
9.956111907958984375e+00 -5.547414779663085938e+00 -4.656842231750488281e+00
8.332830429077148438e+00 -4.987356662750244141e+00 -3.955937862396240234e+00
1.358754253387451172e+01 -2.318190574645996094e+00 3.117500245571136475e-02
1.222453689575195312e+01 -9.424057602882385254e-01 -1.005407571792602539e+00
1.096574115753173828e+01 -5.965437889099121094e+00 -5.486405372619628906e+00
1.103135967254638672e+01 -5.428144454956054688e+00 -6.020413875579833984e+00
9.597988128662109375e+00 -5.074827671051025391e+00 -5.191844463348388672e+00
1.172730255126953125e+01 -4.712496757507324219e+00 -6.156382560729980469e+00
9.186726570129394531e+00 -4.322322845458984375e+00 -6.405594825744628906e+00
1.041034984588623047e+01 -3.548583507537841797e+00 -5.853234767913818359e+00
1.248764228820800781e+01 -3.710517644882202148e+00 -5.430072307586669922e+00
1.066092109680175781e+01 -3.208797931671142578e+00 -5.648908138275146484e+00
1.068777847290039062e+01 -2.280818223953247070e+00 -5.234820365905761719e+00
8.545285224914550781e+00 -3.682370901107788086e+00 -7.018792152404785156e+00
9.057874679565429688e+00 -3.086258172988891602e+00 -6.553429603576660156e+00
8.056276321411132812e+00 -2.032822847366333008e+00 -6.895463943481445312e+00
1.041870117187500000e+01 -1.613511204719543457e+00 -5.094926357269287109e+00
8.260897636413574219e+00 -1.708900809288024902e+00 -6.628417491912841797e+00
8.757266044616699219e+00 -4.879718124866485596e-01 -5.832554340362548828e+00
7.283965110778808594e+00 -1.637484729290008545e-01 -6.909528255462646484e+00
1.330929946899414062e+01 -2.183521986007690430e+00 -4.023655414581298828e+00
1.349283123016357422e+01 -1.775228023529052734e+00 -1.888574719429016113e+00
1.325732707977294922e+01 -1.378624439239501953e+00 -3.115859985351562500e+00
1.242855930328369141e+01 -5.220833420753479004e-01 -2.197557210922241211e+00
1.208253002166748047e+01 -1.736472249031066895e-01 -2.806384563446044922e+00
1.243937873840332031e+01 -1.950808167457580566e+00 -4.331168174743652344e+00
1.123802185058593750e+01 -1.253709197044372559e+00 -4.463413238525390625e+00
1.153244972229003906e+01 -5.988658070564270020e-01 -3.846524477005004883e+00
1.017446899414062500e+01 1.498939156532287598e+00 -1.724646449089050293e+00
9.295511245727539062e+00 2.331625938415527344e+00 -2.868088960647583008e+00
9.332200050354003906e+00 2.273411750793457031e+00 -3.339627981185913086e+00
8.572003364562988281e+00 2.890166759490966797e+00 -2.359824180603027344e+00
1.022431659698486328e+01 -9.253650903701782227e-01 -4.986701011657714844e+00
1.066658592224121094e+01 2.778890430927276611e-01 -4.107705116271972656e+00
8.372391700744628906e+00 1.260618865489959717e-01 -5.848694801330566406e+00
7.018866539001464844e+00 9.835624098777770996e-01 -6.421734333038330078e+00
1.381029701232910156e+01 -3.866156101226806641e+00 2.664023876190185547e+00
1.243195247650146484e+01 -2.732923030853271484e+00 2.945624589920043945e+00
1.125303649902343750e+01 -1.021043181419372559e+00 1.434666156768798828e+00
1.144762897491455078e+01 -7.683920860290527344e-01 2.864372730255126953e-01
9.966150283813476562e+00 -6.303026080131530762e-01 3.060843944549560547e+00
8.847275733947753906e+00 7.525186538696289062e-01 2.524881601333618164e+00
9.417822837829589844e+00 4.599879682064056396e-01 2.032666444778442383e+00
7.302557945251464844e+00 1.767677187919616699e+00 2.848187446594238281e+00
7.156837463378906250e+00 2.533986806869506836e+00 1.778193473815917969e+00
9.814657211303710938e+00 7.776243686676025391e-01 3.367295265197753906e-01
1.005344009399414062e+01 1.199106097221374512e+00 -9.935221076011657715e-01
7.998707294464111328e+00 2.532773017883300781e+00 3.999630510807037354e-01
3.352820873260498047e+00 4.281236171722412109e+00 -3.448071777820587158e-01
6.225147724151611328e+00 3.500075101852416992e+00 2.647073566913604736e-01
5.481898307800292969e+00 4.034696578979492188e+00 -2.225230932235717773e+00
3.676633596420288086e+00 4.398286342620849609e+00 -6.835053563117980957e-01
2.851132869720458984e+00 3.831865072250366211e+00 -2.456636190414428711e+00
2.964544773101806641e+00 3.526462554931640625e+00 -3.328634262084960938e+00
-9.872002005577087402e-01 3.798076391220092773e+00 -7.644275426864624023e-01
2.152076482772827148e+00 3.158520221710205078e+00 -4.386259078979492188e+00
1.101143565028905869e-02 4.168684959411621094e+00 -3.141983747482299805e+00
3.080717623233795166e-01 3.717351198196411133e+00 -4.696422576904296875e+00
2.382410049438476562e+00 3.817413806915283203e+00 -2.565679788589477539e+00
5.103221416473388672e+00 -8.699825406074523926e-01 -8.890917778015136719e+00
2.945583343505859375e+00 3.168554604053497314e-01 -9.604454040527343750e+00
5.066051483154296875e+00 5.152230262756347656e-01 -8.108414649963378906e+00
3.646117925643920898e+00 5.724709630012512207e-01 -8.965215682983398438e+00
2.525533914566040039e+00 5.097618103027343750e-01 -9.798191070556640625e+00
1.547769188880920410e+00 1.856788516044616699e+00 -9.910585403442382812e+00
3.322321474552154541e-01 3.158339977264404297e+00 -9.156334877014160156e+00
1.131210774183273315e-01 3.009482383728027344e+00 -1.045672798156738281e+01
5.659682750701904297e+00 2.815121412277221680e+00 -4.857186794281005859e+00
6.166664123535156250e+00 1.893458724021911621e+00 -6.088221549987792969e+00
4.706055164337158203e+00 2.707353353500366211e+00 -5.247586250305175781e+00
4.804780960083007812e+00 2.405239343643188477e+00 -5.960487365722656250e+00
6.609671592712402344e+00 3.727834463119506836e+00 -2.714971780776977539e+00
6.589195251464843750e+00 1.287009239196777344e+00 -6.423832416534423828e+00
5.719430446624755859e+00 1.682619571685791016e+00 -6.602038860321044922e+00
4.867435455322265625e+00 1.798721790313720703e+00 -7.036996364593505859e+00
2.742231607437133789e+00 2.869149684906005859e+00 -5.062875747680664062e+00
2.820610046386718750e+00 2.104448080062866211e+00 -7.358097076416015625e+00
2.032341957092285156e+00 2.343020915985107422e+00 -6.811183452606201172e+00
9.692278504371643066e-02 3.310841321945190430e+00 -6.269523143768310547e+00
2.742050588130950928e-01 2.969873905181884766e+00 -7.757093429565429688e+00
3.049372136592864990e-01 3.041667222976684570e+00 -8.135826110839843750e+00
-3.295903444290161133e+00 3.399534225463867188e+00 -2.585111141204833984e+00
-5.633597850799560547e+00 3.075128555297851562e+00 -7.730097293853759766e+00
-4.810196399688720703e+00 3.495592832565307617e+00 -7.632891654968261719e+00
-4.258273124694824219e+00 3.357482910156250000e+00 -6.673429965972900391e+00
-2.167167901992797852e+00 3.288079500198364258e+00 -2.301445603370666504e-01
-1.889690399169921875e+00 3.756346940994262695e+00 -1.353957653045654297e+00
-1.527589440345764160e+00 4.100582599639892578e+00 -2.468613862991333008e+00
-1.353785634040832520e+00 4.398008823394775391e+00 -3.692687988281250000e+00
-1.182340741157531738e+00 4.407683372497558594e+00 -4.986094474792480469e+00
-4.801941871643066406e+00 4.096092700958251953e+00 -8.500019073486328125e+00
-4.504681587219238281e+00 4.573394775390625000e+00 -9.020480155944824219e+00
-1.980112910270690918e+00 4.469823837280273438e+00 -7.509603500366210938e+00
-3.349756002426147461e+00 4.470784187316894531e+00 -8.328872680664062500e+00
-1.540268182754516602e+00 3.661747217178344727e+00 -1.119694328308105469e+01
-1.227678418159484863e+00 3.515763521194458008e+00 -1.106144523620605469e+01
-3.826555252075195312e+00 4.867082118988037109e+00 -1.070201683044433594e+01
-2.047054052352905273e+00 4.191277503967285156e+00 -9.848317146301269531e+00
-3.107390403747558594e-01 3.489173889160156250e+00 -9.964793205261230469e+00
-2.158585071563720703e+00 4.566129684448242188e+00 -6.119749069213867188e+00
5.297246456146240234e+00 3.125690937042236328e+00 2.318471908569335938e+00
6.052997112274169922e+00 3.047281980514526367e+00 1.747282981872558594e+00
1.967130064964294434e+00 7.110867500305175781e-01 -1.028500556945800781e+01
-5.159789919853210449e-01 2.802694559097290039e+00 -1.161380577087402344e+01
4.429048299789428711e-01 2.532443523406982422e+00 -1.076792049407958984e+01
