1.564296245574951172e+00 -4.938929080963134766e+00 -2.716958999633789062e+00
2.283109664916992188e+00 -4.792462348937988281e+00 -1.931393504142761230e+00
1.519090175628662109e+00 -4.797577857971191406e+00 -2.313142299652099609e+00
-5.068845748901367188e+00 -8.108764648437500000e+00 -7.822527885437011719e+00
-4.999041557312011719e+00 -8.062748908996582031e+00 -1.156802272796630859e+01
-4.184769630432128906e+00 -8.321116447448730469e+00 -9.419709205627441406e+00
-7.271062850952148438e+00 -7.468938350677490234e+00 -7.059181690216064453e+00
-7.774976253509521484e+00 -7.350934505462646484e+00 -7.967618465423583984e+00
-5.691886425018310547e+00 -8.129127502441406250e+00 -9.823987960815429688e+00
-6.220455646514892578e+00 -7.997864246368408203e+00 -9.061997413635253906e+00
-6.479886054992675781e+00 -7.346123695373535156e+00 -1.205470180511474609e+01
-8.409958839416503906e+00 -6.366932392120361328e+00 -1.057648563385009766e+01
-8.332394599914550781e+00 -6.190839290618896484e+00 -1.129507255554199219e+01
-9.642112731933593750e+00 -5.267194271087646484e+00 -8.363479614257812500e+00
-1.005075359344482422e+01 -4.325821876525878906e+00 -8.716585159301757812e+00
-9.585819244384765625e+00 -4.643813610076904297e+00 -1.086882495880126953e+01
-8.220045089721679688e+00 -6.690865039825439453e+00 -5.445686817169189453e+00
-9.067251205444335938e+00 -6.092423915863037109e+00 -4.930615901947021484e+00
-7.967743396759033203e+00 -5.745700836181640625e+00 -3.405203104019165039e+00
-8.496495246887207031e+00 -5.228918552398681641e+00 -2.227129459381103516e+00
-6.957954883575439453e+00 -5.440720558166503906e+00 -3.112924098968505859e+00
-2.593296051025390625e+00 -5.032641410827636719e+00 -1.550868988037109375e+00
-3.373904466629028320e+00 -4.884244441986083984e+00 -5.855645537376403809e-01
-1.440479159355163574e+00 -4.999134540557861328e+00 -2.414934784173965454e-01
-7.379404544830322266e+00 -3.219295978546142578e+00 2.312407970428466797e+00
-5.355612754821777344e+00 -3.516650199890136719e+00 1.278180837631225586e+00
-3.860139369964599609e+00 -5.068836688995361328e+00 -2.138337373733520508e+00
-7.304306983947753906e+00 -4.796028614044189453e+00 -1.627559781074523926e+00
-6.307361602783203125e+00 -5.167074680328369141e+00 -2.787446737289428711e+00
-3.739037275314331055e+00 -4.417400836944580078e+00 1.325738430023193359e-01
-4.768409729003906250e+00 -7.279375553131103516e+00 -5.295093059539794922e+00
-4.545641899108886719e+00 -6.498704910278320312e+00 -4.091654300689697266e+00
-2.280482053756713867e+00 -7.656225681304931641e+00 -6.417414188385009766e+00
-2.884875535964965820e+00 -7.168413162231445312e+00 -5.067537784576416016e+00
-2.214498996734619141e+00 -7.178660869598388672e+00 -5.299653053283691406e+00
-1.355625867843627930e+00 -6.803611755371093750e+00 -5.045170783996582031e+00
-2.779727935791015625e+00 -6.777737140655517578e+00 -4.440568923950195312e+00
-5.267765998840332031e+00 -6.850929737091064453e+00 -4.679121494293212891e+00
-6.154160499572753906e+00 -7.667176723480224609e+00 -6.742353439331054688e+00
-8.704527854919433594e+00 -6.651487827301025391e+00 -6.455119609832763672e+00
-1.415895700454711914e+00 -4.984528541564941406e+00 -1.838834166526794434e+00
-9.331203699111938477e-01 -5.046704292297363281e+00 -2.279558420181274414e+00
-2.240572452545166016e+00 -5.126301765441894531e+00 -2.025609731674194336e+00
-3.502004146575927734e-01 -5.094658374786376953e+00 -1.202322125434875488e+00
6.357548236846923828e-01 -4.629588603973388672e+00 -1.602739572525024414e+00
-8.135649561882019043e-01 -5.406408309936523438e+00 -3.022760391235351562e+00
-6.596221122890710831e-03 -5.503592491149902344e+00 -3.347289562225341797e+00
6.101257205009460449e-01 -4.772286891937255859e+00 -2.128695964813232422e+00
-9.514753341674804688e+00 -4.813975811004638672e+00 -2.045355081558227539e+00
-9.940030097961425781e+00 -4.891937732696533203e+00 -4.680218219757080078e+00
-9.351307868957519531e+00 -5.582049369812011719e+00 -3.831602096557617188e+00
-1.019552135467529297e+01 -3.760877132415771484e+00 -3.288459062576293945e+00
-1.031941318511962891e+01 -3.587598800659179688e+00 -4.715951919555664062e+00
-9.119787216186523438e+00 -4.088922023773193359e+00 3.084267973899841309e-01
-9.780460357666015625e+00 -4.174826145172119141e+00 -1.409031271934509277e+00
-9.820190429687500000e+00 -3.233462095260620117e+00 -2.802399396896362305e-01
-9.599451065063476562e+00 -2.930590152740478516e+00 9.023119211196899414e-01
-9.113121986389160156e+00 -2.728642463684082031e+00 2.167474031448364258e+00
-9.278068542480468750e+00 -1.633977293968200684e+00 1.270207047462463379e+00
-1.017254734039306641e+01 -2.695971727371215820e+00 -2.524106502532958984e+00
-1.009736442565917969e+01 -1.609843134880065918e+00 -2.652319908142089844e+00
-9.464639663696289062e+00 -1.295519113540649414e+00 -8.876428604125976562e-01
-7.936632633209228516e+00 -4.194652736186981201e-01 -6.466387510299682617e-01
-1.006290245056152344e+01 -4.636468410491943359e+00 -5.545787334442138672e+00
-1.034764099121093750e+01 -3.653448104858398438e+00 -5.425308227539062500e+00
-1.053307247161865234e+01 -2.259732961654663086e+00 -5.301462650299072266e+00
-1.059092807769775391e+01 -2.101787090301513672e+00 -5.871719837188720703e+00
-1.008356857299804688e+01 -6.589186787605285645e-01 -5.352794647216796875e+00
-1.058999919891357422e+01 -2.846021890640258789e+00 -7.961828708648681641e+00
-1.071204757690429688e+01 -1.949496150016784668e+00 -8.887370109558105469e+00
-1.059979152679443359e+01 -8.159849643707275391e-01 -8.517665863037109375e+00
-9.950650215148925781e+00 -3.346520066261291504e-01 -6.706158638000488281e+00
-8.382999420166015625e+00 -2.025367319583892822e-01 -2.253155231475830078e+00
-6.926337242126464844e+00 1.700503826141357422e+00 -3.686743259429931641e+00
-9.017547607421875000e+00 3.856362402439117432e-01 -6.202481746673583984e+00
-7.576670169830322266e+00 1.438964843750000000e+00 -4.987039089202880859e+00
1.325775527954101562e+01 -6.585598945617675781e+00 4.608839511871337891e+00
1.357500934600830078e+01 -6.455155372619628906e+00 7.476879358291625977e-01
1.307602500915527344e+01 -6.298387050628662109e+00 1.455637454986572266e+00
1.497666645050048828e+01 -6.447647094726562500e+00 1.877155661582946777e+00
1.482359981536865234e+01 -5.891836166381835938e+00 3.041042566299438477e+00
1.200683212280273438e+01 -6.083803176879882812e+00 2.760830163955688477e+00
4.410382270812988281e+00 -1.400837779045104980e+00 4.894509792327880859e+00
5.266355991363525391e+00 -1.274740338325500488e+00 5.975838184356689453e+00
6.662223815917968750e+00 -4.885213851928710938e+00 -1.691714286804199219e+00
8.923673629760742188e+00 -6.318769931793212891e+00 -1.274893641471862793e+00
8.133999824523925781e+00 -6.230098724365234375e+00 -1.116584420204162598e+00
7.457159519195556641e+00 -6.293287277221679688e+00 -5.267034173011779785e-01
2.557092428207397461e+00 -5.435359001159667969e+00 3.933978676795959473e-01
4.302620887756347656e+00 -4.723273754119873047e+00 -1.511756420135498047e+00
5.175584793090820312e+00 -5.122898101806640625e+00 -1.188367366790771484e+00
2.312584638595581055e+00 -4.303119182586669922e+00 -1.273284196853637695e+00
4.122387409210205078e+00 -4.751646518707275391e+00 -1.291898012161254883e+00
5.111342906951904297e+00 -5.595281600952148438e+00 1.990195959806442261e-01
5.810530185699462891e+00 -6.009748458862304688e+00 -6.346933245658874512e-01
3.100667953491210938e+00 -5.512374401092529297e+00 -6.026467680931091309e-01
9.492491722106933594e+00 -5.292826175689697266e+00 3.029911279678344727e+00
1.003276920318603516e+01 -5.190363883972167969e+00 4.795407295227050781e+00
9.993768692016601562e+00 -5.133813858032226562e+00 4.202464103698730469e+00
8.730322837829589844e+00 -4.323812007904052734e+00 5.188252925872802734e+00
8.954594612121582031e+00 -5.025836467742919922e+00 3.090648651123046875e+00
9.037777900695800781e+00 -5.950154781341552734e+00 1.384806752204895020e+00
8.688303947448730469e+00 -6.120677471160888672e+00 9.014345407485961914e-01
5.536033153533935547e+00 -1.440782666206359863e+00 4.003875255584716797e+00
6.176574707031250000e+00 -3.724524497985839844e+00 2.358478307723999023e+00
5.597378253936767578e+00 -3.991229295730590820e+00 1.847035050392150879e+00
4.519339084625244141e+00 -1.934226274490356445e+00 3.042222499847412109e+00
4.617306709289550781e+00 -1.573645591735839844e+00 3.703987360000610352e+00
6.934758186340332031e+00 -2.540460586547851562e+00 4.249153137207031250e+00
6.711479187011718750e+00 -2.196956634521484375e+00 5.429401397705078125e+00
6.549959659576416016e+00 -5.489220142364501953e+00 9.083707332611083984e-01
1.212155246734619141e+01 -5.352804183959960938e+00 5.900115966796875000e+00
1.377684402465820312e+01 -5.564167499542236328e+00 4.453652858734130859e+00
1.259940433502197266e+01 -4.271720409393310547e+00 4.755644798278808594e+00
1.347426223754882812e+01 -4.065757751464843750e+00 3.120862007141113281e+00
7.886788845062255859e+00 -3.252191781997680664e+00 6.529435157775878906e+00
7.426529884338378906e+00 -2.831824779510498047e+00 6.485940456390380859e+00
4.247135162353515625e+00 -8.161888122558593750e-01 6.745157241821289062e+00
9.745235443115234375e+00 -4.621064662933349609e+00 6.282104969024658203e+00
1.052668666839599609e+01 -3.399899005889892578e+00 6.145928859710693359e+00
1.081914043426513672e+01 -3.092212438583374023e+00 5.258755207061767578e+00
8.727733612060546875e+00 -1.985027790069580078e+00 6.175449848175048828e+00
9.051601409912109375e+00 -1.674854159355163574e+00 5.244244098663330078e+00
1.112712764739990234e+01 -2.839147806167602539e+00 4.331475257873535156e+00
1.146512508392333984e+01 -2.454760789871215820e+00 3.400725841522216797e+00
6.622846126556396484e+00 -1.893811702728271484e+00 6.226751804351806641e+00
7.777147293090820312e+00 -1.410778760910034180e+00 6.111008167266845703e+00
7.039669990539550781e+00 -4.606286883354187012e-01 5.531731605529785156e+00
6.270843029022216797e+00 -6.952245235443115234e-01 5.847537040710449219e+00
5.685920715332031250e+00 4.832221269607543945e-01 5.366160392761230469e+00
8.125867843627929688e+00 -1.170300245285034180e-01 4.348910808563232422e+00
5.766053199768066406e+00 1.748201370239257812e+00 4.047178268432617188e+00
6.150414466857910156e+00 1.876979827880859375e+00 3.588680028915405273e+00
-2.133913516998291016e+00 -2.820132255554199219e+00 3.781184673309326172e+00
-1.524582386016845703e+00 -3.812340259552001953e+00 1.662646055221557617e+00
-1.477291703224182129e+00 -4.657952785491943359e+00 3.875101208686828613e-01
-1.621899366378784180e+00 -2.882542371749877930e+00 3.495724916458129883e+00
-2.528292834758758545e-01 -2.675344467163085938e+00 2.368144989013671875e+00
-5.072239398956298828e+00 -3.481611728668212891e+00 1.469932556152343750e+00
-4.359936714172363281e+00 -3.323626279830932617e+00 2.205664634704589844e+00
-5.805541992187500000e+00 -2.609522581100463867e+00 3.395876884460449219e+00
-5.279210090637207031e+00 -3.026368379592895508e+00 2.538513422012329102e+00
-4.096163272857666016e+00 -2.840994834899902344e+00 3.385902404785156250e+00
-2.761119127273559570e+00 -1.641055822372436523e+00 4.886569023132324219e+00
-5.654027938842773438e+00 -1.281199097633361816e+00 4.710848331451416016e+00
-5.350207328796386719e+00 -7.506317496299743652e-01 4.910247802734375000e+00
2.513685941696166992e+00 -1.791367888450622559e+00 3.635402917861938477e+00
1.360041141510009766e+00 -9.450910687446594238e-01 4.115794658660888672e+00
-7.220722734928131104e-02 -1.210979223251342773e+00 3.648867130279541016e+00
1.086107134819030762e+00 -3.816349506378173828e-01 4.658261775970458984e+00
2.493914127349853516e+00 -1.215757846832275391e+00 5.247122287750244141e+00
3.504950284957885742e+00 -8.395282030105590820e-01 6.591008186340332031e+00
1.121008753776550293e+00 6.998560428619384766e-01 5.390003204345703125e+00
-3.226050615310668945e+00 -1.405001401901245117e+00 5.011536121368408203e+00
-4.242724895477294922e+00 2.862290740013122559e-01 5.009149551391601562e+00
-2.748700857162475586e+00 5.497845411300659180e-01 5.131158828735351562e+00
-1.165590405464172363e+00 1.597743749618530273e+00 4.401194095611572266e+00
-3.885663032531738281e+00 1.002822756767272949e+00 4.044533252716064453e+00
-3.822572231292724609e+00 1.411779165267944336e+00 2.887023210525512695e+00
-1.785852611064910889e-01 -5.108628273010253906e+00 -8.508937805891036987e-02
2.969542741775512695e-01 -4.969693660736083984e+00 -1.223069503903388977e-01
8.155244588851928711e-01 -4.982005596160888672e+00 2.154434099793434143e-02
1.640542507171630859e+00 -3.823305368423461914e+00 1.400676369667053223e+00
1.482420086860656738e+00 -5.018758296966552734e+00 5.655254125595092773e-01
1.629807710647583008e+00 -3.778482437133789062e+00 -1.367452502250671387e+00
1.875148296356201172e+00 -2.656914710998535156e+00 2.333747863769531250e+00
2.327525138854980469e+00 1.326139092445373535e+00 5.532909870147705078e+00
2.901757478713989258e+00 2.316991090774536133e+00 4.186676025390625000e+00
2.613678216934204102e+00 2.918127536773681641e+00 3.008440256118774414e+00
-8.616229891777038574e-01 2.472300291061401367e+00 2.616773128509521484e+00
-6.579880714416503906e-01 1.924305200576782227e+00 4.175393581390380859e+00
5.767173171043395996e-01 2.523858308792114258e+00 3.241244316101074219e+00
-1.730084300041198730e+00 3.175659179687500000e+00 1.096590235829353333e-01
-7.586176872253417969e+00 -2.472506761550903320e+00 3.556512355804443359e+00
-7.328327178955078125e+00 -1.440608382225036621e+00 4.221091270446777344e+00
-7.958361625671386719e+00 -8.273105621337890625e-01 2.909129142761230469e+00
-6.810898303985595703e+00 -1.178725361824035645e+00 4.465523719787597656e+00
-7.013730525970458984e+00 -3.818008005619049072e-01 3.060354471206665039e+00
-6.419682979583740234e+00 1.846734136343002319e-01 1.420101284980773926e+00
-6.219083309173583984e+00 1.323959380388259888e-01 2.391552686691284180e+00
-6.924338340759277344e+00 2.276931107044219971e-01 -8.151580095291137695e-01
-3.744749069213867188e+00 1.646815538406372070e+00 1.846239209175109863e+00
-5.361742973327636719e+00 2.013458013534545898e+00 -1.993364334106445312e+00
-3.646477222442626953e+00 3.033703327178955078e+00 -1.669337987899780273e+00
3.419342994689941406e+00 4.203304052352905273e-01 6.383303165435791016e+00
3.026192665100097656e+00 1.528034925460815430e+00 5.295977592468261719e+00
3.864645004272460938e+00 1.815573096275329590e+00 4.679521083831787109e+00
4.556440830230712891e+00 2.428957462310791016e+00 3.676135063171386719e+00
3.899677991867065430e+00 3.065646648406982422e+00 2.942542552947998047e+00
7.773931026458740234e+00 -4.948961734771728516e+00 -3.980519771575927734e+00
2.380770921707153320e+00 -5.081103801727294922e+00 -3.056602478027343750e+00
5.504300594329833984e+00 -4.761220455169677734e+00 -2.535954236984252930e+00
6.332190990447998047e+00 -4.716801643371582031e+00 -2.986359834671020508e+00
3.038361787796020508e+00 -5.022968769073486328e+00 -2.940183639526367188e+00
2.092293500900268555e+00 -5.935120582580566406e+00 -5.253335952758789062e+00
2.628796339035034180e+00 -5.812370777130126953e+00 -6.255138397216796875e+00
3.893478155136108398e+00 -5.147006511688232422e+00 -5.601630687713623047e+00
5.931445121765136719e+00 -4.836784839630126953e+00 -3.741672039031982422e+00
7.169042587280273438e+00 -4.994358062744140625e+00 -4.084477424621582031e+00
2.443147659301757812e+00 -5.623220443725585938e+00 -8.459355354309082031e+00
8.329591751098632812e+00 -5.011649131774902344e+00 -6.026454925537109375e+00
3.302050352096557617e+00 -5.336114883422851562e+00 -7.118588447570800781e+00
3.713986873626708984e+00 -4.726934909820556641e+00 -7.901283264160156250e+00
6.294560432434082031e+00 -5.089532852172851562e+00 -5.387237548828125000e+00
7.413655757904052734e+00 -4.950421810150146484e+00 -6.342200279235839844e+00
5.882007122039794922e+00 -4.192170619964599609e+00 -7.257328510284423828e+00
7.539269924163818359e+00 -4.047588825225830078e+00 -7.376857757568359375e+00
5.592565536499023438e+00 -3.873285293579101562e+00 -7.632939338684082031e+00
5.161764144897460938e+00 -2.844604492187500000e+00 -8.645590782165527344e+00
5.233789443969726562e+00 -2.084372282028198242e+00 -8.896532058715820312e+00
-3.349131822586059570e+00 -7.971090793609619141e+00 -1.205593299865722656e+01
-3.130964040756225586e+00 -8.214728355407714844e+00 -1.051671886444091797e+01
-3.961102485656738281e+00 -7.544732570648193359e+00 -1.315932273864746094e+01
-1.581573724746704102e+00 -6.563781738281250000e+00 -1.324211120605468750e+01
-3.556384086608886719e+00 -6.335582733154296875e+00 -1.446000480651855469e+01
-3.374455213546752930e+00 -5.283124923706054688e+00 -1.519307136535644531e+01
-6.630522727966308594e+00 -6.538394927978515625e+00 -1.317204856872558594e+01
-7.071324348449707031e+00 -6.215086936950683594e+00 -1.318996715545654297e+01
-7.757432460784912109e+00 -5.235868930816650391e+00 -1.367756938934326172e+01
-5.719251155853271484e+00 -7.133434295654296875e+00 -1.307839393615722656e+01
-8.472887992858886719e+00 -5.368714809417724609e+00 -1.256645679473876953e+01
-7.363383293151855469e+00 -4.567742824554443359e+00 -1.457552814483642578e+01
-4.150528907775878906e+00 -5.536799430847167969e+00 -1.502919387817382812e+01
-5.995338916778564453e+00 -4.384441852569580078e+00 -1.525911998748779297e+01
-2.710910558700561523e+00 -5.389157295227050781e+00 -1.501417160034179688e+01
-2.176112651824951172e+00 -4.297044277191162109e+00 -1.537097930908203125e+01
-3.721639394760131836e+00 -3.718035221099853516e+00 -1.575434017181396484e+01
-2.789497375488281250e+00 -3.188945531845092773e+00 -1.571694660186767578e+01
-4.989165306091308594e+00 -2.650671243667602539e+00 -1.594218444824218750e+01
-3.919924497604370117e+00 -1.506818175315856934e+00 -1.593707370758056641e+01
-9.300085067749023438e+00 -4.444254398345947266e+00 -1.222397327423095703e+01
-8.933685302734375000e+00 -4.005234241485595703e+00 -1.344742202758789062e+01
-9.911313056945800781e+00 -2.866950988769531250e+00 -1.234812545776367188e+01
-1.040237712860107422e+01 -1.442714929580688477e+00 -1.151992416381835938e+01
-8.548783302307128906e+00 -3.352614402770996094e+00 -1.436231517791748047e+01
-7.691325187683105469e+00 -2.969419956207275391e+00 -1.519939613342285156e+01
-9.821915626525878906e+00 -9.281780123710632324e-01 -1.328422641754150391e+01
-9.375455856323242188e+00 -3.312498331069946289e-01 -1.420613956451416016e+01
-8.487270355224609375e+00 -9.544923901557922363e-01 -1.507551479339599609e+01
-7.135122299194335938e+00 1.579492837190628052e-01 -1.577022838592529297e+01
-7.627210140228271484e+00 8.116403818130493164e-01 -1.553777313232421875e+01
-1.521631360054016113e+00 -7.557901382446289062e+00 -6.889057636260986328e+00
-4.208256006240844727e-01 -7.158556461334228516e+00 -8.632493019104003906e+00
7.452526688575744629e-02 -6.571705818176269531e+00 -5.591530799865722656e+00
6.198296546936035156e-01 -6.687675476074218750e+00 -6.758576869964599609e+00
-2.397747188806533813e-01 -6.931779384613037109e+00 -9.611220359802246094e+00
-5.052763968706130981e-02 -5.895788192749023438e+00 -1.240225219726562500e+01
1.353905916213989258e+00 -6.392515659332275391e+00 -6.421102046966552734e+00
2.021362781524658203e+00 -5.953820705413818359e+00 -8.192225456237792969e+00
-7.597293257713317871e-01 -5.088114738464355469e+00 -1.430432605743408203e+01
1.024704098701477051e+00 -4.963520050048828125e+00 -1.243848323822021484e+01
-1.229292392730712891e+00 -3.741124868392944336e+00 -1.520375347137451172e+01
-1.916546970605850220e-01 -3.008260011672973633e+00 -1.486014652252197266e+01
1.960046768188476562e+00 -5.053502082824707031e+00 -1.069822692871093750e+01
-1.087053775787353516e+00 -2.406814336776733398e+00 -1.528260421752929688e+01
-1.306628704071044922e+00 -1.698838710784912109e+00 -1.534152698516845703e+01
2.142047882080078125e+00 -3.536963701248168945e+00 -1.149307155609130859e+01
8.848986029624938965e-01 -1.870805740356445312e+00 -1.348714923858642578e+01
7.973647117614746094e-01 -1.145088553428649902e+00 -1.333467388153076172e+01
-2.605334281921386719e+00 -1.780971407890319824e+00 -1.570029544830322266e+01
-2.675006866455078125e+00 -8.119089007377624512e-01 -1.564281654357910156e+01
-5.084432601928710938e+00 4.522977769374847412e-01 -1.588912391662597656e+01
-2.885787963867187500e+00 1.005750060081481934e+00 -1.536826419830322266e+01
-2.163617849349975586e+00 1.173475980758666992e+00 -1.512593936920166016e+01
-4.970255792140960693e-01 1.148215532302856445e+00 -1.389114952087402344e+01
-2.881278038024902344e+00 2.078629493713378906e+00 -1.503691005706787109e+01
-2.464648723602294922e+00 2.787003278732299805e+00 -1.464815616607666016e+01
2.704070091247558594e+00 -3.969724893569946289e+00 -1.033851432800292969e+01
3.521703481674194336e+00 -2.613109350204467773e+00 -1.011347293853759766e+01
3.013227462768554688e+00 -1.850014805793762207e+00 -1.085381889343261719e+01
9.653687477111816406e-01 -2.828115224838256836e-01 -1.281438636779785156e+01
1.484380125999450684e+00 4.603410605341196060e-03 -1.211156845092773438e+01
2.350193738937377930e+00 -2.208345979452133179e-01 -1.122807502746582031e+01
1.082561016082763672e+00 4.150351583957672119e-01 -1.233721065521240234e+01
-1.051259899139404297e+01 -9.698881506919860840e-01 -1.099350547790527344e+01
-9.967082977294921875e+00 6.812176704406738281e-01 -1.292365074157714844e+01
-1.030207157135009766e+01 -1.928599178791046143e-02 -1.048794460296630859e+01
-1.007120037078857422e+01 -1.247002631425857544e-01 -9.025781631469726562e+00
-9.725245475769042969e+00 5.395642518997192383e-01 -1.002904605865478516e+01
-9.962738037109375000e+00 9.193852543830871582e-01 -1.155377674102783203e+01
-9.431076049804687500e+00 2.027677774429321289e+00 -1.278749752044677734e+01
-8.820003509521484375e+00 1.392389178276062012e+00 -9.344206809997558594e+00
-8.415728569030761719e+00 2.394681692123413086e+00 -1.037649631500244141e+01
-8.198265075683593750e+00 1.155457377433776855e+00 -6.070018291473388672e+00
-7.960220336914062500e+00 1.588728785514831543e+00 -7.152634620666503906e+00
-8.281433105468750000e+00 1.874519824981689453e+00 -8.739653587341308594e+00
-7.897452831268310547e+00 2.540231466293334961e+00 -9.735072135925292969e+00
-6.295758724212646484e+00 2.692657709121704102e+00 -7.680580615997314453e+00
-6.210726737976074219e+00 2.997823715209960938e+00 -8.165495872497558594e+00
-8.633996009826660156e+00 2.198923110961914062e+00 -1.429485988616943359e+01
-8.035923957824707031e+00 2.227617979049682617e+00 -1.473472690582275391e+01
-7.636232376098632812e+00 3.437980890274047852e+00 -1.351595211029052734e+01
-6.654845237731933594e+00 4.257919311523437500e+00 -1.313920497894287109e+01
-6.099455356597900391e+00 1.892071008682250977e+00 -1.547802829742431641e+01
-5.844231605529785156e+00 2.182167530059814453e+00 -1.532901954650878906e+01
-5.169438362121582031e+00 3.964163303375244141e+00 -1.412476634979248047e+01
-4.613936424255371094e+00 3.957822322845458984e+00 -1.425106239318847656e+01
-5.867064952850341797e+00 3.768696546554565430e+00 -1.412901115417480469e+01
-8.271732330322265625e+00 3.277030944824218750e+00 -1.225054836273193359e+01
-6.239906311035156250e+00 4.403337478637695312e+00 -1.238485908508300781e+01
-5.552743434906005859e+00 4.369345188140869141e+00 -1.074829196929931641e+01
-3.386983394622802734e+00 4.231229782104492188e+00 -1.349066638946533203e+01
-3.168847084045410156e+00 4.292716026306152344e+00 -1.287292861938476562e+01
-5.217500209808349609e+00 4.425624847412109375e+00 -1.222332191467285156e+01
-4.467419624328613281e+00 4.630108356475830078e+00 -1.232927799224853516e+01
-3.215586662292480469e+00 4.682460784912109375e+00 -1.144535255432128906e+01
-4.956910133361816406e+00 4.776527404785156250e+00 -1.085158348083496094e+01
-3.794851541519165039e+00 4.886571407318115234e+00 -1.117397308349609375e+01
-6.635859489440917969e+00 3.670968294143676758e+00 -1.050674724578857422e+01
-5.927525997161865234e+00 3.609837770462036133e+00 -9.039775848388671875e+00
3.059072256088256836e+00 -1.945997029542922974e-01 -1.030260562896728516e+01
-1.373565196990966797e-01 1.526156902313232422e+00 -1.287908554077148438e+01
-2.113119363784790039e+00 3.218865156173706055e+00 -1.359682273864746094e+01
9.967926740646362305e-01 7.986078262329101562e-01 -1.169015693664550781e+01
-1.052316665649414062e+00 2.881796598434448242e+00 -1.233998107910156250e+01
-2.712059020996093750e+00 3.843550682067871094e+00 -1.327268695831298828e+01
-1.648310184478759766e+00 3.644120931625366211e+00 -1.187705707550048828e+01
1.144896507263183594e+01 -6.592103004455566406e+00 -3.401712894439697266e+00
1.334373664855957031e+01 -6.839843273162841797e+00 -1.754270792007446289e+00
1.118267154693603516e+01 -6.487507820129394531e+00 -8.539397716522216797e-01
1.099219989776611328e+01 -6.528539657592773438e+00 -2.620168209075927734e+00
1.437040805816650391e+01 -7.031078338623046875e+00 -5.052993297576904297e+00
1.200257873535156250e+01 -6.655031681060791016e+00 -4.004439830780029297e+00
1.271396636962890625e+01 -6.633695602416992188e+00 -5.499426841735839844e+00
1.316306209564208984e+01 -6.961297512054443359e+00 -3.696260452270507812e+00
1.564459800720214844e+01 -7.121238231658935547e+00 -3.629688739776611328e+00
1.608666610717773438e+01 -6.048132896423339844e+00 -4.207100391387939453e+00
1.627378654479980469e+01 -6.626548290252685547e+00 -1.208190202713012695e+00
1.640029907226562500e+01 -5.818598270416259766e+00 -2.074302911758422852e+00
1.460519123077392578e+01 -6.751088142395019531e+00 1.008508354425430298e-02
1.483494091033935547e+01 -7.069315910339355469e+00 -1.585044622421264648e+00
1.541911029815673828e+01 -6.497109889984130859e+00 9.218198657035827637e-01
1.482939624786376953e+01 -4.575660705566406250e+00 1.998666286468505859e+00
1.517033195495605469e+01 -4.508193969726562500e+00 8.756319284439086914e-01
1.436928176879882812e+01 -3.665902137756347656e+00 1.032214403152465820e+00
1.583761215209960938e+01 -5.012812614440917969e+00 -3.371576547622680664e+00
1.526932239532470703e+01 -4.162686347961425781e+00 -2.586757183074951172e+00
1.524188327789306641e+01 -4.126321792602539062e+00 -1.024931073188781738e+00
1.500625419616699219e+01 -3.757643461227416992e+00 -1.521330952644348145e+00
1.436503696441650391e+01 -3.018965482711791992e+00 -8.755148649215698242e-01
1.382560157775878906e+01 -6.799204826354980469e+00 -6.266512870788574219e+00
1.527065658569335938e+01 -6.008389949798583984e+00 -6.564120769500732422e+00
1.238304424285888672e+01 -6.497191429138183594e+00 -6.680765628814697266e+00
1.292735862731933594e+01 -5.958428859710693359e+00 -7.464055061340332031e+00
1.595066833496093750e+01 -5.924952983856201172e+00 -5.664375782012939453e+00
1.564439201354980469e+01 -5.149920463562011719e+00 -5.955147743225097656e+00
1.507418441772460938e+01 -4.482584953308105469e+00 -5.554211616516113281e+00
1.327258872985839844e+01 -5.568063735961914062e+00 -7.319029808044433594e+00
1.264717674255371094e+01 -5.009057521820068359e+00 -6.627964496612548828e+00
1.351665782928466797e+01 -4.530138015747070312e+00 -6.107328891754150391e+00
1.365196132659912109e+01 -3.442713975906372070e+00 -4.948722839355468750e+00
1.503911685943603516e+01 -3.823936223983764648e+00 -2.826161623001098633e+00
1.496655941009521484e+01 -3.816151142120361328e+00 -4.511302471160888672e+00
1.441882705688476562e+01 -2.972662448883056641e+00 -3.752725601196289062e+00
1.017577266693115234e+01 -6.061729907989501953e+00 -2.771292924880981445e+00
7.004363059997558594e+00 -4.800908088684082031e+00 -2.391303539276123047e+00
7.291389465332031250e+00 -4.878782272338867188e+00 -1.966636419296264648e+00
6.855888366699218750e+00 -4.731587409973144531e+00 -2.950487375259399414e+00
1.049681854248046875e+01 -6.348588943481445312e+00 -2.367197036743164062e+00
9.025066375732421875e+00 -5.585440635681152344e+00 -1.970686435699462891e+00
7.964534759521484375e+00 -5.149054527282714844e+00 -1.605460047721862793e+00
9.610003471374511719e+00 -5.584722518920898438e+00 -3.461013555526733398e+00
9.966524124145507812e+00 -5.599916934967041016e+00 -4.689496517181396484e+00
8.344064712524414062e+00 -5.036116123199462891e+00 -3.981349229812622070e+00
1.360419750213623047e+01 -2.339476823806762695e+00 -6.999276578426361084e-03
1.222345638275146484e+01 -9.654603004455566406e-01 -1.026366114616394043e+00
1.097786903381347656e+01 -6.012180328369140625e+00 -5.522251605987548828e+00
1.104373073577880859e+01 -5.463225364685058594e+00 -6.051451206207275391e+00
9.611070632934570312e+00 -5.113011360168457031e+00 -5.219788074493408203e+00
1.173896121978759766e+01 -4.740485668182373047e+00 -6.185720920562744141e+00
9.196833610534667969e+00 -4.345682144165039062e+00 -6.428205013275146484e+00
1.042135715484619141e+01 -3.571978330612182617e+00 -5.876240253448486328e+00
1.249738025665283203e+01 -3.729889869689941406e+00 -5.459507942199707031e+00
1.066983032226562500e+01 -3.229715585708618164e+00 -5.670370578765869141e+00
1.069488430023193359e+01 -2.299262285232543945e+00 -5.252492427825927734e+00
8.551966667175292969e+00 -3.698004961013793945e+00 -7.035543918609619141e+00
9.066840171813964844e+00 -3.102440834045410156e+00 -6.571904182434082031e+00
8.061399459838867188e+00 -2.041424751281738281e+00 -6.902777671813964844e+00
1.042680263519287109e+01 -1.630013704299926758e+00 -5.108971595764160156e+00
8.267226219177246094e+00 -1.718725800514221191e+00 -6.636856079101562500e+00
8.761013984680175781e+00 -4.977269470691680908e-01 -5.838350296020507812e+00
7.287313938140869141e+00 -1.727997362613677979e-01 -6.912810802459716797e+00
1.331684589385986328e+01 -2.189595699310302734e+00 -4.055270195007324219e+00
1.350036621093750000e+01 -1.784997344017028809e+00 -1.918970227241516113e+00
1.325791358947753906e+01 -1.384279012680053711e+00 -3.136846542358398438e+00
1.243100261688232422e+01 -5.229204297065734863e-01 -2.210521697998046875e+00
1.208066272735595703e+01 -1.818806827068328857e-01 -2.818056583404541016e+00
1.244485473632812500e+01 -1.963325381278991699e+00 -4.353588104248046875e+00
1.124179744720458984e+01 -1.266829133033752441e+00 -4.478758335113525391e+00
1.153116035461425781e+01 -6.104637384414672852e-01 -3.859005928039550781e+00
1.017408847808837891e+01 1.488949298858642578e+00 -1.723234176635742188e+00
9.298204421997070312e+00 2.327268362045288086e+00 -2.867919445037841797e+00
9.337491989135742188e+00 2.272918224334716797e+00 -3.343359231948852539e+00
8.575348854064941406e+00 2.887551546096801758e+00 -2.360182285308837891e+00
1.022742843627929688e+01 -9.375520348548889160e-01 -4.992795944213867188e+00
1.066941738128662109e+01 2.723489999771118164e-01 -4.113549232482910156e+00
8.375496864318847656e+00 1.191521435976028442e-01 -5.851551532745361328e+00
7.021193504333496094e+00 9.762340784072875977e-01 -6.423689365386962891e+00
1.388400554656982422e+01 -3.965678453445434570e+00 2.551758527755737305e+00
1.247895431518554688e+01 -2.873167514801025391e+00 2.830934524536132812e+00
1.125049972534179688e+01 -1.123753905296325684e+00 1.367600321769714355e+00
1.142576122283935547e+01 -8.404800295829772949e-01 2.555341124534606934e-01
9.950873374938964844e+00 -8.020272850990295410e-01 2.971037864685058594e+00
8.836594581604003906e+00 6.377760767936706543e-01 2.496450185775756836e+00
9.384775161743164062e+00 3.370370864868164062e-01 1.986705303192138672e+00
7.304201126098632812e+00 1.667507529258728027e+00 2.835950136184692383e+00
7.159814357757568359e+00 2.463777065277099609e+00 1.773722290992736816e+00
9.796079635620117188e+00 7.130671739578247070e-01 3.132169246673583984e-01
1.004448509216308594e+01 1.163582086563110352e+00 -1.001914262771606445e+00
8.000905036926269531e+00 2.491413116455078125e+00 3.947781920433044434e-01
3.351712703704833984e+00 4.275972843170166016e+00 -3.444665372371673584e-01
6.225659847259521484e+00 3.471997022628784180e+00 2.636815607547760010e-01
5.481181621551513672e+00 4.027479648590087891e+00 -2.223678112030029297e+00
3.674924612045288086e+00 4.388880729675292969e+00 -6.836605072021484375e-01
2.847848415374755859e+00 3.818335294723510742e+00 -2.455721616744995117e+00
2.960596799850463867e+00 3.505575895309448242e+00 -3.327052593231201172e+00
-9.874696135520935059e-01 3.794627189636230469e+00 -7.645099163055419922e-01
2.147527456283569336e+00 3.138186931610107422e+00 -4.384221076965332031e+00
1.015653368085622787e-02 4.159865856170654297e+00 -3.142782211303710938e+00
3.074692487716674805e-01 3.708211183547973633e+00 -4.697497367858886719e+00
2.379725456237792969e+00 3.803848266601562500e+00 -2.565284013748168945e+00
5.103112220764160156e+00 -8.786036968231201172e-01 -8.892275810241699219e+00
2.944927215576171875e+00 3.042257428169250488e-01 -9.607307434082031250e+00
5.066233158111572266e+00 4.992995560169219971e-01 -8.109759330749511719e+00
3.645010948181152344e+00 5.572367906570434570e-01 -8.967624664306640625e+00
2.525087356567382812e+00 4.981493949890136719e-01 -9.800587654113769531e+00
1.547368884086608887e+00 1.846155047416687012e+00 -9.911791801452636719e+00
3.319844007492065430e-01 3.147563457489013672e+00 -9.157511711120605469e+00
1.130399703979492188e-01 3.000152349472045898e+00 -1.045817470550537109e+01
5.657790660858154297e+00 2.799464225769042969e+00 -4.856157779693603516e+00
6.164654731750488281e+00 1.879253268241882324e+00 -6.086774349212646484e+00
4.702580928802490234e+00 2.685860395431518555e+00 -5.244880199432373047e+00
4.799231052398681641e+00 2.378438472747802734e+00 -5.957010269165039062e+00
6.609124183654785156e+00 3.723106622695922852e+00 -2.714349985122680664e+00
6.589315891265869141e+00 1.276244878768920898e+00 -6.422953128814697266e+00
5.716418743133544922e+00 1.661741495132446289e+00 -6.599849224090576172e+00
4.862723350524902344e+00 1.771669864654541016e+00 -7.033505439758300781e+00
2.737323045730590820e+00 2.844728708267211914e+00 -5.059367656707763672e+00
2.817896604537963867e+00 2.084081172943115234e+00 -7.357933998107910156e+00
2.029467821121215820e+00 2.325921297073364258e+00 -6.810597419738769531e+00
9.568622708320617676e-02 3.301689624786376953e+00 -6.270894527435302734e+00
2.722105979919433594e-01 2.958261489868164062e+00 -7.758439064025878906e+00
3.036528527736663818e-01 3.030081033706665039e+00 -8.137268066406250000e+00
-3.296177387237548828e+00 3.398724079132080078e+00 -2.584703445434570312e+00
-5.631855487823486328e+00 3.061407327651977539e+00 -7.732942104339599609e+00
-4.808364391326904297e+00 3.482673406600952148e+00 -7.635715484619140625e+00
-4.259221553802490234e+00 3.353162050247192383e+00 -6.673804283142089844e+00
-2.167867422103881836e+00 3.288252830505371094e+00 -2.296787351369857788e-01
-1.889588475227355957e+00 3.752043485641479492e+00 -1.354443192481994629e+00
-1.527719736099243164e+00 4.095823764801025391e+00 -2.468820333480834961e+00
-1.353451132774353027e+00 4.392817497253417969e+00 -3.693741083145141602e+00
-1.182167649269104004e+00 4.400204658508300781e+00 -4.987720012664794922e+00
-4.799367427825927734e+00 4.074673652648925781e+00 -8.507369041442871094e+00
-4.504739284515380859e+00 4.550607681274414062e+00 -9.027419090270996094e+00
-1.980805873870849609e+00 4.463111877441406250e+00 -7.511793136596679688e+00
-3.350180387496948242e+00 4.458850383758544922e+00 -8.332246780395507812e+00
-1.540042042732238770e+00 3.651486635208129883e+00 -1.119985294342041016e+01
-1.227324366569519043e+00 3.506438255310058594e+00 -1.106406974792480469e+01
-3.827526569366455078e+00 4.848364353179931641e+00 -1.070695114135742188e+01
-2.047148466110229492e+00 4.179790973663330078e+00 -9.851246833801269531e+00
-3.105522394180297852e-01 3.479480981826782227e+00 -9.966632843017578125e+00
-2.159152984619140625e+00 4.560522079467773438e+00 -6.121146678924560547e+00
5.304240703582763672e+00 3.068929195404052734e+00 2.320757150650024414e+00
6.056318283081054688e+00 2.991538524627685547e+00 1.745817661285400391e+00
1.966300249099731445e+00 7.008422017097473145e-01 -1.028701210021972656e+01
-5.155429840087890625e-01 2.794104337692260742e+00 -1.161605358123779297e+01
4.429057538509368896e-01 2.523057222366333008e+00 -1.076960659027099609e+01
