1.562629342079162598e+00 -4.937676429748535156e+00 -2.715022325515747070e+00
2.280527830123901367e+00 -4.790568828582763672e+00 -1.927759766578674316e+00
1.517257332801818848e+00 -4.796308517456054688e+00 -2.311053037643432617e+00
-5.068840026855468750e+00 -8.108988761901855469e+00 -7.822340488433837891e+00
-4.998664379119873047e+00 -8.063145637512207031e+00 -1.156794071197509766e+01
-4.184689521789550781e+00 -8.321714401245117188e+00 -9.419643402099609375e+00
-7.271046638488769531e+00 -7.468692302703857422e+00 -7.058827400207519531e+00
-7.774878025054931641e+00 -7.350897789001464844e+00 -7.967230319976806641e+00
-5.691845893859863281e+00 -8.129563331604003906e+00 -9.823612213134765625e+00
-6.220574855804443359e+00 -7.997904300689697266e+00 -9.061531066894531250e+00
-6.479865074157714844e+00 -7.346324920654296875e+00 -1.205418872833251953e+01
-8.410398483276367188e+00 -6.368035316467285156e+00 -1.057615661621093750e+01
-8.333075523376464844e+00 -6.191106319427490234e+00 -1.129438686370849609e+01
-9.641877174377441406e+00 -5.267052173614501953e+00 -8.363055229187011719e+00
-1.005112743377685547e+01 -4.325597763061523438e+00 -8.715756416320800781e+00
-9.587280273437500000e+00 -4.643873214721679688e+00 -1.086758804321289062e+01
-8.220219612121582031e+00 -6.690716743469238281e+00 -5.445555686950683594e+00
-9.067610740661621094e+00 -6.092081546783447266e+00 -4.930376529693603516e+00
-7.968169212341308594e+00 -5.745925903320312500e+00 -3.404781818389892578e+00
-8.496920585632324219e+00 -5.229595184326171875e+00 -2.226293563842773438e+00
-6.958359718322753906e+00 -5.440775871276855469e+00 -3.112706661224365234e+00
-2.593484640121459961e+00 -5.032081127166748047e+00 -1.549178123474121094e+00
-3.373986005783081055e+00 -4.883005619049072266e+00 -5.841611623764038086e-01
-1.440772652626037598e+00 -4.997285842895507812e+00 -2.392752021551132202e-01
-7.379312992095947266e+00 -3.213736534118652344e+00 2.310738801956176758e+00
-5.355630397796630859e+00 -3.513602256774902344e+00 1.277869582176208496e+00
-3.860230684280395508e+00 -5.068644523620605469e+00 -2.137344837188720703e+00
-7.304418563842773438e+00 -4.796635627746582031e+00 -1.627035737037658691e+00
-6.307648181915283203e+00 -5.167146205902099609e+00 -2.787003755569458008e+00
-3.739159107208251953e+00 -4.415380477905273438e+00 1.330147385597229004e-01
-4.768278598785400391e+00 -7.279504776000976562e+00 -5.294723510742187500e+00
-4.545637130737304688e+00 -6.498860836029052734e+00 -4.090891838073730469e+00
-2.280730009078979492e+00 -7.655578613281250000e+00 -6.417082309722900391e+00
-2.884974479675292969e+00 -7.168009757995605469e+00 -5.067160129547119141e+00
-2.214836835861206055e+00 -7.177417755126953125e+00 -5.299208164215087891e+00
-1.356277346611022949e+00 -6.802519321441650391e+00 -5.044378757476806641e+00
-2.779700040817260742e+00 -6.777531623840332031e+00 -4.439843177795410156e+00
-5.267741203308105469e+00 -6.850951194763183594e+00 -4.678893566131591797e+00
-6.154006004333496094e+00 -7.667304515838623047e+00 -6.741979122161865234e+00
-8.704572677612304688e+00 -6.651096820831298828e+00 -6.454936027526855469e+00
-1.416473269462585449e+00 -4.983521461486816406e+00 -1.836773395538330078e+00
-9.340328574180603027e-01 -5.045509815216064453e+00 -2.277546644210815430e+00
-2.240998506546020508e+00 -5.125938892364501953e+00 -2.023791313171386719e+00
-3.504859209060668945e-01 -5.093027591705322266e+00 -1.200122714042663574e+00
6.350467801094055176e-01 -4.628088951110839844e+00 -1.601697206497192383e+00
-8.144109845161437988e-01 -5.405497074127197266e+00 -3.021157026290893555e+00
-7.777722552418708801e-03 -5.501910686492919922e+00 -3.346022844314575195e+00
6.085317134857177734e-01 -4.771090507507324219e+00 -2.126662969589233398e+00
-9.515526771545410156e+00 -4.814342498779296875e+00 -2.044893264770507812e+00
-9.940195083618164062e+00 -4.891153812408447266e+00 -4.680117607116699219e+00
-9.351799011230468750e+00 -5.581859111785888672e+00 -3.831296920776367188e+00
-1.019560146331787109e+01 -3.760056972503662109e+00 -3.288326978683471680e+00
-1.031906509399414062e+01 -3.586009025573730469e+00 -4.716003417968750000e+00
-9.119971275329589844e+00 -4.087910175323486328e+00 3.087909817695617676e-01
-9.780736923217773438e+00 -4.174639701843261719e+00 -1.408824801445007324e+00
-9.820162773132324219e+00 -3.232122182846069336e+00 -2.804669439792633057e-01
-9.598963737487792969e+00 -2.927350521087646484e+00 9.018304347991943359e-01
-9.112811088562011719e+00 -2.722967386245727539e+00 2.166191577911376953e+00
-9.279078483581542969e+00 -1.630259633064270020e+00 1.268815040588378906e+00
-1.017272090911865234e+01 -2.695244073867797852e+00 -2.524126052856445312e+00
-1.009763622283935547e+01 -1.609176158905029297e+00 -2.652694940567016602e+00
-9.464632034301757812e+00 -1.293784260749816895e+00 -8.882064819335937500e-01
-7.936378002166748047e+00 -4.190078675746917725e-01 -6.470006704330444336e-01
-1.006280708312988281e+01 -4.635295867919921875e+00 -5.545859813690185547e+00
-1.034731006622314453e+01 -3.652010202407836914e+00 -5.424931526184082031e+00
-1.053330707550048828e+01 -2.257952451705932617e+00 -5.301688671112060547e+00
-1.059077072143554688e+01 -2.099037647247314453e+00 -5.872013092041015625e+00
-1.008363342285156250e+01 -6.574714779853820801e-01 -5.353482246398925781e+00
-1.058981609344482422e+01 -2.844272613525390625e+00 -7.961834430694580078e+00
-1.071157169342041016e+01 -1.948374390602111816e+00 -8.887497901916503906e+00
-1.060180187225341797e+01 -8.117284774780273438e-01 -8.516831398010253906e+00
-9.952806472778320312e+00 -3.292722404003143311e-01 -6.705161571502685547e+00
-8.382993698120117188e+00 -2.026060968637466431e-01 -2.253566265106201172e+00
-6.927574634552001953e+00 1.702984452247619629e+00 -3.686316490173339844e+00
-9.016782760620117188e+00 3.858450949192047119e-01 -6.202603816986083984e+00
-7.577144622802734375e+00 1.440198421478271484e+00 -4.987638473510742188e+00
1.324033641815185547e+01 -5.955688476562500000e+00 4.640078067779541016e+00
1.356430816650390625e+01 -6.331109523773193359e+00 7.876167297363281250e-01
1.305937957763671875e+01 -6.134714126586914062e+00 1.474732398986816406e+00
1.494641304016113281e+01 -6.176313877105712891e+00 1.963054656982421875e+00
1.478350830078125000e+01 -5.413786411285400391e+00 3.122573852539062500e+00
1.197944068908691406e+01 -5.845125675201416016e+00 2.765904664993286133e+00
4.409517288208007812e+00 -1.272637128829956055e+00 4.898161888122558594e+00
5.277245521545410156e+00 -1.031346797943115234e+00 5.998809337615966797e+00
6.655998229980468750e+00 -4.885043144226074219e+00 -1.674469709396362305e+00
8.916537284851074219e+00 -6.317661762237548828e+00 -1.248341679573059082e+00
8.127370834350585938e+00 -6.231789112091064453e+00 -1.091808080673217773e+00
7.452672004699707031e+00 -6.288495063781738281e+00 -5.042178630828857422e-01
2.554290771484375000e+00 -5.431500911712646484e+00 4.000396728515625000e-01
4.298779964447021484e+00 -4.723643302917480469e+00 -1.501582622528076172e+00
5.171077251434326172e+00 -5.123780727386474609e+00 -1.175896286964416504e+00
2.310186862945556641e+00 -4.300639629364013672e+00 -1.267396092414855957e+00
4.118586540222167969e+00 -4.749894618988037109e+00 -1.282469987869262695e+00
5.108101844787597656e+00 -5.587863922119140625e+00 2.096225768327713013e-01
5.806641578674316406e+00 -6.008003234863281250e+00 -6.171245574951171875e-01
3.097224473953247070e+00 -5.506995677947998047e+00 -5.931120514869689941e-01
9.470602989196777344e+00 -5.195228576660156250e+00 3.057049274444580078e+00
1.001609134674072266e+01 -4.919364929199218750e+00 4.879504680633544922e+00
9.966827392578125000e+00 -4.967241287231445312e+00 4.253634929656982422e+00
8.709404945373535156e+00 -4.147583484649658203e+00 5.245533943176269531e+00
8.940214157104492188e+00 -4.967443466186523438e+00 3.119133472442626953e+00
9.028877258300781250e+00 -5.917222023010253906e+00 1.409848570823669434e+00
8.684082031250000000e+00 -6.111445903778076172e+00 9.275204539299011230e-01
5.526131629943847656e+00 -1.340163230895996094e+00 4.000013351440429688e+00
6.169564723968505859e+00 -3.693752288818359375e+00 2.370116710662841797e+00
5.593495368957519531e+00 -3.974904537200927734e+00 1.856723546981811523e+00
4.515475273132324219e+00 -1.906866788864135742e+00 3.050621509552001953e+00
4.612422943115234375e+00 -1.516368985176086426e+00 3.702837228775024414e+00
6.916113376617431641e+00 -2.456556558609008789e+00 4.259503364562988281e+00
6.709613800048828125e+00 -1.993818163871765137e+00 5.447333335876464844e+00
6.543911933898925781e+00 -5.478074073791503906e+00 9.264014959335327148e-01
1.207716941833496094e+01 -4.731793403625488281e+00 6.057820796966552734e+00
1.375067043304443359e+01 -4.950469970703125000e+00 4.560270786285400391e+00
1.261513710021972656e+01 -3.693053960800170898e+00 4.912525653839111328e+00
1.349350547790527344e+01 -3.576286315917968750e+00 3.226626873016357422e+00
7.863889694213867188e+00 -3.010286569595336914e+00 6.539041996002197266e+00
7.431807518005371094e+00 -2.561159372329711914e+00 6.523768424987792969e+00
4.243136882781982422e+00 -6.482976078987121582e-01 6.737070560455322266e+00
9.650805473327636719e+00 -4.451334476470947266e+00 6.474325180053710938e+00
1.044702529907226562e+01 -3.077913761138916016e+00 6.366341114044189453e+00
1.082877063751220703e+01 -2.611535072326660156e+00 5.470391273498535156e+00
8.701811790466308594e+00 -1.699039340019226074e+00 6.245417118072509766e+00
9.068198204040527344e+00 -1.300404667854309082e+00 5.390202999114990234e+00
1.115378093719482422e+01 -2.370601892471313477e+00 4.499212265014648438e+00
1.148022556304931641e+01 -2.059964895248413086e+00 3.519093275070190430e+00
6.651019573211669922e+00 -1.585197329521179199e+00 6.291112899780273438e+00
7.789552688598632812e+00 -1.060624599456787109e+00 6.257038593292236328e+00
7.054731369018554688e+00 -1.349730193614959717e-01 5.682593822479248047e+00
6.288350582122802734e+00 -3.736860752105712891e-01 5.999382972717285156e+00
5.691578388214111328e+00 7.436018586158752441e-01 5.475940704345703125e+00
8.140213012695312500e+00 1.894575953483581543e-01 4.461396694183349609e+00
5.761606693267822266e+00 1.945446014404296875e+00 4.112369537353515625e+00
6.158157825469970703e+00 2.081712961196899414e+00 3.666150331497192383e+00
-2.134775161743164062e+00 -2.803406715393066406e+00 3.775184631347656250e+00
-1.524285316467285156e+00 -3.807066679000854492e+00 1.663990974426269531e+00
-1.477496266365051270e+00 -4.654808998107910156e+00 3.894238770008087158e-01
-1.620916366577148438e+00 -2.871091604232788086e+00 3.496320724487304688e+00
-2.512265741825103760e-01 -2.668688058853149414e+00 2.371299505233764648e+00
-5.072067260742187500e+00 -3.478326797485351562e+00 1.469565749168395996e+00
-4.359847545623779297e+00 -3.317672014236450195e+00 2.204083681106567383e+00
-5.805439472198486328e+00 -2.600136518478393555e+00 3.393810749053955078e+00
-5.279277324676513672e+00 -3.020653009414672852e+00 2.537560224533081055e+00
-4.096020221710205078e+00 -2.830828189849853516e+00 3.382846832275390625e+00
-2.759820699691772461e+00 -1.625121474266052246e+00 4.880312442779541016e+00
-5.654291629791259766e+00 -1.271470904350280762e+00 4.708562850952148438e+00
-5.350876808166503906e+00 -7.415511608123779297e-01 4.909155368804931641e+00
2.516441822052001953e+00 -1.760193705558776855e+00 3.645665168762207031e+00
1.360581636428833008e+00 -9.260390400886535645e-01 4.124255657196044922e+00
-7.026119530200958252e-02 -1.202325701713562012e+00 3.654081344604492188e+00
1.081815242767333984e+00 -3.635130524635314941e-01 4.666748046875000000e+00
2.494366884231567383e+00 -1.156345725059509277e+00 5.263339042663574219e+00
3.508072376251220703e+00 -7.376524209976196289e-01 6.600188732147216797e+00
1.113885998725891113e+00 7.239231467247009277e-01 5.387775421142578125e+00
-3.225752115249633789e+00 -1.394416451454162598e+00 5.009291172027587891e+00
-4.244134426116943359e+00 2.957621514797210693e-01 5.008246421813964844e+00
-2.749697446823120117e+00 5.594935417175292969e-01 5.130805969238281250e+00
-1.168745517730712891e+00 1.610981106758117676e+00 4.406114578247070312e+00
-3.885376930236816406e+00 1.008824348449707031e+00 4.042678833007812500e+00
-3.823294878005981445e+00 1.416676282882690430e+00 2.886094570159912109e+00
-1.790347248315811157e-01 -5.106480121612548828e+00 -8.295333385467529297e-02
2.969117164611816406e-01 -4.966566562652587891e+00 -1.195486783981323242e-01
8.153095841407775879e-01 -4.976919651031494141e+00 2.608664333820343018e-02
1.641112327575683594e+00 -3.815647602081298828e+00 1.407880067825317383e+00
1.481002449989318848e+00 -5.012240409851074219e+00 5.722339749336242676e-01
1.629029393196105957e+00 -3.776271581649780273e+00 -1.366318583488464355e+00
1.877172231674194336e+00 -2.644877195358276367e+00 2.341495037078857422e+00
2.307830572128295898e+00 1.395304799079895020e+00 5.527698993682861328e+00
2.885466814041137695e+00 2.394978284835815430e+00 4.199450016021728516e+00
2.606057643890380859e+00 2.941456556320190430e+00 3.008074998855590820e+00
-8.635672330856323242e-01 2.479683637619018555e+00 2.618401050567626953e+00
-6.629279255867004395e-01 1.941568017005920410e+00 4.180910587310791016e+00
5.720767974853515625e-01 2.541670799255371094e+00 3.244429111480712891e+00
-1.730432987213134766e+00 3.175010204315185547e+00 1.096887141466140747e-01
-7.585540294647216797e+00 -2.461682558059692383e+00 3.553643465042114258e+00
-7.328422546386718750e+00 -1.426715254783630371e+00 4.216279983520507812e+00
-7.960709095001220703e+00 -8.152955174446105957e-01 2.906378507614135742e+00
-6.811888694763183594e+00 -1.163926601409912109e+00 4.462351799011230469e+00
-7.016465663909912109e+00 -3.699209690093994141e-01 3.059955358505249023e+00
-6.419695377349853516e+00 1.871957331895828247e-01 1.420294165611267090e+00
-6.219106197357177734e+00 1.359169036149978638e-01 2.391270637512207031e+00
-6.923652648925781250e+00 2.264933884143829346e-01 -8.152798414230346680e-01
-3.745240211486816406e+00 1.649236917495727539e+00 1.845657587051391602e+00
-5.362860202789306641e+00 2.015111923217773438e+00 -1.992582321166992188e+00
-3.646704912185668945e+00 3.032834053039550781e+00 -1.669896841049194336e+00
3.397540330886840820e+00 5.389947891235351562e-01 6.399695396423339844e+00
3.000251770019531250e+00 1.639204144477844238e+00 5.317027568817138672e+00
3.846519708633422852e+00 1.978461265563964844e+00 4.731325626373291016e+00
4.541236400604248047e+00 2.555870294570922852e+00 3.712038755416870117e+00
3.884544134140014648e+00 3.119744062423706055e+00 2.947509288787841797e+00
7.768358230590820312e+00 -4.951099872589111328e+00 -3.963453769683837891e+00
2.379023790359497070e+00 -5.081089973449707031e+00 -3.053607463836669922e+00
5.500733852386474609e+00 -4.764189720153808594e+00 -2.525776863098144531e+00
6.327560424804687500e+00 -4.721662521362304688e+00 -2.973975181579589844e+00
3.036379337310791016e+00 -5.023370742797851562e+00 -2.935288667678833008e+00
2.090954065322875977e+00 -5.934193134307861328e+00 -5.251213550567626953e+00
2.626484155654907227e+00 -5.811161041259765625e+00 -6.252923011779785156e+00
3.891664028167724609e+00 -5.147306919097900391e+00 -5.597967624664306641e+00
5.928135395050048828e+00 -4.839872837066650391e+00 -3.733119726181030273e+00
7.164524078369140625e+00 -4.998325347900390625e+00 -4.071399211883544922e+00
2.443033695220947266e+00 -5.622844219207763672e+00 -8.458214759826660156e+00
8.326580047607421875e+00 -5.010977268218994141e+00 -6.010610580444335938e+00
3.300127029418945312e+00 -5.335596084594726562e+00 -7.115513801574707031e+00
3.713425397872924805e+00 -4.727187633514404297e+00 -7.898817062377929688e+00
6.292914390563964844e+00 -5.091724395751953125e+00 -5.379088401794433594e+00
7.412209510803222656e+00 -4.952946662902832031e+00 -6.331986427307128906e+00
5.880751609802246094e+00 -4.193390846252441406e+00 -7.251638889312744141e+00
7.539443969726562500e+00 -4.049377918243408203e+00 -7.369025707244873047e+00
5.591203212738037109e+00 -3.873282670974731445e+00 -7.628582954406738281e+00
5.161406040191650391e+00 -2.844950437545776367e+00 -8.643327713012695312e+00
5.233986854553222656e+00 -2.083479166030883789e+00 -8.895689010620117188e+00
-3.348899602890014648e+00 -7.971807003021240234e+00 -1.205616474151611328e+01
-3.130836248397827148e+00 -8.215847015380859375e+00 -1.051686859130859375e+01
-3.960809230804443359e+00 -7.545097827911376953e+00 -1.315940380096435547e+01
-1.581460475921630859e+00 -6.564174175262451172e+00 -1.324240875244140625e+01
-3.556173324584960938e+00 -6.335949897766113281e+00 -1.446007919311523438e+01
-3.375020503997802734e+00 -5.283041477203369141e+00 -1.519276523590087891e+01
-6.631150245666503906e+00 -6.539162635803222656e+00 -1.317138385772705078e+01
-7.072706222534179688e+00 -6.216371536254882812e+00 -1.318945693969726562e+01
-7.758362293243408203e+00 -5.237168312072753906e+00 -1.367667102813720703e+01
-5.719208717346191406e+00 -7.133535385131835938e+00 -1.307809066772460938e+01
-8.474328994750976562e+00 -5.368711471557617188e+00 -1.256477355957031250e+01
-7.363690853118896484e+00 -4.568897247314453125e+00 -1.457447052001953125e+01
-4.150854587554931641e+00 -5.537464141845703125e+00 -1.502919101715087891e+01
-5.996130466461181641e+00 -4.385594844818115234e+00 -1.525780200958251953e+01
-2.711119651794433594e+00 -5.389482498168945312e+00 -1.501420688629150391e+01
-2.177032232284545898e+00 -4.297383785247802734e+00 -1.536971950531005859e+01
-3.722791671752929688e+00 -3.718323230743408203e+00 -1.575250720977783203e+01
-2.790494203567504883e+00 -3.189162254333496094e+00 -1.571549892425537109e+01
-4.990265846252441406e+00 -2.651528835296630859e+00 -1.594042396545410156e+01
-3.921143293380737305e+00 -1.505953788757324219e+00 -1.593524265289306641e+01
-9.300208091735839844e+00 -4.445048809051513672e+00 -1.222233295440673828e+01
-8.934242248535156250e+00 -4.006415367126464844e+00 -1.344712543487548828e+01
-9.910791397094726562e+00 -2.866208791732788086e+00 -1.234808635711669922e+01
-1.040051555633544922e+01 -1.441591620445251465e+00 -1.152127265930175781e+01
-8.548789978027343750e+00 -3.352418422698974609e+00 -1.436122798919677734e+01
-7.692001342773437500e+00 -2.969412565231323242e+00 -1.519818973541259766e+01
-9.821925163269042969e+00 -9.276309609413146973e-01 -1.328489208221435547e+01
-9.374853134155273438e+00 -3.316867947578430176e-01 -1.420652198791503906e+01
-8.487122535705566406e+00 -9.546163082122802734e-01 -1.507518482208251953e+01
-7.135673046112060547e+00 1.584805101156234741e-01 -1.577012443542480469e+01
-7.627454280853271484e+00 8.118699789047241211e-01 -1.553686809539794922e+01
-1.522184014320373535e+00 -7.556363105773925781e+00 -6.888535022735595703e+00
-4.213805198669433594e-01 -7.156936168670654297e+00 -8.632105827331542969e+00
7.362186908721923828e-02 -6.570077419281005859e+00 -5.590562343597412109e+00
6.188178062438964844e-01 -6.685922622680664062e+00 -6.757649421691894531e+00
-2.400801628828048706e-01 -6.930954933166503906e+00 -9.610927581787109375e+00
-5.045670643448829651e-02 -5.895864963531494141e+00 -1.240219497680664062e+01
1.352847337722778320e+00 -6.390928745269775391e+00 -6.419897556304931641e+00
2.021301031112670898e+00 -5.953254699707031250e+00 -8.191419601440429688e+00
-7.600598931312561035e-01 -5.088400363922119141e+00 -1.430400085449218750e+01
1.024861931800842285e+00 -4.963835716247558594e+00 -1.243828201293945312e+01
-1.230012893676757812e+00 -3.741544008255004883e+00 -1.520328235626220703e+01
-1.923766434192657471e-01 -3.008425951004028320e+00 -1.485961627960205078e+01
1.960200548171997070e+00 -5.054115295410156250e+00 -1.069782066345214844e+01
-1.087967753410339355e+00 -2.407066822052001953e+00 -1.528172683715820312e+01
-1.307901263236999512e+00 -1.698774933815002441e+00 -1.534085655212402344e+01
2.142466545104980469e+00 -3.537309408187866211e+00 -1.149312591552734375e+01
8.849385976791381836e-01 -1.870611429214477539e+00 -1.348746681213378906e+01
7.975333333015441895e-01 -1.144931554794311523e+00 -1.333489227294921875e+01
-2.606658458709716797e+00 -1.780722737312316895e+00 -1.569872951507568359e+01
-2.676515340805053711e+00 -8.110859990119934082e-01 -1.564117431640625000e+01
-5.085112571716308594e+00 4.524860680103302002e-01 -1.588796710968017578e+01
-2.886986494064331055e+00 1.006480216979980469e+00 -1.536709403991699219e+01
-2.164642810821533203e+00 1.173671126365661621e+00 -1.512447261810302734e+01
-4.978641271591186523e-01 1.148719668388366699e+00 -1.389015960693359375e+01
-2.882411479949951172e+00 2.078841924667358398e+00 -1.503572750091552734e+01
-2.466098070144653320e+00 2.787268400192260742e+00 -1.464661407470703125e+01
2.704426288604736328e+00 -3.968844890594482422e+00 -1.033790206909179688e+01
3.521652936935424805e+00 -2.613240003585815430e+00 -1.011211204528808594e+01
3.013129234313964844e+00 -1.849900484085083008e+00 -1.085322284698486328e+01
9.645193815231323242e-01 -2.824913263320922852e-01 -1.281350612640380859e+01
1.482805132865905762e+00 4.737547598779201508e-03 -1.211012554168701172e+01
2.348674058914184570e+00 -2.205975353717803955e-01 -1.122678947448730469e+01
1.081491708755493164e+00 4.152853488922119141e-01 -1.233616638183593750e+01
-1.051183891296386719e+01 -9.700846672058105469e-01 -1.099418449401855469e+01
-9.968139648437500000e+00 6.815102100372314453e-01 -1.292284297943115234e+01
-1.030212402343750000e+01 -1.984402164816856384e-02 -1.048695755004882812e+01
-1.007168102264404297e+01 -1.236816495656967163e-01 -9.024904251098632812e+00
-9.724920272827148438e+00 5.397379398345947266e-01 -1.002801799774169922e+01
-9.962954521179199219e+00 9.188504219055175781e-01 -1.155310726165771484e+01
-9.433683395385742188e+00 2.028494596481323242e+00 -1.278576278686523438e+01
-8.820513725280761719e+00 1.393695235252380371e+00 -9.342876434326171875e+00
-8.416810035705566406e+00 2.394167661666870117e+00 -1.037631416320800781e+01
-8.198540687561035156e+00 1.156369566917419434e+00 -6.070340633392333984e+00
-7.961284160614013672e+00 1.591369152069091797e+00 -7.151666164398193359e+00
-8.283390998840332031e+00 1.877842187881469727e+00 -8.738103866577148438e+00
-7.900023937225341797e+00 2.544331789016723633e+00 -9.733247756958007812e+00
-6.297262668609619141e+00 2.695617914199829102e+00 -7.679654598236083984e+00
-6.213605880737304688e+00 3.004565477371215820e+00 -8.163150787353515625e+00
-8.635241508483886719e+00 2.197928905487060547e+00 -1.429375839233398438e+01
-8.036635398864746094e+00 2.226752281188964844e+00 -1.473296546936035156e+01
-7.636925697326660156e+00 3.436545372009277344e+00 -1.351438140869140625e+01
-6.655135631561279297e+00 4.257652282714843750e+00 -1.313901901245117188e+01
-6.100929260253906250e+00 1.892232894897460938e+00 -1.547647094726562500e+01
-5.845000743865966797e+00 2.181966066360473633e+00 -1.532789611816406250e+01
-5.170783042907714844e+00 3.963839769363403320e+00 -1.412267780303955078e+01
-4.615426540374755859e+00 3.957948207855224609e+00 -1.424977684020996094e+01
-5.867654323577880859e+00 3.766371011734008789e+00 -1.412649250030517578e+01
-8.273591041564941406e+00 3.278031587600708008e+00 -1.224886608123779297e+01
-6.243141651153564453e+00 4.407483577728271484e+00 -1.238319396972656250e+01
-5.556347370147705078e+00 4.377249240875244141e+00 -1.074530410766601562e+01
-3.389106035232543945e+00 4.231192111968994141e+00 -1.348901748657226562e+01
-3.171103954315185547e+00 4.292905330657958984e+00 -1.287118053436279297e+01
-5.220167636871337891e+00 4.430290222167968750e+00 -1.222117614746093750e+01
-4.469199180603027344e+00 4.632525920867919922e+00 -1.232740020751953125e+01
-3.216864347457885742e+00 4.684081554412841797e+00 -1.144406890869140625e+01
-4.958522796630859375e+00 4.782873630523681641e+00 -1.084954643249511719e+01
-3.796126604080200195e+00 4.890191555023193359e+00 -1.117247009277343750e+01
-6.639891147613525391e+00 3.678007125854492188e+00 -1.050352287292480469e+01
-5.931643009185791016e+00 3.619853258132934570e+00 -9.035549163818359375e+00
3.057413816452026367e+00 -1.940185576677322388e-01 -1.030091667175292969e+01
-1.387109011411666870e-01 1.526716113090515137e+00 -1.287781047821044922e+01
-2.114285945892333984e+00 3.219753026962280273e+00 -1.359528732299804688e+01
9.957096576690673828e-01 7.993307113647460938e-01 -1.168908214569091797e+01
-1.053930044174194336e+00 2.882455587387084961e+00 -1.233870697021484375e+01
-2.713866949081420898e+00 3.843938827514648438e+00 -1.327105331420898438e+01
-1.649710178375244141e+00 3.645082473754882812e+00 -1.187593746185302734e+01
1.144525623321533203e+01 -6.577007770538330078e+00 -3.367063045501708984e+00
1.333851718902587891e+01 -6.771975040435791016e+00 -1.709208130836486816e+00
1.117910957336425781e+01 -6.481405258178710938e+00 -8.309927582740783691e-01
1.098558807373046875e+01 -6.525186061859130859e+00 -2.587836265563964844e+00
1.436745166778564453e+01 -6.990405559539794922e+00 -5.011372089385986328e+00
1.199994468688964844e+01 -6.637425899505615234e+00 -3.969085454940795898e+00
1.271079444885253906e+01 -6.611376285552978516e+00 -5.463226318359375000e+00
1.316202163696289062e+01 -6.922746658325195312e+00 -3.655805349349975586e+00
1.564236927032470703e+01 -7.068102359771728516e+00 -3.583645343780517578e+00
1.608222389221191406e+01 -5.993251323699951172e+00 -4.168606758117675781e+00
1.626236534118652344e+01 -6.547523021697998047e+00 -1.156880378723144531e+00
1.639597320556640625e+01 -5.743943691253662109e+00 -2.035555124282836914e+00
1.459632492065429688e+01 -6.661124229431152344e+00 6.823271512985229492e-02
1.483013153076171875e+01 -7.003002643585205078e+00 -1.536197304725646973e+00
1.539630317687988281e+01 -6.335570812225341797e+00 9.846570491790771484e-01
1.481748008728027344e+01 -4.269234657287597656e+00 2.034699440002441406e+00
1.516072273254394531e+01 -4.327313899993896484e+00 9.150100350379943848e-01
1.436151790618896484e+01 -3.448609590530395508e+00 1.061435699462890625e+00
1.583140087127685547e+01 -4.949100971221923828e+00 -3.338927030563354492e+00
1.526335048675537109e+01 -4.087979793548583984e+00 -2.558845281600952148e+00
1.524294185638427734e+01 -4.023366928100585938e+00 -9.943910241127014160e-01
1.500318145751953125e+01 -3.672581434249877930e+00 -1.496234655380249023e+00
1.435718059539794922e+01 -2.912424802780151367e+00 -8.601344823837280273e-01
1.382339191436767578e+01 -6.772185802459716797e+00 -6.230050086975097656e+00
1.526512718200683594e+01 -5.976041793823242188e+00 -6.528455734252929688e+00
1.238076877593994141e+01 -6.480713844299316406e+00 -6.646540641784667969e+00
1.292198848724365234e+01 -5.939375877380371094e+00 -7.429188728332519531e+00
1.594380760192871094e+01 -5.880845069885253906e+00 -5.624839782714843750e+00
1.562984180450439453e+01 -5.115695476531982422e+00 -5.919288635253906250e+00
1.505862522125244141e+01 -4.445548534393310547e+00 -5.524510383605957031e+00
1.326634407043457031e+01 -5.546632289886474609e+00 -7.285304069519042969e+00
1.263741683959960938e+01 -4.992694377899169922e+00 -6.593761444091796875e+00
1.350367832183837891e+01 -4.506374835968017578e+00 -6.076259613037109375e+00
1.363618850708007812e+01 -3.408884763717651367e+00 -4.926729679107666016e+00
1.502787780761718750e+01 -3.758954763412475586e+00 -2.802334308624267578e+00
1.495279884338378906e+01 -3.767735719680786133e+00 -4.487679004669189453e+00
1.440226554870605469e+01 -2.921720266342163086e+00 -3.736272811889648438e+00
1.016799736022949219e+01 -6.063734054565429688e+00 -2.741954088211059570e+00
6.998356819152832031e+00 -4.803372859954833984e+00 -2.373211860656738281e+00
7.285383701324462891e+00 -4.880261421203613281e+00 -1.946979165077209473e+00
6.850616455078125000e+00 -4.735849380493164062e+00 -2.934726953506469727e+00
1.048954105377197266e+01 -6.349284172058105469e+00 -2.337819814682006836e+00
9.016449928283691406e+00 -5.587567329406738281e+00 -1.944011688232421875e+00
7.957086086273193359e+00 -5.151897907257080078e+00 -1.581672072410583496e+00
9.602043151855468750e+00 -5.585638046264648438e+00 -3.432210445404052734e+00
9.962210655212402344e+00 -5.593188762664794922e+00 -4.659905433654785156e+00
8.338497161865234375e+00 -5.036531925201416016e+00 -3.960012674331665039e+00
1.357686138153076172e+01 -2.235665321350097656e+00 -1.039749244228005409e-03
1.220108795166015625e+01 -8.966237902641296387e-01 -1.013347864151000977e+00
1.097389698028564453e+01 -6.002667903900146484e+00 -5.489193916320800781e+00
1.103762435913085938e+01 -5.455387592315673828e+00 -6.018944263458251953e+00
9.603402137756347656e+00 -5.109368801116943359e+00 -5.195082664489746094e+00
1.172885704040527344e+01 -4.729755878448486328e+00 -6.152231216430664062e+00
9.190042495727539062e+00 -4.342095851898193359e+00 -6.406794548034667969e+00
1.041052150726318359e+01 -3.565790414810180664e+00 -5.850819587707519531e+00
1.248438835144042969e+01 -3.712307691574096680e+00 -5.431893825531005859e+00
1.065781116485595703e+01 -3.222877979278564453e+00 -5.645764350891113281e+00
1.068253707885742188e+01 -2.290666341781616211e+00 -5.233233451843261719e+00
8.548838615417480469e+00 -3.697008848190307617e+00 -7.022604942321777344e+00
9.059973716735839844e+00 -3.098669767379760742e+00 -6.555801868438720703e+00
8.059098243713378906e+00 -2.040047407150268555e+00 -6.898406982421875000e+00
1.041721248626708984e+01 -1.621372342109680176e+00 -5.096299171447753906e+00
8.262926101684570312e+00 -1.716004729270935059e+00 -6.630694866180419922e+00
8.756331443786621094e+00 -4.925337135791778564e-01 -5.833635807037353516e+00
7.285385131835937500e+00 -1.707396209239959717e-01 -6.910763263702392578e+00
1.329564285278320312e+01 -2.153167486190795898e+00 -4.040778636932373047e+00
1.347522068023681641e+01 -1.720915794372558594e+00 -1.909592390060424805e+00
1.323193836212158203e+01 -1.351247429847717285e+00 -3.127870082855224609e+00
1.240326023101806641e+01 -4.862125813961029053e-01 -2.207319259643554688e+00
1.205906772613525391e+01 -1.558203101158142090e-01 -2.813347101211547852e+00
1.242752647399902344e+01 -1.941375255584716797e+00 -4.339124202728271484e+00
1.122556304931640625e+01 -1.252950072288513184e+00 -4.466297149658203125e+00
1.151211261749267578e+01 -5.930969715118408203e-01 -3.850585460662841797e+00
1.016355514526367188e+01 1.512043714523315430e+00 -1.727805018424987793e+00
9.292026519775390625e+00 2.345099925994873047e+00 -2.872216224670410156e+00
9.338014602661132812e+00 2.287949323654174805e+00 -3.347630500793457031e+00
8.573961257934570312e+00 2.906919479370117188e+00 -2.361531734466552734e+00
1.022082614898681641e+01 -9.286732673645019531e-01 -4.988594055175781250e+00
1.066374492645263672e+01 2.856986224651336670e-01 -4.115449905395507812e+00
8.371076583862304688e+00 1.213213577866554260e-01 -5.847941398620605469e+00
7.018282413482666016e+00 9.780849814414978027e-01 -6.421523094177246094e+00
1.389109230041503906e+01 -3.588877439498901367e+00 2.615006685256958008e+00
1.247936630249023438e+01 -2.520062685012817383e+00 2.913966655731201172e+00
1.125595951080322266e+01 -9.080712199211120605e-01 1.430993914604187012e+00
1.142255592346191406e+01 -7.193427085876464844e-01 2.839898467063903809e-01
9.973023414611816406e+00 -4.948868751525878906e-01 3.073424577713012695e+00
8.858497619628906250e+00 8.745487332344055176e-01 2.570718765258789062e+00
9.414116859436035156e+00 5.694987773895263672e-01 2.056127071380615234e+00
7.321551322937011719e+00 1.895495176315307617e+00 2.915185689926147461e+00
7.149824619293212891e+00 2.591271877288818359e+00 1.801252126693725586e+00
9.789182662963867188e+00 8.249256014823913574e-01 3.417224586009979248e-01
1.003154945373535156e+01 1.232535600662231445e+00 -9.915923476219177246e-01
7.990211963653564453e+00 2.568385124206542969e+00 4.085978567600250244e-01
3.350641250610351562e+00 4.273984432220458984e+00 -3.457860648632049561e-01
6.217081069946289062e+00 3.504014015197753906e+00 2.675013244152069092e-01
5.478663921356201172e+00 4.030482769012451172e+00 -2.224936008453369141e+00
3.671755790710449219e+00 4.388770580291748047e+00 -6.838623881340026855e-01
2.846870660781860352e+00 3.819574594497680664e+00 -2.455446004867553711e+00
2.959512948989868164e+00 3.507483720779418945e+00 -3.326434135437011719e+00
-9.876263141632080078e-01 3.792820453643798828e+00 -7.647960186004638672e-01
2.147874116897583008e+00 3.141139745712280273e+00 -4.384366512298583984e+00
9.074660018086433411e-03 4.155855178833007812e+00 -3.142287015914916992e+00
3.068032860755920410e-01 3.709050655364990234e+00 -4.697519779205322266e+00
2.379282474517822266e+00 3.806082725524902344e+00 -2.565531253814697266e+00
5.103011131286621094e+00 -8.773036003112792969e-01 -8.891954421997070312e+00
2.942739486694335938e+00 3.049283325672149658e-01 -9.605587959289550781e+00
5.063958644866943359e+00 4.997134208679199219e-01 -8.107244491577148438e+00
3.642942190170288086e+00 5.577766895294189453e-01 -8.965198516845703125e+00
2.523546695709228516e+00 4.991645216941833496e-01 -9.799521446228027344e+00
1.546406745910644531e+00 1.847841382026672363e+00 -9.911014556884765625e+00
3.305419087409973145e-01 3.148619413375854492e+00 -9.156501770019531250e+00
1.118931770324707031e-01 3.001170635223388672e+00 -1.045734500885009766e+01
5.655129909515380859e+00 2.803138494491577148e+00 -4.855066299438476562e+00
6.162922859191894531e+00 1.882064223289489746e+00 -6.085687637329101562e+00
4.700992584228515625e+00 2.688288450241088867e+00 -5.242799758911132812e+00
4.798711299896240234e+00 2.381132602691650391e+00 -5.955539226531982422e+00
6.610348701477050781e+00 3.734971523284912109e+00 -2.716659784317016602e+00
6.587813854217529297e+00 1.277864575386047363e+00 -6.422841072082519531e+00
5.714267253875732422e+00 1.662276983261108398e+00 -6.597366333007812500e+00
4.859746932983398438e+00 1.772065043449401855e+00 -7.029275894165039062e+00
2.737095832824707031e+00 2.848921775817871094e+00 -5.059399127960205078e+00
2.816608428955078125e+00 2.085842132568359375e+00 -7.355838298797607422e+00
2.028385639190673828e+00 2.328388452529907227e+00 -6.809770107269287109e+00
9.533900022506713867e-02 3.303511619567871094e+00 -6.270288467407226562e+00
2.719575464725494385e-01 2.959941148757934570e+00 -7.757443904876708984e+00
3.030100762844085693e-01 3.031542301177978516e+00 -8.136335372924804688e+00
-3.296650171279907227e+00 3.397479057312011719e+00 -2.585531949996948242e+00
-5.633569240570068359e+00 3.065299510955810547e+00 -7.731606483459472656e+00
-4.808343410491943359e+00 3.485146760940551758e+00 -7.635911464691162109e+00
-4.259222984313964844e+00 3.354144573211669922e+00 -6.673648834228515625e+00
-2.167083740234375000e+00 3.285325765609741211e+00 -2.314890474081039429e-01
-1.889461755752563477e+00 3.749401807785034180e+00 -1.355294108390808105e+00
-1.527498364448547363e+00 4.091873645782470703e+00 -2.469846248626708984e+00
-1.353734493255615234e+00 4.391048908233642578e+00 -3.693571329116821289e+00
-1.182647228240966797e+00 4.402197837829589844e+00 -4.986979007720947266e+00
-4.800626754760742188e+00 4.079288005828857422e+00 -8.505949974060058594e+00
-4.505979061126708984e+00 4.556142330169677734e+00 -9.025585174560546875e+00
-1.981086492538452148e+00 4.464372158050537109e+00 -7.511270046234130859e+00
-3.350585222244262695e+00 4.460651874542236328e+00 -8.331856727600097656e+00
-1.541278362274169922e+00 3.652773857116699219e+00 -1.119892311096191406e+01
-1.228785514831542969e+00 3.507371187210083008e+00 -1.106296920776367188e+01
-3.828551292419433594e+00 4.852972984313964844e+00 -1.070547485351562500e+01
-2.048056840896606445e+00 4.181932926177978516e+00 -9.850399971008300781e+00
-3.117886185646057129e-01 3.480519294738769531e+00 -9.965936660766601562e+00
-2.159233093261718750e+00 4.562119007110595703e+00 -6.120897293090820312e+00
5.287348747253417969e+00 3.136009693145751953e+00 2.330774784088134766e+00
6.042084217071533203e+00 3.062847137451171875e+00 1.758546590805053711e+00
1.965372204780578613e+00 7.022127509117126465e-01 -1.028590106964111328e+01
-5.168094635009765625e-01 2.794833898544311523e+00 -1.161493396759033203e+01
4.415642321109771729e-01 2.523961067199707031e+00 -1.076856136322021484e+01
