1.564901590347290039e+00 -4.938506126403808594e+00 -2.717839717864990234e+00
2.283061742782592773e+00 -4.793435573577880859e+00 -1.932277917861938477e+00
1.519130706787109375e+00 -4.798478603363037109e+00 -2.314164400100708008e+00
-5.069011688232421875e+00 -8.108737945556640625e+00 -7.822245121002197266e+00
-4.999391078948974609e+00 -8.062255859375000000e+00 -1.156770610809326172e+01
-4.185286045074462891e+00 -8.321294784545898438e+00 -9.419482231140136719e+00
-7.270956516265869141e+00 -7.468642711639404297e+00 -7.059138298034667969e+00
-7.775096416473388672e+00 -7.351078033447265625e+00 -7.967359066009521484e+00
-5.692326068878173828e+00 -8.129152297973632812e+00 -9.823646545410156250e+00
-6.220754146575927734e+00 -7.997753143310546875e+00 -9.061594963073730469e+00
-6.480038166046142578e+00 -7.345637798309326172e+00 -1.205452442169189453e+01
-8.410197257995605469e+00 -6.366871833801269531e+00 -1.057635211944580078e+01
-8.332464218139648438e+00 -6.190223217010498047e+00 -1.129451942443847656e+01
-9.642144203186035156e+00 -5.266922950744628906e+00 -8.363575935363769531e+00
-1.005056953430175781e+01 -4.325455188751220703e+00 -8.716901779174804688e+00
-9.586277008056640625e+00 -4.643220901489257812e+00 -1.086835193634033203e+01
-8.220136642456054688e+00 -6.690746307373046875e+00 -5.445824146270751953e+00
-9.067603111267089844e+00 -6.092455387115478516e+00 -4.930549621582031250e+00
-7.968178749084472656e+00 -5.746183395385742188e+00 -3.404845476150512695e+00
-8.496797561645507812e+00 -5.229265689849853516e+00 -2.226432800292968750e+00
-6.958289146423339844e+00 -5.440850734710693359e+00 -3.112802982330322266e+00
-2.593261241912841797e+00 -5.032245159149169922e+00 -1.550644993782043457e+00
-3.373936176300048828e+00 -4.883119106292724609e+00 -5.852228403091430664e-01
-1.440713047981262207e+00 -4.998626232147216797e+00 -2.407686561346054077e-01
-7.379302501678466797e+00 -3.209769725799560547e+00 2.308870553970336914e+00
-5.355941295623779297e+00 -3.511775970458984375e+00 1.276835083961486816e+00
-3.860027551651000977e+00 -5.068371772766113281e+00 -2.138296604156494141e+00
-7.304388999938964844e+00 -4.796684265136718750e+00 -1.626952171325683594e+00
-6.307596683502197266e+00 -5.166946411132812500e+00 -2.787432432174682617e+00
-3.739414215087890625e+00 -4.415642738342285156e+00 1.323592215776443481e-01
-4.768163681030273438e+00 -7.279194831848144531e+00 -5.294905662536621094e+00
-4.545315265655517578e+00 -6.498200416564941406e+00 -4.091814041137695312e+00
-2.280236482620239258e+00 -7.655804634094238281e+00 -6.417350292205810547e+00
-2.884600639343261719e+00 -7.167994976043701172e+00 -5.067502021789550781e+00
-2.214178323745727539e+00 -7.177817344665527344e+00 -5.299698352813720703e+00
-1.355414509773254395e+00 -6.802683830261230469e+00 -5.045586585998535156e+00
-2.779380321502685547e+00 -6.777183055877685547e+00 -4.440680980682373047e+00
-5.267714500427246094e+00 -6.850635528564453125e+00 -4.679197311401367188e+00
-6.153978347778320312e+00 -7.666888236999511719e+00 -6.742157936096191406e+00
-8.704648017883300781e+00 -6.651174068450927734e+00 -6.455188274383544922e+00
-1.415669202804565430e+00 -4.983835697174072266e+00 -1.838607788085937500e+00
-9.328476190567016602e-01 -5.046190738677978516e+00 -2.279507160186767578e+00
-2.240352630615234375e+00 -5.126030921936035156e+00 -2.025340080261230469e+00
-3.499523401260375977e-01 -5.094159126281738281e+00 -1.201837301254272461e+00
6.361978054046630859e-01 -4.630106449127197266e+00 -1.602614760398864746e+00
-8.132594823837280273e-01 -5.405780315399169922e+00 -3.023051261901855469e+00
-6.373928859829902649e-03 -5.502868652343750000e+00 -3.347845554351806641e+00
6.104179024696350098e-01 -4.772241115570068359e+00 -2.129034519195556641e+00
-9.515387535095214844e+00 -4.814429759979248047e+00 -2.044912338256835938e+00
-9.939767837524414062e+00 -4.891433715820312500e+00 -4.680260658264160156e+00
-9.351674079895019531e+00 -5.582100868225097656e+00 -3.831352472305297852e+00
-1.019531250000000000e+01 -3.760365009307861328e+00 -3.288285732269287109e+00
-1.031919765472412109e+01 -3.586467981338500977e+00 -4.715880393981933594e+00
-9.120177268981933594e+00 -4.088494300842285156e+00 3.091519773006439209e-01
-9.780844688415527344e+00 -4.174970149993896484e+00 -1.408133625984191895e+00
-9.820137977600097656e+00 -3.232577085494995117e+00 -2.795423269271850586e-01
-9.599325180053710938e+00 -2.928218126296997070e+00 9.017823934555053711e-01
-9.113310813903808594e+00 -2.724282503128051758e+00 2.168266057968139648e+00
-9.277625083923339844e+00 -1.631385445594787598e+00 1.271237015724182129e+00
-1.017227554321289062e+01 -2.695780754089355469e+00 -2.523516893386840820e+00
-1.009694004058837891e+01 -1.609957933425903320e+00 -2.652491807937622070e+00
-9.464214324951171875e+00 -1.295401930809020996e+00 -8.871617317199707031e-01
-7.936642646789550781e+00 -4.186283946037292480e-01 -6.460787653923034668e-01
-1.006303119659423828e+01 -4.635852336883544922e+00 -5.545574665069580078e+00
-1.034736251831054688e+01 -3.652743339538574219e+00 -5.425179958343505859e+00
-1.053330993652343750e+01 -2.258022069931030273e+00 -5.301575660705566406e+00
-1.059013557434082031e+01 -2.099283218383789062e+00 -5.872060775756835938e+00
-1.008300018310546875e+01 -6.571921706199645996e-01 -5.353900909423828125e+00
-1.058879566192626953e+01 -2.843808412551879883e+00 -7.963023662567138672e+00
-1.071215248107910156e+01 -1.948946475982666016e+00 -8.887947082519531250e+00
-1.060117340087890625e+01 -8.126140832901000977e-01 -8.516983985900878906e+00
-9.951831817626953125e+00 -3.311911523342132568e-01 -6.705741405487060547e+00
-8.383111000061035156e+00 -2.026470750570297241e-01 -2.253416776657104492e+00
-6.926813125610351562e+00 1.700827717781066895e+00 -3.687080860137939453e+00
-9.017574310302734375e+00 3.863138854503631592e-01 -6.202682971954345703e+00
-7.576202392578125000e+00 1.438509464263916016e+00 -4.988333225250244141e+00
1.330067253112792969e+01 -6.685616016387939453e+00 4.592051506042480469e+00
1.358661937713623047e+01 -6.480481624603271484e+00 7.316281199455261230e-01
1.309043121337890625e+01 -6.332670688629150391e+00 1.444673657417297363e+00
1.499773406982421875e+01 -6.499733448028564453e+00 1.843317866325378418e+00
1.486051368713378906e+01 -5.978140354156494141e+00 3.008994340896606445e+00
1.202543449401855469e+01 -6.124763965606689453e+00 2.756947755813598633e+00
4.415477275848388672e+00 -1.417371511459350586e+00 4.880114555358886719e+00
5.271370410919189453e+00 -1.308862924575805664e+00 5.954029083251953125e+00
6.665768623352050781e+00 -4.890387535095214844e+00 -1.699250936508178711e+00
8.928996086120605469e+00 -6.323702812194824219e+00 -1.284154057502746582e+00
8.139122962951660156e+00 -6.233002662658691406e+00 -1.126850843429565430e+00
7.461499214172363281e+00 -6.295660018920898438e+00 -5.368281006813049316e-01
2.556643486022949219e+00 -5.436282157897949219e+00 3.933789432048797607e-01
4.303647518157958984e+00 -4.724479198455810547e+00 -1.513575434684753418e+00
5.177730083465576172e+00 -5.125908374786376953e+00 -1.193256139755249023e+00
2.312267541885375977e+00 -4.303373336791992188e+00 -1.273046374320983887e+00
4.122593402862548828e+00 -4.752623558044433594e+00 -1.292548179626464844e+00
5.112232208251953125e+00 -5.597747325897216797e+00 1.952090412378311157e-01
5.813676357269287109e+00 -6.013662338256835938e+00 -6.430873870849609375e-01
3.100058794021606445e+00 -5.512943744659423828e+00 -6.024844646453857422e-01
9.503286361694335938e+00 -5.302698135375976562e+00 3.010018110275268555e+00
1.004010295867919922e+01 -5.218479156494140625e+00 4.738811492919921875e+00
1.000394248962402344e+01 -5.152353286743164062e+00 4.168695449829101562e+00
8.741886138916015625e+00 -4.331592082977294922e+00 5.138535022735595703e+00
8.958843231201171875e+00 -5.030472755432128906e+00 3.072677612304687500e+00
9.042640686035156250e+00 -5.954032897949218750e+00 1.372205972671508789e+00
8.692945480346679688e+00 -6.123314380645751953e+00 8.906769752502441406e-01
5.540411949157714844e+00 -1.451291084289550781e+00 3.991696596145629883e+00
6.177524566650390625e+00 -3.729279518127441406e+00 2.349977254867553711e+00
5.599100589752197266e+00 -3.994864702224731445e+00 1.841562747955322266e+00
4.521812915802001953e+00 -1.937746286392211914e+00 3.034054756164550781e+00
4.621230125427246094e+00 -1.578816175460815430e+00 3.693617582321166992e+00
6.938484668731689453e+00 -2.547864198684692383e+00 4.232776641845703125e+00
6.713358879089355469e+00 -2.223119735717773438e+00 5.412936687469482422e+00
6.552936077117919922e+00 -5.492626667022705078e+00 8.996701836585998535e-01
1.217051124572753906e+01 -5.356419086456298828e+00 5.759983539581298828e+00
1.379865837097167969e+01 -5.678511619567871094e+00 4.385378837585449219e+00
1.262913036346435547e+01 -4.350012779235839844e+00 4.670070171356201172e+00
1.349045372009277344e+01 -4.155805587768554688e+00 3.066577196121215820e+00
7.917089462280273438e+00 -3.264195203781127930e+00 6.489402294158935547e+00
7.444869995117187500e+00 -2.862388610839843750e+00 6.456078052520751953e+00
4.260454177856445312e+00 -8.391455411911010742e-01 6.716485023498535156e+00
9.774920463562011719e+00 -4.618602752685546875e+00 6.147843360900878906e+00
1.059345054626464844e+01 -3.414370298385620117e+00 6.066056728363037109e+00
1.084984779357910156e+01 -3.121922969818115234e+00 5.181597232818603516e+00
8.759092330932617188e+00 -2.008248090744018555e+00 6.134102821350097656e+00
9.063937187194824219e+00 -1.723298311233520508e+00 5.197495460510253906e+00
1.113950443267822266e+01 -2.890964269638061523e+00 4.265356540679931641e+00
1.147076225280761719e+01 -2.518166065216064453e+00 3.348781347274780273e+00
6.629401206970214844e+00 -1.936887741088867188e+00 6.204988956451416016e+00
7.788432121276855469e+00 -1.457719326019287109e+00 6.066353321075439453e+00
7.038587570190429688e+00 -5.180515646934509277e-01 5.485374927520751953e+00
6.275609970092773438e+00 -7.423344850540161133e-01 5.805370807647705078e+00
5.692302227020263672e+00 4.461821317672729492e-01 5.332407474517822266e+00
8.127441406250000000e+00 -1.651316881179809570e-01 4.314647674560546875e+00
5.772022724151611328e+00 1.718907356262207031e+00 4.022962570190429688e+00
6.154682636260986328e+00 1.846603512763977051e+00 3.568300724029541016e+00
-2.135538578033447266e+00 -2.811671257019042969e+00 3.778084754943847656e+00
-1.524870276451110840e+00 -3.810802698135375977e+00 1.662623763084411621e+00
-1.477356791496276855e+00 -4.656858444213867188e+00 3.882713615894317627e-01
-1.622147083282470703e+00 -2.875928878784179688e+00 3.493814229965209961e+00
-2.519019246101379395e-01 -2.673976182937622070e+00 2.368027210235595703e+00
-5.072560310363769531e+00 -3.476531505584716797e+00 1.468634128570556641e+00
-4.360324382781982422e+00 -3.316949844360351562e+00 2.202854633331298828e+00
-5.806105136871337891e+00 -2.600168943405151367e+00 3.393690824508666992e+00
-5.279774188995361328e+00 -3.018228292465209961e+00 2.536188840866088867e+00
-4.096782207489013672e+00 -2.833570241928100586e+00 3.382756471633911133e+00
-2.763706684112548828e+00 -1.630715489387512207e+00 4.880677223205566406e+00
-5.654072284698486328e+00 -1.273439764976501465e+00 4.709531784057617188e+00
-5.350647926330566406e+00 -7.424147129058837891e-01 4.910442829132080078e+00
2.515981197357177734e+00 -1.792771339416503906e+00 3.625877141952514648e+00
1.362320542335510254e+00 -9.467487931251525879e-01 4.110512733459472656e+00
-7.022996991872787476e-02 -1.210404038429260254e+00 3.650400400161743164e+00
1.090206384658813477e+00 -3.800383806228637695e-01 4.650389194488525391e+00
2.499468326568603516e+00 -1.220238208770751953e+00 5.230271339416503906e+00
3.515150785446166992e+00 -8.540869951248168945e-01 6.562664985656738281e+00
1.126880407333374023e+00 6.968471407890319824e-01 5.384257793426513672e+00
-3.226492881774902344e+00 -1.397367358207702637e+00 5.010895252227783203e+00
-4.244683742523193359e+00 2.937694489955902100e-01 5.010866165161132812e+00
-2.748602628707885742e+00 5.554667115211486816e-01 5.134060382843017578e+00
-1.164090752601623535e+00 1.600817680358886719e+00 4.403535842895507812e+00
-3.887651920318603516e+00 1.015602469444274902e+00 4.051398754119873047e+00
-3.826471567153930664e+00 1.423899292945861816e+00 2.893655538558959961e+00
-1.789120733737945557e-01 -5.108699798583984375e+00 -8.480951189994812012e-02
2.968567311763763428e-01 -4.970168590545654297e+00 -1.221631169319152832e-01
8.157610893249511719e-01 -4.982366085052490234e+00 2.089443802833557129e-02
1.640747308731079102e+00 -3.823720932006835938e+00 1.398259639739990234e+00
1.482245326042175293e+00 -5.018573284149169922e+00 5.645514726638793945e-01
1.630756020545959473e+00 -3.779087066650390625e+00 -1.367088675498962402e+00
1.875759243965148926e+00 -2.657020092010498047e+00 2.329174995422363281e+00
2.336546182632446289e+00 1.315575361251831055e+00 5.524282455444335938e+00
2.907097339630126953e+00 2.304193973541259766e+00 4.177196502685546875e+00
2.615273475646972656e+00 2.913348674774169922e+00 3.004739284515380859e+00
-8.594734668731689453e-01 2.465814828872680664e+00 2.612174987792968750e+00
-6.548399329185485840e-01 1.919968128204345703e+00 4.171605587005615234e+00
5.802565813064575195e-01 2.512551546096801758e+00 3.234601736068725586e+00
-1.728726506233215332e+00 3.171966075897216797e+00 1.067811623215675354e-01
-7.586884021759033203e+00 -2.461687326431274414e+00 3.556433439254760742e+00
-7.329892158508300781e+00 -1.429626822471618652e+00 4.222303390502929688e+00
-7.962586402893066406e+00 -8.174659609794616699e-01 2.912616729736328125e+00
-6.811165332794189453e+00 -1.167137980461120605e+00 4.464399337768554688e+00
-7.018117427825927734e+00 -3.685048222541809082e-01 3.063442707061767578e+00
-6.421530723571777344e+00 1.888140887022018433e-01 1.421013474464416504e+00
-6.220459938049316406e+00 1.391711682081222534e-01 2.393391370773315430e+00
-6.924591541290283203e+00 2.278632968664169312e-01 -8.142743110656738281e-01
-3.747857570648193359e+00 1.653460621833801270e+00 1.849481463432312012e+00
-5.362218379974365234e+00 2.013241767883300781e+00 -1.993721961975097656e+00
-3.646260261535644531e+00 3.032605171203613281e+00 -1.670422315597534180e+00
3.432879209518432617e+00 4.018512368202209473e-01 6.363823890686035156e+00
3.035998821258544922e+00 1.511479735374450684e+00 5.280670642852783203e+00
3.871568441390991211e+00 1.791181683540344238e+00 4.659276008605957031e+00
4.560881614685058594e+00 2.409458637237548828e+00 3.662072658538818359e+00
3.902790307998657227e+00 3.058073759078979492e+00 2.937056779861450195e+00
7.777486324310302734e+00 -4.952862262725830078e+00 -3.987543821334838867e+00
2.381341457366943359e+00 -5.080604076385498047e+00 -3.057943820953369141e+00
5.505676746368408203e+00 -4.763188838958740234e+00 -2.539410591125488281e+00
6.334328651428222656e+00 -4.720882415771484375e+00 -2.991306781768798828e+00
3.039124727249145508e+00 -5.023030757904052734e+00 -2.941556453704833984e+00
2.092771291732788086e+00 -5.934172630310058594e+00 -5.254319190979003906e+00
2.628838300704956055e+00 -5.811652660369873047e+00 -6.256202220916748047e+00
3.893957614898681641e+00 -5.146860599517822266e+00 -5.602489948272705078e+00
5.933266639709472656e+00 -4.840826988220214844e+00 -3.744555711746215820e+00
7.171378612518310547e+00 -4.999268531799316406e+00 -4.089587211608886719e+00
2.443989276885986328e+00 -5.623600006103515625e+00 -8.460441589355468750e+00
8.332306861877441406e+00 -5.014695644378662109e+00 -6.033688545227050781e+00
3.302648067474365234e+00 -5.335756778717041016e+00 -7.119411468505859375e+00
3.715454101562500000e+00 -4.727062225341796875e+00 -7.902419567108154297e+00
6.296236515045166016e+00 -5.090828418731689453e+00 -5.389838695526123047e+00
7.415596961975097656e+00 -4.953156948089599609e+00 -6.346026420593261719e+00
5.883910655975341797e+00 -4.190770626068115234e+00 -7.258685588836669922e+00
7.540966510772705078e+00 -4.049621105194091797e+00 -7.380020141601562500e+00
5.592653751373291016e+00 -3.871280193328857422e+00 -7.632847785949707031e+00
5.161972999572753906e+00 -2.843817234039306641e+00 -8.646153450012207031e+00
5.234508991241455078e+00 -2.084325075149536133e+00 -8.897218704223632812e+00
-3.349291086196899414e+00 -7.971196651458740234e+00 -1.205588626861572266e+01
-3.131225585937500000e+00 -8.215592384338378906e+00 -1.051673603057861328e+01
-3.961134195327758789e+00 -7.544327259063720703e+00 -1.315909194946289062e+01
-1.581491947174072266e+00 -6.563726425170898438e+00 -1.324227905273437500e+01
-3.556179523468017578e+00 -6.335102081298828125e+00 -1.446028518676757812e+01
-3.374488592147827148e+00 -5.281922340393066406e+00 -1.519340705871582031e+01
-6.630362987518310547e+00 -6.538343906402587891e+00 -1.317188072204589844e+01
-7.071211814880371094e+00 -6.215191841125488281e+00 -1.319016456604003906e+01
-7.757252216339111328e+00 -5.236216545104980469e+00 -1.367743206024169922e+01
-5.719249248504638672e+00 -7.133090496063232422e+00 -1.307823944091796875e+01
-8.472768783569335938e+00 -5.368596553802490234e+00 -1.256594657897949219e+01
-7.363740444183349609e+00 -4.568898200988769531e+00 -1.457594203948974609e+01
-4.150278091430664062e+00 -5.536429882049560547e+00 -1.503019046783447266e+01
-5.995285511016845703e+00 -4.384982109069824219e+00 -1.525871181488037109e+01
-2.710907220840454102e+00 -5.388109683990478516e+00 -1.501407527923583984e+01
-2.176184654235839844e+00 -4.296297073364257812e+00 -1.537015724182128906e+01
-3.721684932708740234e+00 -3.717460393905639648e+00 -1.575399398803710938e+01
-2.789149522781372070e+00 -3.188165664672851562e+00 -1.571680831909179688e+01
-4.989394664764404297e+00 -2.651746273040771484e+00 -1.594149875640869141e+01
-3.920321226119995117e+00 -1.506907463073730469e+00 -1.593710422515869141e+01
-9.299921989440917969e+00 -4.442943572998046875e+00 -1.222295379638671875e+01
-8.933268547058105469e+00 -4.004630088806152344e+00 -1.344729518890380859e+01
-9.910423278808593750e+00 -2.865629911422729492e+00 -1.234842395782470703e+01
-1.040146064758300781e+01 -1.443169355392456055e+00 -1.152097892761230469e+01
-8.548202514648437500e+00 -3.353535890579223633e+00 -1.436297130584716797e+01
-7.691212177276611328e+00 -2.970301628112792969e+00 -1.520102977752685547e+01
-9.821062088012695312e+00 -9.286109805107116699e-01 -1.328599166870117188e+01
-9.374109268188476562e+00 -3.341616988182067871e-01 -1.420934772491455078e+01
-8.486564636230468750e+00 -9.575518369674682617e-01 -1.507845401763916016e+01
-7.134041309356689453e+00 1.557598859071731567e-01 -1.577335929870605469e+01
-7.626301288604736328e+00 8.080477714538574219e-01 -1.554007816314697266e+01
-1.521373152732849121e+00 -7.556691646575927734e+00 -6.889442920684814453e+00
-4.206484556198120117e-01 -7.157707214355468750e+00 -8.632582664489746094e+00
7.487531006336212158e-02 -6.570795536041259766e+00 -5.591998577117919922e+00
6.200870871543884277e-01 -6.687535285949707031e+00 -6.758690834045410156e+00
-2.397280037403106689e-01 -6.931014060974121094e+00 -9.611220359802246094e+00
-5.059896409511566162e-02 -5.895653247833251953e+00 -1.240214633941650391e+01
1.354477167129516602e+00 -6.391916751861572266e+00 -6.421962738037109375e+00
2.022155761718750000e+00 -5.953955650329589844e+00 -8.192883491516113281e+00
-7.599678039550781250e-01 -5.087876796722412109e+00 -1.430404376983642578e+01
1.025553345680236816e+00 -4.964154720306396484e+00 -1.243906402587890625e+01
-1.229954004287719727e+00 -3.740445613861083984e+00 -1.520277023315429688e+01
-1.922977715730667114e-01 -3.007813215255737305e+00 -1.485943508148193359e+01
1.960992932319641113e+00 -5.054809570312500000e+00 -1.069898223876953125e+01
-1.087575554847717285e+00 -2.406260728836059570e+00 -1.528189468383789062e+01
-1.306854248046875000e+00 -1.698465108871459961e+00 -1.534163951873779297e+01
2.142382860183715820e+00 -3.537447690963745117e+00 -1.149333381652832031e+01
8.845133185386657715e-01 -1.870661377906799316e+00 -1.348688983917236328e+01
7.974577546119689941e-01 -1.145190954208374023e+00 -1.333493423461914062e+01
-2.605288267135620117e+00 -1.780327677726745605e+00 -1.570042896270751953e+01
-2.675039052963256836e+00 -8.118174672126770020e-01 -1.564368438720703125e+01
-5.083623409271240234e+00 4.504136145114898682e-01 -1.589065170288085938e+01
-2.885450839996337891e+00 1.005356311798095703e+00 -1.536960792541503906e+01
-2.163305997848510742e+00 1.172397732734680176e+00 -1.512639808654785156e+01
-4.964439570903778076e-01 1.147522449493408203e+00 -1.389214992523193359e+01
-2.880876541137695312e+00 2.076909780502319336e+00 -1.503784370422363281e+01
-2.464188098907470703e+00 2.785032272338867188e+00 -1.464941692352294922e+01
2.704827547073364258e+00 -3.969630479812622070e+00 -1.033900260925292969e+01
3.522811651229858398e+00 -2.613685131072998047e+00 -1.011445045471191406e+01
3.014476776123046875e+00 -1.850618481636047363e+00 -1.085460376739501953e+01
9.659305810928344727e-01 -2.835068404674530029e-01 -1.281497764587402344e+01
1.484982728958129883e+00 3.398601664230227470e-03 -1.211248493194580078e+01
2.350921630859375000e+00 -2.221072614192962646e-01 -1.122912120819091797e+01
1.083324313163757324e+00 4.134780466556549072e-01 -1.233844947814941406e+01
-1.051342201232910156e+01 -9.706214666366577148e-01 -1.099493694305419922e+01
-9.966599464416503906e+00 6.784266233444213867e-01 -1.292506694793701172e+01
-1.030323696136474609e+01 -2.091642841696739197e-02 -1.048788166046142578e+01
-1.007222843170166016e+01 -1.247829422354698181e-01 -9.025103569030761719e+00
-9.725891113281250000e+00 5.363556742668151855e-01 -1.002911853790283203e+01
-9.963133811950683594e+00 9.154291152954101562e-01 -1.155448150634765625e+01
-9.431019783020019531e+00 2.022396087646484375e+00 -1.278915596008300781e+01
-8.819812774658203125e+00 1.389067173004150391e+00 -9.343949317932128906e+00
-8.413583755493164062e+00 2.385614395141601562e+00 -1.037965106964111328e+01
-8.198221206665039062e+00 1.155824542045593262e+00 -6.070936203002929688e+00
-7.960041999816894531e+00 1.589241385459899902e+00 -7.152757644653320312e+00
-8.281863212585449219e+00 1.873604059219360352e+00 -8.739754676818847656e+00
-7.897619247436523438e+00 2.536520481109619141e+00 -9.735704421997070312e+00
-6.295839786529541016e+00 2.691161870956420898e+00 -7.681026458740234375e+00
-6.211434364318847656e+00 2.997194051742553711e+00 -8.165377616882324219e+00
-8.633353233337402344e+00 2.193449735641479492e+00 -1.429642772674560547e+01
-8.034529685974121094e+00 2.221389293670654297e+00 -1.473708915710449219e+01
-7.633843898773193359e+00 3.429604768753051758e+00 -1.351752471923828125e+01
-6.651434898376464844e+00 4.247508049011230469e+00 -1.314369010925292969e+01
-6.098452091217041016e+00 1.888366103172302246e+00 -1.548139381408691406e+01
-5.842997074127197266e+00 2.177024126052856445e+00 -1.533197212219238281e+01
-5.167800426483154297e+00 3.956303596496582031e+00 -1.412714767456054688e+01
-4.613125801086425781e+00 3.954254388809204102e+00 -1.425346088409423828e+01
-5.864336967468261719e+00 3.757895708084106445e+00 -1.413090133666992188e+01
-8.269400596618652344e+00 3.267996788024902344e+00 -1.225306034088134766e+01
-6.240538120269775391e+00 4.397203445434570312e+00 -1.238747215270996094e+01
-5.553712368011474609e+00 4.365392208099365234e+00 -1.074923324584960938e+01
-3.386863231658935547e+00 4.227369785308837891e+00 -1.349232196807861328e+01
-3.169079780578613281e+00 4.289146900177001953e+00 -1.287439346313476562e+01
-5.217938423156738281e+00 4.420204639434814453e+00 -1.222522544860839844e+01
-4.467704772949218750e+00 4.625523567199707031e+00 -1.233067989349365234e+01
-3.215480566024780273e+00 4.678484439849853516e+00 -1.144658470153808594e+01
-4.957164764404296875e+00 4.772628784179687500e+00 -1.085315227508544922e+01
-3.795175790786743164e+00 4.883068561553955078e+00 -1.117550659179687500e+01
-6.636999130249023438e+00 3.667261838912963867e+00 -1.050745391845703125e+01
-5.928750514984130859e+00 3.609437704086303711e+00 -9.040013313293457031e+00
3.059547901153564453e+00 -1.962903290987014771e-01 -1.030374908447265625e+01
-1.367090493440628052e-01 1.524176239967346191e+00 -1.288011074066162109e+01
-2.111999034881591797e+00 3.217696905136108398e+00 -1.359828090667724609e+01
9.975468516349792480e-01 7.957654595375061035e-01 -1.169140720367431641e+01
-1.052124500274658203e+00 2.879278898239135742e+00 -1.234135627746582031e+01
-2.711726188659667969e+00 3.841160058975219727e+00 -1.327449798583984375e+01
-1.648459553718566895e+00 3.640933036804199219e+00 -1.187862110137939453e+01
1.145255279541015625e+01 -6.601153850555419922e+00 -3.411715269088745117e+00
1.334924888610839844e+01 -6.852994918823242188e+00 -1.768473029136657715e+00
1.118701362609863281e+01 -6.491862297058105469e+00 -8.604708313941955566e-01
1.099624156951904297e+01 -6.533146381378173828e+00 -2.629834413528442383e+00
1.437508869171142578e+01 -7.039663791656494141e+00 -5.066237449645996094e+00
1.200702667236328125e+01 -6.664103031158447266e+00 -4.015316009521484375e+00
1.271809387207031250e+01 -6.641116619110107422e+00 -5.511018753051757812e+00
1.316839504241943359e+01 -6.969468593597412109e+00 -3.709516048431396484e+00
1.565055751800537109e+01 -7.136704444885253906e+00 -3.643669843673706055e+00
1.609126472473144531e+01 -6.057954788208007812e+00 -4.220528125762939453e+00
1.627899742126464844e+01 -6.643681526184082031e+00 -1.223044276237487793e+00
1.641190528869628906e+01 -5.831723213195800781e+00 -2.089570522308349609e+00
1.461430358886718750e+01 -6.770897388458251953e+00 -6.978027522563934326e-03
1.484306335449218750e+01 -7.080347537994384766e+00 -1.602030754089355469e+00
1.543561744689941406e+01 -6.525934219360351562e+00 8.989188075065612793e-01
1.485264492034912109e+01 -4.627189159393310547e+00 1.977244257926940918e+00
1.518849182128906250e+01 -4.540096282958984375e+00 8.550943732261657715e-01
1.438798141479492188e+01 -3.701435565948486328e+00 1.007908821105957031e+00
1.584421443939208984e+01 -5.023318290710449219e+00 -3.387624979019165039e+00
1.527281188964843750e+01 -4.178862571716308594e+00 -2.601961851119995117e+00
1.525239562988281250e+01 -4.143368244171142578e+00 -1.041137218475341797e+00
1.501578998565673828e+01 -3.770989418029785156e+00 -1.537080883979797363e+00
1.437586498260498047e+01 -3.037602186203002930e+00 -8.883066177368164062e-01
1.383088779449462891e+01 -6.806037902832031250e+00 -6.279123306274414062e+00
1.527590274810791016e+01 -6.014297485351562500e+00 -6.577163219451904297e+00
1.238926792144775391e+01 -6.503681182861328125e+00 -6.693154811859130859e+00
1.293260192871093750e+01 -5.966396808624267578e+00 -7.475750923156738281e+00
1.595480060577392578e+01 -5.933443069458007812e+00 -5.677116394042968750e+00
1.565122318267822266e+01 -5.157375812530517578e+00 -5.970448493957519531e+00
1.508036422729492188e+01 -4.489709377288818359e+00 -5.568105697631835938e+00
1.327849960327148438e+01 -5.575271129608154297e+00 -7.331391811370849609e+00
1.265193367004394531e+01 -5.015493392944335938e+00 -6.639488697052001953e+00
1.352232265472412109e+01 -4.536226749420166016e+00 -6.120361804962158203e+00
1.365917396545410156e+01 -3.448274850845336914e+00 -4.962302684783935547e+00
1.504648590087890625e+01 -3.834834814071655273e+00 -2.840553522109985352e+00
1.497544956207275391e+01 -3.824160337448120117e+00 -4.526013851165771484e+00
1.442593193054199219e+01 -2.980218887329101562e+00 -3.765209674835205078e+00
1.017818737030029297e+01 -6.069744110107421875e+00 -2.779003858566284180e+00
7.008209228515625000e+00 -4.802774906158447266e+00 -2.397897005081176758e+00
7.295779228210449219e+00 -4.883306026458740234e+00 -1.974849939346313477e+00
6.858746051788330078e+00 -4.734441757202148438e+00 -2.956408262252807617e+00
1.050062847137451172e+01 -6.355566978454589844e+00 -2.375076055526733398e+00
9.027630805969238281e+00 -5.593723773956298828e+00 -1.979355573654174805e+00
7.968696117401123047e+00 -5.152600288391113281e+00 -1.612746953964233398e+00
9.614375114440917969e+00 -5.589298725128173828e+00 -3.469648599624633789e+00
9.971120834350585938e+00 -5.604189872741699219e+00 -4.699177265167236328e+00
8.348707199096679688e+00 -5.039436340332031250e+00 -3.990660667419433594e+00
1.361642742156982422e+01 -2.356374502182006836e+00 -1.668334379792213440e-02
1.223500728607177734e+01 -9.747129082679748535e-01 -1.034564495086669922e+00
1.098282051086425781e+01 -6.018209457397460938e+00 -5.532573699951171875e+00
1.104945945739746094e+01 -5.468755245208740234e+00 -6.061871528625488281e+00
9.615535736083984375e+00 -5.117635250091552734e+00 -5.229689121246337891e+00
1.174414348602294922e+01 -4.746039390563964844e+00 -6.196615219116210938e+00
9.200999259948730469e+00 -4.348978042602539062e+00 -6.437286853790283203e+00
1.042714595794677734e+01 -3.575005292892456055e+00 -5.887307643890380859e+00
1.250404739379882812e+01 -3.735607147216796875e+00 -5.470787525177001953e+00
1.067620468139648438e+01 -3.233843803405761719e+00 -5.681029796600341797e+00
1.070140361785888672e+01 -2.302335023880004883e+00 -5.263284206390380859e+00
8.553947448730468750e+00 -3.700183391571044922e+00 -7.041594028472900391e+00
9.071945190429687500e+00 -3.104872226715087891e+00 -6.580808162689208984e+00
8.063399314880371094e+00 -2.042747259140014648e+00 -6.906373977661132812e+00
1.043257904052734375e+01 -1.632326364517211914e+00 -5.117664813995361328e+00
8.271211624145507812e+00 -1.720348238945007324e+00 -6.642170906066894531e+00
8.763885498046875000e+00 -5.003190040588378906e-01 -5.842242240905761719e+00
7.290029525756835938e+00 -1.748057454824447632e-01 -6.914708614349365234e+00
1.332353782653808594e+01 -2.195719003677368164e+00 -4.065326690673828125e+00
1.350739002227783203e+01 -1.796668529510498047e+00 -1.927445292472839355e+00
1.326188659667968750e+01 -1.390930175781250000e+00 -3.144835710525512695e+00
1.243711853027343750e+01 -5.299180746078491211e-01 -2.216032028198242188e+00
1.208404541015625000e+01 -1.844984292984008789e-01 -2.821737766265869141e+00
1.244927310943603516e+01 -1.967750549316406250e+00 -4.361610412597656250e+00
1.124522209167480469e+01 -1.270899057388305664e+00 -4.485675811767578125e+00
1.153435039520263672e+01 -6.138185262680053711e-01 -3.862050533294677734e+00
1.017660617828369141e+01 1.488080382347106934e+00 -1.725448846817016602e+00
9.298083305358886719e+00 2.325678825378417969e+00 -2.867535352706909180e+00
9.336972236633300781e+00 2.270907878875732422e+00 -3.342800378799438477e+00
8.574862480163574219e+00 2.885981798171997070e+00 -2.360516071319580078e+00
1.023115158081054688e+01 -9.396098256111145020e-01 -4.998751163482666016e+00
1.067088413238525391e+01 2.687149047851562500e-01 -4.116684436798095703e+00
8.376818656921386719e+00 1.171349659562110901e-01 -5.852618217468261719e+00
7.022289752960205078e+00 9.751894474029541016e-01 -6.424309730529785156e+00
1.390157032012939453e+01 -4.033389568328857422e+00 2.514226675033569336e+00
1.248539924621582031e+01 -2.938663005828857422e+00 2.790801525115966797e+00
1.125909519195556641e+01 -1.152965426445007324e+00 1.341896533966064453e+00
1.144285106658935547e+01 -8.513773083686828613e-01 2.407923489809036255e-01
9.952075958251953125e+00 -8.471932411193847656e-01 2.941298007965087891e+00
8.836644172668457031e+00 5.969645977020263672e-01 2.475532293319702148e+00
9.387524604797363281e+00 3.120974898338317871e-01 1.971168398857116699e+00
7.304996013641357422e+00 1.630808830261230469e+00 2.816485166549682617e+00
7.163508892059326172e+00 2.447398662567138672e+00 1.767233371734619141e+00
9.801641464233398438e+00 7.005509138107299805e-01 3.016497492790222168e-01
1.005217170715332031e+01 1.158080101013183594e+00 -1.005144953727722168e+00
8.004988670349121094e+00 2.480929136276245117e+00 3.891574442386627197e-01
3.352492094039916992e+00 4.274214267730712891e+00 -3.444052636623382568e-01
6.227803707122802734e+00 3.467827796936035156e+00 2.605789005756378174e-01
5.481097698211669922e+00 4.026144981384277344e+00 -2.225021362304687500e+00
3.674505233764648438e+00 4.387521266937255859e+00 -6.828935146331787109e-01
2.848487615585327148e+00 3.817440271377563477e+00 -2.455738782882690430e+00
2.960337638854980469e+00 3.502209424972534180e+00 -3.326948642730712891e+00
-9.867402315139770508e-01 3.791805505752563477e+00 -7.665116190910339355e-01
2.148094654083251953e+00 3.134256362915039062e+00 -4.384918689727783203e+00
1.113248523324728012e-02 4.159056663513183594e+00 -3.144304752349853516e+00
3.075341880321502686e-01 3.704922199249267578e+00 -4.698513984680175781e+00
2.380232572555541992e+00 3.802854299545288086e+00 -2.565987586975097656e+00
5.104714870452880859e+00 -8.797963261604309082e-01 -8.894291877746582031e+00
2.945111989974975586e+00 3.011123836040496826e-01 -9.608435630798339844e+00
5.067975521087646484e+00 4.957491159439086914e-01 -8.111786842346191406e+00
3.645972251892089844e+00 5.526607036590576172e-01 -8.969713211059570312e+00
2.525285959243774414e+00 4.941080212593078613e-01 -9.801192283630371094e+00
1.547153592109680176e+00 1.842400908470153809e+00 -9.912650108337402344e+00
3.311828076839447021e-01 3.142400979995727539e+00 -9.158364295959472656e+00
1.132610216736793518e-01 2.996205091476440430e+00 -1.045938777923583984e+01
5.655576229095458984e+00 2.797836542129516602e+00 -4.856482982635498047e+00
6.165029048919677734e+00 1.877450585365295410e+00 -6.087949275970458984e+00
4.701783657073974609e+00 2.680685281753540039e+00 -5.245049953460693359e+00
4.799448966979980469e+00 2.373089075088500977e+00 -5.956947803497314453e+00
6.609189510345458984e+00 3.722102642059326172e+00 -2.715377569198608398e+00
6.591266155242919922e+00 1.274341464042663574e+00 -6.425570964813232422e+00
5.717329025268554688e+00 1.657285332679748535e+00 -6.600222110748291016e+00
4.863386631011962891e+00 1.764911651611328125e+00 -7.033516883850097656e+00
2.737824440002441406e+00 2.839415788650512695e+00 -5.060312271118164062e+00
2.817828416824340820e+00 2.078551054000854492e+00 -7.359264373779296875e+00
2.029829025268554688e+00 2.321382761001586914e+00 -6.811565876007080078e+00
9.610582143068313599e-02 3.298052549362182617e+00 -6.271591186523437500e+00
2.723284959793090820e-01 2.953593254089355469e+00 -7.759183406829833984e+00
3.036552667617797852e-01 3.025013446807861328e+00 -8.138279914855957031e+00
-3.295985937118530273e+00 3.397415637969970703e+00 -2.586009740829467773e+00
-5.634064197540283203e+00 3.063369989395141602e+00 -7.732110023498535156e+00
-4.809262752532958984e+00 3.479625463485717773e+00 -7.636065483093261719e+00
-4.259339809417724609e+00 3.350461244583129883e+00 -6.673726558685302734e+00
-2.165026187896728516e+00 3.282039880752563477e+00 -2.344101071357727051e-01
-1.887888669967651367e+00 3.747514724731445312e+00 -1.357618808746337891e+00
-1.526671409606933594e+00 4.093161106109619141e+00 -2.470978498458862305e+00
-1.352498412132263184e+00 4.390381813049316406e+00 -3.695343255996704102e+00
-1.181474208831787109e+00 4.397130966186523438e+00 -4.989014625549316406e+00
-4.799201488494873047e+00 4.071404933929443359e+00 -8.508946418762207031e+00
-4.504268169403076172e+00 4.545973777770996094e+00 -9.029512405395507812e+00
-1.980597257614135742e+00 4.459311008453369141e+00 -7.513049125671386719e+00
-3.349681615829467773e+00 4.453659057617187500e+00 -8.333968162536621094e+00
-1.539290428161621094e+00 3.648172616958618164e+00 -1.120129013061523438e+01
-1.226689815521240234e+00 3.502917051315307617e+00 -1.106562995910644531e+01
-3.827396154403686523e+00 4.844952106475830078e+00 -1.070853137969970703e+01
-2.046694040298461914e+00 4.175857543945312500e+00 -9.852827072143554688e+00
-3.102870285511016846e-01 3.475304841995239258e+00 -9.967929840087890625e+00
-2.159245491027832031e+00 4.556250572204589844e+00 -6.122570514678955078e+00
5.307453632354736328e+00 3.054980039596557617e+00 2.312824010848999023e+00
6.059696197509765625e+00 2.979180812835693359e+00 1.738444566726684570e+00
1.966235876083374023e+00 6.971028447151184082e-01 -1.028765964508056641e+01
-5.150356292724609375e-01 2.791244506835937500e+00 -1.161748027801513672e+01
4.428431093692779541e-01 2.519443511962890625e+00 -1.077042007446289062e+01
