1.560733795166015625e+00 -4.928980827331542969e+00 -2.714630365371704102e+00
2.277841567993164062e+00 -4.768435001373291016e+00 -1.925303697586059570e+00
1.514489769935607910e+00 -4.781207561492919922e+00 -2.309722661972045898e+00
-5.069050312042236328e+00 -8.108451843261718750e+00 -7.822508811950683594e+00
-4.999642848968505859e+00 -8.060954093933105469e+00 -1.156813430786132812e+01
-4.185224056243896484e+00 -8.320856094360351562e+00 -9.419886589050292969e+00
-7.271032810211181641e+00 -7.468170642852783203e+00 -7.059310436248779297e+00
-7.775240421295166016e+00 -7.350468158721923828e+00 -7.967583179473876953e+00
-5.692599773406982422e+00 -8.128388404846191406e+00 -9.823905944824218750e+00
-6.220972537994384766e+00 -7.997282505035400391e+00 -9.061854362487792969e+00
-6.480647087097167969e+00 -7.343711376190185547e+00 -1.205457687377929688e+01
-8.410363197326660156e+00 -6.365562438964843750e+00 -1.057630920410156250e+01
-8.332762718200683594e+00 -6.187196254730224609e+00 -1.129440879821777344e+01
-9.642280578613281250e+00 -5.265640258789062500e+00 -8.363382339477539062e+00
-1.005047416687011719e+01 -4.323606491088867188e+00 -8.716417312622070312e+00
-9.586038589477539062e+00 -4.640313148498535156e+00 -1.086783123016357422e+01
-8.220100402832031250e+00 -6.690230369567871094e+00 -5.445809364318847656e+00
-9.067609786987304688e+00 -6.091590404510498047e+00 -4.930444240570068359e+00
-7.968121528625488281e+00 -5.745160102844238281e+00 -3.404863357543945312e+00
-8.496835708618164062e+00 -5.228305816650390625e+00 -2.226363182067871094e+00
-6.958321571350097656e+00 -5.440188884735107422e+00 -3.112544059753417969e+00
-2.593333005905151367e+00 -5.029522418975830078e+00 -1.548107981681823730e+00
-3.373311758041381836e+00 -4.880125522613525391e+00 -5.828577876091003418e-01
-1.439575672149658203e+00 -4.991165637969970703e+00 -2.371050566434860229e-01
-7.379038810729980469e+00 -3.212278366088867188e+00 2.312624931335449219e+00
-5.355371475219726562e+00 -3.512660026550292969e+00 1.279801130294799805e+00
-3.860283136367797852e+00 -5.066893100738525391e+00 -2.136972188949584961e+00
-7.304319858551025391e+00 -4.796234130859375000e+00 -1.626692652702331543e+00
-6.307763576507568359e+00 -5.166253566741943359e+00 -2.786830902099609375e+00
-3.738192319869995117e+00 -4.412957668304443359e+00 1.347292065620422363e-01
-4.768199920654296875e+00 -7.278651714324951172e+00 -5.295001506805419922e+00
-4.545601367950439453e+00 -6.497313976287841797e+00 -4.091259002685546875e+00
-2.280379295349121094e+00 -7.655538558959960938e+00 -6.417030811309814453e+00
-2.884796380996704102e+00 -7.167253017425537109e+00 -5.067262172698974609e+00
-2.214465856552124023e+00 -7.177170753479003906e+00 -5.299092769622802734e+00
-1.356265187263488770e+00 -6.801358222961425781e+00 -5.044244766235351562e+00
-2.779800891876220703e+00 -6.776303768157958984e+00 -4.439872264862060547e+00
-5.267705917358398438e+00 -6.850314617156982422e+00 -4.679039955139160156e+00
-6.154034614562988281e+00 -7.666544914245605469e+00 -6.742335319519042969e+00
-8.704775810241699219e+00 -6.650523185729980469e+00 -6.455174446105957031e+00
-1.417119145393371582e+00 -4.979799747467041016e+00 -1.836112499237060547e+00
-9.349389076232910156e-01 -5.040790081024169922e+00 -2.277290582656860352e+00
-2.241393089294433594e+00 -5.123586177825927734e+00 -2.023387908935546875e+00
-3.505538403987884521e-01 -5.083014011383056641e+00 -1.197614550590515137e+00
6.313725709915161133e-01 -4.612491607666015625e+00 -1.598714590072631836e+00
-8.146083354949951172e-01 -5.403207778930664062e+00 -3.020831584930419922e+00
-7.941490039229393005e-03 -5.498917102813720703e+00 -3.345237970352172852e+00
6.071194410324096680e-01 -4.762106895446777344e+00 -2.125943422317504883e+00
-9.515372276306152344e+00 -4.813392639160156250e+00 -2.044664144515991211e+00
-9.939934730529785156e+00 -4.890393733978271484e+00 -4.680037021636962891e+00
-9.351692199707031250e+00 -5.581099510192871094e+00 -3.831259250640869141e+00
-1.019539737701416016e+01 -3.759281635284423828e+00 -3.288193702697753906e+00
-1.031899452209472656e+01 -3.585084915161132812e+00 -4.715938091278076172e+00
-9.119994163513183594e+00 -4.086935997009277344e+00 3.095375299453735352e-01
-9.780698776245117188e+00 -4.173930644989013672e+00 -1.408309221267700195e+00
-9.820075988769531250e+00 -3.231077194213867188e+00 -2.799097597599029541e-01
-9.598930358886718750e+00 -2.925762414932250977e+00 9.025745987892150879e-01
-9.112815856933593750e+00 -2.721166372299194336e+00 2.167740106582641602e+00
-9.279050827026367188e+00 -1.628987550735473633e+00 1.269605159759521484e+00
-1.017252635955810547e+01 -2.694624423980712891e+00 -2.523811340332031250e+00
-1.009729862213134766e+01 -1.608608245849609375e+00 -2.652604103088378906e+00
-9.464533805847167969e+00 -1.292895793914794922e+00 -8.881348371505737305e-01
-7.936830997467041016e+00 -4.175514876842498779e-01 -6.464824676513671875e-01
-1.006295299530029297e+01 -4.634706497192382812e+00 -5.545516967773437500e+00
-1.034752655029296875e+01 -3.651154994964599609e+00 -5.424939155578613281e+00
-1.053311729431152344e+01 -2.256322145462036133e+00 -5.301737785339355469e+00
-1.059020233154296875e+01 -2.096772432327270508e+00 -5.872002601623535156e+00
-1.008359336853027344e+01 -6.549610495567321777e-01 -5.353390693664550781e+00
-1.058908939361572266e+01 -2.841397047042846680e+00 -7.962058544158935547e+00
-1.071126270294189453e+01 -1.944929480552673340e+00 -8.887143135070800781e+00
-1.060111045837402344e+01 -8.080280423164367676e-01 -8.516790390014648438e+00
-9.951822280883789062e+00 -3.267638087272644043e-01 -6.705539703369140625e+00
-8.382964134216308594e+00 -2.020423412322998047e-01 -2.253661632537841797e+00
-6.926502227783203125e+00 1.702280044555664062e+00 -3.686867713928222656e+00
-9.017961502075195312e+00 3.914647996425628662e-01 -6.202650547027587891e+00
-7.576736450195312500e+00 1.442963600158691406e+00 -4.988244056701660156e+00
1.316573715209960938e+01 -5.555088043212890625e+00 4.610003948211669922e+00
1.353274345397949219e+01 -6.220398902893066406e+00 8.063769936561584473e-01
1.302468967437744141e+01 -5.979653835296630859e+00 1.477918267250061035e+00
1.486800098419189453e+01 -5.987596511840820312e+00 2.016776084899902344e+00
1.467817401885986328e+01 -5.161759853363037109e+00 3.184023857116699219e+00
1.193731784820556641e+01 -5.619781017303466797e+00 2.754738569259643555e+00
4.429462432861328125e+00 -1.059043288230895996e+00 4.975361824035644531e+00
5.316335201263427734e+00 -6.383419036865234375e-01 6.129289150238037109e+00
6.647922992706298828e+00 -4.809248924255371094e+00 -1.667439341545104980e+00
8.908641815185546875e+00 -6.235398292541503906e+00 -1.240222573280334473e+00
8.123185157775878906e+00 -6.142452716827392578e+00 -1.080855250358581543e+00
7.450253486633300781e+00 -6.222108840942382812e+00 -4.978165030479431152e-01
2.553716182708740234e+00 -5.414532661437988281e+00 4.051956236362457275e-01
4.294723033905029297e+00 -4.685152053833007812e+00 -1.500496625900268555e+00
5.166326522827148438e+00 -5.070400238037109375e+00 -1.171880602836608887e+00
2.305415630340576172e+00 -4.275725364685058594e+00 -1.263563752174377441e+00
4.114658832550048828e+00 -4.715906143188476562e+00 -1.281469941139221191e+00
5.109067440032958984e+00 -5.552676200866699219e+00 2.167131006717681885e-01
5.806917667388916016e+00 -5.948832988739013672e+00 -6.123319268226623535e-01
3.097222328186035156e+00 -5.480027198791503906e+00 -5.901969671249389648e-01
9.432044029235839844e+00 -5.142363071441650391e+00 3.093141555786132812e+00
9.955235481262207031e+00 -4.719186782836914062e+00 4.954555988311767578e+00
9.909848213195800781e+00 -4.871629714965820312e+00 4.310723304748535156e+00
8.660181999206542969e+00 -3.960378170013427734e+00 5.393175601959228516e+00
8.913928985595703125e+00 -4.923603534698486328e+00 3.163924217224121094e+00
9.014970779418945312e+00 -5.881650924682617188e+00 1.431567907333374023e+00
8.678130149841308594e+00 -6.062202453613281250e+00 9.406483769416809082e-01
5.527894973754882812e+00 -1.212200403213500977e+00 4.068171977996826172e+00
6.163702011108398438e+00 -3.645041465759277344e+00 2.410476446151733398e+00
5.591114997863769531e+00 -3.938385486602783203e+00 1.880038499832153320e+00
4.519711494445800781e+00 -1.857375741004943848e+00 3.091665744781494141e+00
4.622484207153320312e+00 -1.428205251693725586e+00 3.749068737030029297e+00
6.895050525665283203e+00 -2.362619400024414062e+00 4.334988594055175781e+00
6.704671859741210938e+00 -1.768097639083862305e+00 5.564611911773681641e+00
6.540468692779541016e+00 -5.427349090576171875e+00 9.386281967163085938e-01
1.201814365386962891e+01 -4.226167201995849609e+00 6.020803451538085938e+00
1.370834636688232422e+01 -4.480309486389160156e+00 4.616683483123779297e+00
1.259442996978759766e+01 -3.256812095642089844e+00 4.956442832946777344e+00
1.345816898345947266e+01 -3.241817712783813477e+00 3.274185895919799805e+00
7.827852249145507812e+00 -2.717589139938354492e+00 6.751469612121582031e+00
7.414681911468505859e+00 -2.226899862289428711e+00 6.712573528289794922e+00
4.265156745910644531e+00 -2.635519504547119141e-01 6.891879558563232422e+00
9.612272262573242188e+00 -4.038148403167724609e+00 6.644887447357177734e+00
1.046872806549072266e+01 -2.625931024551391602e+00 6.703259944915771484e+00
1.082522392272949219e+01 -2.173673868179321289e+00 5.678378105163574219e+00
8.715566635131835938e+00 -1.290771842002868652e+00 6.571557521820068359e+00
9.081588745117187500e+00 -9.444624185562133789e-01 5.562547206878662109e+00
1.116203022003173828e+01 -1.952813386917114258e+00 4.640114784240722656e+00
1.150623989105224609e+01 -1.711845278739929199e+00 3.591058254241943359e+00
6.677440166473388672e+00 -1.187504410743713379e+00 6.436006069183349609e+00
7.810634613037109375e+00 -6.640571951866149902e-01 6.411880970001220703e+00
7.106304168701171875e+00 2.721723020076751709e-01 5.808245182037353516e+00
6.339929580688476562e+00 6.798306107521057129e-02 6.101257324218750000e+00
5.702097415924072266e+00 1.092193245887756348e+00 5.585603713989257812e+00
8.166308403015136719e+00 5.035867691040039062e-01 4.554729938507080078e+00
5.774118423461914062e+00 2.235440969467163086e+00 4.203583717346191406e+00
6.164924144744873047e+00 2.307749271392822266e+00 3.728853225708007812e+00
-2.132161617279052734e+00 -2.792546510696411133e+00 3.777447938919067383e+00
-1.521614789962768555e+00 -3.797026634216308594e+00 1.668827652931213379e+00
-1.475506663322448730e+00 -4.646617889404296875e+00 3.922592103481292725e-01
-1.615814805030822754e+00 -2.856887340545654297e+00 3.503483772277832031e+00
-2.426840364933013916e-01 -2.653825998306274414e+00 2.385814666748046875e+00
-5.071434497833251953e+00 -3.477447986602783203e+00 1.472250461578369141e+00
-4.358717441558837891e+00 -3.314707756042480469e+00 2.206048011779785156e+00
-5.804713249206542969e+00 -2.596790075302124023e+00 3.395088672637939453e+00
-5.278789520263671875e+00 -3.018690109252929688e+00 2.539836883544921875e+00
-4.094222545623779297e+00 -2.824399948120117188e+00 3.383540153503417969e+00
-2.759166479110717773e+00 -1.617985367774963379e+00 4.880530357360839844e+00
-5.653564453125000000e+00 -1.266587734222412109e+00 4.709094047546386719e+00
-5.350266456604003906e+00 -7.360181808471679688e-01 4.909790515899658203e+00
2.541077852249145508e+00 -1.685331225395202637e+00 3.692934751510620117e+00
1.375544548034667969e+00 -8.684031963348388672e-01 4.157990932464599609e+00
-5.741365626454353333e-02 -1.180251598358154297e+00 3.671032190322875977e+00
1.092962145805358887e+00 -2.882454395294189453e-01 4.687472343444824219e+00
2.522492408752441406e+00 -9.934023022651672363e-01 5.327738761901855469e+00
3.532155036926269531e+00 -4.767640829086303711e-01 6.686170101165771484e+00
1.113083720207214355e+00 8.018985390663146973e-01 5.412618637084960938e+00
-3.225893974304199219e+00 -1.386739969253540039e+00 5.009080886840820312e+00
-4.245155811309814453e+00 3.027287423610687256e-01 5.012077808380126953e+00
-2.750013589859008789e+00 5.662475824356079102e-01 5.133905887603759766e+00
-1.170284152030944824e+00 1.621360301971435547e+00 4.408740997314453125e+00
-3.890395879745483398e+00 1.027311801910400391e+00 4.053824901580810547e+00
-3.825785875320434570e+00 1.433681607246398926e+00 2.892404079437255859e+00
-1.766440868377685547e-01 -5.096861839294433594e+00 -7.984902709722518921e-02
2.980042397975921631e-01 -4.952463150024414062e+00 -1.144633889198303223e-01
8.163574934005737305e-01 -4.957738399505615234e+00 3.505427762866020203e-02
1.648294687271118164e+00 -3.792757272720336914e+00 1.427714467048645020e+00
1.482633113861083984e+00 -4.991176605224609375e+00 5.852562189102172852e-01
1.622265100479125977e+00 -3.755690336227416992e+00 -1.358928561210632324e+00
1.891514658927917480e+00 -2.613424062728881836e+00 2.369942426681518555e+00
2.287192106246948242e+00 1.561939954757690430e+00 5.575895309448242188e+00
2.874560117721557617e+00 2.532406806945800781e+00 4.231762409210205078e+00
2.604133367538452148e+00 2.979887723922729492e+00 3.011910438537597656e+00
-8.649925589561462402e-01 2.486751556396484375e+00 2.619462728500366211e+00
-6.667144298553466797e-01 1.960119724273681641e+00 4.179957389831542969e+00
5.693408250808715820e-01 2.563210964202880859e+00 3.246543645858764648e+00
-1.730401039123535156e+00 3.177343368530273438e+00 1.093746870756149292e-01
-7.585310459136962891e+00 -2.459535360336303711e+00 3.556174993515014648e+00
-7.327928066253662109e+00 -1.424239993095397949e+00 4.218251705169677734e+00
-7.960865974426269531e+00 -8.132132887840270996e-01 2.907796621322631836e+00
-6.810832977294921875e+00 -1.160649299621582031e+00 4.463053226470947266e+00
-7.016054153442382812e+00 -3.671844899654388428e-01 3.059990882873535156e+00
-6.419748306274414062e+00 1.891703456640243530e-01 1.420732617378234863e+00
-6.219182491302490234e+00 1.405316889286041260e-01 2.391980886459350586e+00
-6.924622535705566406e+00 2.285404950380325317e-01 -8.144229054450988770e-01
-3.747241735458374023e+00 1.654948115348815918e+00 1.849820375442504883e+00
-5.362426757812500000e+00 2.015727758407592773e+00 -1.992960929870605469e+00
-3.647305011749267578e+00 3.034062862396240234e+00 -1.669546365737915039e+00
3.385077953338623047e+00 7.986659407615661621e-01 6.477248668670654297e+00
2.980336666107177734e+00 1.851424813270568848e+00 5.373222827911376953e+00
3.837196588516235352e+00 2.229224920272827148e+00 4.802803039550781250e+00
4.539684295654296875e+00 2.760389089584350586e+00 3.767457008361816406e+00
3.877089977264404297e+00 3.216979503631591797e+00 2.962816238403320312e+00
7.762317657470703125e+00 -4.889314651489257812e+00 -3.960980892181396484e+00
2.377042531967163086e+00 -5.068150997161865234e+00 -3.053808450698852539e+00
5.494722366333007812e+00 -4.721335887908935547e+00 -2.525371313095092773e+00
6.320955276489257812e+00 -4.673727035522460938e+00 -2.973538398742675781e+00
3.033577442169189453e+00 -5.002826690673828125e+00 -2.935471534729003906e+00
2.090809106826782227e+00 -5.928244590759277344e+00 -5.250779151916503906e+00
2.627295017242431641e+00 -5.806417465209960938e+00 -6.252583980560302734e+00
3.891661405563354492e+00 -5.139735221862792969e+00 -5.597923278808593750e+00
5.924349308013916016e+00 -4.811565399169921875e+00 -3.732126712799072266e+00
7.160634040832519531e+00 -4.953219413757324219e+00 -4.068649291992187500e+00
2.443732261657714844e+00 -5.620589733123779297e+00 -8.458029747009277344e+00
8.325665473937988281e+00 -4.969337940216064453e+00 -6.008234977722167969e+00
3.301117181777954102e+00 -5.329852104187011719e+00 -7.115753650665283203e+00
3.713733911514282227e+00 -4.721111774444580078e+00 -7.898764133453369141e+00
6.291723728179931641e+00 -5.068300724029541016e+00 -5.377663612365722656e+00
7.411757946014404297e+00 -4.923521041870117188e+00 -6.330067634582519531e+00
5.880064964294433594e+00 -4.173734664916992188e+00 -7.250652790069580078e+00
7.537565708160400391e+00 -4.024841785430908203e+00 -7.369294166564941406e+00
5.589586734771728516e+00 -3.860257863998413086e+00 -7.628492832183837891e+00
5.159152507781982422e+00 -2.836650848388671875e+00 -8.643449783325195312e+00
5.233325958251953125e+00 -2.075844526290893555e+00 -8.896202087402343750e+00
-3.349469423294067383e+00 -7.970181465148925781e+00 -1.205612754821777344e+01
-3.131218433380126953e+00 -8.214792251586914062e+00 -1.051702594757080078e+01
-3.961592674255371094e+00 -7.542869567871093750e+00 -1.315923309326171875e+01
-1.581533193588256836e+00 -6.563189506530761719e+00 -1.324254131317138672e+01
-3.556886434555053711e+00 -6.333181858062744141e+00 -1.446003532409667969e+01
-3.374941349029541016e+00 -5.278439044952392578e+00 -1.519217395782470703e+01
-6.631617546081542969e+00 -6.535276889801025391e+00 -1.317179584503173828e+01
-7.072168827056884766e+00 -6.209901332855224609e+00 -1.318959522247314453e+01
-7.757618427276611328e+00 -5.229166030883789062e+00 -1.367597389221191406e+01
-5.720208168029785156e+00 -7.131296157836914062e+00 -1.307822418212890625e+01
-8.473216056823730469e+00 -5.362498760223388672e+00 -1.256453800201416016e+01
-7.363327503204345703e+00 -4.562184810638427734e+00 -1.457405757904052734e+01
-4.151215553283691406e+00 -5.533064365386962891e+00 -1.502861690521240234e+01
-5.995286464691162109e+00 -4.380045413970947266e+00 -1.525753688812255859e+01
-2.711382865905761719e+00 -5.385879039764404297e+00 -1.501348876953125000e+01
-2.177103042602539062e+00 -4.293107032775878906e+00 -1.536835384368896484e+01
-3.722489595413208008e+00 -3.712290287017822266e+00 -1.575207901000976562e+01
-2.790654897689819336e+00 -3.184298276901245117e+00 -1.571462154388427734e+01
-4.989515781402587891e+00 -2.646779537200927734e+00 -1.594006443023681641e+01
-3.920962572097778320e+00 -1.501044988632202148e+00 -1.593485164642333984e+01
-9.299412727355957031e+00 -4.438261032104492188e+00 -1.222212505340576172e+01
-8.933228492736816406e+00 -3.998297214508056641e+00 -1.344623470306396484e+01
-9.910194396972656250e+00 -2.860161781311035156e+00 -1.234694290161132812e+01
-1.040071964263916016e+01 -1.436437964439392090e+00 -1.151967906951904297e+01
-8.548501968383789062e+00 -3.346178770065307617e+00 -1.436144733428955078e+01
-7.691647529602050781e+00 -2.964495182037353516e+00 -1.519856548309326172e+01
-9.820249557495117188e+00 -9.207250475883483887e-01 -1.328390979766845703e+01
-9.373705863952636719e+00 -3.235842585563659668e-01 -1.420562744140625000e+01
-8.486657142639160156e+00 -9.476162195205688477e-01 -1.507506465911865234e+01
-7.134632110595703125e+00 1.632909774780273438e-01 -1.577142238616943359e+01
-7.625515937805175781e+00 8.187901377677917480e-01 -1.553743076324462891e+01
-1.521698355674743652e+00 -7.556599617004394531e+00 -6.888527870178222656e+00
-4.211823642253875732e-01 -7.157122135162353516e+00 -8.631899833679199219e+00
7.395655661821365356e-02 -6.569132328033447266e+00 -5.590055942535400391e+00
6.192751526832580566e-01 -6.686052322387695312e+00 -6.757183074951171875e+00
-2.395457774400711060e-01 -6.931209564208984375e+00 -9.610959053039550781e+00
-5.065239220857620239e-02 -5.895154476165771484e+00 -1.240220546722412109e+01
1.353011846542358398e+00 -6.388115406036376953e+00 -6.419132232666015625e+00
2.021463632583618164e+00 -5.951536655426025391e+00 -8.190711975097656250e+00
-7.603909969329833984e-01 -5.086374282836914062e+00 -1.430370616912841797e+01
1.024714231491088867e+00 -4.962750434875488281e+00 -1.243778705596923828e+01
-1.230307698249816895e+00 -3.738536834716796875e+00 -1.520223903656005859e+01
-1.920834481716156006e-01 -3.006764888763427734e+00 -1.485944652557373047e+01
1.960559487342834473e+00 -5.052958965301513672e+00 -1.069746208190917969e+01
-1.087586879730224609e+00 -2.404009819030761719e+00 -1.528153038024902344e+01
-1.307234406471252441e+00 -1.696217894554138184e+00 -1.534034252166748047e+01
2.142249584197998047e+00 -3.535566806793212891e+00 -1.149261093139648438e+01
8.848429322242736816e-01 -1.869732618331909180e+00 -1.348722457885742188e+01
7.973344326019287109e-01 -1.143751263618469238e+00 -1.333443164825439453e+01
-2.606318235397338867e+00 -1.775995254516601562e+00 -1.569900035858154297e+01
-2.675937414169311523e+00 -8.070967793464660645e-01 -1.564119625091552734e+01
-5.083365440368652344e+00 4.573181867599487305e-01 -1.588909816741943359e+01
-2.886054515838623047e+00 1.010385870933532715e+00 -1.536738300323486328e+01
-2.163589000701904297e+00 1.176696658134460449e+00 -1.512480449676513672e+01
-4.967272579669952393e-01 1.151535391807556152e+00 -1.389085865020751953e+01
-2.881473064422607422e+00 2.082311391830444336e+00 -1.503544616699218750e+01
-2.464515209197998047e+00 2.791491985321044922e+00 -1.464711570739746094e+01
2.704607963562011719e+00 -3.966662406921386719e+00 -1.033769321441650391e+01
3.520442485809326172e+00 -2.606885671615600586e+00 -1.011172866821289062e+01
3.012704372406005859e+00 -1.844861984252929688e+00 -1.085245609283447266e+01
9.652482867240905762e-01 -2.796419262886047363e-01 -1.281391239166259766e+01
1.484317541122436523e+00 9.392771869897842407e-03 -1.211138534545898438e+01
2.350801944732666016e+00 -2.143931090831756592e-01 -1.122811889648437500e+01
1.082565665245056152e+00 4.198307394981384277e-01 -1.233690357208251953e+01
-1.051183700561523438e+01 -9.636999368667602539e-01 -1.099362277984619141e+01
-9.965950965881347656e+00 6.899662613868713379e-01 -1.292251968383789062e+01
-1.030076599121093750e+01 -1.222367584705352783e-02 -1.048771667480468750e+01
-1.007128906250000000e+01 -1.170866787433624268e-01 -9.024922370910644531e+00
-9.723784446716308594e+00 5.483933091163635254e-01 -1.002820682525634766e+01
-9.961355209350585938e+00 9.275665879249572754e-01 -1.155332660675048828e+01
-9.431609153747558594e+00 2.039265632629394531e+00 -1.278537273406982422e+01
-8.818140029907226562e+00 1.402193784713745117e+00 -9.344432830810546875e+00
-8.415052413940429688e+00 2.404392957687377930e+00 -1.037687683105468750e+01
-8.199677467346191406e+00 1.162995696067810059e+00 -6.069840908050537109e+00
-7.962226867675781250e+00 1.599830865859985352e+00 -7.151552200317382812e+00
-8.281939506530761719e+00 1.885981321334838867e+00 -8.739366531372070312e+00
-7.898250102996826172e+00 2.554750919342041016e+00 -9.733496665954589844e+00
-6.298271179199218750e+00 2.702347278594970703e+00 -7.679092884063720703e+00
-6.213863372802734375e+00 3.013360977172851562e+00 -8.162304878234863281e+00
-8.633854866027832031e+00 2.208004713058471680e+00 -1.429367923736572266e+01
-8.034952163696289062e+00 2.236145019531250000e+00 -1.473402976989746094e+01
-7.635659217834472656e+00 3.449937105178833008e+00 -1.351646137237548828e+01
-6.651494503021240234e+00 4.277353763580322266e+00 -1.314130306243896484e+01
-6.099182128906250000e+00 1.899984002113342285e+00 -1.547904586791992188e+01
-5.843226432800292969e+00 2.190000057220458984e+00 -1.532976531982421875e+01
-5.168031215667724609e+00 3.973062515258789062e+00 -1.412361717224121094e+01
-4.612960815429687500e+00 3.964846849441528320e+00 -1.425017166137695312e+01
-5.865252494812011719e+00 3.777678966522216797e+00 -1.412872123718261719e+01
-8.271739959716796875e+00 3.290234088897705078e+00 -1.224969387054443359e+01
-6.240657329559326172e+00 4.420278072357177734e+00 -1.238326263427734375e+01
-5.554356098175048828e+00 4.388781547546386719e+00 -1.074489116668701172e+01
-3.386705636978149414e+00 4.237304687500000000e+00 -1.348970794677734375e+01
-3.168764591217041016e+00 4.298879146575927734e+00 -1.287189483642578125e+01
-5.217819213867187500e+00 4.440498828887939453e+00 -1.222114849090576172e+01
-4.466630935668945312e+00 4.639892101287841797e+00 -1.232795333862304688e+01
-3.214939594268798828e+00 4.689533710479736328e+00 -1.144476699829101562e+01
-4.955636978149414062e+00 4.792150020599365234e+00 -1.084928226470947266e+01
-3.793097972869873047e+00 4.896917819976806641e+00 -1.117282962799072266e+01
-6.637987613677978516e+00 3.690426111221313477e+00 -1.050341510772705078e+01
-5.930242538452148438e+00 3.629336357116699219e+00 -9.035530090332031250e+00
3.061911582946777344e+00 -1.819277256727218628e-01 -1.030399799346923828e+01
-1.371481269598007202e-01 1.532038450241088867e+00 -1.287884712219238281e+01
-2.112648248672485352e+00 3.224361896514892578e+00 -1.359648799896240234e+01
9.982727766036987305e-01 8.069000244140625000e-01 -1.169054222106933594e+01
-1.052541255950927734e+00 2.887870073318481445e+00 -1.233998489379882812e+01
-2.711884498596191406e+00 3.849237203598022461e+00 -1.327210235595703125e+01
-1.648361086845397949e+00 3.650320291519165039e+00 -1.187671375274658203e+01
1.143447113037109375e+01 -6.501155376434326172e+00 -3.360296964645385742e+00
1.331826782226562500e+01 -6.695695877075195312e+00 -1.688457727432250977e+00
1.117016124725341797e+01 -6.435122966766357422e+00 -8.256072402000427246e-01
1.097591114044189453e+01 -6.440278053283691406e+00 -2.585123538970947266e+00
1.434996891021728516e+01 -6.949231147766113281e+00 -4.994880199432373047e+00
1.198809051513671875e+01 -6.571047782897949219e+00 -3.960641384124755859e+00
1.269801235198974609e+01 -6.554198265075683594e+00 -5.454019069671630859e+00
1.314464282989501953e+01 -6.869226932525634766e+00 -3.639929771423339844e+00
1.561835670471191406e+01 -7.034684658050537109e+00 -3.557416677474975586e+00
1.605689620971679688e+01 -5.971120357513427734e+00 -4.141026973724365234e+00
1.623128890991210938e+01 -6.508842468261718750e+00 -1.117508888244628906e+00
1.635685539245605469e+01 -5.720149993896484375e+00 -2.001889467239379883e+00
1.456352901458740234e+01 -6.581272602081298828e+00 1.001521348953247070e-01
1.480346679687500000e+01 -6.951437473297119141e+00 -1.507474184036254883e+00
1.535156250000000000e+01 -6.256266593933105469e+00 1.038931012153625488e+00
1.474442672729492188e+01 -4.125294685363769531e+00 2.070176124572753906e+00
1.509821414947509766e+01 -4.251823425292968750e+00 9.552379846572875977e-01
1.430393505096435547e+01 -3.360131263732910156e+00 1.095989704132080078e+00
1.579303741455078125e+01 -4.937276840209960938e+00 -3.307926654815673828e+00
1.520909023284912109e+01 -4.083676338195800781e+00 -2.526823043823242188e+00
1.518486213684082031e+01 -3.999997138977050781e+00 -9.601345062255859375e-01
1.494315814971923828e+01 -3.663925409317016602e+00 -1.465749144554138184e+00
1.430352592468261719e+01 -2.885573863983154297e+00 -8.404045701026916504e-01
1.380829334259033203e+01 -6.730460643768310547e+00 -6.219113349914550781e+00
1.525147247314453125e+01 -5.943309307098388672e+00 -6.514083385467529297e+00
1.236940860748291016e+01 -6.429432392120361328e+00 -6.642166614532470703e+00
1.291364765167236328e+01 -5.896281242370605469e+00 -7.426430225372314453e+00
1.592992401123046875e+01 -5.857419967651367188e+00 -5.602663040161132812e+00
1.560874652862548828e+01 -5.092754364013671875e+00 -5.894495964050292969e+00
1.502823352813720703e+01 -4.434356212615966797e+00 -5.494719982147216797e+00
1.325724792480468750e+01 -5.505589962005615234e+00 -7.281471729278564453e+00
1.262962436676025391e+01 -4.948920249938964844e+00 -6.597843647003173828e+00
1.349040412902832031e+01 -4.473281860351562500e+00 -6.069347381591796875e+00
1.361525535583496094e+01 -3.388613700866699219e+00 -4.912280082702636719e+00
1.497541713714599609e+01 -3.761082172393798828e+00 -2.770749330520629883e+00
1.491215038299560547e+01 -3.765593528747558594e+00 -4.455652713775634766e+00
1.435545444488525391e+01 -2.928600072860717773e+00 -3.704643249511718750e+00
1.016505622863769531e+01 -5.967844963073730469e+00 -2.736703634262084961e+00
6.991174221038818359e+00 -4.733121395111083984e+00 -2.369407176971435547e+00
7.277397155761718750e+00 -4.792871475219726562e+00 -1.939207553863525391e+00
6.843641757965087891e+00 -4.681198596954345703e+00 -2.933182954788208008e+00
1.048250389099121094e+01 -6.261756420135498047e+00 -2.333641529083251953e+00
9.014031410217285156e+00 -5.490649700164794922e+00 -1.936473488807678223e+00
7.951902866363525391e+00 -5.058437347412109375e+00 -1.570368409156799316e+00
9.600781440734863281e+00 -5.496171951293945312e+00 -3.430224657058715820e+00
9.957387924194335938e+00 -5.515819072723388672e+00 -4.656021118164062500e+00
8.333015441894531250e+00 -4.960487842559814453e+00 -3.957872152328491211e+00
1.353523540496826172e+01 -2.187438726425170898e+00 1.002668216824531555e-02
1.220206642150878906e+01 -8.046326041221618652e-01 -9.961996674537658691e-01
1.096683120727539062e+01 -5.933667182922363281e+00 -5.484622955322265625e+00
1.103061962127685547e+01 -5.394554615020751953e+00 -6.021336078643798828e+00
9.599341392517089844e+00 -5.043497085571289062e+00 -5.193367958068847656e+00
1.172271347045898438e+01 -4.676442623138427734e+00 -6.164401054382324219e+00
9.188886642456054688e+00 -4.298864364624023438e+00 -6.413978099822998047e+00
1.040990352630615234e+01 -3.518817663192749023e+00 -5.866366386413574219e+00
1.247666645050048828e+01 -3.673256158828735352e+00 -5.437593936920166016e+00
1.065874862670898438e+01 -3.176329374313354492e+00 -5.663707256317138672e+00
1.068345546722412109e+01 -2.251036643981933594e+00 -5.247471809387207031e+00
8.547492027282714844e+00 -3.667221069335937500e+00 -7.028783321380615234e+00
9.061866760253906250e+00 -3.063440322875976562e+00 -6.568769454956054688e+00
8.060579299926757812e+00 -2.021712779998779297e+00 -6.904372215270996094e+00
1.041924571990966797e+01 -1.585000991821289062e+00 -5.109049797058105469e+00
8.265910148620605469e+00 -1.692356586456298828e+00 -6.641832828521728516e+00
8.759626388549804688e+00 -4.696758091449737549e-01 -5.845668792724609375e+00
7.291056156158447266e+00 -1.504163444042205811e-01 -6.921277523040771484e+00
1.327139377593994141e+01 -2.145020484924316406e+00 -4.020437717437744141e+00
1.343835353851318359e+01 -1.698743820190429688e+00 -1.895366072654724121e+00
1.321031188964843750e+01 -1.340632557868957520e+00 -3.116484403610229492e+00
1.239088249206542969e+01 -4.566766619682312012e-01 -2.206186056137084961e+00
1.204461193084716797e+01 -1.390699744224548340e-01 -2.813404798507690430e+00
1.241741752624511719e+01 -1.918400645256042480e+00 -4.336286544799804688e+00
1.122120475769042969e+01 -1.225756168365478516e+00 -4.471437931060791016e+00
1.150282192230224609e+01 -5.744860768318176270e-01 -3.849525213241577148e+00
1.016633892059326172e+01 1.555549144744873047e+00 -1.730474114418029785e+00
9.279078483581542969e+00 2.360717535018920898e+00 -2.873259544372558594e+00
9.323517799377441406e+00 2.291264295578002930e+00 -3.342543363571166992e+00
8.564841270446777344e+00 2.922046422958374023e+00 -2.361369609832763672e+00
1.022240161895751953e+01 -9.029119610786437988e-01 -4.999056816101074219e+00
1.065079307556152344e+01 2.958133816719055176e-01 -4.109615325927734375e+00
8.376226425170898438e+00 1.407041549682617188e-01 -5.860207080841064453e+00
7.027764320373535156e+00 9.991672635078430176e-01 -6.434053421020507812e+00
1.384342193603515625e+01 -3.383283138275146484e+00 2.652783155441284180e+00
1.245917415618896484e+01 -2.264403820037841797e+00 2.949433565139770508e+00
1.127931022644042969e+01 -6.876840591430664062e-01 1.469737529754638672e+00
1.147396850585937500e+01 -5.216439962387084961e-01 3.226574063301086426e-01
1.000798416137695312e+01 -1.893463432788848877e-01 3.158345460891723633e+00
8.888454437255859375e+00 1.129141807556152344e+00 2.632752180099487305e+00
9.476260185241699219e+00 8.359935283660888672e-01 2.117232561111450195e+00
7.340485095977783203e+00 2.134261608123779297e+00 2.980297327041625977e+00
7.168953895568847656e+00 2.788532257080078125e+00 1.845787525177001953e+00
9.856728553771972656e+00 1.036174535751342773e+00 3.832083940505981445e-01
1.006721401214599609e+01 1.373489379882812500e+00 -9.742593169212341309e-01
8.001623153686523438e+00 2.700188398361206055e+00 4.369955956935882568e-01
3.352831363677978516e+00 4.287129878997802734e+00 -3.429353237152099609e-01
6.224781513214111328e+00 3.587828159332275391e+00 2.855601608753204346e-01
5.482521533966064453e+00 4.052681446075439453e+00 -2.224960088729858398e+00
3.674946069717407227e+00 4.402676582336425781e+00 -6.830285191535949707e-01
2.851310968399047852e+00 3.835306406021118164e+00 -2.455575704574584961e+00
2.968550205230712891e+00 3.537701129913330078e+00 -3.332697629928588867e+00
-9.871847629547119141e-01 3.796182870864868164e+00 -7.653902173042297363e-01
2.156849622726440430e+00 3.167210102081298828e+00 -4.390137672424316406e+00
1.150809694081544876e-02 4.167584896087646484e+00 -3.143418550491333008e+00
3.093507587909698486e-01 3.717499494552612305e+00 -4.698491573333740234e+00
2.383476018905639648e+00 3.820971727371215820e+00 -2.567643165588378906e+00
5.106710910797119141e+00 -8.628356456756591797e-01 -8.894610404968261719e+00
2.951377391815185547e+00 3.256725370883941650e-01 -9.609688758850097656e+00
5.077779293060302734e+00 5.345680713653564453e-01 -8.120403289794921875e+00
3.654046773910522461e+00 5.858659148216247559e-01 -8.972392082214355469e+00
2.530418872833251953e+00 5.145136117935180664e-01 -9.802095413208007812e+00
1.550005197525024414e+00 1.859091401100158691e+00 -9.913747787475585938e+00
3.329998254776000977e-01 3.157234191894531250e+00 -9.159042358398437500e+00
1.144860982894897461e-01 3.009799242019653320e+00 -1.045945644378662109e+01
5.671821594238281250e+00 2.846302986145019531e+00 -4.866725921630859375e+00
6.181417942047119141e+00 1.919534921646118164e+00 -6.103034019470214844e+00
4.715034961700439453e+00 2.730368614196777344e+00 -5.255692481994628906e+00
4.814997673034667969e+00 2.430697917938232422e+00 -5.970650672912597656e+00
6.614941120147705078e+00 3.760009288787841797e+00 -2.717660903930664062e+00
6.600675106048583984e+00 1.307335972785949707e+00 -6.437146186828613281e+00
5.734061241149902344e+00 1.706724166870117188e+00 -6.616125583648681641e+00
4.880893230438232422e+00 1.823766112327575684e+00 -7.049742221832275391e+00
2.748302221298217773e+00 2.879694461822509766e+00 -5.066759109497070312e+00
2.829473733901977539e+00 2.119807243347167969e+00 -7.364995956420898438e+00
2.039773941040039062e+00 2.353344440460205078e+00 -6.815479755401611328e+00
9.887495636940002441e-02 3.312507152557373047e+00 -6.272174358367919922e+00
2.756800353527069092e-01 2.969828128814697266e+00 -7.759933471679687500e+00
3.063520491123199463e-01 3.041216850280761719e+00 -8.139126777648925781e+00
-3.296631574630737305e+00 3.399813652038574219e+00 -2.584918498992919922e+00
-5.633495807647705078e+00 3.070915699005126953e+00 -7.731360435485839844e+00
-4.807330608367919922e+00 3.487574338912963867e+00 -7.636694431304931641e+00
-4.257226943969726562e+00 3.353419065475463867e+00 -6.674988746643066406e+00
-2.167117118835449219e+00 3.286628961563110352e+00 -2.321362495422363281e-01
-1.888984918594360352e+00 3.753171682357788086e+00 -1.355918407440185547e+00
-1.526939868927001953e+00 4.099981307983398438e+00 -2.469655036926269531e+00
-1.352603912353515625e+00 4.398016929626464844e+00 -3.694396257400512695e+00
-1.181048154830932617e+00 4.407957553863525391e+00 -4.987961769104003906e+00
-4.799128532409667969e+00 4.085061073303222656e+00 -8.505861282348632812e+00
-4.503540515899658203e+00 4.563482761383056641e+00 -9.025032997131347656e+00
-1.980178952217102051e+00 4.467910766601562500e+00 -7.512076854705810547e+00
-3.348668575286865234e+00 4.463247776031494141e+00 -8.332466125488281250e+00
-1.539504647254943848e+00 3.658498525619506836e+00 -1.119973182678222656e+01
-1.226478815078735352e+00 3.513992547988891602e+00 -1.106395721435546875e+01
-3.825794696807861328e+00 4.859807968139648438e+00 -1.070557975769042969e+01
-2.046157836914062500e+00 4.186886310577392578e+00 -9.851382255554199219e+00
-3.096877336502075195e-01 3.487648010253906250e+00 -9.967359542846679688e+00
-2.158624887466430664e+00 4.564588069915771484e+00 -6.121309757232666016e+00
5.292610168457031250e+00 3.292993068695068359e+00 2.369495630264282227e+00
6.059538364410400391e+00 3.245882272720336914e+00 1.806571483612060547e+00
1.970068216323852539e+00 7.141962051391601562e-01 -1.028892326354980469e+01
-5.147905945777893066e-01 2.801858425140380859e+00 -1.161659526824951172e+01
4.444727897644042969e-01 2.533192157745361328e+00 -1.077101039886474609e+01
