1.561925530433654785e+00 -4.937738895416259766e+00 -2.714296579360961914e+00
2.279053449630737305e+00 -4.789865016937255859e+00 -1.926802635192871094e+00
1.515780329704284668e+00 -4.795901775360107422e+00 -2.309744119644165039e+00
-5.068953990936279297e+00 -8.108658790588378906e+00 -7.822384357452392578e+00
-4.999548435211181641e+00 -8.062137603759765625e+00 -1.156794452667236328e+01
-4.185073852539062500e+00 -8.321080207824707031e+00 -9.419688224792480469e+00
-7.270780086517333984e+00 -7.468498706817626953e+00 -7.059225082397460938e+00
-7.775098323822021484e+00 -7.351017475128173828e+00 -7.967468738555908203e+00
-5.692433834075927734e+00 -8.129393577575683594e+00 -9.823648452758789062e+00
-6.220806121826171875e+00 -7.997888565063476562e+00 -9.061628341674804688e+00
-6.480720520019531250e+00 -7.345554351806640625e+00 -1.205445003509521484e+01
-8.411203384399414062e+00 -6.366418838500976562e+00 -1.057610797882080078e+01
-8.332981109619140625e+00 -6.189554214477539062e+00 -1.129420757293701172e+01
-9.642200469970703125e+00 -5.267385482788085938e+00 -8.363668441772460938e+00
-1.005082893371582031e+01 -4.325941085815429688e+00 -8.716955184936523438e+00
-9.586921691894531250e+00 -4.642498493194580078e+00 -1.086803054809570312e+01
-8.219851493835449219e+00 -6.690997123718261719e+00 -5.445730686187744141e+00
-9.067254066467285156e+00 -6.092473506927490234e+00 -4.930444240570068359e+00
-7.968124389648437500e+00 -5.746111392974853516e+00 -3.404678821563720703e+00
-8.497105598449707031e+00 -5.228890895843505859e+00 -2.226275682449340820e+00
-6.958576202392578125e+00 -5.440819263458251953e+00 -3.112539052963256836e+00
-2.594059944152832031e+00 -5.032582759857177734e+00 -1.549294948577880859e+00
-3.374283075332641602e+00 -4.883432865142822266e+00 -5.839495062828063965e-01
-1.441316604614257812e+00 -4.998155117034912109e+00 -2.387447804212570190e-01
-7.379421710968017578e+00 -3.212749481201171875e+00 2.311049222946166992e+00
-5.355644226074218750e+00 -3.513448953628540039e+00 1.278110027313232422e+00
-3.860712051391601562e+00 -5.068901538848876953e+00 -2.137404203414916992e+00
-7.304630756378173828e+00 -4.796745300292968750e+00 -1.626812815666198730e+00
-6.308030128479003906e+00 -5.167247772216796875e+00 -2.786846876144409180e+00
-3.739146471023559570e+00 -4.415786743164062500e+00 1.334828585386276245e-01
-4.768393039703369141e+00 -7.279084205627441406e+00 -5.294922828674316406e+00
-4.545820713043212891e+00 -6.498795509338378906e+00 -4.091345310211181641e+00
-2.280519247055053711e+00 -7.655907154083251953e+00 -6.417277812957763672e+00
-2.885071754455566406e+00 -7.168734073638916016e+00 -5.066955566406250000e+00
-2.214706182479858398e+00 -7.178325653076171875e+00 -5.299329280853271484e+00
-1.356338739395141602e+00 -6.802962303161621094e+00 -5.044372081756591797e+00
-2.779953956604003906e+00 -6.778201103210449219e+00 -4.439513206481933594e+00
-5.267753124237060547e+00 -6.850573062896728516e+00 -4.679154872894287109e+00
-6.153965473175048828e+00 -7.666720867156982422e+00 -6.742320537567138672e+00
-8.704247474670410156e+00 -6.651434421539306641e+00 -6.455209732055664062e+00
-1.417275905609130859e+00 -4.984835147857666016e+00 -1.836448669433593750e+00
-9.345206618309020996e-01 -5.046669483184814453e+00 -2.277454137802124023e+00
-2.241652250289916992e+00 -5.127367496490478516e+00 -2.023726701736450195e+00
-3.514216542243957520e-01 -5.093379020690917969e+00 -1.198650002479553223e+00
6.331633329391479492e-01 -4.627921104431152344e+00 -1.598697900772094727e+00
-8.142096996307373047e-01 -5.406347274780273438e+00 -3.020994663238525391e+00
-7.818817161023616791e-03 -5.503009319305419922e+00 -3.345642328262329102e+00
6.078070998191833496e-01 -4.771292209625244141e+00 -2.126430273056030273e+00
-9.515753746032714844e+00 -4.814998149871826172e+00 -2.044281721115112305e+00
-9.939903259277343750e+00 -4.891480445861816406e+00 -4.680184364318847656e+00
-9.351741790771484375e+00 -5.582341670989990234e+00 -3.831247806549072266e+00
-1.019545745849609375e+01 -3.760603666305541992e+00 -3.288023471832275391e+00
-1.031896972656250000e+01 -3.586451768875122070e+00 -4.716042518615722656e+00
-9.119875907897949219e+00 -4.087537765502929688e+00 3.091497719287872314e-01
-9.781238555908203125e+00 -4.175065994262695312e+00 -1.407869219779968262e+00
-9.820241928100585938e+00 -3.231608867645263672e+00 -2.798713147640228271e-01
-9.598645210266113281e+00 -2.926822900772094727e+00 9.016571640968322754e-01
-9.113080978393554688e+00 -2.721819400787353516e+00 2.166666030883789062e+00
-9.279160499572753906e+00 -1.629595875740051270e+00 1.268931508064270020e+00
-1.017306709289550781e+01 -2.695488452911376953e+00 -2.523532867431640625e+00
-1.009761524200439453e+01 -1.608862638473510742e+00 -2.652177095413208008e+00
-9.464873313903808594e+00 -1.293134808540344238e+00 -8.881672024726867676e-01
-7.936629772186279297e+00 -4.174461960792541504e-01 -6.468926668167114258e-01
-1.006287956237792969e+01 -4.635864734649658203e+00 -5.545764923095703125e+00
-1.034733200073242188e+01 -3.652543783187866211e+00 -5.425391674041748047e+00
-1.053311920166015625e+01 -2.258242607116699219e+00 -5.301619529724121094e+00
-1.059092903137207031e+01 -2.099801063537597656e+00 -5.871610164642333984e+00
-1.008356952667236328e+01 -6.573312282562255859e-01 -5.353127479553222656e+00
-1.058980846405029297e+01 -2.844368934631347656e+00 -7.961814403533935547e+00
-1.071171379089355469e+01 -1.947615027427673340e+00 -8.887356758117675781e+00
-1.060239791870117188e+01 -8.119333982467651367e-01 -8.515775680541992188e+00
-9.953036308288574219e+00 -3.303143680095672607e-01 -6.704153060913085938e+00
-8.382686614990234375e+00 -2.019407302141189575e-01 -2.253607034683227539e+00
-6.926865577697753906e+00 1.702701687812805176e+00 -3.686430454254150391e+00
-9.017842292785644531e+00 3.876168429851531982e-01 -6.202084541320800781e+00
-7.577356815338134766e+00 1.441146969795227051e+00 -4.986537933349609375e+00
1.323362445831298828e+01 -5.979601383209228516e+00 4.627938747406005859e+00
1.355917644500732422e+01 -6.324110507965087891e+00 7.796570658683776855e-01
1.305199909210205078e+01 -6.136178016662597656e+00 1.467598080635070801e+00
1.493128204345703125e+01 -6.173602104187011719e+00 1.949625492095947266e+00
1.477700614929199219e+01 -5.436009407043457031e+00 3.102981090545654297e+00
1.197112369537353516e+01 -5.861802101135253906e+00 2.762614250183105469e+00
4.410713195800781250e+00 -1.267366647720336914e+00 4.898281574249267578e+00
5.277723789215087891e+00 -1.025824785232543945e+00 5.997344493865966797e+00
6.654945373535156250e+00 -4.875160694122314453e+00 -1.676481127738952637e+00
8.915693283081054688e+00 -6.303548336029052734e+00 -1.251520872116088867e+00
8.127961158752441406e+00 -6.213802814483642578e+00 -1.096499085426330566e+00
7.452832698822021484e+00 -6.281274795532226562e+00 -5.077617764472961426e-01
2.554021120071411133e+00 -5.432210445404052734e+00 4.010453820228576660e-01
4.297103881835937500e+00 -4.718961715698242188e+00 -1.501717448234558105e+00
5.169353961944580078e+00 -5.117060184478759766e+00 -1.175718307495117188e+00
2.308922767639160156e+00 -4.299705505371093750e+00 -1.266193032264709473e+00
4.117118358612060547e+00 -4.748097419738769531e+00 -1.282883763313293457e+00
5.108249187469482422e+00 -5.587993144989013672e+00 2.102338969707489014e-01
5.806719779968261719e+00 -5.999456882476806641e+00 -6.186413764953613281e-01
3.096533536911010742e+00 -5.506607532501220703e+00 -5.932481884956359863e-01
9.464941978454589844e+00 -5.205669403076171875e+00 3.058381795883178711e+00
1.000670337677001953e+01 -4.943978786468505859e+00 4.879968166351318359e+00
9.959960937500000000e+00 -4.981830120086669922e+00 4.254086494445800781e+00
8.703691482543945312e+00 -4.152608394622802734e+00 5.255348205566406250e+00
8.937482833862304688e+00 -4.975455284118652344e+00 3.120095968246459961e+00
9.027623176574707031e+00 -5.918875217437744141e+00 1.409346818923950195e+00
8.683425903320312500e+00 -6.106874465942382812e+00 9.249138832092285156e-01
5.527281761169433594e+00 -1.341648697853088379e+00 4.001830101013183594e+00
6.170323848724365234e+00 -3.693353652954101562e+00 2.370186567306518555e+00
5.593721866607666016e+00 -3.974409341812133789e+00 1.857524514198303223e+00
4.516511917114257812e+00 -1.906610488891601562e+00 3.050424575805664062e+00
4.614355564117431641e+00 -1.515754818916320801e+00 3.702572345733642578e+00
6.914961338043212891e+00 -2.460234880447387695e+00 4.263442039489746094e+00
6.708346843719482422e+00 -1.998904109001159668e+00 5.453235149383544922e+00
6.544323921203613281e+00 -5.474528312683105469e+00 9.251594543457031250e-01
1.207566356658935547e+01 -4.741765499114990234e+00 6.056816577911376953e+00
1.373056888580322266e+01 -4.951495647430419922e+00 4.531018257141113281e+00
1.259587955474853516e+01 -3.702575206756591797e+00 4.899916648864746094e+00
1.347372817993164062e+01 -3.592851400375366211e+00 3.204028606414794922e+00
7.859607696533203125e+00 -3.012684822082519531e+00 6.558846473693847656e+00
7.427558898925781250e+00 -2.564162731170654297e+00 6.534648895263671875e+00
4.244279384613037109e+00 -6.457417011260986328e-01 6.743098258972167969e+00
9.651843070983886719e+00 -4.445093631744384766e+00 6.481029510498046875e+00
1.044507598876953125e+01 -3.092553615570068359e+00 6.371229648590087891e+00
1.081440925598144531e+01 -2.636100292205810547e+00 5.464692115783691406e+00
8.702927589416503906e+00 -1.697142124176025391e+00 6.263519287109375000e+00
9.059613227844238281e+00 -1.320134520530700684e+00 5.387561798095703125e+00
1.113995456695556641e+01 -2.383029222488403320e+00 4.493213653564453125e+00
1.148102188110351562e+01 -2.062098503112792969e+00 3.506075143814086914e+00
6.647311687469482422e+00 -1.590674400329589844e+00 6.291495800018310547e+00
7.790499687194824219e+00 -1.058709144592285156e+00 6.248794078826904297e+00
7.055457115173339844e+00 -1.279143095016479492e-01 5.678107261657714844e+00
6.285062789916992188e+00 -3.734127879142761230e-01 5.995436191558837891e+00
5.687267303466796875e+00 7.460823059082031250e-01 5.478544712066650391e+00
8.134560585021972656e+00 1.818696856498718262e-01 4.455701351165771484e+00
5.759499549865722656e+00 1.951765537261962891e+00 4.117112636566162109e+00
6.156749725341796875e+00 2.084776163101196289e+00 3.666143417358398438e+00
-2.134603977203369141e+00 -2.803106307983398438e+00 3.775879383087158203e+00
-1.523858308792114258e+00 -3.807245492935180664e+00 1.664687752723693848e+00
-1.477481603622436523e+00 -4.655457973480224609e+00 3.900749683380126953e-01
-1.620934844017028809e+00 -2.871310949325561523e+00 3.497730970382690430e+00
-2.514021396636962891e-01 -2.668768167495727539e+00 2.372438669204711914e+00
-5.072149753570556641e+00 -3.478257417678833008e+00 1.470018625259399414e+00
-4.359880924224853516e+00 -3.317251920700073242e+00 2.204527616500854492e+00
-5.805561065673828125e+00 -2.598935604095458984e+00 3.393517494201660156e+00
-5.279439926147460938e+00 -3.019582033157348633e+00 2.537543058395385742e+00
-4.096095561981201172e+00 -2.830320835113525391e+00 3.383527517318725586e+00
-2.759629964828491211e+00 -1.624722361564636230e+00 4.882003784179687500e+00
-5.654711723327636719e+00 -1.271053433418273926e+00 4.708847522735595703e+00
-5.350743293762207031e+00 -7.417160272598266602e-01 4.909735679626464844e+00
2.518097162246704102e+00 -1.757627129554748535e+00 3.646229028701782227e+00
1.359736204147338867e+00 -9.264413714408874512e-01 4.128771305084228516e+00
-7.002151012420654297e-02 -1.202701687812805176e+00 3.655596494674682617e+00
1.081478714942932129e+00 -3.594622611999511719e-01 4.668005466461181641e+00
2.497099876403808594e+00 -1.144887328147888184e+00 5.261768817901611328e+00
3.508932590484619141e+00 -7.258820533752441406e-01 6.600624084472656250e+00
1.115555167198181152e+00 7.247191071510314941e-01 5.386754035949707031e+00
-3.225931167602539062e+00 -1.394550561904907227e+00 5.011543273925781250e+00
-4.244026660919189453e+00 2.943122982978820801e-01 5.008943080902099609e+00
-2.749765157699584961e+00 5.597644448280334473e-01 5.134047031402587891e+00
-1.168734669685363770e+00 1.612149953842163086e+00 4.408011913299560547e+00
-3.887301683425903320e+00 1.009332776069641113e+00 4.044595718383789062e+00
-3.823755264282226562e+00 1.417327880859375000e+00 2.888037681579589844e+00
-1.795264035463333130e-01 -5.107404232025146484e+00 -8.232303708791732788e-02
2.958413064479827881e-01 -4.967147350311279297e+00 -1.182053983211517334e-01
8.139356970787048340e-01 -4.977980136871337891e+00 2.812039665877819061e-02
1.641139626502990723e+00 -3.815568447113037109e+00 1.408819079399108887e+00
1.480822801589965820e+00 -5.013116359710693359e+00 5.738862752914428711e-01
1.627542257308959961e+00 -3.774773597717285156e+00 -1.360593318939208984e+00
1.878022789955139160e+00 -2.643967866897583008e+00 2.341684103012084961e+00
2.305622339248657227e+00 1.403623580932617188e+00 5.536758422851562500e+00
2.884131193161010742e+00 2.402412414550781250e+00 4.205556392669677734e+00
2.605579137802124023e+00 2.946954727172851562e+00 3.011212348937988281e+00
-8.640235662460327148e-01 2.480942249298095703e+00 2.619557857513427734e+00
-6.635382175445556641e-01 1.942230105400085449e+00 4.181172847747802734e+00
5.712326765060424805e-01 2.545953989028930664e+00 3.246589183807373047e+00
-1.729396343231201172e+00 3.175041913986206055e+00 1.093930080533027649e-01
-7.585793495178222656e+00 -2.460770845413208008e+00 3.554555416107177734e+00
-7.328901290893554688e+00 -1.425989627838134766e+00 4.217249393463134766e+00
-7.960784912109375000e+00 -8.142807483673095703e-01 2.907721042633056641e+00
-6.812296867370605469e+00 -1.162805438041687012e+00 4.463692188262939453e+00
-7.016284942626953125e+00 -3.696610033512115479e-01 3.061019182205200195e+00
-6.419739246368408203e+00 1.879482567310333252e-01 1.420057535171508789e+00
-6.219425678253173828e+00 1.376658380031585693e-01 2.391257286071777344e+00
-6.924739360809326172e+00 2.277287393808364868e-01 -8.144677281379699707e-01
-3.744931697845458984e+00 1.647325515747070312e+00 1.845734596252441406e+00
-5.362452507019042969e+00 2.016531467437744141e+00 -1.992312312126159668e+00
-3.645540237426757812e+00 3.033294916152954102e+00 -1.670633196830749512e+00
3.396425485610961914e+00 5.469172000885009766e-01 6.406366825103759766e+00
2.999010562896728516e+00 1.647547364234924316e+00 5.324614524841308594e+00
3.844039201736450195e+00 1.984334707260131836e+00 4.735445022583007812e+00
4.539834022521972656e+00 2.564311981201171875e+00 3.717139482498168945e+00
3.883560657501220703e+00 3.128667831420898438e+00 2.952830314636230469e+00
7.766141891479492188e+00 -4.942953586578369141e+00 -3.965397834777832031e+00
2.378343582153320312e+00 -5.079985618591308594e+00 -3.053034782409667969e+00
5.498869895935058594e+00 -4.758872032165527344e+00 -2.526755571365356445e+00
6.325397491455078125e+00 -4.715076923370361328e+00 -2.974790811538696289e+00
3.034981012344360352e+00 -5.021123886108398438e+00 -2.935707330703735352e+00
2.090851306915283203e+00 -5.934103965759277344e+00 -5.250911712646484375e+00
2.626476526260375977e+00 -5.810785293579101562e+00 -6.253073215484619141e+00
3.891512393951416016e+00 -5.146528720855712891e+00 -5.598358631134033203e+00
5.926722526550292969e+00 -4.834949016571044922e+00 -3.733798503875732422e+00
7.162531375885009766e+00 -4.991879463195800781e+00 -4.072924613952636719e+00
2.443660736083984375e+00 -5.622694969177246094e+00 -8.458518028259277344e+00
8.324831962585449219e+00 -5.003272056579589844e+00 -6.012397289276123047e+00
3.300181865692138672e+00 -5.334580421447753906e+00 -7.115715503692626953e+00
3.712991237640380859e+00 -4.725801467895507812e+00 -7.898851394653320312e+00
6.291917800903320312e+00 -5.087613582611083984e+00 -5.380033493041992188e+00
7.411185741424560547e+00 -4.948424339294433594e+00 -6.334220886230468750e+00
5.880160808563232422e+00 -4.190133571624755859e+00 -7.252030849456787109e+00
7.537550926208496094e+00 -4.044414520263671875e+00 -7.368801593780517578e+00
5.590281486511230469e+00 -3.871463060379028320e+00 -7.628500938415527344e+00
5.160509586334228516e+00 -2.843530178070068359e+00 -8.643080711364746094e+00
5.234196186065673828e+00 -2.082756996154785156e+00 -8.896770477294921875e+00
-3.349557399749755859e+00 -7.970904350280761719e+00 -1.205601787567138672e+01
-3.131276369094848633e+00 -8.215147018432617188e+00 -1.051686096191406250e+01
-3.961607456207275391e+00 -7.544312000274658203e+00 -1.315923118591308594e+01
-1.581801533699035645e+00 -6.563752651214599609e+00 -1.324219131469726562e+01
-3.556873083114624023e+00 -6.335280418395996094e+00 -1.445994091033935547e+01
-3.375084877014160156e+00 -5.281972885131835938e+00 -1.519239521026611328e+01
-6.631507873535156250e+00 -6.538046360015869141e+00 -1.317130661010742188e+01
-7.072416305541992188e+00 -6.214340686798095703e+00 -1.318878173828125000e+01
-7.758616924285888672e+00 -5.234502792358398438e+00 -1.367545509338378906e+01
-5.720041751861572266e+00 -7.133181571960449219e+00 -1.307835197448730469e+01
-8.473477363586425781e+00 -5.366266250610351562e+00 -1.256413269042968750e+01
-7.363905429840087891e+00 -4.567113399505615234e+00 -1.457412147521972656e+01
-4.151148796081542969e+00 -5.535525798797607422e+00 -1.502849578857421875e+01
-5.995771884918212891e+00 -4.384192466735839844e+00 -1.525852012634277344e+01
-2.711310863494873047e+00 -5.388681411743164062e+00 -1.501380634307861328e+01
-2.177016973495483398e+00 -4.296423912048339844e+00 -1.536940670013427734e+01
-3.722559690475463867e+00 -3.717178106307983398e+00 -1.575307846069335938e+01
-2.790421724319458008e+00 -3.188377618789672852e+00 -1.571547126770019531e+01
-4.989727497100830078e+00 -2.650450944900512695e+00 -1.594090652465820312e+01
-3.920888423919677734e+00 -1.505633354187011719e+00 -1.593601894378662109e+01
-9.300842285156250000e+00 -4.442781448364257812e+00 -1.222179889678955078e+01
-8.934349060058593750e+00 -4.003824710845947266e+00 -1.344610214233398438e+01
-9.911474227905273438e+00 -2.864277124404907227e+00 -1.234696769714355469e+01
-1.040165615081787109e+01 -1.440448403358459473e+00 -1.151926994323730469e+01
-8.549805641174316406e+00 -3.351401567459106445e+00 -1.436024761199951172e+01
-7.692092895507812500e+00 -2.968214035034179688e+00 -1.519806671142578125e+01
-9.822541236877441406e+00 -9.260246157646179199e-01 -1.328286266326904297e+01
-9.375473976135253906e+00 -3.295157849788665771e-01 -1.420464038848876953e+01
-8.488062858581542969e+00 -9.527869820594787598e-01 -1.507367324829101562e+01
-7.136019706726074219e+00 1.590307652950286865e-01 -1.576976203918457031e+01
-7.627877712249755859e+00 8.128339648246765137e-01 -1.553593444824218750e+01
-1.521746754646301270e+00 -7.556558609008789062e+00 -6.888984203338623047e+00
-4.207141101360321045e-01 -7.157495975494384766e+00 -8.632467269897460938e+00
7.378827780485153198e-02 -6.570698738098144531e+00 -5.590513229370117188e+00
6.191947460174560547e-01 -6.687389373779296875e+00 -6.757795810699462891e+00
-2.394395321607589722e-01 -6.931598186492919922e+00 -9.611215591430664062e+00
-5.060963332653045654e-02 -5.895665168762207031e+00 -1.240215396881103516e+01
1.352886438369750977e+00 -6.390866756439208984e+00 -6.419978618621826172e+00
2.021612882614135742e+00 -5.953262329101562500e+00 -8.191645622253417969e+00
-7.602458000183105469e-01 -5.087865352630615234e+00 -1.430384731292724609e+01
1.024398207664489746e+00 -4.963284015655517578e+00 -1.243794822692871094e+01
-1.230292439460754395e+00 -3.740652799606323242e+00 -1.520289134979248047e+01
-1.923292726278305054e-01 -3.007835149765014648e+00 -1.485964584350585938e+01
1.960262894630432129e+00 -5.053736209869384766e+00 -1.069791126251220703e+01
-1.087827444076538086e+00 -2.406291961669921875e+00 -1.528193092346191406e+01
-1.307201266288757324e+00 -1.698163628578186035e+00 -1.534173870086669922e+01
2.142020225524902344e+00 -3.536706924438476562e+00 -1.149262237548828125e+01
8.848055005073547363e-01 -1.870433449745178223e+00 -1.348724365234375000e+01
7.971266508102416992e-01 -1.144619226455688477e+00 -1.333475208282470703e+01
-2.606232404708862305e+00 -1.779610276222229004e+00 -1.569876384735107422e+01
-2.675454616546630859e+00 -8.112054467201232910e-01 -1.564152240753173828e+01
-5.085097789764404297e+00 4.530919194221496582e-01 -1.588801288604736328e+01
-2.886518001556396484e+00 1.005848407745361328e+00 -1.536686801910400391e+01
-2.164579629898071289e+00 1.173694610595703125e+00 -1.512446212768554688e+01
-4.980839490890502930e-01 1.149174690246582031e+00 -1.389006137847900391e+01
-2.882146835327148438e+00 2.078855514526367188e+00 -1.503608989715576172e+01
-2.466096401214599609e+00 2.787611007690429688e+00 -1.464688301086425781e+01
2.704520702362060547e+00 -3.968796968460083008e+00 -1.033825016021728516e+01
3.521891117095947266e+00 -2.612347602844238281e+00 -1.011256122589111328e+01
3.012861967086791992e+00 -1.849311351776123047e+00 -1.085325813293457031e+01
9.643951058387756348e-01 -2.821625471115112305e-01 -1.281363487243652344e+01
1.483248829841613770e+00 5.601027049124240875e-03 -1.211083126068115234e+01
2.349409580230712891e+00 -2.195737212896347046e-01 -1.122745895385742188e+01
1.081393480300903320e+00 4.161435365676879883e-01 -1.233643245697021484e+01
-1.051284027099609375e+01 -9.646121859550476074e-01 -1.099318027496337891e+01
-9.968079566955566406e+00 6.831119060516357422e-01 -1.292112731933593750e+01
-1.030410480499267578e+01 -1.626998186111450195e-02 -1.048554420471191406e+01
-1.007267761230468750e+01 -1.224831566214561462e-01 -9.023312568664550781e+00
-9.726469993591308594e+00 5.409902334213256836e-01 -1.002669525146484375e+01
-9.964197158813476562e+00 9.212068319320678711e-01 -1.155166435241699219e+01
-9.433928489685058594e+00 2.029957771301269531e+00 -1.278393650054931641e+01
-8.822081565856933594e+00 1.395995497703552246e+00 -9.341532707214355469e+00
-8.417059898376464844e+00 2.395100355148315430e+00 -1.037528038024902344e+01
-8.199540138244628906e+00 1.158869504928588867e+00 -6.069539070129394531e+00
-7.963411808013916016e+00 1.594227194786071777e+00 -7.150571346282958984e+00
-8.285418510437011719e+00 1.881041884422302246e+00 -8.736533164978027344e+00
-7.900637149810791016e+00 2.547563552856445312e+00 -9.731492042541503906e+00
-6.298743247985839844e+00 2.698832511901855469e+00 -7.679086685180664062e+00
-6.215021610260009766e+00 3.007620811462402344e+00 -8.161884307861328125e+00
-8.635601997375488281e+00 2.199827909469604492e+00 -1.429202747344970703e+01
-8.036720275878906250e+00 2.228298187255859375e+00 -1.473187065124511719e+01
-7.637711048126220703e+00 3.438091754913330078e+00 -1.351293945312500000e+01
-6.656125545501708984e+00 4.260153770446777344e+00 -1.313686943054199219e+01
-6.100374698638916016e+00 1.893311738967895508e+00 -1.547661876678466797e+01
-5.845057010650634766e+00 2.182398796081542969e+00 -1.532728290557861328e+01
-5.171441555023193359e+00 3.964449644088745117e+00 -1.412203407287597656e+01
-4.615585803985595703e+00 3.958647727966308594e+00 -1.424953746795654297e+01
-5.868604183197021484e+00 3.766894578933715820e+00 -1.412477302551269531e+01
-8.274415016174316406e+00 3.279569149017333984e+00 -1.224745368957519531e+01
-6.243826389312744141e+00 4.410684585571289062e+00 -1.238210105895996094e+01
-5.556794166564941406e+00 4.379621028900146484e+00 -1.074441623687744141e+01
-3.389052152633666992e+00 4.231788158416748047e+00 -1.348886680603027344e+01
-3.170763254165649414e+00 4.294096469879150391e+00 -1.287120723724365234e+01
-5.220591545104980469e+00 4.431800842285156250e+00 -1.222051525115966797e+01
-4.469416141510009766e+00 4.633191585540771484e+00 -1.232713985443115234e+01
-3.216766119003295898e+00 4.684437274932861328e+00 -1.144398307800292969e+01
-4.958769321441650391e+00 4.783967018127441406e+00 -1.084952735900878906e+01
-3.795978069305419922e+00 4.890528202056884766e+00 -1.117242813110351562e+01
-6.640640735626220703e+00 3.681112289428710938e+00 -1.050203990936279297e+01
-5.932042598724365234e+00 3.622728586196899414e+00 -9.035201072692871094e+00
3.058032512664794922e+00 -1.928763240575790405e-01 -1.030203247070312500e+01
-1.387827694416046143e-01 1.527517914772033691e+00 -1.287791728973388672e+01
-2.114263534545898438e+00 3.220106840133666992e+00 -1.359565258026123047e+01
9.957658648490905762e-01 8.000862002372741699e-01 -1.168927764892578125e+01
-1.053882837295532227e+00 2.883164644241333008e+00 -1.233895587921142578e+01
-2.713716506958007812e+00 3.844486474990844727e+00 -1.327116489410400391e+01
-1.649390220642089844e+00 3.645843267440795898e+00 -1.187592887878417969e+01
1.144212341308593750e+01 -6.568110942840576172e+00 -3.372505187988281250e+00
1.333336734771728516e+01 -6.765768051147460938e+00 -1.715975999832153320e+00
1.117683219909667969e+01 -6.477130889892578125e+00 -8.345059752464294434e-01
1.098143863677978516e+01 -6.519053936004638672e+00 -2.592854738235473633e+00
1.436335277557373047e+01 -6.989024639129638672e+00 -5.018708705902099609e+00
1.199770832061767578e+01 -6.626109600067138672e+00 -3.975002050399780273e+00
1.270763492584228516e+01 -6.602425098419189453e+00 -5.470635414123535156e+00
1.315817165374755859e+01 -6.917587757110595703e+00 -3.662116527557373047e+00
1.563723087310791016e+01 -7.069236755371093750e+00 -3.589150667190551758e+00
1.607647132873535156e+01 -5.997045516967773438e+00 -4.172351837158203125e+00
1.625696945190429688e+01 -6.551354408264160156e+00 -1.160041332244873047e+00
1.639142417907714844e+01 -5.749459743499755859e+00 -2.039818048477172852e+00
1.459017372131347656e+01 -6.654796123504638672e+00 6.019269302487373352e-02
1.482382965087890625e+01 -7.001870632171630859e+00 -1.541324377059936523e+00
1.539014053344726562e+01 -6.340639591217041016e+00 9.798121452331542969e-01
1.480483150482177734e+01 -4.286774635314941406e+00 2.025667905807495117e+00
1.515318775177001953e+01 -4.335393428802490234e+00 9.101871848106384277e-01
1.435747432708740234e+01 -3.458943128585815430e+00 1.060001492500305176e+00
1.582585239410400391e+01 -4.952875137329101562e+00 -3.343226909637451172e+00
1.525380229949951172e+01 -4.093466758728027344e+00 -2.563247442245483398e+00
1.522898197174072266e+01 -4.030754566192626953e+00 -9.996880888938903809e-01
1.498997879028320312e+01 -3.677293539047241211e+00 -1.500205039978027344e+00
1.435362529754638672e+01 -2.913203001022338867e+00 -8.646755218505859375e-01
1.381856441497802734e+01 -6.767147541046142578e+00 -6.237367630004882812e+00
1.526147747039794922e+01 -5.972766876220703125e+00 -6.535302639007568359e+00
1.237627220153808594e+01 -6.473508358001708984e+00 -6.654699325561523438e+00
1.291933631896972656e+01 -5.933234214782714844e+00 -7.437235355377197266e+00
1.593862342834472656e+01 -5.883808612823486328e+00 -5.631791591644287109e+00
1.562845802307128906e+01 -5.113939285278320312e+00 -5.924312591552734375e+00
1.505377101898193359e+01 -4.447348117828369141e+00 -5.526996612548828125e+00
1.326295089721679688e+01 -5.540742397308349609e+00 -7.293297290802001953e+00
1.263553333282470703e+01 -4.987659931182861328e+00 -6.600924015045166016e+00
1.350240135192871094e+01 -4.501940727233886719e+00 -6.082717418670654297e+00
1.363420009613037109e+01 -3.407686710357666016e+00 -4.930162429809570312e+00
1.502100086212158203e+01 -3.762030601501464844e+00 -2.804912328720092773e+00
1.494916152954101562e+01 -3.770156383514404297e+00 -4.489973068237304688e+00
1.439967346191406250e+01 -2.921819448471069336e+00 -3.739413022994995117e+00
1.016381645202636719e+01 -6.051622867584228516e+00 -2.743468046188354492e+00
6.997051715850830078e+00 -4.792152881622314453e+00 -2.374981403350830078e+00
7.284459590911865234e+00 -4.867697715759277344e+00 -1.950225830078125000e+00
6.848271846771240234e+00 -4.728277206420898438e+00 -2.935570478439331055e+00
1.048661613464355469e+01 -6.338449001312255859e+00 -2.342258453369140625e+00
9.015392303466796875e+00 -5.570477962493896484e+00 -1.945900678634643555e+00
7.955785751342773438e+00 -5.135609626770019531e+00 -1.582813739776611328e+00
9.600775718688964844e+00 -5.573678970336914062e+00 -3.436723947525024414e+00
9.959279060363769531e+00 -5.582086563110351562e+00 -4.664391517639160156e+00
8.335862159729003906e+00 -5.026331901550292969e+00 -3.962445735931396484e+00
1.357489395141601562e+01 -2.237840890884399414e+00 -4.536023363471031189e-03
1.220131874084472656e+01 -8.908748626708984375e-01 -1.017769336700439453e+00
1.097128963470458984e+01 -5.993498325347900391e+00 -5.496681213378906250e+00
1.103450584411621094e+01 -5.445530891418457031e+00 -6.025933265686035156e+00
9.602670669555664062e+00 -5.100251197814941406e+00 -5.198284626007080078e+00
1.172716999053955078e+01 -4.723004341125488281e+00 -6.160362720489501953e+00
9.189316749572753906e+00 -4.335747241973876953e+00 -6.410844802856445312e+00
1.041004753112792969e+01 -3.559514284133911133e+00 -5.858186244964599609e+00
1.248397445678710938e+01 -3.708044528961181641e+00 -5.438715934753417969e+00
1.065812110900878906e+01 -3.216117620468139648e+00 -5.654306888580322266e+00
1.068339729309082031e+01 -2.284733295440673828e+00 -5.241136550903320312e+00
8.546865463256835938e+00 -3.691147089004516602e+00 -7.023222923278808594e+00
9.058088302612304688e+00 -3.094092845916748047e+00 -6.558755874633789062e+00
8.058228492736816406e+00 -2.037670612335205078e+00 -6.899158477783203125e+00
1.041636848449707031e+01 -1.617173075675964355e+00 -5.101266860961914062e+00
8.262983322143554688e+00 -1.713083982467651367e+00 -6.633725643157958984e+00
8.757221221923828125e+00 -4.896971583366394043e-01 -5.837600231170654297e+00
7.285510540008544922e+00 -1.689848303794860840e-01 -6.912160396575927734e+00
1.329384994506835938e+01 -2.153395652770996094e+00 -4.042170047760009766e+00
1.347404861450195312e+01 -1.716199755668640137e+00 -1.912718415260314941e+00
1.322954940795898438e+01 -1.350445151329040527e+00 -3.130263090133666992e+00
1.240242958068847656e+01 -4.854736626148223877e-01 -2.210861682891845703e+00
1.205676746368408203e+01 -1.559869796037673950e-01 -2.816568613052368164e+00
1.242554092407226562e+01 -1.939765810966491699e+00 -4.342831134796142578e+00
1.122454833984375000e+01 -1.249734759330749512e+00 -4.471284389495849609e+00
1.151218986511230469e+01 -5.917333960533142090e-01 -3.854003906250000000e+00
1.016681289672851562e+01 1.514741659164428711e+00 -1.730487346649169922e+00
9.292700767517089844e+00 2.346123695373535156e+00 -2.873127460479736328e+00
9.336496353149414062e+00 2.287451267242431641e+00 -3.347948789596557617e+00
8.573675155639648438e+00 2.906818151473999023e+00 -2.363149881362915039e+00
1.021989440917968750e+01 -9.264385700225830078e-01 -4.991992473602294922e+00
1.066173362731933594e+01 2.851360440254211426e-01 -4.116482734680175781e+00
8.372093200683593750e+00 1.233212351799011230e-01 -5.850919246673583984e+00
7.019474506378173828e+00 9.790428280830383301e-01 -6.423389911651611328e+00
1.387881755828857422e+01 -3.604797840118408203e+00 2.602159500122070312e+00
1.246665763854980469e+01 -2.529735803604125977e+00 2.899833917617797852e+00
1.125621700286865234e+01 -9.080027341842651367e-01 1.418442845344543457e+00
1.142576694488525391e+01 -7.081912159919738770e-01 2.763566076755523682e-01
9.961542129516601562e+00 -5.092506408691406250e-01 3.066757917404174805e+00
8.850617408752441406e+00 8.651708364486694336e-01 2.565699100494384766e+00
9.415780067443847656e+00 5.674907565116882324e-01 2.048894166946411133e+00
7.313909530639648438e+00 1.890197992324829102e+00 2.911742925643920898e+00
7.148399829864501953e+00 2.594547033309936523e+00 1.802378892898559570e+00
9.794174194335937500e+00 8.333694338798522949e-01 3.371000289916992188e-01
1.003795719146728516e+01 1.243362188339233398e+00 -9.965761899948120117e-01
7.989287853240966797e+00 2.571809291839599609e+00 4.106406867504119873e-01
3.351246833801269531e+00 4.274329662322998047e+00 -3.451477289199829102e-01
6.216405868530273438e+00 3.507488012313842773e+00 2.688641250133514404e-01
5.480225086212158203e+00 4.033224105834960938e+00 -2.225282192230224609e+00
3.672972440719604492e+00 4.389311790466308594e+00 -6.833689212799072266e-01
2.847673177719116211e+00 3.820765972137451172e+00 -2.455901145935058594e+00
2.960215568542480469e+00 3.508998632431030273e+00 -3.327435255050659180e+00
-9.870170354843139648e-01 3.794285535812377930e+00 -7.646887302398681641e-01
2.148917436599731445e+00 3.142848491668701172e+00 -4.384737968444824219e+00
1.066870521754026413e-02 4.161891937255859375e+00 -3.143271207809448242e+00
3.075920343399047852e-01 3.709879875183105469e+00 -4.697562694549560547e+00
2.380059957504272461e+00 3.808447360992431641e+00 -2.565464019775390625e+00
5.103294372558593750e+00 -8.758141398429870605e-01 -8.892669677734375000e+00
2.943715810775756836e+00 3.075670003890991211e-01 -9.606153488159179688e+00
5.065893650054931641e+00 5.027691125869750977e-01 -8.109834671020507812e+00
3.644011020660400391e+00 5.600717663764953613e-01 -8.966130256652832031e+00
2.524368524551391602e+00 5.006751418113708496e-01 -9.799587249755859375e+00
1.547417998313903809e+00 1.849143266677856445e+00 -9.911365509033203125e+00
3.312553465366363525e-01 3.149763584136962891e+00 -9.156535148620605469e+00
1.124957427382469177e-01 3.002074003219604492e+00 -1.045736980438232422e+01
5.656310558319091797e+00 2.804929494857788086e+00 -4.855310916900634766e+00
6.164808273315429688e+00 1.884106636047363281e+00 -6.087499141693115234e+00
4.702420711517333984e+00 2.691506385803222656e+00 -5.244305610656738281e+00
4.799572944641113281e+00 2.382995367050170898e+00 -5.956613540649414062e+00
6.611102104187011719e+00 3.736594915390014648e+00 -2.717731475830078125e+00
6.589062213897705078e+00 1.280075430870056152e+00 -6.424274444580078125e+00
5.716047286987304688e+00 1.666164994239807129e+00 -6.599224090576171875e+00
4.862541198730468750e+00 1.776091098785400391e+00 -7.031989097595214844e+00
2.737843513488769531e+00 2.849256753921508789e+00 -5.059758663177490234e+00
2.818357706069946289e+00 2.088867425918579102e+00 -7.357709884643554688e+00
2.029161930084228516e+00 2.328562736511230469e+00 -6.810010910034179688e+00
9.524333477020263672e-02 3.303267717361450195e+00 -6.270146846771240234e+00
2.720280885696411133e-01 2.960772275924682617e+00 -7.757431983947753906e+00
3.035353124141693115e-01 3.032602310180664062e+00 -8.136423110961914062e+00
-3.295443773269653320e+00 3.398617506027221680e+00 -2.586255788803100586e+00
-5.634268283843994141e+00 3.067090272903442383e+00 -7.731277465820312500e+00
-4.808588504791259766e+00 3.484880685806274414e+00 -7.635962486267089844e+00
-4.258118629455566406e+00 3.353671073913574219e+00 -6.674288749694824219e+00
-2.166151285171508789e+00 3.285282135009765625e+00 -2.318354696035385132e-01
-1.888441801071166992e+00 3.750057458877563477e+00 -1.355988144874572754e+00
-1.526828646659851074e+00 4.094869136810302734e+00 -2.469293832778930664e+00
-1.353019356727600098e+00 4.393836975097656250e+00 -3.693709373474121094e+00
-1.182110428810119629e+00 4.402973175048828125e+00 -4.987397193908691406e+00
-4.800710678100585938e+00 4.079990863800048828e+00 -8.505812644958496094e+00
-4.505424499511718750e+00 4.556129932403564453e+00 -9.025647163391113281e+00
-1.981445193290710449e+00 4.462886810302734375e+00 -7.511150360107421875e+00
-3.349992513656616211e+00 4.459443092346191406e+00 -8.332265853881835938e+00
-1.540825724601745605e+00 3.653453111648559570e+00 -1.119903278350830078e+01
-1.228401660919189453e+00 3.508076667785644531e+00 -1.106304645538330078e+01
-3.828229904174804688e+00 4.853149414062500000e+00 -1.070553302764892578e+01
-2.047770977020263672e+00 4.181663513183593750e+00 -9.850715637207031250e+00
-3.111899793148040771e-01 3.481327295303344727e+00 -9.965996742248535156e+00
-2.159152746200561523e+00 4.561365604400634766e+00 -6.120832920074462891e+00
5.289868831634521484e+00 3.154325485229492188e+00 2.340200901031494141e+00
6.043469429016113281e+00 3.076827526092529297e+00 1.764431595802307129e+00
1.966131448745727539e+00 7.037277817726135254e-01 -1.028623294830322266e+01
-5.166842937469482422e-01 2.795571327209472656e+00 -1.161512756347656250e+01
4.420599639415740967e-01 2.524895191192626953e+00 -1.076869487762451172e+01
