1.561255693435668945e+00 -4.932598114013671875e+00 -2.713880300521850586e+00
2.278128862380981445e+00 -4.778991222381591797e+00 -1.923242926597595215e+00
1.514929533004760742e+00 -4.788243293762207031e+00 -2.308742761611938477e+00
-5.069097995758056641e+00 -8.108560562133789062e+00 -7.822253704071044922e+00
-4.999898433685302734e+00 -8.060849189758300781e+00 -1.156782531738281250e+01
-4.185217380523681641e+00 -8.320858001708984375e+00 -9.419631004333496094e+00
-7.271139621734619141e+00 -7.468166828155517578e+00 -7.059123039245605469e+00
-7.775238037109375000e+00 -7.350532531738281250e+00 -7.967415809631347656e+00
-5.692625522613525391e+00 -8.128326416015625000e+00 -9.823767662048339844e+00
-6.220938205718994141e+00 -7.997291564941406250e+00 -9.061726570129394531e+00
-6.481091022491455078e+00 -7.343863010406494141e+00 -1.205438804626464844e+01
-8.410978317260742188e+00 -6.365859985351562500e+00 -1.057604598999023438e+01
-8.333362579345703125e+00 -6.187202453613281250e+00 -1.129345512390136719e+01
-9.642084121704101562e+00 -5.265558719635009766e+00 -8.363056182861328125e+00
-1.005026340484619141e+01 -4.323225975036621094e+00 -8.716031074523925781e+00
-9.585842132568359375e+00 -4.639832496643066406e+00 -1.086720848083496094e+01
-8.220199584960937500e+00 -6.689958095550537109e+00 -5.445721626281738281e+00
-9.067625999450683594e+00 -6.090847969055175781e+00 -4.930530071258544922e+00
-7.968080043792724609e+00 -5.744468688964843750e+00 -3.405104637145996094e+00
-8.496870994567871094e+00 -5.227639198303222656e+00 -2.226665735244750977e+00
-6.958145618438720703e+00 -5.439932823181152344e+00 -3.112568140029907227e+00
-2.593173265457153320e+00 -5.031291961669921875e+00 -1.547468185424804688e+00
-3.373417854309082031e+00 -4.881445884704589844e+00 -5.824155211448669434e-01
-1.439824819564819336e+00 -4.992607593536376953e+00 -2.373364269733428955e-01
-7.378876209259033203e+00 -3.211437702178955078e+00 2.311938285827636719e+00
-5.355289936065673828e+00 -3.511828422546386719e+00 1.279285669326782227e+00
-3.860017538070678711e+00 -5.068358421325683594e+00 -2.136255264282226562e+00
-7.304323196411132812e+00 -4.796061038970947266e+00 -1.626875162124633789e+00
-6.307389736175537109e+00 -5.166893005371093750e+00 -2.786398172378540039e+00
-3.738494873046875000e+00 -4.413865089416503906e+00 1.348803788423538208e-01
-4.768207550048828125e+00 -7.278740882873535156e+00 -5.294744014739990234e+00
-4.545480728149414062e+00 -6.498236179351806641e+00 -4.090638160705566406e+00
-2.280262470245361328e+00 -7.655495643615722656e+00 -6.416953563690185547e+00
-2.884701967239379883e+00 -7.167657375335693359e+00 -5.066870212554931641e+00
-2.214388608932495117e+00 -7.177192211151123047e+00 -5.299003601074218750e+00
-1.356092333793640137e+00 -6.801286697387695312e+00 -5.044283866882324219e+00
-2.779693841934204102e+00 -6.776898384094238281e+00 -4.439606189727783203e+00
-5.267597198486328125e+00 -6.850423812866210938e+00 -4.678835868835449219e+00
-6.154047966003417969e+00 -7.666402339935302734e+00 -6.742134094238281250e+00
-8.704756736755371094e+00 -6.650340557098388672e+00 -6.455090045928955078e+00
-1.416626930236816406e+00 -4.981047153472900391e+00 -1.836102485656738281e+00
-9.345883131027221680e-01 -5.041931629180908203e+00 -2.277282238006591797e+00
-2.241015195846557617e+00 -5.125306606292724609e+00 -2.022857904434204102e+00
-3.502494990825653076e-01 -5.085675239562988281e+00 -1.197715640068054199e+00
6.333101987838745117e-01 -4.617683887481689453e+00 -1.597482323646545410e+00
-8.146330118179321289e-01 -5.403304100036621094e+00 -3.021193981170654297e+00
-7.829084061086177826e-03 -5.499643325805664062e+00 -3.345468282699584961e+00
6.073387861251831055e-01 -4.764842033386230469e+00 -2.125811815261840820e+00
-9.515439033508300781e+00 -4.812663078308105469e+00 -2.045034885406494141e+00
-9.940022468566894531e+00 -4.889625549316406250e+00 -4.680351734161376953e+00
-9.351742744445800781e+00 -5.580246448516845703e+00 -3.831552743911743164e+00
-1.019590568542480469e+01 -3.758649110794067383e+00 -3.288495779037475586e+00
-1.031969070434570312e+01 -3.584765434265136719e+00 -4.716230869293212891e+00
-9.119901657104492188e+00 -4.087003707885742188e+00 3.091734349727630615e-01
-9.780934333801269531e+00 -4.173537254333496094e+00 -1.408625721931457520e+00
-9.820145606994628906e+00 -3.231135129928588867e+00 -2.800203263759613037e-01
-9.598863601684570312e+00 -2.926425933837890625e+00 9.023968577384948730e-01
-9.112497329711914062e+00 -2.720597028732299805e+00 2.167278289794921875e+00
-9.278685569763183594e+00 -1.628939270973205566e+00 1.269282341003417969e+00
-1.017304992675781250e+01 -2.694210767745971680e+00 -2.523661375045776367e+00
-1.009760284423828125e+01 -1.608097672462463379e+00 -2.652405500411987305e+00
-9.464474678039550781e+00 -1.292720317840576172e+00 -8.881155252456665039e-01
-7.936692237854003906e+00 -4.169628024101257324e-01 -6.467111706733703613e-01
-1.006280994415283203e+01 -4.634160995483398438e+00 -5.545889854431152344e+00
-1.034758186340332031e+01 -3.650288820266723633e+00 -5.425635337829589844e+00
-1.053362655639648438e+01 -2.255975484848022461e+00 -5.301238536834716797e+00
-1.059075832366943359e+01 -2.095541000366210938e+00 -5.871192932128906250e+00
-1.008348941802978516e+01 -6.554089188575744629e-01 -5.353077411651611328e+00
-1.058910179138183594e+01 -2.840189456939697266e+00 -7.961346149444580078e+00
-1.071146202087402344e+01 -1.942927122116088867e+00 -8.886152267456054688e+00
-1.060249710083007812e+01 -8.058487176895141602e-01 -8.515803337097167969e+00
-9.953001976013183594e+00 -3.254933357238769531e-01 -6.704539775848388672e+00
-8.382889747619628906e+00 -2.015656232833862305e-01 -2.253318071365356445e+00
-6.927582263946533203e+00 1.704743742942810059e+00 -3.685667991638183594e+00
-9.017090797424316406e+00 3.905561268329620361e-01 -6.202312469482421875e+00
-7.576390743255615234e+00 1.443757891654968262e+00 -4.987737178802490234e+00
1.309981727600097656e+01 -6.055368900299072266e+00 4.923429489135742188e+00
1.352280902862548828e+01 -6.314766407012939453e+00 8.695104718208312988e-01
1.300701522827148438e+01 -6.135072231292724609e+00 1.582398772239685059e+00
1.484891510009765625e+01 -6.189365386962890625e+00 2.097529411315917969e+00
1.464249038696289062e+01 -5.512787818908691406e+00 3.347950696945190430e+00
1.191903400421142578e+01 -5.887917995452880859e+00 2.913438320159912109e+00
4.412938117980957031e+00 -1.149828314781188965e+00 4.980868339538574219e+00
5.278597831726074219e+00 -7.996400594711303711e-01 6.129990100860595703e+00
6.648966312408447266e+00 -4.835335731506347656e+00 -1.653952479362487793e+00
8.912680625915527344e+00 -6.246841907501220703e+00 -1.219027519226074219e+00
8.128803253173828125e+00 -6.155997276306152344e+00 -1.063234925270080566e+00
7.456517696380615234e+00 -6.237881660461425781e+00 -4.811369478702545166e-01
2.553502082824707031e+00 -5.420661449432373047e+00 4.051656126976013184e-01
4.295808792114257812e+00 -4.703916072845458984e+00 -1.493753790855407715e+00
5.167129993438720703e+00 -5.094904422760009766e+00 -1.163209438323974609e+00
2.307511568069458008e+00 -4.286572933197021484e+00 -1.263607382774353027e+00
4.115439414978027344e+00 -4.731203079223632812e+00 -1.275872588157653809e+00
5.109959602355957031e+00 -5.564991950988769531e+00 2.232316434383392334e-01
5.810182094573974609e+00 -5.968335151672363281e+00 -5.993453264236450195e-01
3.096954584121704102e+00 -5.491116046905517578e+00 -5.868523716926574707e-01
9.443330764770507812e+00 -5.205514430999755859e+00 3.181910991668701172e+00
9.948381423950195312e+00 -4.944027900695800781e+00 5.189209938049316406e+00
9.922063827514648438e+00 -4.972189426422119141e+00 4.457111835479736328e+00
8.633323669433593750e+00 -4.147947788238525391e+00 5.537966251373291016e+00
8.917920112609863281e+00 -4.972701549530029297e+00 3.231178522109985352e+00
9.020629882812500000e+00 -5.904998779296875000e+00 1.474923372268676758e+00
8.684279441833496094e+00 -6.071700096130371094e+00 9.646307229995727539e-01
5.526940345764160156e+00 -1.289813041687011719e+00 4.099794387817382812e+00
6.170474052429199219e+00 -3.668910264968872070e+00 2.419847488403320312e+00
5.594752311706542969e+00 -3.953763008117675781e+00 1.885413765907287598e+00
4.522574901580810547e+00 -1.879949808120727539e+00 3.097015857696533203e+00
4.620556831359863281e+00 -1.473678708076477051e+00 3.762266159057617188e+00
6.900695323944091797e+00 -2.436333894729614258e+00 4.379953384399414062e+00
6.685953617095947266e+00 -1.895715475082397461e+00 5.609950065612792969e+00
6.545995235443115234e+00 -5.442934036254882812e+00 9.493455886840820312e-01
1.187681388854980469e+01 -4.860415935516357422e+00 6.579256534576416016e+00
1.357741737365722656e+01 -4.995955944061279297e+00 4.829993724822998047e+00
1.245260810852050781e+01 -3.761578798294067383e+00 5.222119808197021484e+00
1.335122680664062500e+01 -3.659840822219848633e+00 3.443372964859008789e+00
7.750059127807617188e+00 -2.930697679519653320e+00 6.869038581848144531e+00
7.354151725769042969e+00 -2.406294345855712891e+00 6.752881526947021484e+00
4.253529071807861328e+00 -4.253931939601898193e-01 6.898383617401123047e+00
9.511102676391601562e+00 -4.538285255432128906e+00 7.000994205474853516e+00
1.028400516510009766e+01 -3.099339485168457031e+00 6.787818908691406250e+00
1.071581172943115234e+01 -2.622196674346923828e+00 5.803179264068603516e+00
8.640910148620605469e+00 -1.552792191505432129e+00 6.503889083862304688e+00
9.029500007629394531e+00 -1.239787101745605469e+00 5.556650638580322266e+00
1.108418273925781250e+01 -2.352292537689208984e+00 4.747769832611083984e+00
1.143120861053466797e+01 -2.079208135604858398e+00 3.692213296890258789e+00
6.636226177215576172e+00 -1.356709957122802734e+00 6.437573909759521484e+00
7.765320301055908203e+00 -9.093523621559143066e-01 6.338917255401611328e+00
7.059143543243408203e+00 2.507954835891723633e-03 5.702698707580566406e+00
6.296098709106445312e+00 -1.768763512372970581e-01 6.051056861877441406e+00
5.674723148345947266e+00 8.359897136688232422e-01 5.475747585296630859e+00
8.134984016418457031e+00 2.504603266716003418e-01 4.510130882263183594e+00
5.746886253356933594e+00 1.991150021553039551e+00 4.103475570678710938e+00
6.136964321136474609e+00 2.083566665649414062e+00 3.650308847427368164e+00
-2.131684303283691406e+00 -2.795664072036743164e+00 3.780521869659423828e+00
-1.521830677986145020e+00 -3.799074649810791016e+00 1.667670845985412598e+00
-1.475910186767578125e+00 -4.648671150207519531e+00 3.917770981788635254e-01
-1.615685462951660156e+00 -2.860130071640014648e+00 3.502453088760375977e+00
-2.449315488338470459e-01 -2.656795501708984375e+00 2.379950523376464844e+00
-5.071621417999267578e+00 -3.476676702499389648e+00 1.471904754638671875e+00
-4.358854770660400391e+00 -3.314678907394409180e+00 2.206616163253784180e+00
-5.804549217224121094e+00 -2.596008300781250000e+00 3.394515991210937500e+00
-5.278548717498779297e+00 -3.017318964004516602e+00 2.539176225662231445e+00
-4.094181060791015625e+00 -2.825408458709716797e+00 3.385673522949218750e+00
-2.758149147033691406e+00 -1.618335843086242676e+00 4.885605812072753906e+00
-5.653389453887939453e+00 -1.267089962959289551e+00 4.709125041961669922e+00
-5.350612640380859375e+00 -7.370078563690185547e-01 4.910103321075439453e+00
2.532045364379882812e+00 -1.713744044303894043e+00 3.684710264205932617e+00
1.369745969772338867e+00 -8.828227519989013672e-01 4.147717475891113281e+00
-6.168739870190620422e-02 -1.183921098709106445e+00 3.662665843963623047e+00
1.086433887481689453e+00 -3.052348792552947998e-01 4.683590412139892578e+00
2.507608175277709961e+00 -1.050847172737121582e+00 5.313669204711914062e+00
3.513390302658081055e+00 -5.737884044647216797e-01 6.674164295196533203e+00
1.113842606544494629e+00 7.801886200904846191e-01 5.407915115356445312e+00
-3.224589824676513672e+00 -1.387443184852600098e+00 5.014237880706787109e+00
-4.245793819427490234e+00 3.022658526897430420e-01 5.011965274810791016e+00
-2.750776767730712891e+00 5.692176818847656250e-01 5.143244266510009766e+00
-1.171993255615234375e+00 1.621125459671020508e+00 4.411360740661621094e+00
-3.888740301132202148e+00 1.024344682693481445e+00 4.051213741302490234e+00
-3.825643777847290039e+00 1.431023955345153809e+00 2.891132354736328125e+00
-1.776561290025711060e-01 -5.099852561950683594e+00 -8.069405704736709595e-02
2.974270880222320557e-01 -4.957411766052246094e+00 -1.159075349569320679e-01
8.157719969749450684e-01 -4.965732574462890625e+00 3.318143263459205627e-02
1.645913004875183105e+00 -3.800451278686523438e+00 1.421413660049438477e+00
1.482189774513244629e+00 -4.998599052429199219e+00 5.806390047073364258e-01
1.625719070434570312e+00 -3.763441801071166992e+00 -1.360691070556640625e+00
1.886927604675292969e+00 -2.624536991119384766e+00 2.362392663955688477e+00
2.293597936630249023e+00 1.490833282470703125e+00 5.565189838409423828e+00
2.876847505569458008e+00 2.453387975692749023e+00 4.213415145874023438e+00
2.602594852447509766e+00 2.959608554840087891e+00 3.010139465332031250e+00
-8.647190332412719727e-01 2.489597558975219727e+00 2.623136520385742188e+00
-6.679096817970275879e-01 1.959383249282836914e+00 4.186338901519775391e+00
5.689468383789062500e-01 2.560547113418579102e+00 3.250741481781005859e+00
-1.731423020362854004e+00 3.181246042251586914e+00 1.117774546146392822e-01
-7.585206508636474609e+00 -2.457722902297973633e+00 3.554576635360717773e+00
-7.327793598175048828e+00 -1.422123432159423828e+00 4.216504573822021484e+00
-7.960545063018798828e+00 -8.112697005271911621e-01 2.907291889190673828e+00
-6.810685157775878906e+00 -1.159929275512695312e+00 4.461809635162353516e+00
-7.015287876129150391e+00 -3.661028444766998291e-01 3.059371232986450195e+00
-6.419858455657958984e+00 1.899931281805038452e-01 1.420187115669250488e+00
-6.219234466552734375e+00 1.413372606039047241e-01 2.391456842422485352e+00
-6.924842834472656250e+00 2.296765744686126709e-01 -8.146493434906005859e-01
-3.745944499969482422e+00 1.655434012413024902e+00 1.849102735519409180e+00
-5.363078117370605469e+00 2.017953634262084961e+00 -1.992071151733398438e+00
-3.647910356521606445e+00 3.037302970886230469e+00 -1.668208479881286621e+00
3.389746665954589844e+00 6.855782866477966309e-01 6.457806587219238281e+00
2.989342927932739258e+00 1.739263176918029785e+00 5.346072196960449219e+00
3.834522008895874023e+00 2.056563854217529297e+00 4.741465568542480469e+00
4.533119678497314453e+00 2.604562044143676758e+00 3.715238332748413086e+00
3.880063533782958984e+00 3.149969339370727539e+00 2.950147390365600586e+00
7.762903213500976562e+00 -4.902953147888183594e+00 -3.944916486740112305e+00
2.377597570419311523e+00 -5.073643684387207031e+00 -3.052355289459228516e+00
5.495060920715332031e+00 -4.736040592193603516e+00 -2.515111684799194336e+00
6.320960044860839844e+00 -4.687810420989990234e+00 -2.960211753845214844e+00
3.033854961395263672e+00 -5.011600017547607422e+00 -2.931548833847045898e+00
2.090737104415893555e+00 -5.929684638977050781e+00 -5.250198364257812500e+00
2.627105951309204102e+00 -5.806747913360595703e+00 -6.251810073852539062e+00
3.891165494918823242e+00 -5.142075538635253906e+00 -5.595215797424316406e+00
5.924085140228271484e+00 -4.815508842468261719e+00 -3.724088191986083984e+00
7.160473823547363281e+00 -4.961336135864257812e+00 -4.056651592254638672e+00
2.444396018981933594e+00 -5.621176719665527344e+00 -8.457636833190917969e+00
8.326617240905761719e+00 -4.979321002960205078e+00 -5.991798400878906250e+00
3.301336288452148438e+00 -5.330889225006103516e+00 -7.114076614379882812e+00
3.713804960250854492e+00 -4.720739841461181641e+00 -7.896451473236083984e+00
6.291067600250244141e+00 -5.070319175720214844e+00 -5.368904590606689453e+00
7.412508964538574219e+00 -4.932187557220458984e+00 -6.318830490112304688e+00
5.880355358123779297e+00 -4.177324771881103516e+00 -7.243809223175048828e+00
7.540462493896484375e+00 -4.034075260162353516e+00 -7.359791755676269531e+00
5.590250015258789062e+00 -3.862463712692260742e+00 -7.623572826385498047e+00
5.161199569702148438e+00 -2.838323354721069336e+00 -8.641709327697753906e+00
5.234206199645996094e+00 -2.078523159027099609e+00 -8.895691871643066406e+00
-3.349746465682983398e+00 -7.970168590545654297e+00 -1.205618667602539062e+01
-3.131483316421508789e+00 -8.214748382568359375e+00 -1.051685905456542969e+01
-3.961747169494628906e+00 -7.542951107025146484e+00 -1.315940284729003906e+01
-1.581810712814331055e+00 -6.562808513641357422e+00 -1.324219608306884766e+01
-3.556808948516845703e+00 -6.333600997924804688e+00 -1.446029281616210938e+01
-3.375383615493774414e+00 -5.279473304748535156e+00 -1.519179439544677734e+01
-6.632031440734863281e+00 -6.534947395324707031e+00 -1.317096042633056641e+01
-7.072814464569091797e+00 -6.210077285766601562e+00 -1.318802833557128906e+01
-7.758149623870849609e+00 -5.229347705841064453e+00 -1.367438507080078125e+01
-5.720447063446044922e+00 -7.131236553192138672e+00 -1.307816791534423828e+01
-8.473711013793945312e+00 -5.362275123596191406e+00 -1.256308269500732422e+01
-7.364299774169921875e+00 -4.561067581176757812e+00 -1.457314205169677734e+01
-4.151109218597412109e+00 -5.534111976623535156e+00 -1.502933406829833984e+01
-5.995532512664794922e+00 -4.379604339599609375e+00 -1.525770950317382812e+01
-2.711704730987548828e+00 -5.386173248291015625e+00 -1.501321315765380859e+01
-2.177285194396972656e+00 -4.293688774108886719e+00 -1.536919593811035156e+01
-3.722587347030639648e+00 -3.713508844375610352e+00 -1.575349426269531250e+01
-2.790793418884277344e+00 -3.184266805648803711e+00 -1.571553707122802734e+01
-4.989315032958984375e+00 -2.646964550018310547e+00 -1.594167518615722656e+01
-3.921394586563110352e+00 -1.500444054603576660e+00 -1.593461322784423828e+01
-9.299623489379882812e+00 -4.437859058380126953e+00 -1.222139835357666016e+01
-8.933848381042480469e+00 -3.997710466384887695e+00 -1.344481658935546875e+01
-9.910511016845703125e+00 -2.857967615127563477e+00 -1.234572219848632812e+01
-1.040046215057373047e+01 -1.431060671806335449e+00 -1.151853275299072266e+01
-8.549137115478515625e+00 -3.344984531402587891e+00 -1.435999965667724609e+01
-7.692086696624755859e+00 -2.962587118148803711e+00 -1.519778823852539062e+01
-9.821188926696777344e+00 -9.182180762290954590e-01 -1.328141307830810547e+01
-9.374067306518554688e+00 -3.174310624599456787e-01 -1.420192909240722656e+01
-8.487009048461914062e+00 -9.437308907508850098e-01 -1.507177734375000000e+01
-7.135483741760253906e+00 1.674544960260391235e-01 -1.576708698272705078e+01
-7.627166748046875000e+00 8.248031735420227051e-01 -1.553290557861328125e+01
-1.521481394767761230e+00 -7.556074142456054688e+00 -6.888491630554199219e+00
-4.207588732242584229e-01 -7.156803607940673828e+00 -8.631587028503417969e+00
7.417625188827514648e-02 -6.568648338317871094e+00 -5.590216636657714844e+00
6.198509931564331055e-01 -6.685489654541015625e+00 -6.757010936737060547e+00
-2.396871000528335571e-01 -6.930855751037597656e+00 -9.610507965087890625e+00
-5.090250447392463684e-02 -5.895244598388671875e+00 -1.240184497833251953e+01
1.353176712989807129e+00 -6.388036251068115234e+00 -6.419034004211425781e+00
2.021851301193237305e+00 -5.951406002044677734e+00 -8.190383911132812500e+00
-7.608025670051574707e-01 -5.086544036865234375e+00 -1.430354118347167969e+01
1.024633288383483887e+00 -4.963241577148437500e+00 -1.243778800964355469e+01
-1.231016755104064941e+00 -3.738792657852172852e+00 -1.520224857330322266e+01
-1.931080818176269531e-01 -3.006758213043212891e+00 -1.485883331298828125e+01
1.960616707801818848e+00 -5.053267002105712891e+00 -1.069733333587646484e+01
-1.088394522666931152e+00 -2.403992891311645508e+00 -1.528100585937500000e+01
-1.307236075401306152e+00 -1.696102499961853027e+00 -1.534062004089355469e+01
2.142341375350952148e+00 -3.536135911941528320e+00 -1.149265193939208984e+01
8.845041990280151367e-01 -1.869670033454895020e+00 -1.348682594299316406e+01
7.974872589111328125e-01 -1.143292665481567383e+00 -1.333432769775390625e+01
-2.606472730636596680e+00 -1.775637388229370117e+00 -1.569864177703857422e+01
-2.675742864608764648e+00 -8.065234422683715820e-01 -1.564084053039550781e+01
-5.086071968078613281e+00 4.597190320491790771e-01 -1.588531875610351562e+01
-2.886999368667602539e+00 1.011888861656188965e+00 -1.536495304107666016e+01
-2.164438486099243164e+00 1.178166627883911133e+00 -1.512300205230712891e+01
-4.972931742668151855e-01 1.153203368186950684e+00 -1.388955497741699219e+01
-2.882319688796997070e+00 2.085135221481323242e+00 -1.503272438049316406e+01
-2.464766740798950195e+00 2.794824600219726562e+00 -1.464523029327392578e+01
2.705231904983520508e+00 -3.968159198760986328e+00 -1.033801937103271484e+01
3.522082328796386719e+00 -2.608532190322875977e+00 -1.011164093017578125e+01
3.013416767120361328e+00 -1.845770120620727539e+00 -1.085270023345947266e+01
9.648720622062683105e-01 -2.782335877418518066e-01 -1.281298255920410156e+01
1.484292745590209961e+00 1.081986725330352783e-02 -1.211006450653076172e+01
2.350605487823486328e+00 -2.137507796287536621e-01 -1.122666168212890625e+01
1.082955002784729004e+00 4.221928715705871582e-01 -1.233586788177490234e+01
-1.051269626617431641e+01 -9.554733633995056152e-01 -1.099187374114990234e+01
-9.966155052185058594e+00 6.958549022674560547e-01 -1.291937446594238281e+01
-1.030272865295410156e+01 -5.726565606892108917e-03 -1.048524570465087891e+01
-1.007301330566406250e+01 -1.128342077136039734e-01 -9.022993087768554688e+00
-9.724518775939941406e+00 5.540863871574401855e-01 -1.002612113952636719e+01
-9.962003707885742188e+00 9.348137974739074707e-01 -1.155058383941650391e+01
-9.432065963745117188e+00 2.048550128936767578e+00 -1.278259181976318359e+01
-8.820725440979003906e+00 1.407944321632385254e+00 -9.341492652893066406e+00
-8.417508125305175781e+00 2.415001392364501953e+00 -1.037275791168212891e+01
-8.198069572448730469e+00 1.160785198211669922e+00 -6.070075511932373047e+00
-7.960740089416503906e+00 1.600200772285461426e+00 -7.151307106018066406e+00
-8.283267021179199219e+00 1.889786839485168457e+00 -8.736230850219726562e+00
-7.900188446044921875e+00 2.562934160232543945e+00 -9.729302406311035156e+00
-6.296839714050292969e+00 2.704323768615722656e+00 -7.678653240203857422e+00
-6.213177680969238281e+00 3.018273115158081055e+00 -8.160970687866210938e+00
-8.633635520935058594e+00 2.216933250427246094e+00 -1.429020977020263672e+01
-8.035613059997558594e+00 2.245134592056274414e+00 -1.472900962829589844e+01
-7.636100769042968750e+00 3.464491844177246094e+00 -1.351173114776611328e+01
-6.652781963348388672e+00 4.288455009460449219e+00 -1.313630390167236328e+01
-6.100419998168945312e+00 1.906492829322814941e+00 -1.547395229339599609e+01
-5.845192432403564453e+00 2.198551654815673828e+00 -1.532608413696289062e+01
-5.167807579040527344e+00 3.985705375671386719e+00 -1.412190246582031250e+01
-4.611505508422851562e+00 3.971714973449707031e+00 -1.424703121185302734e+01
-5.864705085754394531e+00 3.799393415451049805e+00 -1.412936305999755859e+01
-8.273881912231445312e+00 3.303497552871704102e+00 -1.224413490295410156e+01
-6.241421699523925781e+00 4.433317661285400391e+00 -1.237815856933593750e+01
-5.555351734161376953e+00 4.398750782012939453e+00 -1.074085903167724609e+01
-3.385457038879394531e+00 4.243659973144531250e+00 -1.348714065551757812e+01
-3.167088270187377930e+00 4.306626319885253906e+00 -1.286973094940185547e+01
-5.218179225921630859e+00 4.452015399932861328e+00 -1.221701240539550781e+01
-4.465519428253173828e+00 4.648307800292968750e+00 -1.232456016540527344e+01
-3.213256120681762695e+00 4.697469234466552734e+00 -1.144193840026855469e+01
-4.955629825592041016e+00 4.801882743835449219e+00 -1.084568786621093750e+01
-3.792533159255981445e+00 4.905299663543701172e+00 -1.116942405700683594e+01
-6.640400409698486328e+00 3.700838327407836914e+00 -1.049856090545654297e+01
-5.931524276733398438e+00 3.638682365417480469e+00 -9.031839370727539062e+00
3.060480594635009766e+00 -1.832372248172760010e-01 -1.030076789855957031e+01
-1.368410438299179077e-01 1.535271167755126953e+00 -1.287753009796142578e+01
-2.112172842025756836e+00 3.228789567947387695e+00 -1.359520816802978516e+01
9.984912872314453125e-01 8.098670840263366699e-01 -1.168900775909423828e+01
-1.051526546478271484e+00 2.892438650131225586e+00 -1.233873462677001953e+01
-2.710684776306152344e+00 3.855431795120239258e+00 -1.327019405364990234e+01
-1.646784186363220215e+00 3.656839370727539062e+00 -1.187484359741210938e+01
1.143529415130615234e+01 -6.521869182586669922e+00 -3.328737497329711914e+00
1.331206321716308594e+01 -6.746212005615234375e+00 -1.644296646118164062e+00
1.117257881164550781e+01 -6.444921493530273438e+00 -8.024654388427734375e-01
1.097792053222656250e+01 -6.457810878753662109e+00 -2.555875062942504883e+00
1.435620784759521484e+01 -6.976703643798828125e+00 -4.956527709960937500e+00
1.199039936065673828e+01 -6.591696739196777344e+00 -3.927922248840332031e+00
1.270248222351074219e+01 -6.577102661132812500e+00 -5.419441699981689453e+00
1.314718914031982422e+01 -6.897607803344726562e+00 -3.604307413101196289e+00
1.562168312072753906e+01 -7.069785118103027344e+00 -3.517806529998779297e+00
1.607102394104003906e+01 -6.002943038940429688e+00 -4.101834297180175781e+00
1.622760963439941406e+01 -6.563086032867431641e+00 -1.076499581336975098e+00
1.636612129211425781e+01 -5.769380092620849609e+00 -1.956265449523925781e+00
1.455668258666992188e+01 -6.647377014160156250e+00 1.482925117015838623e-01
1.479955768585205078e+01 -6.995577335357666016e+00 -1.466902017593383789e+00
1.534343528747558594e+01 -6.358910083770751953e+00 1.090284943580627441e+00
1.471725368499755859e+01 -4.353372573852539062e+00 2.196395397186279297e+00
1.508739280700683594e+01 -4.378134250640869141e+00 1.039203166961669922e+00
1.428155708312988281e+01 -3.529662609100341797e+00 1.191341161727905273e+00
1.580845069885253906e+01 -4.973863601684570312e+00 -3.263395071029663086e+00
1.522734069824218750e+01 -4.126951217651367188e+00 -2.475813388824462891e+00
1.518756866455078125e+01 -4.067105293273925781e+00 -8.989009261131286621e-01
1.496105098724365234e+01 -3.717320919036865234e+00 -1.409228205680847168e+00
1.431854152679443359e+01 -2.967596530914306641e+00 -7.766605615615844727e-01
1.381684207916259766e+01 -6.755802631378173828e+00 -6.181053161621093750e+00
1.526205539703369141e+01 -5.968588352203369141e+00 -6.474991798400878906e+00
1.237618064880371094e+01 -6.453990459442138672e+00 -6.607413768768310547e+00
1.292382335662841797e+01 -5.921189308166503906e+00 -7.388632774353027344e+00
1.594316387176513672e+01 -5.883888721466064453e+00 -5.564308643341064453e+00
1.562902355194091797e+01 -5.115368366241455078e+00 -5.857498168945312500e+00
1.505201244354248047e+01 -4.455696582794189453e+00 -5.457963466644287109e+00
1.326861858367919922e+01 -5.532897949218750000e+00 -7.240767002105712891e+00
1.263962364196777344e+01 -4.975060462951660156e+00 -6.555905342102050781e+00
1.350385379791259766e+01 -4.497518062591552734e+00 -6.030358791351318359e+00
1.363258838653564453e+01 -3.417695522308349609e+00 -4.869727134704589844e+00
1.500298976898193359e+01 -3.796173810958862305e+00 -2.723879098892211914e+00
1.493910598754882812e+01 -3.790398597717285156e+00 -4.415337085723876953e+00
1.438949871063232422e+01 -2.954733848571777344e+00 -3.663926124572753906e+00
1.016525840759277344e+01 -5.989205360412597656e+00 -2.711681127548217773e+00
6.991871356964111328e+00 -4.749475955963134766e+00 -2.352828502655029297e+00
7.278913021087646484e+00 -4.815531730651855469e+00 -1.923319458961486816e+00
6.843889713287353516e+00 -4.694760799407958984e+00 -2.917775392532348633e+00
1.048509025573730469e+01 -6.278272151947021484e+00 -2.307745456695556641e+00
9.015210151672363281e+00 -5.507903575897216797e+00 -1.915125727653503418e+00
7.952295780181884766e+00 -5.076004981994628906e+00 -1.553525090217590332e+00
9.602908134460449219e+00 -5.515357017517089844e+00 -3.404657840728759766e+00
9.958554267883300781e+00 -5.536087989807128906e+00 -4.629055500030517578e+00
8.334136962890625000e+00 -4.979151248931884766e+00 -3.937013149261474609e+00
1.355673789978027344e+01 -2.276180267333984375e+00 7.874219119548797607e-02
1.220696830749511719e+01 -9.069778919219970703e-01 -9.676696062088012695e-01
1.096888446807861328e+01 -5.954079627990722656e+00 -5.453072547912597656e+00
1.103527259826660156e+01 -5.418450832366943359e+00 -5.989299297332763672e+00
9.601150512695312500e+00 -5.064496517181396484e+00 -5.171469211578369141e+00
1.173072147369384766e+01 -4.703046798706054688e+00 -6.125148773193359375e+00
9.191130638122558594e+00 -4.314809799194335938e+00 -6.391242027282714844e+00
1.041186618804931641e+01 -3.538359642028808594e+00 -5.835098266601562500e+00
1.248623466491699219e+01 -3.699044942855834961e+00 -5.396173477172851562e+00
1.066077232360839844e+01 -3.199187755584716797e+00 -5.627568244934082031e+00
1.068651103973388672e+01 -2.273233890533447266e+00 -5.213040351867675781e+00
8.549961090087890625e+00 -3.679265260696411133e+00 -7.012248516082763672e+00
9.060359954833984375e+00 -3.080407857894897461e+00 -6.544036388397216797e+00
8.057990074157714844e+00 -2.029517412185668945e+00 -6.892121315002441406e+00
1.041870689392089844e+01 -1.607704877853393555e+00 -5.079352378845214844e+00
8.261759757995605469e+00 -1.703694224357604980e+00 -6.623513221740722656e+00
8.757234573364257812e+00 -4.831311702728271484e-01 -5.826352119445800781e+00
7.285459518432617188e+00 -1.597177237272262573e-01 -6.908813476562500000e+00
1.329789161682128906e+01 -2.169839143753051758e+00 -3.982998609542846680e+00
1.347072315216064453e+01 -1.752188324928283691e+00 -1.845115661621093750e+00
1.324881839752197266e+01 -1.361225724220275879e+00 -3.083606719970703125e+00
1.241166019439697266e+01 -5.048773288726806641e-01 -2.169685125350952148e+00
1.207711601257324219e+01 -1.589620709419250488e-01 -2.787992000579833984e+00
1.243444347381591797e+01 -1.941996812820434570e+00 -4.301571369171142578e+00
1.123436355590820312e+01 -1.243751287460327148e+00 -4.441802978515625000e+00
1.152595138549804688e+01 -5.897935628890991211e-01 -3.825562477111816406e+00
1.017103958129882812e+01 1.509694933891296387e+00 -1.715808629989624023e+00
9.291446685791015625e+00 2.336942911148071289e+00 -2.861067056655883789e+00
9.330615043640136719e+00 2.278367042541503906e+00 -3.335069894790649414e+00
8.569169044494628906e+00 2.894427776336669922e+00 -2.355919122695922852e+00
1.022316551208496094e+01 -9.189631938934326172e-01 -4.975757598876953125e+00
1.066516590118408203e+01 2.849159538745880127e-01 -4.099155426025390625e+00
8.373184204101562500e+00 1.300774216651916504e-01 -5.847418785095214844e+00
7.020408630371093750e+00 9.876648187637329102e-01 -6.421564102172851562e+00
1.377261257171630859e+01 -3.696262598037719727e+00 2.781754493713378906e+00
1.240680503845214844e+01 -2.568136215209960938e+00 3.067635536193847656e+00
1.123713779449462891e+01 -9.229223728179931641e-01 1.514128684997558594e+00
1.144414234161376953e+01 -7.008085846900939941e-01 3.401883840560913086e-01
9.963789939880371094e+00 -4.763649106025695801e-01 3.173265457153320312e+00
8.850427627563476562e+00 8.737899065017700195e-01 2.598574876785278320e+00
9.415380477905273438e+00 5.776476860046386719e-01 2.116808414459228516e+00
7.300627708435058594e+00 1.886613130569458008e+00 2.916509866714477539e+00
7.147824764251708984e+00 2.605154991149902344e+00 1.813339829444885254e+00
9.810148239135742188e+00 8.390426635742187500e-01 3.799903988838195801e-01
1.004930305480957031e+01 1.238692402839660645e+00 -9.645849466323852539e-01
7.993498802185058594e+00 2.577910900115966797e+00 4.232419431209564209e-01
3.352510213851928711e+00 4.283916473388671875e+00 -3.435371816158294678e-01
6.222611904144287109e+00 3.526829481124877930e+00 2.757724523544311523e-01
5.483206748962402344e+00 4.041205406188964844e+00 -2.223608016967773438e+00
3.675293684005737305e+00 4.400667190551757812e+00 -6.816779375076293945e-01
2.851548433303833008e+00 3.836026191711425781e+00 -2.456085681915283203e+00
2.967931985855102539e+00 3.536657094955444336e+00 -3.331224441528320312e+00
-9.877723455429077148e-01 3.800867795944213867e+00 -7.623056173324584961e-01
2.155357837677001953e+00 3.167168378829956055e+00 -4.387943267822265625e+00
1.103593781590461731e-02 4.168472766876220703e+00 -3.142476558685302734e+00
3.092897236347198486e-01 3.719319820404052734e+00 -4.697167873382568359e+00
2.384124517440795898e+00 3.822096347808837891e+00 -2.566703557968139648e+00
5.105151653289794922e+00 -8.660315871238708496e-01 -8.891343116760253906e+00
2.949801445007324219e+00 3.244664967060089111e-01 -9.606898307800292969e+00
5.070181846618652344e+00 5.237933397293090820e-01 -8.110608100891113281e+00
3.649926424026489258e+00 5.812649130821228027e-01 -8.967316627502441406e+00
2.529583692550659180e+00 5.160909891128540039e-01 -9.800278663635253906e+00
1.550213694572448730e+00 1.861445069313049316e+00 -9.911771774291992188e+00
3.338579237461090088e-01 3.161823272705078125e+00 -9.156634330749511719e+00
1.148954927921295166e-01 3.013295650482177734e+00 -1.045766258239746094e+01
5.662692546844482422e+00 2.823612451553344727e+00 -4.858846664428710938e+00
6.169644832611083984e+00 1.900771141052246094e+00 -6.089899539947509766e+00
4.709521770477294922e+00 2.718892812728881836e+00 -5.250067234039306641e+00
4.808860778808593750e+00 2.415838241577148438e+00 -5.963222026824951172e+00
6.611263275146484375e+00 3.735337257385253906e+00 -2.713860750198364258e+00
6.591757774353027344e+00 1.293084144592285156e+00 -6.424523830413818359e+00
5.723987102508544922e+00 1.690964937210083008e+00 -6.603793144226074219e+00
4.872087955474853516e+00 1.809173822402954102e+00 -7.038887023925781250e+00
2.745792388916015625e+00 2.878230571746826172e+00 -5.064744472503662109e+00
2.824866056442260742e+00 2.113876581192016602e+00 -7.360771179199218750e+00
2.036175012588500977e+00 2.350021123886108398e+00 -6.812414646148681641e+00
9.833956509828567505e-02 3.313668727874755859e+00 -6.270051956176757812e+00
2.759538888931274414e-01 2.972663164138793945e+00 -7.757605075836181641e+00
3.062319457530975342e-01 3.044317245483398438e+00 -8.136749267578125000e+00
-3.297388792037963867e+00 3.403568744659423828e+00 -2.582948446273803711e+00
-5.633126258850097656e+00 3.075501441955566406e+00 -7.730323791503906250e+00
-4.808561801910400391e+00 3.494711637496948242e+00 -7.633900165557861328e+00
-4.257942676544189453e+00 3.357686042785644531e+00 -6.673586368560791016e+00
-2.169116497039794922e+00 3.292801856994628906e+00 -2.286667376756668091e-01
-1.890185713768005371e+00 3.757429361343383789e+00 -1.353273391723632812e+00
-1.528130054473876953e+00 4.101803779602050781e+00 -2.467869758605957031e+00
-1.353447556495666504e+00 4.399585723876953125e+00 -3.692786693572998047e+00
-1.181871891021728516e+00 4.408964633941650391e+00 -4.986383438110351562e+00
-4.800604820251464844e+00 4.096545219421386719e+00 -8.500519752502441406e+00
-4.503774642944335938e+00 4.573868751525878906e+00 -9.020767211914062500e+00
-1.979734182357788086e+00 4.472785949707031250e+00 -7.509669780731201172e+00
-3.348626136779785156e+00 4.471574783325195312e+00 -8.329213142395019531e+00
-1.538479685783386230e+00 3.664581298828125000e+00 -1.119798374176025391e+01
-1.225906491279602051e+00 3.519151210784912109e+00 -1.106260871887207031e+01
-3.825217008590698242e+00 4.868586540222167969e+00 -1.070211315155029297e+01
-2.045789480209350586e+00 4.192646503448486328e+00 -9.848656654357910156e+00
-3.091298043727874756e-01 3.491776704788208008e+00 -9.965505599975585938e+00
-2.159168004989624023e+00 4.567687034606933594e+00 -6.119060039520263672e+00
5.288806915283203125e+00 3.179490327835083008e+00 2.341740608215332031e+00
6.047760486602783203e+00 3.104978084564208984e+00 1.773718953132629395e+00
1.970635414123535156e+00 7.166612148284912109e-01 -1.028739643096923828e+01
-5.141882300376892090e-01 2.805792808532714844e+00 -1.161516857147216797e+01
4.446586072444915771e-01 2.535963058471679688e+00 -1.076905727386474609e+01
