8.079148101806640625e+01 -2.456040649414062500e+02 -1.416657348632812500e+03
8.404367065429687500e+01 -2.261952362060546875e+02 -1.410898681640625000e+03
8.355944824218750000e+01 -2.254056243896484375e+02 -1.416097656250000000e+03
7.726624298095703125e+01 -2.214797363281250000e+02 -1.392847534179687500e+03
7.974950408935546875e+01 -2.319719848632812500e+02 -1.433907592773437500e+03
7.626541137695312500e+01 -2.218853759765625000e+02 -1.392541137695312500e+03
6.740789031982421875e+01 -2.142179565429687500e+02 -1.372826904296875000e+03
-6.677530670166015625e+01 -2.436322784423828125e+02 -1.413824584960937500e+03
7.498842620849609375e+01 -2.272992095947265625e+02 -1.399095336914062500e+03
5.927677917480468750e+01 -2.125964355468750000e+02 -1.364418334960937500e+03
-5.511710357666015625e+01 -2.430803833007812500e+02 -1.406546630859375000e+03
6.720906829833984375e+01 -2.375596160888671875e+02 -1.442581420898437500e+03
6.693575286865234375e+01 -2.198291931152343750e+02 -1.377692382812500000e+03
5.426852035522460938e+01 -2.125965118408203125e+02 -1.359714843750000000e+03
-3.842900466918945312e+01 -2.503765258789062500e+02 -1.423344848632812500e+03
-3.964855957031250000e+01 -2.404368896484375000e+02 -1.539594238281250000e+03
5.155304336547851562e+01 -2.310148620605468750e+02 -1.464078247070312500e+03
5.198293304443359375e+01 -2.394631500244140625e+02 -1.424017333984375000e+03
-4.491225814819335938e+01 -2.409238586425781250e+02 -1.466813598632812500e+03
-4.031483078002929688e+01 -2.528937530517578125e+02 -1.439137084960937500e+03
-5.643457031250000000e+01 -2.094378814697265625e+02 -1.352326171875000000e+03
-3.684939575195312500e+01 -2.370296783447265625e+02 -1.528169677734375000e+03
4.135908126831054688e+01 -2.299826965332031250e+02 -1.465897338867187500e+03
4.314203643798828125e+01 -2.387306518554687500e+02 -1.434811157226562500e+03
-4.413256835937500000e+01 -2.391752929687500000e+02 -1.464691162109375000e+03
-3.842908096313476562e+01 -2.497937469482421875e+02 -1.440383911132812500e+03
-5.773584747314453125e+01 -2.089212036132812500e+02 -1.353158569335937500e+03
-3.490283966064453125e+01 -2.397016296386718750e+02 -1.533101318359375000e+03
5.331431579589843750e+01 -2.270264739990234375e+02 -1.484622192382812500e+03
3.393059158325195312e+01 -2.375144500732421875e+02 -1.437541870117187500e+03
-4.456681823730468750e+01 -2.340932464599609375e+02 -1.475730468750000000e+03
-3.905867767333984375e+01 -2.431295166015625000e+02 -1.458191528320312500e+03
-3.100957870483398438e+01 -2.492408752441406250e+02 -1.435704101562500000e+03
-5.327435302734375000e+01 -2.171981658935546875e+02 -1.353496826171875000e+03
-2.471118927001953125e+01 -2.354597473144531250e+02 -1.528001831054687500e+03
5.109167861938476562e+01 -2.279305877685546875e+02 -1.489935180664062500e+03
2.738911437988281250e+01 -2.255749816894531250e+02 -1.467255737304687500e+03
2.080049514770507812e+01 -2.401026763916015625e+02 -1.428987915039062500e+03
-4.374758148193359375e+01 -2.329533996582031250e+02 -1.473940063476562500e+03
-4.410574722290039062e+01 -2.352284851074218750e+02 -1.461162109375000000e+03
-2.452556037902832031e+01 -2.467928619384765625e+02 -1.453356201171875000e+03
-2.398653602600097656e+01 -2.452034301757812500e+02 -1.425135375976562500e+03
-7.280729770660400391e+00 -2.456549530029296875e+02 -1.414907958984375000e+03
-1.199783992767333984e+01 -2.400269165039062500e+02 -1.527424072265625000e+03
-3.290979003906250000e+01 -2.416626739501953125e+02 -1.517574951171875000e+03
4.665723419189453125e+01 -2.298531646728515625e+02 -1.487195312500000000e+03
3.231438064575195312e+01 -2.255149688720703125e+02 -1.476620117187500000e+03
1.372924041748046875e+01 -2.264464721679687500e+02 -1.455353881835937500e+03
8.004528999328613281e+00 -2.456632080078125000e+02 -1.415583740234375000e+03
-4.222835159301757812e+01 -2.291032257080078125e+02 -1.464439697265625000e+03
-2.536406326293945312e+01 -2.443427886962890625e+02 -1.467600463867187500e+03
-1.893127250671386719e+01 -2.437468261718750000e+02 -1.427559936523437500e+03
-1.836595726013183594e+01 -2.354290618896484375e+02 -1.419201171875000000e+03
4.365348434448242188e+01 -2.355320587158203125e+02 -1.504329101562500000e+03
-7.219948768615722656e+00 -2.414733734130859375e+02 -1.532041625976562500e+03
-1.489988708496093750e+01 -2.300473632812500000e+02 -1.522144409179687500e+03
-3.254212188720703125e+01 -2.433853912353515625e+02 -1.507945678710937500e+03
3.714844894409179688e+01 -2.305935363769531250e+02 -1.486829101562500000e+03
1.401219272613525391e+01 -2.246928100585937500e+02 -1.466407836914062500e+03
-1.947974443435668945e+00 -2.344614868164062500e+02 -1.438205444335937500e+03
-3.786288070678710938e+01 -2.391185150146484375e+02 -1.474357666015625000e+03
-2.689533615112304688e+01 -2.359526062011718750e+02 -1.475706420898437500e+03
-1.505916786193847656e+01 -2.395885314941406250e+02 -1.439606567382812500e+03
-2.030266952514648438e+01 -2.255366821289062500e+02 -1.418364868164062500e+03
3.893722534179687500e+01 -2.360549926757812500e+02 -1.500148193359375000e+03
-4.570141315460205078e+00 -2.381899719238281250e+02 -1.527771606445312500e+03
-2.122557067871093750e+01 -2.357052459716796875e+02 -1.512203125000000000e+03
3.585084533691406250e+01 -2.344394683837890625e+02 -1.486832275390625000e+03
4.464252471923828125e+00 -2.280407867431640625e+02 -1.456501220703125000e+03
-5.980830669403076172e+00 -2.380390472412109375e+02 -1.429595947265625000e+03
-2.598156547546386719e+01 -2.336393585205078125e+02 -1.477717529296875000e+03
-1.530958461761474609e+01 -2.399722442626953125e+02 -1.446784912109375000e+03
-1.851351165771484375e+01 -2.245027313232421875e+02 -1.419876220703125000e+03
-1.806470108032226562e+01 -2.279966125488281250e+02 -1.411750488281250000e+03
3.776313400268554688e+01 -2.371155395507812500e+02 -1.495145751953125000e+03
-2.938354492187500000e+00 -2.386357116699218750e+02 -1.524418212890625000e+03
-1.892510986328125000e+01 -2.349838409423828125e+02 -1.518016479492187500e+03
-2.191607856750488281e+01 -2.365443878173828125e+02 -1.502495239257812500e+03
1.699109649658203125e+01 -2.453877868652343750e+02 -1.486763916015625000e+03
-4.981623649597167969e+00 -2.324146423339843750e+02 -1.464927001953125000e+03
-1.612823486328125000e+00 -2.328347778320312500e+02 -1.432990966796875000e+03
-1.735617637634277344e+01 -2.324464569091796875e+02 -1.480740112304687500e+03
-1.491241741180419922e+01 -2.338475952148437500e+02 -1.459258178710937500e+03
-1.000696659088134766e+01 -2.292295379638671875e+02 -1.423102050781250000e+03
-8.662672996520996094e+00 -2.282730560302734375e+02 -1.414866943359375000e+03
2.175649261474609375e+01 -2.369285430908203125e+02 -1.526729736328125000e+03
2.536247444152832031e+01 -2.412850799560546875e+02 -1.548971801757812500e+03
3.186150074005126953e+00 -2.379088287353515625e+02 -1.526878662109375000e+03
-4.842616081237792969e+00 -2.367692565917968750e+02 -1.515932250976562500e+03
-2.033187866210937500e+01 -2.352678222656250000e+02 -1.507154907226562500e+03
1.167251873016357422e+01 -2.479809265136718750e+02 -1.490148803710937500e+03
-4.121551036834716797e+00 -2.315120239257812500e+02 -1.431613403320312500e+03
-1.907908058166503906e+01 -2.317495269775390625e+02 -1.483335327148437500e+03
-1.389381694793701172e+01 -2.248387298583984375e+02 -1.419226806640625000e+03
1.757971572875976562e+01 -2.368415374755859375e+02 -1.531947021484375000e+03
1.547024059295654297e+01 -2.465535583496093750e+02 -1.505934082031250000e+03
9.742345809936523438e+00 -2.362528076171875000e+02 -1.547444702148437500e+03
7.691865444183349609e+00 -2.389551544189453125e+02 -1.528620483398437500e+03
5.254401683807373047e+00 -2.463310852050781250e+02 -1.514078979492187500e+03
-1.006830406188964844e+01 -2.365605010986328125e+02 -1.506713867187500000e+03
4.848055362701416016e+00 -2.474814605712890625e+02 -1.492249755859375000e+03
-1.466492271423339844e+01 -2.364313812255859375e+02 -1.490868774414062500e+03
1.551146411895751953e+01 -2.399243469238281250e+02 -1.524670166015625000e+03
2.251904964447021484e+00 -2.452395324707031250e+02 -1.512345214843750000e+03
-1.159385395050048828e+01 -2.376562500000000000e+02 -1.502800170898437500e+03
-5.057360529899597168e-01 -2.463856048583984375e+02 -1.493763671875000000e+03
-5.219573020935058594e+00 -2.449700775146484375e+02 -1.504318969726562500e+03
