8.150635528564453125e+01 -2.461163635253906250e+02 -1.416223754882812500e+03
8.427516937255859375e+01 -2.260835876464843750e+02 -1.410733764648437500e+03
8.393342590332031250e+01 -2.250558013916015625e+02 -1.416033935546875000e+03
7.771186828613281250e+01 -2.211900787353515625e+02 -1.393019287109375000e+03
7.977931976318359375e+01 -2.312059173583984375e+02 -1.434239013671875000e+03
7.668701934814453125e+01 -2.214946289062500000e+02 -1.392706176757812500e+03
6.770967864990234375e+01 -2.137367248535156250e+02 -1.372928100585937500e+03
-6.606753540039062500e+01 -2.427097930908203125e+02 -1.414398315429687500e+03
7.510644531250000000e+01 -2.279199523925781250e+02 -1.398742187500000000e+03
5.961151885986328125e+01 -2.122530975341796875e+02 -1.364393798828125000e+03
-5.559245681762695312e+01 -2.421972503662109375e+02 -1.406776000976562500e+03
6.693640899658203125e+01 -2.370136718750000000e+02 -1.442856323242187500e+03
6.705393218994140625e+01 -2.199046630859375000e+02 -1.377678466796875000e+03
5.445547103881835938e+01 -2.123466949462890625e+02 -1.359840454101562500e+03
-3.846821212768554688e+01 -2.500685119628906250e+02 -1.423270874023437500e+03
-3.933474349975585938e+01 -2.402670898437500000e+02 -1.539499145507812500e+03
5.231225585937500000e+01 -2.328947296142578125e+02 -1.463876708984375000e+03
5.043563461303710938e+01 -2.373362731933593750e+02 -1.424488159179687500e+03
-4.576475906372070312e+01 -2.414428863525390625e+02 -1.467241577148437500e+03
-4.145013427734375000e+01 -2.532971191406250000e+02 -1.438782836914062500e+03
-5.608234405517578125e+01 -2.088842468261718750e+02 -1.352488769531250000e+03
-3.708772277832031250e+01 -2.367271423339843750e+02 -1.529244750976562500e+03
4.207444000244140625e+01 -2.317824554443359375e+02 -1.465471801757812500e+03
4.233378601074218750e+01 -2.389543609619140625e+02 -1.435051025390625000e+03
-4.485994338989257812e+01 -2.399977111816406250e+02 -1.465060913085937500e+03
-3.953144836425781250e+01 -2.500945281982421875e+02 -1.440060791015625000e+03
-5.736443710327148438e+01 -2.085359039306640625e+02 -1.353261352539062500e+03
-3.499043655395507812e+01 -2.393750000000000000e+02 -1.534005126953125000e+03
5.367974090576171875e+01 -2.271511688232421875e+02 -1.483942871093750000e+03
3.319795608520507812e+01 -2.379946441650390625e+02 -1.438655883789062500e+03
-4.557639312744140625e+01 -2.353032226562500000e+02 -1.476136596679687500e+03
-3.987409973144531250e+01 -2.441613616943359375e+02 -1.458766845703125000e+03
-3.148173904418945312e+01 -2.494914245605468750e+02 -1.435883300781250000e+03
-5.321780014038085938e+01 -2.167711486816406250e+02 -1.353662353515625000e+03
-2.528013610839843750e+01 -2.354539947509765625e+02 -1.529314941406250000e+03
5.153174591064453125e+01 -2.276790466308593750e+02 -1.489572631835937500e+03
2.760743331909179688e+01 -2.294613647460937500e+02 -1.463962890625000000e+03
1.993280792236328125e+01 -2.403391113281250000e+02 -1.429289062500000000e+03
-4.484899139404296875e+01 -2.342018280029296875e+02 -1.474168212890625000e+03
-4.492434310913085938e+01 -2.367876129150390625e+02 -1.461541503906250000e+03
-2.589080238342285156e+01 -2.479147491455078125e+02 -1.454129760742187500e+03
-2.423808670043945312e+01 -2.446238861083984375e+02 -1.424907104492187500e+03
-7.581184864044189453e+00 -2.454530334472656250e+02 -1.415284545898437500e+03
-1.336471939086914062e+01 -2.397809448242187500e+02 -1.529136474609375000e+03
-3.330280685424804688e+01 -2.416362762451171875e+02 -1.518763183593750000e+03
4.667881011962890625e+01 -2.297458801269531250e+02 -1.486696533203125000e+03
3.266975402832031250e+01 -2.265494689941406250e+02 -1.475038696289062500e+03
1.195243930816650391e+01 -2.313343200683593750e+02 -1.451569091796875000e+03
7.126848220825195312e+00 -2.448343048095703125e+02 -1.416822265625000000e+03
-4.279764175415039062e+01 -2.308624420166015625e+02 -1.464340332031250000e+03
-2.597785949707031250e+01 -2.459629364013671875e+02 -1.469590454101562500e+03
-2.079541015625000000e+01 -2.432933502197265625e+02 -1.427832885742187500e+03
-1.956550216674804688e+01 -2.351534881591796875e+02 -1.419386718750000000e+03
4.368154144287109375e+01 -2.349217071533203125e+02 -1.504341308593750000e+03
-8.511732101440429688e+00 -2.409673614501953125e+02 -1.533350341796875000e+03
-1.634273147583007812e+01 -2.304755554199218750e+02 -1.524023681640625000e+03
-3.336229705810546875e+01 -2.431292419433593750e+02 -1.508591186523437500e+03
3.698305892944335938e+01 -2.303821716308593750e+02 -1.485794677734375000e+03
1.490470409393310547e+01 -2.301002349853515625e+02 -1.461239746093750000e+03
-4.501949787139892578e+00 -2.361858520507812500e+02 -1.437164428710937500e+03
-3.852416610717773438e+01 -2.405240936279296875e+02 -1.475388427734375000e+03
-2.764143562316894531e+01 -2.382786407470703125e+02 -1.477009277343750000e+03
-1.699573326110839844e+01 -2.399735870361328125e+02 -1.439618041992187500e+03
-2.116387367248535156e+01 -2.250705871582031250e+02 -1.418438964843750000e+03
3.873938369750976562e+01 -2.354936828613281250e+02 -1.499828002929687500e+03
-6.154344558715820312e+00 -2.380939941406250000e+02 -1.529157958984375000e+03
-2.228498077392578125e+01 -2.361603698730468750e+02 -1.513306274414062500e+03
3.568729019165039062e+01 -2.345769958496093750e+02 -1.485631958007812500e+03
2.843978166580200195e+00 -2.321222076416015625e+02 -1.452695922851562500e+03
-8.268743515014648438e+00 -2.374888000488281250e+02 -1.430527221679687500e+03
-2.666054916381835938e+01 -2.359954986572265625e+02 -1.478569213867187500e+03
-1.750229263305664062e+01 -2.408533325195312500e+02 -1.445858520507812500e+03
-1.953515052795410156e+01 -2.239352416992187500e+02 -1.420053222656250000e+03
-1.918507003784179688e+01 -2.280383758544921875e+02 -1.411743774414062500e+03
3.752798461914062500e+01 -2.368047180175781250e+02 -1.494417602539062500e+03
-4.631095886230468750e+00 -2.386390228271484375e+02 -1.525826293945312500e+03
-1.999374389648437500e+01 -2.351047821044921875e+02 -1.519662719726562500e+03
-2.253604888916015625e+01 -2.380042114257812500e+02 -1.502654418945312500e+03
1.937887954711914062e+01 -2.467315063476562500e+02 -1.484129760742187500e+03
-7.123901844024658203e+00 -2.366145782470703125e+02 -1.461171630859375000e+03
-4.339918136596679688e+00 -2.329955902099609375e+02 -1.433574951171875000e+03
-1.777946281433105469e+01 -2.355746917724609375e+02 -1.479956542968750000e+03
-1.755599975585937500e+01 -2.361788177490234375e+02 -1.457693359375000000e+03
-1.150076293945312500e+01 -2.287317047119140625e+02 -1.423653198242187500e+03
-9.695941925048828125e+00 -2.278822937011718750e+02 -1.415215698242187500e+03
2.074973678588867188e+01 -2.367533416748046875e+02 -1.528228393554687500e+03
2.549554634094238281e+01 -2.410187072753906250e+02 -1.548939208984375000e+03
1.410640954971313477e+00 -2.378332672119140625e+02 -1.528100708007812500e+03
-6.847406864166259766e+00 -2.373440246582031250e+02 -1.517348022460937500e+03
-2.107409858703613281e+01 -2.364882965087890625e+02 -1.507573852539062500e+03
1.399065876007080078e+01 -2.488580169677734375e+02 -1.487917602539062500e+03
-6.485539913177490234e+00 -2.313906250000000000e+02 -1.432288818359375000e+03
-1.989725494384765625e+01 -2.347498931884765625e+02 -1.482773193359375000e+03
-1.513389873504638672e+01 -2.241782379150390625e+02 -1.419499389648437500e+03
1.633068084716796875e+01 -2.366419982910156250e+02 -1.533317504882812500e+03
1.595502567291259766e+01 -2.469826660156250000e+02 -1.506167724609375000e+03
9.377436637878417969e+00 -2.358181457519531250e+02 -1.548571899414062500e+03
6.297995090484619141e+00 -2.388465881347656250e+02 -1.529983032226562500e+03
3.209790229797363281e+00 -2.463262329101562500e+02 -1.514849121093750000e+03
-1.107490730285644531e+01 -2.374060516357421875e+02 -1.505825927734375000e+03
7.904274463653564453e+00 -2.485662841796875000e+02 -1.489843505859375000e+03
-1.572993946075439453e+01 -2.387941436767578125e+02 -1.490819091796875000e+03
1.423768997192382812e+01 -2.397129516601562500e+02 -1.525903198242187500e+03
-3.116475977003574371e-02 -2.454206237792968750e+02 -1.513263305664062500e+03
-1.241919994354248047e+01 -2.395298309326171875e+02 -1.501368652343750000e+03
2.192588150501251221e-01 -2.479272003173828125e+02 -1.491612182617187500e+03
-5.887604236602783203e+00 -2.453080596923828125e+02 -1.503523193359375000e+03
