8.081430053710937500e+01 -2.454585418701171875e+02 -1.416621826171875000e+03
8.424676513671875000e+01 -2.259951324462890625e+02 -1.410887939453125000e+03
8.382384490966796875e+01 -2.252509918212890625e+02 -1.416192871093750000e+03
7.744802856445312500e+01 -2.214283752441406250e+02 -1.392906005859375000e+03
7.996327209472656250e+01 -2.320342559814453125e+02 -1.434303100585937500e+03
7.644503784179687500e+01 -2.218357849121093750e+02 -1.392599487304687500e+03
6.752828216552734375e+01 -2.140641479492187500e+02 -1.372847900390625000e+03
-6.645051574707031250e+01 -2.431970214843750000e+02 -1.414015502929687500e+03
7.502626037597656250e+01 -2.272127075195312500e+02 -1.398998046875000000e+03
5.934793090820312500e+01 -2.124617462158203125e+02 -1.364420288085937500e+03
-5.514181137084960938e+01 -2.430894012451171875e+02 -1.406496582031250000e+03
6.756887817382812500e+01 -2.370388946533203125e+02 -1.442918090820312500e+03
6.693350982666015625e+01 -2.195910644531250000e+02 -1.377780151367187500e+03
5.431135177612304688e+01 -2.125055084228515625e+02 -1.359770874023437500e+03
-3.872018051147460938e+01 -2.502384490966796875e+02 -1.423480224609375000e+03
-3.940961074829101562e+01 -2.402736511230468750e+02 -1.539725341796875000e+03
5.196518707275390625e+01 -2.306050872802734375e+02 -1.464455444335937500e+03
5.233898544311523438e+01 -2.393926544189453125e+02 -1.424252685546875000e+03
-4.541945266723632812e+01 -2.412556610107421875e+02 -1.466816284179687500e+03
-4.075728988647460938e+01 -2.530330657958984375e+02 -1.439063354492187500e+03
-5.634240341186523438e+01 -2.093160705566406250e+02 -1.352343627929687500e+03
-3.733669662475585938e+01 -2.367291259765625000e+02 -1.529126586914062500e+03
4.202655410766601562e+01 -2.294513244628906250e+02 -1.466727416992187500e+03
4.356093215942382812e+01 -2.388569030761718750e+02 -1.435597412109375000e+03
-4.461998748779296875e+01 -2.395453186035156250e+02 -1.464680664062500000e+03
-3.884608078002929688e+01 -2.499524536132812500e+02 -1.440334228515625000e+03
-5.763850021362304688e+01 -2.087931213378906250e+02 -1.353165405273437500e+03
-3.520185852050781250e+01 -2.394243469238281250e+02 -1.533873779296875000e+03
5.336152648925781250e+01 -2.270220336914062500e+02 -1.484421630859375000e+03
3.441787338256835938e+01 -2.372907104492187500e+02 -1.438537109375000000e+03
-4.524316787719726562e+01 -2.342607116699218750e+02 -1.475695556640625000e+03
-3.955952835083007812e+01 -2.435253448486328125e+02 -1.458190795898437500e+03
-3.129956817626953125e+01 -2.490321350097656250e+02 -1.435798706054687500e+03
-5.320886993408203125e+01 -2.169992370605468750e+02 -1.353561279296875000e+03
-2.537395286560058594e+01 -2.352171173095703125e+02 -1.529350585937500000e+03
5.111649322509765625e+01 -2.280157165527343750e+02 -1.489727905273437500e+03
2.824699783325195312e+01 -2.246536865234375000e+02 -1.468867187500000000e+03
2.103511428833007812e+01 -2.398957824707031250e+02 -1.430041137695312500e+03
-4.440068817138671875e+01 -2.331487426757812500e+02 -1.473944702148437500e+03
-4.455901336669921875e+01 -2.356083831787109375e+02 -1.461157836914062500e+03
-2.505807876586914062e+01 -2.469260711669921875e+02 -1.453558471679687500e+03
-2.398413658142089844e+01 -2.448229370117187500e+02 -1.425141113281250000e+03
-6.947430610656738281e+00 -2.456075592041015625e+02 -1.414956298828125000e+03
-1.271241474151611328e+01 -2.395946655273437500e+02 -1.529349975585937500e+03
-3.381640243530273438e+01 -2.414465942382812500e+02 -1.518650634765625000e+03
4.685383224487304688e+01 -2.298020935058593750e+02 -1.487328002929687500e+03
3.298460769653320312e+01 -2.249917907714843750e+02 -1.477617065429687500e+03
1.394557857513427734e+01 -2.258773040771484375e+02 -1.456835205078125000e+03
8.228364944458007812e+00 -2.456577758789062500e+02 -1.415830810546875000e+03
-4.269422912597656250e+01 -2.294318542480468750e+02 -1.464608032226562500e+03
-2.596867942810058594e+01 -2.444137573242187500e+02 -1.468077392578125000e+03
-1.880953598022460938e+01 -2.435228118896484375e+02 -1.427702026367187500e+03
-1.826248741149902344e+01 -2.353573455810546875e+02 -1.419217407226562500e+03
4.405579376220703125e+01 -2.352657470703125000e+02 -1.505082397460937500e+03
-7.716508865356445312e+00 -2.411306152343750000e+02 -1.533832519531250000e+03
-1.563475131988525391e+01 -2.296214447021484375e+02 -1.524171997070312500e+03
-3.350843429565429688e+01 -2.432321014404296875e+02 -1.509191406250000000e+03
3.786005401611328125e+01 -2.301814727783203125e+02 -1.487596679687500000e+03
1.464122581481933594e+01 -2.236766204833984375e+02 -1.468038818359375000e+03
-1.868392229080200195e+00 -2.345479278564453125e+02 -1.439039916992187500e+03
-3.863997268676757812e+01 -2.392073059082031250e+02 -1.474599853515625000e+03
-2.773178291320800781e+01 -2.359271697998046875e+02 -1.476198974609375000e+03
-1.511927032470703125e+01 -2.396655578613281250e+02 -1.439983520507812500e+03
-2.029225540161132812e+01 -2.255842590332031250e+02 -1.418387084960937500e+03
3.947665786743164062e+01 -2.357784881591796875e+02 -1.500994995117187500e+03
-4.997269630432128906e+00 -2.377130584716796875e+02 -1.529880126953125000e+03
-2.204274940490722656e+01 -2.352538452148437500e+02 -1.513869140625000000e+03
3.659219360351562500e+01 -2.340322418212890625e+02 -1.487705810546875000e+03
4.635085582733154297e+00 -2.275252227783203125e+02 -1.457840576171875000e+03
-5.687261104583740234e+00 -2.380488281250000000e+02 -1.429856079101562500e+03
-2.667542266845703125e+01 -2.334831848144531250e+02 -1.478382080078125000e+03
-1.554309749603271484e+01 -2.400622406005859375e+02 -1.447293945312500000e+03
-1.845451736450195312e+01 -2.245264739990234375e+02 -1.419906616210937500e+03
-1.824613189697265625e+01 -2.281252288818359375e+02 -1.411692260742187500e+03
3.844093322753906250e+01 -2.368325958251953125e+02 -1.496062011718750000e+03
-3.314665317535400391e+00 -2.381212768554687500e+02 -1.526548339843750000e+03
-1.983403587341308594e+01 -2.346233825683593750e+02 -1.519812744140625000e+03
-2.280616950988769531e+01 -2.360442047119140625e+02 -1.503856323242187500e+03
1.780702781677246094e+01 -2.446877288818359375e+02 -1.488102783203125000e+03
-4.973995208740234375e+00 -2.322050170898437500e+02 -1.465752441406250000e+03
-1.401007771492004395e+00 -2.329603881835937500e+02 -1.433441772460937500e+03
-1.803257942199707031e+01 -2.321031951904296875e+02 -1.481806762695312500e+03
-1.509291172027587891e+01 -2.338815155029296875e+02 -1.460051513671875000e+03
-9.873657226562500000e+00 -2.292208251953125000e+02 -1.423247558593750000e+03
-8.539610862731933594e+00 -2.282859954833984375e+02 -1.414915893554687500e+03
2.194742393493652344e+01 -2.362006835937500000e+02 -1.528761230468750000e+03
2.547719573974609375e+01 -2.411332397460937500e+02 -1.549067504882812500e+03
3.009273290634155273e+00 -2.373388214111328125e+02 -1.529071411132812500e+03
-5.222568988800048828e+00 -2.362033996582031250e+02 -1.518039916992187500e+03
-2.105475807189941406e+01 -2.347593383789062500e+02 -1.508801025390625000e+03
1.247482109069824219e+01 -2.473343200683593750e+02 -1.491317260742187500e+03
-3.889092922210693359e+00 -2.316014862060546875e+02 -1.432140625000000000e+03
-1.980008316040039062e+01 -2.313211364746093750e+02 -1.484289062500000000e+03
-1.379488849639892578e+01 -2.247828063964843750e+02 -1.419270385742187500e+03
1.764148521423339844e+01 -2.360951080322265625e+02 -1.533988647460937500e+03
1.610256767272949219e+01 -2.458071136474609375e+02 -1.507515625000000000e+03
9.492870330810546875e+00 -2.359021148681640625e+02 -1.548534667968750000e+03
7.543940067291259766e+00 -2.382890319824218750e+02 -1.530809814453125000e+03
5.205235481262207031e+00 -2.456697082519531250e+02 -1.515957885742187500e+03
-1.055925750732421875e+01 -2.358749389648437500e+02 -1.508455932617187500e+03
5.322804927825927734e+00 -2.468099822998046875e+02 -1.493337646484375000e+03
-1.547979927062988281e+01 -2.357733459472656250e+02 -1.492103393554687500e+03
1.551523017883300781e+01 -2.391875915527343750e+02 -1.526712768554687500e+03
2.219214677810668945e+00 -2.445681915283203125e+02 -1.514266235351562500e+03
-1.220582389831542969e+01 -2.369523162841796875e+02 -1.504459594726562500e+03
-6.219666600227355957e-01 -2.457398376464843750e+02 -1.494952392578125000e+03
-5.492475032806396484e+00 -2.442943725585937500e+02 -1.505899414062500000e+03
