8.133358764648437500e+01 -2.459007568359375000e+02 -1.416517944335937500e+03
8.438937377929687500e+01 -2.260272216796875000e+02 -1.410843261718750000e+03
8.399467468261718750e+01 -2.250265655517578125e+02 -1.416131103515625000e+03
7.775216674804687500e+01 -2.211843109130859375e+02 -1.393098510742187500e+03
7.980830383300781250e+01 -2.312780609130859375e+02 -1.434291503906250000e+03
7.672883605957031250e+01 -2.215121459960937500e+02 -1.392781250000000000e+03
6.777680206298828125e+01 -2.136808319091796875e+02 -1.372998291015625000e+03
-6.603783416748046875e+01 -2.426631164550781250e+02 -1.414443115234375000e+03
7.511656951904296875e+01 -2.278738861083984375e+02 -1.398852661132812500e+03
5.968573760986328125e+01 -2.122597351074218750e+02 -1.364439575195312500e+03
-5.554068756103515625e+01 -2.422928161621093750e+02 -1.406705200195312500e+03
6.737374114990234375e+01 -2.368889465332031250e+02 -1.442870361328125000e+03
6.703044128417968750e+01 -2.197694702148437500e+02 -1.377771972656250000e+03
5.450721740722656250e+01 -2.123061523437500000e+02 -1.359918212890625000e+03
-3.862680435180664062e+01 -2.502583923339843750e+02 -1.423374267578125000e+03
-3.929916000366210938e+01 -2.402670288085937500e+02 -1.539537597656250000e+03
5.218713760375976562e+01 -2.325434417724609375e+02 -1.463910034179687500e+03
5.096094894409179688e+01 -2.377474365234375000e+02 -1.424118774414062500e+03
-4.595751190185546875e+01 -2.414527282714843750e+02 -1.467332763671875000e+03
-4.153430938720703125e+01 -2.534261322021484375e+02 -1.438675537109375000e+03
-5.605399322509765625e+01 -2.088491058349609375e+02 -1.352558593750000000e+03
-3.733676147460937500e+01 -2.367322387695312500e+02 -1.529443115234375000e+03
4.179227447509765625e+01 -2.313854370117187500e+02 -1.465558593750000000e+03
4.229290008544921875e+01 -2.388989562988281250e+02 -1.434844848632812500e+03
-4.504361724853515625e+01 -2.399874420166015625e+02 -1.465156738281250000e+03
-3.963097000122070312e+01 -2.502403564453125000e+02 -1.439970581054687500e+03
-5.734861373901367188e+01 -2.084962463378906250e+02 -1.353329956054687500e+03
-3.519056701660156250e+01 -2.393674926757812500e+02 -1.534145141601562500e+03
5.368588638305664062e+01 -2.270561523437500000e+02 -1.484098388671875000e+03
3.298845291137695312e+01 -2.378394775390625000e+02 -1.438385253906250000e+03
-4.572929000854492188e+01 -2.351965789794921875e+02 -1.476155883789062500e+03
-4.010959625244140625e+01 -2.441107482910156250e+02 -1.458848144531250000e+03
-3.163680458068847656e+01 -2.494488983154296875e+02 -1.435842407226562500e+03
-5.320550537109375000e+01 -2.167259368896484375e+02 -1.353732543945312500e+03
-2.559893608093261719e+01 -2.354689941406250000e+02 -1.529536132812500000e+03
5.146013641357421875e+01 -2.276201019287109375e+02 -1.489717651367187500e+03
2.713364028930664062e+01 -2.290180206298828125e+02 -1.464255615234375000e+03
1.978450202941894531e+01 -2.402205200195312500e+02 -1.429228515625000000e+03
-4.499916076660156250e+01 -2.340899505615234375e+02 -1.474212524414062500e+03
-4.504668807983398438e+01 -2.367036743164062500e+02 -1.461543457031250000e+03
-2.630878257751464844e+01 -2.477161712646484375e+02 -1.454105224609375000e+03
-2.420949172973632812e+01 -2.447608184814453125e+02 -1.424923950195312500e+03
-7.446634769439697266e+00 -2.452375183105468750e+02 -1.415228027343750000e+03
-1.378424167633056641e+01 -2.397960052490234375e+02 -1.529373168945312500e+03
-3.368499755859375000e+01 -2.416313323974609375e+02 -1.518981811523437500e+03
4.660910415649414062e+01 -2.295782623291015625e+02 -1.486916503906250000e+03
3.233193206787109375e+01 -2.261941223144531250e+02 -1.475434326171875000e+03
1.152800941467285156e+01 -2.308841247558593750e+02 -1.451685546875000000e+03
7.082821846008300781e+00 -2.447149353027343750e+02 -1.416738525390625000e+03
-4.296770858764648438e+01 -2.307489318847656250e+02 -1.464419433593750000e+03
-2.651694869995117188e+01 -2.457304382324218750e+02 -1.469732788085937500e+03
-2.058275794982910156e+01 -2.431718292236328125e+02 -1.427631835937500000e+03
-1.950839233398437500e+01 -2.350077209472656250e+02 -1.419253540039062500e+03
4.365320587158203125e+01 -2.347953948974609375e+02 -1.504417968750000000e+03
-8.891491889953613281e+00 -2.409851531982421875e+02 -1.533552856445312500e+03
-1.680865669250488281e+01 -2.305048065185546875e+02 -1.524319580078125000e+03
-3.375079727172851562e+01 -2.431119079589843750e+02 -1.508859863281250000e+03
3.677348327636718750e+01 -2.300871887207031250e+02 -1.486076293945312500e+03
1.423682308197021484e+01 -2.296264495849609375e+02 -1.461625976562500000e+03
-4.501554012298583984e+00 -2.358130187988281250e+02 -1.437084960937500000e+03
-3.884453201293945312e+01 -2.404405517578125000e+02 -1.475460937500000000e+03
-2.809707260131835938e+01 -2.381208343505859375e+02 -1.477094970703125000e+03
-1.697409439086914062e+01 -2.396225585937500000e+02 -1.439467773437500000e+03
-2.111903381347656250e+01 -2.250089263916015625e+02 -1.418316284179687500e+03
3.866266250610351562e+01 -2.352706298828125000e+02 -1.499968017578125000e+03
-6.570715427398681641e+00 -2.381120910644531250e+02 -1.529367553710937500e+03
-2.272949790954589844e+01 -2.361713409423828125e+02 -1.513504028320312500e+03
3.547484207153320312e+01 -2.342519683837890625e+02 -1.485896606445312500e+03
2.481019973754882812e+00 -2.317253265380859375e+02 -1.452769775390625000e+03
-8.107640266418457031e+00 -2.373763885498046875e+02 -1.430340698242187500e+03
-2.712046623229980469e+01 -2.358106231689453125e+02 -1.478738525390625000e+03
-1.768762969970703125e+01 -2.405298461914062500e+02 -1.445713623046875000e+03
-1.944873237609863281e+01 -2.239208679199218750e+02 -1.419924560546875000e+03
-1.926355171203613281e+01 -2.279650421142578125e+02 -1.411623535156250000e+03
3.739687728881835938e+01 -2.365254821777343750e+02 -1.494605468750000000e+03
-5.049363136291503906e+00 -2.386498260498046875e+02 -1.526028198242187500e+03
-2.049261283874511719e+01 -2.351420288085937500e+02 -1.519938964843750000e+03
-2.308867263793945312e+01 -2.379307250976562500e+02 -1.502800292968750000e+03
1.880100440979003906e+01 -2.461893768310546875e+02 -1.484349487304687500e+03
-7.458323001861572266e+00 -2.361419372558593750e+02 -1.461302368164062500e+03
-4.237357139587402344e+00 -2.327766265869140625e+02 -1.433360839843750000e+03
-1.833959388732910156e+01 -2.352973327636718750e+02 -1.480178100585937500e+03
-1.777164268493652344e+01 -2.357485961914062500e+02 -1.457704711914062500e+03
-1.137745857238769531e+01 -2.286731567382812500e+02 -1.423499145507812500e+03
-9.710591316223144531e+00 -2.278763732910156250e+02 -1.415092285156250000e+03
2.047292900085449219e+01 -2.366653442382812500e+02 -1.528286376953125000e+03
2.550316238403320312e+01 -2.410520172119140625e+02 -1.548989379882812500e+03
1.030492782592773438e+00 -2.378123321533203125e+02 -1.528317260742187500e+03
-7.292545318603515625e+00 -2.373563995361328125e+02 -1.517518066406250000e+03
-2.158702659606933594e+01 -2.364413299560546875e+02 -1.507759521484375000e+03
1.337253856658935547e+01 -2.482795562744140625e+02 -1.488193847656250000e+03
-6.341688156127929688e+00 -2.311324768066406250e+02 -1.432080566406250000e+03
-2.036401367187500000e+01 -2.344496917724609375e+02 -1.482902465820312500e+03
-1.502510070800781250e+01 -2.242032012939453125e+02 -1.419361572265625000e+03
1.598616123199462891e+01 -2.365800781250000000e+02 -1.533445800781250000e+03
1.551158237457275391e+01 -2.466570434570312500e+02 -1.506263183593750000e+03
9.204492568969726562e+00 -2.357941741943359375e+02 -1.548715087890625000e+03
5.892539024353027344e+00 -2.388000030517578125e+02 -1.530162719726562500e+03
2.824299335479736328e+00 -2.463179168701171875e+02 -1.514978881835937500e+03
-1.149396705627441406e+01 -2.373751831054687500e+02 -1.505955322265625000e+03
7.312864303588867188e+00 -2.480034790039062500e+02 -1.490054809570312500e+03
-1.623115539550781250e+01 -2.385739593505859375e+02 -1.490874267578125000e+03
1.384399414062500000e+01 -2.396641235351562500e+02 -1.526025146484375000e+03
-4.131819605827331543e-01 -2.453972778320312500e+02 -1.513398681640625000e+03
-1.290578746795654297e+01 -2.394342346191406250e+02 -1.501513793945312500e+03
-1.967947483062744141e-01 -2.475383148193359375e+02 -1.491617919921875000e+03
-6.233835697174072266e+00 -2.452039337158203125e+02 -1.503575927734375000e+03
