8.167473602294921875e+01 -2.470235290527343750e+02 -1.415120117187500000e+03
8.411058807373046875e+01 -2.259238281250000000e+02 -1.410981079101562500e+03
8.378168487548828125e+01 -2.248917541503906250e+02 -1.416203491210937500e+03
7.761128997802734375e+01 -2.210839691162109375e+02 -1.393054443359375000e+03
7.960489654541015625e+01 -2.317251129150390625e+02 -1.434092163085937500e+03
7.665898132324218750e+01 -2.215341339111328125e+02 -1.392799316406250000e+03
6.760594940185546875e+01 -2.136796112060546875e+02 -1.373034057617187500e+03
-6.616416168212890625e+01 -2.426000518798828125e+02 -1.414366699218750000e+03
7.535791015625000000e+01 -2.277347259521484375e+02 -1.398755371093750000e+03
5.951831054687500000e+01 -2.122498626708984375e+02 -1.364522460937500000e+03
-5.535446166992187500e+01 -2.423594055175781250e+02 -1.406517578125000000e+03
6.675878143310546875e+01 -2.349622039794921875e+02 -1.444908813476562500e+03
6.729966735839843750e+01 -2.196019744873046875e+02 -1.377682861328125000e+03
5.459259033203125000e+01 -2.122973175048828125e+02 -1.359915161132812500e+03
-3.842284393310546875e+01 -2.501524658203125000e+02 -1.423253051757812500e+03
-3.908540725708007812e+01 -2.397970733642578125e+02 -1.539793334960937500e+03
5.172636413574218750e+01 -2.287421722412109375e+02 -1.465550292968750000e+03
5.114210891723632812e+01 -2.362129058837890625e+02 -1.426481811523437500e+03
-4.572194671630859375e+01 -2.418139495849609375e+02 -1.465668212890625000e+03
-4.116539764404296875e+01 -2.529716796875000000e+02 -1.438929443359375000e+03
-5.617111968994140625e+01 -2.088505249023437500e+02 -1.352641967773437500e+03
-3.785091018676757812e+01 -2.364630737304687500e+02 -1.528512695312500000e+03
4.096046066284179688e+01 -2.269341278076171875e+02 -1.467984130859375000e+03
4.149631500244140625e+01 -2.319330902099609375e+02 -1.439275146484375000e+03
-4.496677017211914062e+01 -2.399845428466796875e+02 -1.463643554687500000e+03
-3.966213989257812500e+01 -2.497643280029296875e+02 -1.440091430664062500e+03
-5.755661392211914062e+01 -2.084188385009765625e+02 -1.353335083007812500e+03
-3.548927307128906250e+01 -2.392006530761718750e+02 -1.533195678710937500e+03
5.412291336059570312e+01 -2.267995452880859375e+02 -1.484823730468750000e+03
3.296262741088867188e+01 -2.305135650634765625e+02 -1.442185913085937500e+03
-4.502716827392578125e+01 -2.340249481201171875e+02 -1.474533813476562500e+03
-4.014902496337890625e+01 -2.445367431640625000e+02 -1.456998657226562500e+03
-3.122976493835449219e+01 -2.488152008056640625e+02 -1.435499877929687500e+03
-5.295656585693359375e+01 -2.165326843261718750e+02 -1.353920166015625000e+03
-2.618501663208007812e+01 -2.350327758789062500e+02 -1.528751953125000000e+03
5.198691177368164062e+01 -2.279309234619140625e+02 -1.489754272460937500e+03
2.782300758361816406e+01 -2.199755249023437500e+02 -1.469984130859375000e+03
2.035521888732910156e+01 -2.349716949462890625e+02 -1.431406127929687500e+03
-4.421897888183593750e+01 -2.329301757812500000e+02 -1.472638427734375000e+03
-4.439763259887695312e+01 -2.355260925292968750e+02 -1.460464965820312500e+03
-2.591310882568359375e+01 -2.470818481445312500e+02 -1.451666992187500000e+03
-2.399824714660644531e+01 -2.441301116943359375e+02 -1.425545166015625000e+03
-6.421953201293945312e+00 -2.456419219970703125e+02 -1.414328979492187500e+03
-1.369085979461669922e+01 -2.392606811523437500e+02 -1.528467285156250000e+03
-3.429746627807617188e+01 -2.413279418945312500e+02 -1.518157470703125000e+03
4.724562835693359375e+01 -2.298035583496093750e+02 -1.487098876953125000e+03
3.281599807739257812e+01 -2.235065155029296875e+02 -1.477534179687500000e+03
1.478885269165039062e+01 -2.191114196777343750e+02 -1.456796752929687500e+03
9.206928253173828125e+00 -2.448419799804687500e+02 -1.416154296875000000e+03
-4.305722808837890625e+01 -2.291356353759765625e+02 -1.462817260742187500e+03
-2.540250778198242188e+01 -2.447252807617187500e+02 -1.464621826171875000e+03
-1.789145469665527344e+01 -2.428465270996093750e+02 -1.427649291992187500e+03
-1.799600982666015625e+01 -2.351651000976562500e+02 -1.418677856445312500e+03
4.379489517211914062e+01 -2.350121612548828125e+02 -1.504524902343750000e+03
-8.548721313476562500e+00 -2.409772949218750000e+02 -1.532711059570312500e+03
-1.652418327331542969e+01 -2.291993103027343750e+02 -1.523445434570312500e+03
-3.402576065063476562e+01 -2.435277862548828125e+02 -1.508105102539062500e+03
3.648199462890625000e+01 -2.295161590576171875e+02 -1.486832031250000000e+03
1.631724548339843750e+01 -2.185491180419921875e+02 -1.468637939453125000e+03
-2.473031878471374512e-01 -2.321494293212890625e+02 -1.437383789062500000e+03
-3.851105499267578125e+01 -2.392827453613281250e+02 -1.472549194335937500e+03
-2.772223854064941406e+01 -2.357400665283203125e+02 -1.473125122070312500e+03
-1.387791633605957031e+01 -2.381959533691406250e+02 -1.438299072265625000e+03
-2.025922393798828125e+01 -2.252592773437500000e+02 -1.417861938476562500e+03
3.888716888427734375e+01 -2.361422882080078125e+02 -1.500277221679687500e+03
-5.736885547637939453e+00 -2.372600250244140625e+02 -1.528796997070312500e+03
-2.249644088745117188e+01 -2.347808074951171875e+02 -1.512819458007812500e+03
3.536982345581054688e+01 -2.337647857666015625e+02 -1.487115112304687500e+03
5.841584682464599609e+00 -2.226535491943359375e+02 -1.456629150390625000e+03
-4.417760848999023438e+00 -2.374214782714843750e+02 -1.428948364257812500e+03
-2.651173400878906250e+01 -2.330179138183593750e+02 -1.475234619140625000e+03
-1.440337467193603516e+01 -2.384188232421875000e+02 -1.445149902343750000e+03
-1.830459403991699219e+01 -2.240911712646484375e+02 -1.419514038085937500e+03
-1.843618011474609375e+01 -2.279309692382812500e+02 -1.411103393554687500e+03
3.704810333251953125e+01 -2.369089508056640625e+02 -1.495421997070312500e+03
-4.036265373229980469e+00 -2.375402526855468750e+02 -1.525501342773437500e+03
-2.070721626281738281e+01 -2.346269836425781250e+02 -1.518621215820312500e+03
-2.313152885437011719e+01 -2.357537231445312500e+02 -1.500669189453125000e+03
1.902540206909179688e+01 -2.459364013671875000e+02 -1.485007324218750000e+03
-2.768980264663696289e+00 -2.293410491943359375e+02 -1.463180053710937500e+03
-1.575173810124397278e-02 -2.323565521240234375e+02 -1.431982299804687500e+03
-1.779702949523925781e+01 -2.315111846923828125e+02 -1.477308715820312500e+03
-1.329300498962402344e+01 -2.313735351562500000e+02 -1.456926513671875000e+03
-9.420331001281738281e+00 -2.288320770263671875e+02 -1.422628173828125000e+03
-8.146000862121582031e+00 -2.281849212646484375e+02 -1.414483154296875000e+03
2.098374557495117188e+01 -2.354790039062500000e+02 -1.528041870117187500e+03
2.566532897949218750e+01 -2.407599029541015625e+02 -1.549087768554687500e+03
2.275980472564697266e+00 -2.365496063232421875e+02 -1.528235473632812500e+03
-5.537389278411865234e+00 -2.351502227783203125e+02 -1.517359863281250000e+03
-2.127173614501953125e+01 -2.339826354980468750e+02 -1.506848266601562500e+03
1.460343647003173828e+01 -2.480226287841796875e+02 -1.488309326171875000e+03
-2.822080373764038086e+00 -2.310127105712890625e+02 -1.430379882812500000e+03
-1.916408729553222656e+01 -2.298071136474609375e+02 -1.480511962890625000e+03
-1.347533702850341797e+01 -2.244423980712890625e+02 -1.418884643554687500e+03
1.672345352172851562e+01 -2.352636108398437500e+02 -1.533038208007812500e+03
1.599782562255859375e+01 -2.465017700195312500e+02 -1.506171875000000000e+03
9.113956451416015625e+00 -2.353903961181640625e+02 -1.548202270507812500e+03
6.589212894439697266e+00 -2.374841766357421875e+02 -1.530016113281250000e+03
4.755843162536621094e+00 -2.445417938232421875e+02 -1.515370727539062500e+03
-1.053155708312988281e+01 -2.347895507812500000e+02 -1.506519897460937500e+03
8.920968055725097656e+00 -2.476408843994140625e+02 -1.489973876953125000e+03
-1.536787700653076172e+01 -2.344571228027343750e+02 -1.488509643554687500e+03
1.448955726623535156e+01 -2.382771606445312500e+02 -1.526061401367187500e+03
2.007601499557495117e+00 -2.432733306884765625e+02 -1.513826171875000000e+03
-1.220407962799072266e+01 -2.357226257324218750e+02 -1.501339599609375000e+03
2.228299140930175781e+00 -2.454246978759765625e+02 -1.491366577148437500e+03
-4.469340801239013672e+00 -2.429423370361328125e+02 -1.503410644531250000e+03
