8.239173889160156250e+01 -2.457888183593750000e+02 -1.414864990234375000e+03
8.407842254638671875e+01 -2.259568176269531250e+02 -1.410934326171875000e+03
8.354938507080078125e+01 -2.257162780761718750e+02 -1.416194091796875000e+03
7.755729675292968750e+01 -2.213496856689453125e+02 -1.393002685546875000e+03
7.971359252929687500e+01 -2.320443725585937500e+02 -1.434062622070312500e+03
7.655290222167968750e+01 -2.217514953613281250e+02 -1.392734252929687500e+03
6.761254119873046875e+01 -2.139579162597656250e+02 -1.372935302734375000e+03
-6.612701416015625000e+01 -2.429596557617187500e+02 -1.413951660156250000e+03
7.517093658447265625e+01 -2.280276031494140625e+02 -1.398788208007812500e+03
5.957525634765625000e+01 -2.124337615966796875e+02 -1.364288940429687500e+03
-5.518809890747070312e+01 -2.426552581787109375e+02 -1.407118530273437500e+03
6.628057861328125000e+01 -2.356843719482421875e+02 -1.446017944335937500e+03
6.730372619628906250e+01 -2.196233673095703125e+02 -1.377769409179687500e+03
5.445785903930664062e+01 -2.124259643554687500e+02 -1.359853759765625000e+03
-3.905745315551757812e+01 -2.508457031250000000e+02 -1.423277343750000000e+03
-3.928132629394531250e+01 -2.402144622802734375e+02 -1.539822509765625000e+03
5.009057617187500000e+01 -2.301103668212890625e+02 -1.466263427734375000e+03
4.885602951049804688e+01 -2.371906890869140625e+02 -1.428798339843750000e+03
-4.502683258056640625e+01 -2.406669006347656250e+02 -1.467238403320312500e+03
-4.204694747924804688e+01 -2.535807189941406250e+02 -1.439148437500000000e+03
-5.632398986816406250e+01 -2.092302551269531250e+02 -1.352516113281250000e+03
-3.736783599853515625e+01 -2.360713043212890625e+02 -1.530082031250000000e+03
3.947329330444335938e+01 -2.272447662353515625e+02 -1.468871948242187500e+03
3.768717193603515625e+01 -2.354367523193359375e+02 -1.440712158203125000e+03
-4.422474288940429688e+01 -2.388792114257812500e+02 -1.465269042968750000e+03
-4.001846313476562500e+01 -2.504051055908203125e+02 -1.440367431640625000e+03
-5.758192062377929688e+01 -2.086634979248046875e+02 -1.353252685546875000e+03
-3.521258926391601562e+01 -2.389306640625000000e+02 -1.534599487304687500e+03
5.349348068237304688e+01 -2.258635253906250000e+02 -1.484860839843750000e+03
2.902582550048828125e+01 -2.329644622802734375e+02 -1.445781127929687500e+03
-4.507602310180664062e+01 -2.335640563964843750e+02 -1.475799926757812500e+03
-3.953975677490234375e+01 -2.430568389892578125e+02 -1.458957031250000000e+03
-3.194993782043457031e+01 -2.488368377685546875e+02 -1.435820190429687500e+03
-5.328962707519531250e+01 -2.169085998535156250e+02 -1.353762817382812500e+03
-2.570575523376464844e+01 -2.346028289794921875e+02 -1.530299438476562500e+03
5.096368789672851562e+01 -2.272990875244140625e+02 -1.489935424804687500e+03
2.408089637756347656e+01 -2.188752899169921875e+02 -1.473621826171875000e+03
1.771764564514160156e+01 -2.356250610351562500e+02 -1.436048583984375000e+03
-4.420433044433593750e+01 -2.324588928222656250e+02 -1.474141479492187500e+03
-4.434678649902343750e+01 -2.352570190429687500e+02 -1.461806762695312500e+03
-2.556134414672851562e+01 -2.447331390380859375e+02 -1.455049682617187500e+03
-2.396799087524414062e+01 -2.450650787353515625e+02 -1.425126098632812500e+03
-6.018320083618164062e+00 -2.442009277343750000e+02 -1.417025634765625000e+03
-1.317848777770996094e+01 -2.384587249755859375e+02 -1.530696777343750000e+03
-3.423850631713867188e+01 -2.408021392822265625e+02 -1.519572021484375000e+03
4.644577407836914062e+01 -2.290326843261718750e+02 -1.487558593750000000e+03
3.220937728881835938e+01 -2.213454284667968750e+02 -1.479046875000000000e+03
9.369976997375488281e+00 -2.179279785156250000e+02 -1.465520019531250000e+03
8.641908645629882812e+00 -2.446232147216796875e+02 -1.418558349609375000e+03
-4.255160140991210938e+01 -2.288383178710937500e+02 -1.464893188476562500e+03
-2.545827484130859375e+01 -2.415279083251953125e+02 -1.469787719726562500e+03
-1.870375823974609375e+01 -2.421155548095703125e+02 -1.430118286132812500e+03
-1.797110748291015625e+01 -2.345736236572265625e+02 -1.421162231445312500e+03
4.425128173828125000e+01 -2.341767578125000000e+02 -1.505581787109375000e+03
-8.232913017272949219e+00 -2.401956481933593750e+02 -1.534924682617187500e+03
-1.579119777679443359e+01 -2.284772644042968750e+02 -1.525912719726562500e+03
-3.426380920410156250e+01 -2.425339202880859375e+02 -1.510524169921875000e+03
3.760450744628906250e+01 -2.284338073730468750e+02 -1.488112304687500000e+03
1.067199039459228516e+01 -2.150317993164062500e+02 -1.475235595703125000e+03
-2.250601291656494141e+00 -2.297321014404296875e+02 -1.445527343750000000e+03
-3.863088989257812500e+01 -2.383070831298828125e+02 -1.475083984375000000e+03
-2.788290786743164062e+01 -2.342608489990234375e+02 -1.476834594726562500e+03
-1.443052482604980469e+01 -2.368286590576171875e+02 -1.444061889648437500e+03
-2.031125640869140625e+01 -2.245385437011718750e+02 -1.420448364257812500e+03
3.976700973510742188e+01 -2.342247009277343750e+02 -1.501604003906250000e+03
-5.452860832214355469e+00 -2.365766143798828125e+02 -1.531093872070312500e+03
-2.234148788452148438e+01 -2.340070495605468750e+02 -1.515754516601562500e+03
3.646997451782226562e+01 -2.320895080566406250e+02 -1.488552246093750000e+03
1.650548577308654785e+00 -2.202550048828125000e+02 -1.466261596679687500e+03
-4.858796596527099609e+00 -2.358939971923828125e+02 -1.433630859375000000e+03
-2.656260681152343750e+01 -2.315954589843750000e+02 -1.479312255859375000e+03
-1.557507514953613281e+01 -2.368716735839843750e+02 -1.451649291992187500e+03
-1.850230598449707031e+01 -2.233145141601562500e+02 -1.422127441406250000e+03
-1.856827163696289062e+01 -2.273501586914062500e+02 -1.413549560546875000e+03
3.834928512573242188e+01 -2.348239746093750000e+02 -1.496879516601562500e+03
-3.811475038528442383e+00 -2.368832397460937500e+02 -1.527911621093750000e+03
-2.018203926086425781e+01 -2.337332916259765625e+02 -1.521104370117187500e+03
-2.360081481933593750e+01 -2.346204376220703125e+02 -1.505109863281250000e+03
1.746953773498535156e+01 -2.409046325683593750e+02 -1.490949707031250000e+03
-5.830916404724121094e+00 -2.256114501953125000e+02 -1.472822387695312500e+03
-1.259363651275634766e+00 -2.298663635253906250e+02 -1.438550903320312500e+03
-1.802580833435058594e+01 -2.292133178710937500e+02 -1.483520751953125000e+03
-1.521994018554687500e+01 -2.287049713134765625e+02 -1.465852783203125000e+03
-9.640236854553222656e+00 -2.278021240234375000e+02 -1.426148803710937500e+03
-8.406147956848144531e+00 -2.273576354980468750e+02 -1.416671875000000000e+03
2.173360061645507812e+01 -2.349236907958984375e+02 -1.530505371093750000e+03
2.559927940368652344e+01 -2.409306182861328125e+02 -1.549343139648437500e+03
2.556115627288818359e+00 -2.360736694335937500e+02 -1.530600830078125000e+03
-5.593495845794677734e+00 -2.345253906250000000e+02 -1.520240966796875000e+03
-2.164406776428222656e+01 -2.332896270751953125e+02 -1.510638427734375000e+03
1.293150901794433594e+01 -2.425937500000000000e+02 -1.495229736328125000e+03
-3.897172212600708008e+00 -2.284907531738281250e+02 -1.437248779296875000e+03
-1.975713920593261719e+01 -2.287194519042968750e+02 -1.485604858398437500e+03
-1.394875335693359375e+01 -2.236080017089843750e+02 -1.421710083007812500e+03
1.735022926330566406e+01 -2.346525268554687500e+02 -1.535625000000000000e+03
1.627505111694335938e+01 -2.427672882080078125e+02 -1.510829589843750000e+03
9.159034729003906250e+00 -2.349490661621093750e+02 -1.549316284179687500e+03
7.010425090789794922e+00 -2.368092956542968750e+02 -1.532652709960937500e+03
4.619664669036865234e+00 -2.434849243164062500e+02 -1.518538330078125000e+03
-1.111857891082763672e+01 -2.341488494873046875e+02 -1.510627807617187500e+03
5.714500904083251953e+00 -2.425609436035156250e+02 -1.497308837890625000e+03
-1.589777660369873047e+01 -2.333752288818359375e+02 -1.493563720703125000e+03
1.506248855590820312e+01 -2.376642913818359375e+02 -1.528661376953125000e+03
1.734907627105712891e+00 -2.423748779296875000e+02 -1.517009643554687500e+03
-1.278096199035644531e+01 -2.349566192626953125e+02 -1.506302001953125000e+03
-7.923413813114166260e-02 -2.425055389404296875e+02 -1.498149291992187500e+03
-5.807262420654296875e+00 -2.419557647705078125e+02 -1.508257080078125000e+03
