8.082326507568359375e+01 -2.456026611328125000e+02 -1.416340454101562500e+03
8.455496978759765625e+01 -2.260195922851562500e+02 -1.410942138671875000e+03
8.386309051513671875e+01 -2.252541198730468750e+02 -1.416130859375000000e+03
7.751347351074218750e+01 -2.211559600830078125e+02 -1.393027587890625000e+03
7.975489044189453125e+01 -2.318344116210937500e+02 -1.433890991210937500e+03
7.651591491699218750e+01 -2.215625305175781250e+02 -1.392697021484375000e+03
6.760704803466796875e+01 -2.139214782714843750e+02 -1.372901611328125000e+03
-6.622599792480468750e+01 -2.427814941406250000e+02 -1.414236450195312500e+03
7.508029174804687500e+01 -2.277404785156250000e+02 -1.398925659179687500e+03
5.945114135742187500e+01 -2.123851928710937500e+02 -1.364426391601562500e+03
-5.509601211547851562e+01 -2.429353179931640625e+02 -1.406575317382812500e+03
6.821998596191406250e+01 -2.369689483642578125e+02 -1.444104125976562500e+03
6.700903320312500000e+01 -2.196406097412109375e+02 -1.377833618164062500e+03
5.441686248779296875e+01 -2.123809967041015625e+02 -1.359825927734375000e+03
-3.863504028320312500e+01 -2.501836700439453125e+02 -1.423384033203125000e+03
-3.935095977783203125e+01 -2.403617095947265625e+02 -1.539522827148437500e+03
5.247379684448242188e+01 -2.322281188964843750e+02 -1.463960815429687500e+03
5.225028610229492188e+01 -2.397500610351562500e+02 -1.424227416992187500e+03
-4.566154861450195312e+01 -2.421790618896484375e+02 -1.466652465820312500e+03
-4.135368728637695312e+01 -2.538535919189453125e+02 -1.438483398437500000e+03
-5.615526580810546875e+01 -2.090469360351562500e+02 -1.352530395507812500e+03
-3.742974472045898438e+01 -2.370059204101562500e+02 -1.528746215820312500e+03
4.262285995483398438e+01 -2.306029510498046875e+02 -1.465894775390625000e+03
4.269713211059570312e+01 -2.401216278076171875e+02 -1.434235839843750000e+03
-4.480904388427734375e+01 -2.405019531250000000e+02 -1.464536499023437500e+03
-3.950552749633789062e+01 -2.508251342773437500e+02 -1.439645751953125000e+03
-5.751816558837890625e+01 -2.086349639892578125e+02 -1.353300903320312500e+03
-3.532028961181640625e+01 -2.395964813232421875e+02 -1.533581909179687500e+03
5.359433364868164062e+01 -2.267762756347656250e+02 -1.484426025390625000e+03
3.343716430664062500e+01 -2.390768737792968750e+02 -1.437329589843750000e+03
-4.504337310791015625e+01 -2.350847015380859375e+02 -1.475764892578125000e+03
-4.012848281860351562e+01 -2.448152770996093750e+02 -1.458014770507812500e+03
-3.151946830749511719e+01 -2.503129882812500000e+02 -1.435314819335937500e+03
-5.310476303100585938e+01 -2.168393096923828125e+02 -1.353657836914062500e+03
-2.563460350036621094e+01 -2.357054138183593750e+02 -1.528887573242187500e+03
5.149749374389648438e+01 -2.272969970703125000e+02 -1.490164306640625000e+03
2.766841697692871094e+01 -2.285189819335937500e+02 -1.465333862304687500e+03
1.993191146850585938e+01 -2.415159454345703125e+02 -1.428091796875000000e+03
-4.428205108642578125e+01 -2.339718475341796875e+02 -1.473856567382812500e+03
-4.470487213134765625e+01 -2.365318908691406250e+02 -1.460975585937500000e+03
-2.575194168090820312e+01 -2.492521514892578125e+02 -1.452895141601562500e+03
-2.406101036071777344e+01 -2.449677581787109375e+02 -1.424894042968750000e+03
-6.955597877502441406e+00 -2.453856048583984375e+02 -1.414878051757812500e+03
-1.304169750213623047e+01 -2.401841125488281250e+02 -1.528482177734375000e+03
-3.385267257690429688e+01 -2.420290679931640625e+02 -1.518074829101562500e+03
4.730725479125976562e+01 -2.291696777343750000e+02 -1.487583129882812500e+03
3.362057495117187500e+01 -2.251133270263671875e+02 -1.476824218750000000e+03
1.169449710845947266e+01 -2.318128662109375000e+02 -1.451750854492187500e+03
8.091342926025390625e+00 -2.448349456787109375e+02 -1.415867065429687500e+03
-4.275522994995117188e+01 -2.304843139648437500e+02 -1.463994995117187500e+03
-2.635063362121582031e+01 -2.468932495117187500e+02 -1.467696899414062500e+03
-1.909367561340332031e+01 -2.438086547851562500e+02 -1.427075317382812500e+03
-1.842229652404785156e+01 -2.354697418212890625e+02 -1.418787841796875000e+03
4.415946197509765625e+01 -2.349067687988281250e+02 -1.505265747070312500e+03
-8.194870948791503906e+00 -2.415898590087890625e+02 -1.532952392578125000e+03
-1.628017234802246094e+01 -2.304628448486328125e+02 -1.523263793945312500e+03
-3.386185455322265625e+01 -2.437521362304687500e+02 -1.507812133789062500e+03
3.811049652099609375e+01 -2.297619934082031250e+02 -1.487335327148437500e+03
1.313100719451904297e+01 -2.300968170166015625e+02 -1.463136108398437500e+03
-2.991657972335815430e+00 -2.361422576904296875e+02 -1.436849975585937500e+03
-3.874850463867187500e+01 -2.406031799316406250e+02 -1.474250000000000000e+03
-2.775768470764160156e+01 -2.379759674072265625e+02 -1.475663208007812500e+03
-1.553116893768310547e+01 -2.403609313964843750e+02 -1.438831787109375000e+03
-2.042671012878417969e+01 -2.257460021972656250e+02 -1.417918823242187500e+03
3.958531188964843750e+01 -2.352353515625000000e+02 -1.501072753906250000e+03
-5.616274356842041016e+00 -2.385631561279296875e+02 -1.528527832031250000e+03
-2.235423851013183594e+01 -2.364783172607421875e+02 -1.512163574218750000e+03
3.673436355590820312e+01 -2.337040710449218750e+02 -1.487330810546875000e+03
2.779071569442749023e+00 -2.328393554687500000e+02 -1.453029174804687500e+03
-6.074980735778808594e+00 -2.378547973632812500e+02 -1.429418457031250000e+03
-2.665995407104492188e+01 -2.355243377685546875e+02 -1.477612548828125000e+03
-1.629730606079101562e+01 -2.416106262207031250e+02 -1.445267700195312500e+03
-1.861276817321777344e+01 -2.246576385498046875e+02 -1.419481933593750000e+03
-1.866637229919433594e+01 -2.283475341796875000e+02 -1.411200561523437500e+03
3.868534088134765625e+01 -2.362175750732421875e+02 -1.495776000976562500e+03
-3.964075803756713867e+00 -2.390552825927734375e+02 -1.525124023437500000e+03
-2.036706542968750000e+01 -2.353950805664062500e+02 -1.518969116210937500e+03
-2.303921127319335938e+01 -2.379689636230468750e+02 -1.501442504882812500e+03
1.751596641540527344e+01 -2.455543670654296875e+02 -1.488069335937500000e+03
-6.033762931823730469e+00 -2.371190795898437500e+02 -1.461863769531250000e+03
-2.096362113952636719e+00 -2.332758789062500000e+02 -1.432265380859375000e+03
-1.740061950683593750e+01 -2.348448944091796875e+02 -1.480196655273437500e+03
-1.585240840911865234e+01 -2.365155944824218750e+02 -1.457817138671875000e+03
-1.003743839263916016e+01 -2.293684997558593750e+02 -1.422817138671875000e+03
-8.565530776977539062e+00 -2.285357208251953125e+02 -1.414587768554687500e+03
2.151391029357910156e+01 -2.371146240234375000e+02 -1.527759033203125000e+03
2.557003211975097656e+01 -2.411859741210937500e+02 -1.548801879882812500e+03
2.323015213012695312e+00 -2.381650543212890625e+02 -1.527779418945312500e+03
-5.919066429138183594e+00 -2.375649566650390625e+02 -1.516291992187500000e+03
-2.154512596130371094e+01 -2.365166778564453125e+02 -1.506360595703125000e+03
1.223195648193359375e+01 -2.479526977539062500e+02 -1.491170288085937500e+03
-4.372268199920654297e+00 -2.319882507324218750e+02 -1.431032592773437500e+03
-1.894642448425292969e+01 -2.334743957519531250e+02 -1.483030273437500000e+03
-1.394839763641357422e+01 -2.249670104980468750e+02 -1.418767944335937500e+03
1.714889717102050781e+01 -2.369248504638671875e+02 -1.532968505859375000e+03
1.522546958923339844e+01 -2.469645996093750000e+02 -1.506939819335937500e+03
9.533822059631347656e+00 -2.360760345458984375e+02 -1.548589355468750000e+03
6.945598125457763672e+00 -2.392927856445312500e+02 -1.529627807617187500e+03
4.572069644927978516e+00 -2.469443664550781250e+02 -1.514024047851562500e+03
-1.083537101745605469e+01 -2.372303314208984375e+02 -1.505723144531250000e+03
5.105838298797607422e+00 -2.482389984130859375e+02 -1.492173217773437500e+03
-1.520378589630126953e+01 -2.377626037597656250e+02 -1.490378295898437500e+03
1.498710155487060547e+01 -2.402336578369140625e+02 -1.525466064453125000e+03
1.532220005989074707e+00 -2.458911590576171875e+02 -1.512326416015625000e+03
-1.218196964263916016e+01 -2.387903747558593750e+02 -1.501687255859375000e+03
7.154212146997451782e-02 -2.466281890869140625e+02 -1.493815917968750000e+03
-5.464656352996826172e+00 -2.455689849853515625e+02 -1.503086059570312500e+03
