8.196903991699218750e+01 -2.463894348144531250e+02 -1.416478759765625000e+03
8.406282806396484375e+01 -2.261598968505859375e+02 -1.410977905273437500e+03
8.375510406494140625e+01 -2.250510559082031250e+02 -1.416055297851562500e+03
7.765223693847656250e+01 -2.210978393554687500e+02 -1.393080566406250000e+03
7.955947113037109375e+01 -2.317665252685546875e+02 -1.434273315429687500e+03
7.672248840332031250e+01 -2.215911102294921875e+02 -1.392802612304687500e+03
6.765711975097656250e+01 -2.138625335693359375e+02 -1.372988403320312500e+03
-6.634497833251953125e+01 -2.422263031005859375e+02 -1.414480834960937500e+03
7.528276062011718750e+01 -2.275444030761718750e+02 -1.398924072265625000e+03
5.952020645141601562e+01 -2.123006286621093750e+02 -1.364468872070312500e+03
-5.473738098144531250e+01 -2.426960906982421875e+02 -1.406548828125000000e+03
6.691194152832031250e+01 -2.369212951660156250e+02 -1.443472290039062500e+03
6.724559783935546875e+01 -2.196317138671875000e+02 -1.377747924804687500e+03
5.459457397460937500e+01 -2.122636260986328125e+02 -1.359849975585937500e+03
-3.894076156616210938e+01 -2.503437652587890625e+02 -1.423354980468750000e+03
-3.905135726928710938e+01 -2.397483978271484375e+02 -1.539802490234375000e+03
5.048276519775390625e+01 -2.294306945800781250e+02 -1.464409301757812500e+03
5.228098297119140625e+01 -2.384935607910156250e+02 -1.424276733398437500e+03
-4.592316055297851562e+01 -2.414098663330078125e+02 -1.466204956054687500e+03
-4.097506713867187500e+01 -2.539088439941406250e+02 -1.438718017578125000e+03
-5.613265991210937500e+01 -2.089270324707031250e+02 -1.352620605468750000e+03
-3.774836349487304688e+01 -2.364127960205078125e+02 -1.528895385742187500e+03
3.954338073730468750e+01 -2.304112701416015625e+02 -1.466289672851562500e+03
4.134064102172851562e+01 -2.356420288085937500e+02 -1.435732421875000000e+03
-4.522190475463867188e+01 -2.395030822753906250e+02 -1.464296997070312500e+03
-3.952299499511718750e+01 -2.506815490722656250e+02 -1.439875610351562500e+03
-5.749529266357421875e+01 -2.084092254638671875e+02 -1.353380859375000000e+03
-3.540272521972656250e+01 -2.391598205566406250e+02 -1.533540405273437500e+03
5.413031387329101562e+01 -2.283799591064453125e+02 -1.484141357421875000e+03
3.220553970336914062e+01 -2.345923767089843750e+02 -1.438747436523437500e+03
-4.499135589599609375e+01 -2.333897247314453125e+02 -1.475231689453125000e+03
-4.032224655151367188e+01 -2.446826324462890625e+02 -1.457551269531250000e+03
-3.074783515930175781e+01 -2.496355895996093750e+02 -1.434974853515625000e+03
-5.301698684692382812e+01 -2.167762908935546875e+02 -1.353732788085937500e+03
-2.610411643981933594e+01 -2.347849121093750000e+02 -1.529159912109375000e+03
5.177958679199218750e+01 -2.289158630371093750e+02 -1.489493530273437500e+03
2.660766983032226562e+01 -2.257661590576171875e+02 -1.467841918945312500e+03
2.085422325134277344e+01 -2.383502655029296875e+02 -1.429709228515625000e+03
-4.430986404418945312e+01 -2.322300720214843750e+02 -1.473471313476562500e+03
-4.443019866943359375e+01 -2.351197052001953125e+02 -1.461178955078125000e+03
-2.608622550964355469e+01 -2.478568267822265625e+02 -1.452262207031250000e+03
-2.401575851440429688e+01 -2.438235626220703125e+02 -1.425122070312500000e+03
-6.446622371673583984e+00 -2.460063018798828125e+02 -1.414747680664062500e+03
-1.337010669708251953e+01 -2.389767456054687500e+02 -1.529088623046875000e+03
-3.430574417114257812e+01 -2.411223602294921875e+02 -1.518479492187500000e+03
4.680976486206054688e+01 -2.311761779785156250e+02 -1.486930664062500000e+03
3.194217681884765625e+01 -2.268292083740234375e+02 -1.476613159179687500e+03
1.554060935974121094e+01 -2.248182373046875000e+02 -1.455137084960937500e+03
8.436213493347167969e+00 -2.456974639892578125e+02 -1.415835571289062500e+03
-4.312280273437500000e+01 -2.283544006347656250e+02 -1.463418579101562500e+03
-2.629991340637207031e+01 -2.442434844970703125e+02 -1.466113159179687500e+03
-1.725933837890625000e+01 -2.432397003173828125e+02 -1.427266723632812500e+03
-1.797019195556640625e+01 -2.357063293457031250e+02 -1.418933593750000000e+03
4.358955001831054688e+01 -2.353635406494140625e+02 -1.504888061523437500e+03
-8.208453178405761719e+00 -2.407393035888671875e+02 -1.533348999023437500e+03
-1.610582160949707031e+01 -2.288710479736328125e+02 -1.524005126953125000e+03
-3.428333663940429688e+01 -2.432776794433593750e+02 -1.508765502929687500e+03
3.549394989013671875e+01 -2.313948516845703125e+02 -1.486694824218750000e+03
1.613624000549316406e+01 -2.254104766845703125e+02 -1.466555419921875000e+03
8.184833079576492310e-02 -2.350825500488281250e+02 -1.437386962890625000e+03
-3.896988677978515625e+01 -2.386133575439453125e+02 -1.473301147460937500e+03
-2.839013862609863281e+01 -2.348519744873046875e+02 -1.474148071289062500e+03
-1.412430191040039062e+01 -2.396889343261718750e+02 -1.438356567382812500e+03
-1.994733810424804688e+01 -2.258661346435546875e+02 -1.418346679687500000e+03
3.846447753906250000e+01 -2.368784637451171875e+02 -1.500466186523437500e+03
-5.281184673309326172e+00 -2.370047760009765625e+02 -1.529403808593750000e+03
-2.262619781494140625e+01 -2.343748779296875000e+02 -1.513572753906250000e+03
3.421271133422851562e+01 -2.356398620605468750e+02 -1.486608642578125000e+03
6.257158279418945312e+00 -2.278342742919921875e+02 -1.455881225585937500e+03
-4.443352699279785156e+00 -2.394862823486328125e+02 -1.428745605468750000e+03
-2.710425949096679688e+01 -2.321065368652343750e+02 -1.476262573242187500e+03
-1.470678329467773438e+01 -2.404165344238281250e+02 -1.445141357421875000e+03
-1.795802879333496094e+01 -2.249007873535156250e+02 -1.419859130859375000e+03
-1.860200881958007812e+01 -2.284233856201171875e+02 -1.411518432617187500e+03
3.605838012695312500e+01 -2.388046722412109375e+02 -1.495198974609375000e+03
-3.577583551406860352e+00 -2.372131805419921875e+02 -1.526083007812500000e+03
-2.055175590515136719e+01 -2.344412231445312500e+02 -1.519348632812500000e+03
-2.395554733276367188e+01 -2.351386566162109375e+02 -1.502296875000000000e+03
1.708913421630859375e+01 -2.496936798095703125e+02 -1.484121459960937500e+03
-2.563164949417114258e+00 -2.327740173339843750e+02 -1.463850952148437500e+03
1.757908314466476440e-01 -2.350135345458984375e+02 -1.431877807617187500e+03
-1.867050170898437500e+01 -2.309520568847656250e+02 -1.478832275390625000e+03
-1.320452594757080078e+01 -2.335233459472656250e+02 -1.458098144531250000e+03
-9.345816612243652344e+00 -2.301574859619140625e+02 -1.422809448242187500e+03
-8.136552810668945312e+00 -2.294100189208984375e+02 -1.414661499023437500e+03
2.133394622802734375e+01 -2.352677001953125000e+02 -1.528585205078125000e+03
2.557612800598144531e+01 -2.409046783447265625e+02 -1.549027709960937500e+03
2.897642135620117188e+00 -2.362022247314453125e+02 -1.528703247070312500e+03
-5.154148101806640625e+00 -2.345677642822265625e+02 -1.518230102539062500e+03
-2.161690330505371094e+01 -2.332936859130859375e+02 -1.507975097656250000e+03
1.263631153106689453e+01 -2.509000549316406250e+02 -1.487122436523437500e+03
-2.365783929824829102e+00 -2.334998321533203125e+02 -1.430748535156250000e+03
-1.982069206237792969e+01 -2.290938415527343750e+02 -1.481927001953125000e+03
-1.327340507507324219e+01 -2.254041748046875000e+02 -1.419103027343750000e+03
1.700337600708007812e+01 -2.352350769042968750e+02 -1.533299926757812500e+03
1.464624023437500000e+01 -2.471284179687500000e+02 -1.505661376953125000e+03
9.393556594848632812e+00 -2.351323089599609375e+02 -1.548360717773437500e+03
7.015879154205322266e+00 -2.372650604248046875e+02 -1.530315063476562500e+03
4.788734436035156250e+00 -2.442906799316406250e+02 -1.515918823242187500e+03
-1.076653957366943359e+01 -2.343838043212890625e+02 -1.507698486328125000e+03
7.449991703033447266e+00 -2.497891845703125000e+02 -1.489199096679687500e+03
-1.603349494934082031e+01 -2.336065216064453125e+02 -1.490363159179687500e+03
1.473915386199951172e+01 -2.382327423095703125e+02 -1.526361572265625000e+03
2.083196401596069336e+00 -2.430030975341796875e+02 -1.514388061523437500e+03
-1.271047210693359375e+01 -2.350554809570312500e+02 -1.503000000000000000e+03
1.308513760566711426e+00 -2.460736846923828125e+02 -1.492054321289062500e+03
-4.622328281402587891e+00 -2.426638031005859375e+02 -1.504547241210937500e+03
