8.107437133789062500e+01 -2.457885131835937500e+02 -1.416502441406250000e+03
8.419221496582031250e+01 -2.261821746826171875e+02 -1.410735961914062500e+03
8.389488983154296875e+01 -2.252834930419921875e+02 -1.416036254882812500e+03
7.762744903564453125e+01 -2.213481903076171875e+02 -1.392968750000000000e+03
7.966908264160156250e+01 -2.311955413818359375e+02 -1.434201538085937500e+03
7.661177825927734375e+01 -2.217152862548828125e+02 -1.392636840820312500e+03
6.762931823730468750e+01 -2.138848571777343750e+02 -1.372877929687500000e+03
-6.620650482177734375e+01 -2.428594665527343750e+02 -1.414309326171875000e+03
7.493795776367187500e+01 -2.277711944580078125e+02 -1.398789428710937500e+03
5.953226470947265625e+01 -2.124165802001953125e+02 -1.364306152343750000e+03
-5.538466262817382812e+01 -2.427634124755859375e+02 -1.406421508789062500e+03
6.727468872070312500e+01 -2.373850860595703125e+02 -1.442776245117187500e+03
6.689403533935546875e+01 -2.197572784423828125e+02 -1.377678466796875000e+03
5.436240386962890625e+01 -2.124268798828125000e+02 -1.359781372070312500e+03
-3.857648468017578125e+01 -2.503785552978515625e+02 -1.423279541015625000e+03
-3.944424819946289062e+01 -2.404554901123046875e+02 -1.539412475585937500e+03
5.118367385864257812e+01 -2.323886718750000000e+02 -1.464172973632812500e+03
5.135460281372070312e+01 -2.392058410644531250e+02 -1.423629882812500000e+03
-4.621173858642578125e+01 -2.420023803710937500e+02 -1.466932495117187500e+03
-4.136606597900390625e+01 -2.535777740478515625e+02 -1.438609497070312500e+03
-5.616905212402343750e+01 -2.091237335205078125e+02 -1.352422973632812500e+03
-3.760213470458984375e+01 -2.369566040039062500e+02 -1.529333618164062500e+03
4.028303909301757812e+01 -2.310491943359375000e+02 -1.466088378906250000e+03
4.141099166870117188e+01 -2.390725708007812500e+02 -1.435521728515625000e+03
-4.532267761230468750e+01 -2.404494171142578125e+02 -1.464795654296875000e+03
-3.958345794677734375e+01 -2.505422821044921875e+02 -1.439791381835937500e+03
-5.748066711425781250e+01 -2.087503509521484375e+02 -1.353199218750000000e+03
-3.540651321411132812e+01 -2.395327606201171875e+02 -1.534007568359375000e+03
5.312564468383789062e+01 -2.271895141601562500e+02 -1.484133789062500000e+03
3.196537399291992188e+01 -2.375412445068359375e+02 -1.439362426757812500e+03
-4.591609191894531250e+01 -2.353017425537109375e+02 -1.475845581054687500e+03
-4.032186889648437500e+01 -2.445714874267578125e+02 -1.458525512695312500e+03
-3.179680252075195312e+01 -2.497309570312500000e+02 -1.435598632812500000e+03
-5.331029510498046875e+01 -2.169904785156250000e+02 -1.353606201171875000e+03
-2.590839004516601562e+01 -2.356116333007812500e+02 -1.529477050781250000e+03
5.112649154663085938e+01 -2.275550689697265625e+02 -1.489819580078125000e+03
2.501340484619140625e+01 -2.279274139404296875e+02 -1.465770629882812500e+03
1.934992790222167969e+01 -2.399015655517578125e+02 -1.430066894531250000e+03
-4.517892074584960938e+01 -2.341886138916015625e+02 -1.473953735351562500e+03
-4.523815155029296875e+01 -2.368070526123046875e+02 -1.461320434570312500e+03
-2.633288764953613281e+01 -2.480477294921875000e+02 -1.453924438476562500e+03
-2.418354225158691406e+01 -2.453545532226562500e+02 -1.424425903320312500e+03
-7.469791412353515625e+00 -2.454453582763671875e+02 -1.414861083984375000e+03
-1.404014015197753906e+01 -2.398041687011718750e+02 -1.529310546875000000e+03
-3.423342132568359375e+01 -2.418413085937500000e+02 -1.518905761718750000e+03
4.636001968383789062e+01 -2.293475494384765625e+02 -1.487203369140625000e+03
3.151706695556640625e+01 -2.253961944580078125e+02 -1.476154541015625000e+03
1.015142726898193359e+01 -2.296350097656250000e+02 -1.453644165039062500e+03
7.231196880340576172e+00 -2.448459777832031250e+02 -1.416436523437500000e+03
-4.335535812377929688e+01 -2.308017425537109375e+02 -1.464218139648437500e+03
-2.679280471801757812e+01 -2.456525878906250000e+02 -1.469592529296875000e+03
-2.023384284973144531e+01 -2.438552398681640625e+02 -1.426808349609375000e+03
-1.923694038391113281e+01 -2.352353057861328125e+02 -1.418880493164062500e+03
4.347064590454101562e+01 -2.345039367675781250e+02 -1.504675170898437500e+03
-9.189165115356445312e+00 -2.410652008056640625e+02 -1.533547607421875000e+03
-1.724487113952636719e+01 -2.305559539794921875e+02 -1.524377441406250000e+03
-3.433490753173828125e+01 -2.433713531494140625e+02 -1.508837036132812500e+03
3.658699035644531250e+01 -2.294678649902343750e+02 -1.486666381835937500e+03
1.171832656860351562e+01 -2.278672180175781250e+02 -1.464524169921875000e+03
-4.333096504211425781e+00 -2.355180358886718750e+02 -1.437377441406250000e+03
-3.925299835205078125e+01 -2.406526947021484375e+02 -1.474979003906250000e+03
-2.861284065246582031e+01 -2.380032501220703125e+02 -1.476698120117187500e+03
-1.675405883789062500e+01 -2.399001159667968750e+02 -1.439089355468750000e+03
-2.071429634094238281e+01 -2.253784027099609375e+02 -1.417927368164062500e+03
3.868622207641601562e+01 -2.347306823730468750e+02 -1.500408325195312500e+03
-6.882520198822021484e+00 -2.381980895996093750e+02 -1.529364868164062500e+03
-2.338676452636718750e+01 -2.363660430908203125e+02 -1.513495605468750000e+03
3.521918106079101562e+01 -2.335066833496093750e+02 -1.486646972656250000e+03
1.532524347305297852e+00 -2.305183105468750000e+02 -1.454504272460937500e+03
-7.637140750885009766e+00 -2.376254272460937500e+02 -1.429770751953125000e+03
-2.759873008728027344e+01 -2.355656280517578125e+02 -1.478522460937500000e+03
-1.748245811462402344e+01 -2.405871124267578125e+02 -1.445663208007812500e+03
-1.898828887939453125e+01 -2.243085021972656250e+02 -1.419521972656250000e+03
-1.898160743713378906e+01 -2.282999725341796875e+02 -1.411288208007812500e+03
3.717630386352539062e+01 -2.359202117919921875e+02 -1.495223632812500000e+03
-5.338784217834472656e+00 -2.387057037353515625e+02 -1.526021484375000000e+03
-2.105692100524902344e+01 -2.353032989501953125e+02 -1.519942749023437500e+03
-2.395819854736328125e+01 -2.378956604003906250e+02 -1.502706787109375000e+03
1.689776992797851562e+01 -2.442479095458984375e+02 -1.486977416992187500e+03
-7.861105918884277344e+00 -2.349508819580078125e+02 -1.462927001953125000e+03
-3.903287887573242188e+00 -2.328162689208984375e+02 -1.432935546875000000e+03
-1.880430603027343750e+01 -2.345107574462890625e+02 -1.480697753906250000e+03
-1.757386589050292969e+01 -2.350892944335937500e+02 -1.458585937500000000e+03
-1.093558979034423828e+01 -2.289861755371093750e+02 -1.423047119140625000e+03
-9.332133293151855469e+00 -2.279973907470703125e+02 -1.414813964843750000e+03
2.018085098266601562e+01 -2.365539093017578125e+02 -1.528282348632812500e+03
2.538093566894531250e+01 -2.411466217041015625e+02 -1.548943359375000000e+03
6.528953313827514648e-01 -2.377919158935546875e+02 -1.528348754882812500e+03
-7.685192584991455078e+00 -2.374114227294921875e+02 -1.517484741210937500e+03
-2.239323043823242188e+01 -2.365358886718750000e+02 -1.507775146484375000e+03
1.182038497924804688e+01 -2.461024780273437500e+02 -1.491259887695312500e+03
-5.999500751495361328e+00 -2.311731109619140625e+02 -1.431733398437500000e+03
-2.072495651245117188e+01 -2.334126434326171875e+02 -1.483400024414062500e+03
-1.454335403442382812e+01 -2.246016540527343750e+02 -1.418912109375000000e+03
1.563740921020507812e+01 -2.365201568603515625e+02 -1.533453002929687500e+03
1.469693374633789062e+01 -2.455441131591796875e+02 -1.507838867187500000e+03
8.776981353759765625e+00 -2.358858947753906250e+02 -1.548719970703125000e+03
5.450016975402832031e+00 -2.388012695312500000e+02 -1.530235351562500000e+03
2.675064086914062500e+00 -2.462031860351562500e+02 -1.515039916992187500e+03
-1.216434288024902344e+01 -2.372808685302734375e+02 -1.506120483398437500e+03
5.444881439208984375e+00 -2.459759826660156250e+02 -1.493363647460937500e+03
-1.677926445007324219e+01 -2.379085998535156250e+02 -1.490972778320312500e+03
1.353458309173583984e+01 -2.396029052734375000e+02 -1.526117187500000000e+03
-5.819596648216247559e-01 -2.452725372314453125e+02 -1.513451293945312500e+03
-1.363147640228271484e+01 -2.390627746582031250e+02 -1.501789794921875000e+03
-1.216387271881103516e+00 -2.457980194091796875e+02 -1.493633666992187500e+03
-6.947319030761718750e+00 -2.448160247802734375e+02 -1.504198974609375000e+03
