8.216023254394531250e+01 -2.460462799072265625e+02 -1.415015136718750000e+03
8.405187225341796875e+01 -2.259121398925781250e+02 -1.410727416992187500e+03
8.388911437988281250e+01 -2.249763336181640625e+02 -1.416314819335937500e+03
7.741241455078125000e+01 -2.214376525878906250e+02 -1.393165039062500000e+03
7.995046234130859375e+01 -2.316655883789062500e+02 -1.434540771484375000e+03
7.638444519042968750e+01 -2.217054901123046875e+02 -1.392893310546875000e+03
6.750287628173828125e+01 -2.141830444335937500e+02 -1.373073120117187500e+03
-6.657970428466796875e+01 -2.431815185546875000e+02 -1.414231689453125000e+03
7.433312988281250000e+01 -2.279031524658203125e+02 -1.398894287109375000e+03
5.936315917968750000e+01 -2.121748962402343750e+02 -1.364457153320312500e+03
-5.612741088867187500e+01 -2.428620758056640625e+02 -1.407176025390625000e+03
6.493225097656250000e+01 -2.378279571533203125e+02 -1.443254516601562500e+03
6.713034057617187500e+01 -2.208134460449218750e+02 -1.377568603515625000e+03
5.436008071899414062e+01 -2.125527038574218750e+02 -1.359851562500000000e+03
-3.758401870727539062e+01 -2.492283935546875000e+02 -1.423857788085937500e+03
-3.959695053100585938e+01 -2.406420593261718750e+02 -1.539580932617187500e+03
5.144869232177734375e+01 -2.330358886718750000e+02 -1.465039794921875000e+03
4.911807632446289062e+01 -2.371764984130859375e+02 -1.427347412109375000e+03
-4.550767135620117188e+01 -2.416620330810546875e+02 -1.467521728515625000e+03
-4.170450973510742188e+01 -2.529426574707031250e+02 -1.440426635742187500e+03
-5.613516998291015625e+01 -2.091238555908203125e+02 -1.352395996093750000e+03
-3.688417434692382812e+01 -2.374897308349609375e+02 -1.529088378906250000e+03
4.259153366088867188e+01 -2.312471466064453125e+02 -1.467034179687500000e+03
4.200148010253906250e+01 -2.399536437988281250e+02 -1.438551391601562500e+03
-4.464571380615234375e+01 -2.403302307128906250e+02 -1.465413208007812500e+03
-3.978853988647460938e+01 -2.499061584472656250e+02 -1.441733886718750000e+03
-5.742018127441406250e+01 -2.087202301025390625e+02 -1.353061889648437500e+03
-3.492717742919921875e+01 -2.400084686279296875e+02 -1.533883056640625000e+03
5.406862258911132812e+01 -2.270343933105468750e+02 -1.484116943359375000e+03
3.264224243164062500e+01 -2.392697601318359375e+02 -1.443508300781250000e+03
-4.568784713745117188e+01 -2.361964416503906250e+02 -1.476501342773437500e+03
-3.949512100219726562e+01 -2.444530487060546875e+02 -1.459436401367187500e+03
-3.186682701110839844e+01 -2.504147338867187500e+02 -1.436875366210937500e+03
-5.344907760620117188e+01 -2.171551055908203125e+02 -1.353944702148437500e+03
-2.487100219726562500e+01 -2.364590148925781250e+02 -1.529067016601562500e+03
5.201473999023437500e+01 -2.271121673583984375e+02 -1.489684692382812500e+03
2.809527587890625000e+01 -2.291498260498046875e+02 -1.466220825195312500e+03
1.933013534545898438e+01 -2.411229095458984375e+02 -1.433705932617187500e+03
-4.498356246948242188e+01 -2.351940765380859375e+02 -1.474491088867187500e+03
-4.499465560913085938e+01 -2.374921569824218750e+02 -1.462352172851562500e+03
-2.592178153991699219e+01 -2.490523529052734375e+02 -1.455592895507812500e+03
-2.534920120239257812e+01 -2.451548614501953125e+02 -1.425290405273437500e+03
-8.482356071472167969e+00 -2.475120239257812500e+02 -1.417137573242187500e+03
-1.288750553131103516e+01 -2.406203765869140625e+02 -1.529101562500000000e+03
-3.262856674194335938e+01 -2.424242706298828125e+02 -1.519004394531250000e+03
4.682377624511718750e+01 -2.288433837890625000e+02 -1.486978759765625000e+03
3.300189590454101562e+01 -2.260360565185546875e+02 -1.475748168945312500e+03
1.135729217529296875e+01 -2.331541595458984375e+02 -1.456737792968750000e+03
6.070654392242431641e+00 -2.462379302978515625e+02 -1.420124023437500000e+03
-4.299477767944335938e+01 -2.321457061767578125e+02 -1.464916870117187500e+03
-2.559794044494628906e+01 -2.471046142578125000e+02 -1.471151000976562500e+03
-2.365130805969238281e+01 -2.456322479248046875e+02 -1.430477661132812500e+03
-2.091236495971679688e+01 -2.374332122802734375e+02 -1.421639770507812500e+03
4.344849777221679688e+01 -2.351004028320312500e+02 -1.504442382812500000e+03
-8.086046218872070312e+00 -2.418470611572265625e+02 -1.533402465820312500e+03
-1.594667339324951172e+01 -2.319158782958984375e+02 -1.523963256835937500e+03
-3.270593643188476562e+01 -2.438900299072265625e+02 -1.509225585937500000e+03
3.707782363891601562e+01 -2.297787475585937500e+02 -1.486564697265625000e+03
1.485879802703857422e+01 -2.309044952392578125e+02 -1.463990722656250000e+03
-5.681095600128173828e+00 -2.377931365966796875e+02 -1.442637329101562500e+03
-3.840448379516601562e+01 -2.415747680664062500e+02 -1.476102172851562500e+03
-2.789624214172363281e+01 -2.398317413330078125e+02 -1.478376464843750000e+03
-1.813489341735839844e+01 -2.426066436767578125e+02 -1.443115966796875000e+03
-2.248490142822265625e+01 -2.264346008300781250e+02 -1.420669067382812500e+03
3.844860076904296875e+01 -2.355664978027343750e+02 -1.500264526367187500e+03
-5.799465179443359375e+00 -2.391641387939453125e+02 -1.529498046875000000e+03
-2.197262382507324219e+01 -2.372808532714843750e+02 -1.514334228515625000e+03
3.576943588256835938e+01 -2.340765380859375000e+02 -1.486520385742187500e+03
2.307598352432250977e+00 -2.334771728515625000e+02 -1.457856445312500000e+03
-1.054249095916748047e+01 -2.400877075195312500e+02 -1.435568969726562500e+03
-2.723999023437500000e+01 -2.376009216308593750e+02 -1.479586914062500000e+03
-1.822639656066894531e+01 -2.431743927001953125e+02 -1.449943725585937500e+03
-2.116307258605957031e+01 -2.252236633300781250e+02 -1.422456787109375000e+03
-1.974243164062500000e+01 -2.293090362548828125e+02 -1.413784423828125000e+03
3.760587692260742188e+01 -2.364672088623046875e+02 -1.495189819335937500e+03
-4.264967441558837891e+00 -2.397059936523437500e+02 -1.526197998046875000e+03
-1.958108139038085938e+01 -2.361993408203125000e+02 -1.519758789062500000e+03
-2.275761985778808594e+01 -2.394871826171875000e+02 -1.504734985351562500e+03
1.922774696350097656e+01 -2.471864013671875000e+02 -1.485453247070312500e+03
-7.926421165466308594e+00 -2.381117706298828125e+02 -1.465271850585937500e+03
-6.429022789001464844e+00 -2.355576629638671875e+02 -1.439572875976562500e+03
-1.829680633544921875e+01 -2.378600006103515625e+02 -1.480851562500000000e+03
-1.788209724426269531e+01 -2.383598785400390625e+02 -1.461900268554687500e+03
-1.290511322021484375e+01 -2.310063018798828125e+02 -1.426996337890625000e+03
-1.071865367889404297e+01 -2.300249023437500000e+02 -1.418220214843750000e+03
2.095460891723632812e+01 -2.380324096679687500e+02 -1.528675170898437500e+03
2.541439628601074219e+01 -2.412281646728515625e+02 -1.549161865234375000e+03
1.762663364410400391e+00 -2.391351776123046875e+02 -1.528273803710937500e+03
-6.831668853759765625e+00 -2.383149414062500000e+02 -1.518116088867187500e+03
-2.113844299316406250e+01 -2.379253845214843750e+02 -1.509231689453125000e+03
1.321152782440185547e+01 -2.505220794677734375e+02 -1.489254272460937500e+03
-8.429888725280761719e+00 -2.344276580810546875e+02 -1.438035156250000000e+03
-2.097075080871582031e+01 -2.371895599365234375e+02 -1.483906494140625000e+03
-1.676090621948242188e+01 -2.259729614257812500e+02 -1.422312011718750000e+03
1.663939666748046875e+01 -2.378002471923828125e+02 -1.533685424804687500e+03
1.618829536437988281e+01 -2.482803649902343750e+02 -1.507404174804687500e+03
9.891317367553710938e+00 -2.365727233886718750e+02 -1.548087646484375000e+03
6.836538791656494141e+00 -2.401966094970703125e+02 -1.530238769531250000e+03
3.382165908813476562e+00 -2.469858093261718750e+02 -1.515877441406250000e+03
-1.175082874298095703e+01 -2.388538970947265625e+02 -1.507080566406250000e+03
6.099796295166015625e+00 -2.510603637695312500e+02 -1.490710937500000000e+03
-1.729975509643554688e+01 -2.410904541015625000e+02 -1.492432739257812500e+03
1.469679355621337891e+01 -2.407451019287109375e+02 -1.526448364257812500e+03
-2.882863208651542664e-02 -2.462433776855468750e+02 -1.514302001953125000e+03
-1.362869930267333984e+01 -2.412946624755859375e+02 -1.502847534179687500e+03
-2.268522977828979492e+00 -2.506174774169921875e+02 -1.492514404296875000e+03
-7.399320602416992188e+00 -2.467673492431640625e+02 -1.505047851562500000e+03
