8.165490722656250000e+01 -2.469447021484375000e+02 -1.415097290039062500e+03
8.408451843261718750e+01 -2.260246582031250000e+02 -1.410978393554687500e+03
8.380589294433593750e+01 -2.250851593017578125e+02 -1.416269531250000000e+03
7.757005310058593750e+01 -2.211130828857421875e+02 -1.393078125000000000e+03
7.959331512451171875e+01 -2.313535308837890625e+02 -1.434627197265625000e+03
7.660604095458984375e+01 -2.215555267333984375e+02 -1.392799804687500000e+03
6.762097930908203125e+01 -2.138298339843750000e+02 -1.372995727539062500e+03
-6.638066101074218750e+01 -2.424243621826171875e+02 -1.414400756835937500e+03
7.514585113525390625e+01 -2.276577606201171875e+02 -1.398737426757812500e+03
5.944138336181640625e+01 -2.123213043212890625e+02 -1.364505859375000000e+03
-5.503453445434570312e+01 -2.426741485595703125e+02 -1.406617187500000000e+03
6.703679656982421875e+01 -2.356678619384765625e+02 -1.444439819335937500e+03
6.718651580810546875e+01 -2.196267700195312500e+02 -1.377657470703125000e+03
5.454411697387695312e+01 -2.123643951416015625e+02 -1.359905395507812500e+03
-3.856101226806640625e+01 -2.501991729736328125e+02 -1.423202026367187500e+03
-3.911797332763671875e+01 -2.398083496093750000e+02 -1.539763427734375000e+03
5.135024642944335938e+01 -2.298572998046875000e+02 -1.464708740234375000e+03
5.170987701416015625e+01 -2.371982574462890625e+02 -1.426353759765625000e+03
-4.579721069335937500e+01 -2.419235229492187500e+02 -1.465899780273437500e+03
-4.118311309814453125e+01 -2.532479400634765625e+02 -1.438840576171875000e+03
-5.622667694091796875e+01 -2.090024414062500000e+02 -1.352610473632812500e+03
-3.773423385620117188e+01 -2.364730377197265625e+02 -1.528748046875000000e+03
4.063292312622070312e+01 -2.288329620361328125e+02 -1.466893310546875000e+03
4.157471466064453125e+01 -2.331845703125000000e+02 -1.438838745117187500e+03
-4.507164764404296875e+01 -2.400452423095703125e+02 -1.463917236328125000e+03
-3.982528305053710938e+01 -2.500243835449218750e+02 -1.440063720703125000e+03
-5.757650756835937500e+01 -2.085086364746093750e+02 -1.353365600585937500e+03
-3.538471984863281250e+01 -2.391565093994140625e+02 -1.533390014648437500e+03
5.411667633056640625e+01 -2.279843750000000000e+02 -1.484258422851562500e+03
3.295916748046875000e+01 -2.325919799804687500e+02 -1.441113891601562500e+03
-4.482690429687500000e+01 -2.338263092041015625e+02 -1.474766845703125000e+03
-4.018649673461914062e+01 -2.448059692382812500e+02 -1.457264892578125000e+03
-3.101181983947753906e+01 -2.491251831054687500e+02 -1.435319091796875000e+03
-5.303875732421875000e+01 -2.167631225585937500e+02 -1.353833251953125000e+03
-2.594074058532714844e+01 -2.349431762695312500e+02 -1.528973632812500000e+03
5.211508560180664062e+01 -2.286956634521484375e+02 -1.489487792968750000e+03
2.736840438842773438e+01 -2.224873962402343750e+02 -1.469021606445312500e+03
2.112288284301757812e+01 -2.367952117919921875e+02 -1.430744140625000000e+03
-4.411915588378906250e+01 -2.326946716308593750e+02 -1.472940673828125000e+03
-4.437740325927734375e+01 -2.354103698730468750e+02 -1.460640869140625000e+03
-2.588694953918457031e+01 -2.474886322021484375e+02 -1.452132080078125000e+03
-2.442703437805175781e+01 -2.440109405517578125e+02 -1.425395874023437500e+03
-6.440334796905517578e+00 -2.457353515625000000e+02 -1.414693237304687500e+03
-1.325488948822021484e+01 -2.391666412353515625e+02 -1.528724609375000000e+03
-3.421157455444335938e+01 -2.412534484863281250e+02 -1.518324951171875000e+03
4.755110931396484375e+01 -2.306528472900390625e+02 -1.486761108398437500e+03
3.320318603515625000e+01 -2.248887023925781250e+02 -1.476898437500000000e+03
1.551077556610107422e+01 -2.214949645996093750e+02 -1.455875732421875000e+03
9.201420783996582031e+00 -2.454640960693359375e+02 -1.415843139648437500e+03
-4.311356353759765625e+01 -2.287746429443359375e+02 -1.463003784179687500e+03
-2.552455902099609375e+01 -2.446413269042968750e+02 -1.465416748046875000e+03
-1.757699966430664062e+01 -2.431506958007812500e+02 -1.427429931640625000e+03
-1.805243110656738281e+01 -2.353940124511718750e+02 -1.418749023437500000e+03
4.423016357421875000e+01 -2.350149383544921875e+02 -1.504650878906250000e+03
-8.098711013793945312e+00 -2.408555603027343750e+02 -1.532958496093750000e+03
-1.603181457519531250e+01 -2.290460815429687500e+02 -1.523655639648437500e+03
-3.399032974243164062e+01 -2.434312133789062500e+02 -1.508510498046875000e+03
3.674392700195312500e+01 -2.302422790527343750e+02 -1.486534667968750000e+03
1.676648712158203125e+01 -2.214031066894531250e+02 -1.467678222656250000e+03
4.595641791820526123e-01 -2.332594757080078125e+02 -1.437276123046875000e+03
-3.855583190917968750e+01 -2.390966186523437500e+02 -1.472929565429687500e+03
-2.781684112548828125e+01 -2.354622344970703125e+02 -1.473677368164062500e+03
-1.357588577270507812e+01 -2.387394561767578125e+02 -1.438373657226562500e+03
-2.008716392517089844e+01 -2.256140747070312500e+02 -1.418082153320312500e+03
3.955320739746093750e+01 -2.362286834716796875e+02 -1.500304809570312500e+03
-5.182017803192138672e+00 -2.371409149169921875e+02 -1.528962036132812500e+03
-2.223953056335449219e+01 -2.346211242675781250e+02 -1.513193969726562500e+03
3.569450759887695312e+01 -2.344938354492187500e+02 -1.486670898437500000e+03
6.401452541351318359e+00 -2.247811126708984375e+02 -1.456082397460937500e+03
-4.047200679779052734e+00 -2.384217224121093750e+02 -1.428806030273437500e+03
-2.651031112670898438e+01 -2.327634124755859375e+02 -1.475825317382812500e+03
-1.414376068115234375e+01 -2.391276397705078125e+02 -1.445047119140625000e+03
-1.805751609802246094e+01 -2.245592498779296875e+02 -1.419677368164062500e+03
-1.859834671020507812e+01 -2.281061706542968750e+02 -1.411354492187500000e+03
3.749479293823242188e+01 -2.375052337646484375e+02 -1.495234130859375000e+03
-3.466361522674560547e+00 -2.374083862304687500e+02 -1.525661499023437500e+03
-2.035005950927734375e+01 -2.345558776855468750e+02 -1.518932861328125000e+03
-2.319311141967773438e+01 -2.354569854736328125e+02 -1.501496215820312500e+03
1.921982383728027344e+01 -2.473860473632812500e+02 -1.484668579101562500e+03
-2.112942457199096680e+00 -2.305544433593750000e+02 -1.463297851562500000e+03
6.006388664245605469e-01 -2.335399322509765625e+02 -1.431864624023437500e+03
-1.776788711547851562e+01 -2.312201538085937500e+02 -1.478055664062500000e+03
-1.265245246887207031e+01 -2.319796295166015625e+02 -1.457272705078125000e+03
-9.313110351562500000e+00 -2.293828277587890625e+02 -1.422841552734375000e+03
-8.061403274536132812e+00 -2.286618194580078125e+02 -1.414666503906250000e+03
2.159994506835937500e+01 -2.353636322021484375e+02 -1.528155761718750000e+03
2.550094223022460938e+01 -2.408971405029296875e+02 -1.549047851562500000e+03
2.930426597595214844e+00 -2.364580383300781250e+02 -1.528344970703125000e+03
-4.975913524627685547e+00 -2.349140014648437500e+02 -1.517701904296875000e+03
-2.107779312133789062e+01 -2.335983886718750000e+02 -1.507453125000000000e+03
1.481903266906738281e+01 -2.490702362060546875e+02 -1.488024902343750000e+03
-2.095199823379516602e+00 -2.321107482910156250e+02 -1.430526123046875000e+03
-1.906278038024902344e+01 -2.293129882812500000e+02 -1.481230346679687500e+03
-1.331842327117919922e+01 -2.249253540039062500e+02 -1.418998535156250000e+03
1.735950088500976562e+01 -2.352646331787109375e+02 -1.533079467773437500e+03
1.635793495178222656e+01 -2.467350463867187500e+02 -1.506025634765625000e+03
9.464680671691894531e+00 -2.353900604248046875e+02 -1.548284179687500000e+03
7.262674808502197266e+00 -2.374328002929687500e+02 -1.530088745117187500e+03
5.164694786071777344e+00 -2.444307098388671875e+02 -1.515639648437500000e+03
-1.019972610473632812e+01 -2.345412902832031250e+02 -1.507004638671875000e+03
9.229233741760253906e+00 -2.485882415771484375e+02 -1.489782104492187500e+03
-1.526343059539794922e+01 -2.340590209960937500e+02 -1.489436035156250000e+03
1.511349868774414062e+01 -2.382430877685546875e+02 -1.526108398437500000e+03
2.446929931640625000e+00 -2.431438140869140625e+02 -1.514106567382812500e+03
-1.188759613037109375e+01 -2.354690704345703125e+02 -1.502041259765625000e+03
2.494828462600708008e+00 -2.456755371093750000e+02 -1.491504150390625000e+03
-4.062312602996826172e+00 -2.427810668945312500e+02 -1.503871826171875000e+03
