8.066212463378906250e+01 -2.455744171142578125e+02 -1.416852661132812500e+03
8.408345031738281250e+01 -2.260379028320312500e+02 -1.410886596679687500e+03
8.361350250244140625e+01 -2.253916168212890625e+02 -1.416069580078125000e+03
7.723156738281250000e+01 -2.214118652343750000e+02 -1.392913452148437500e+03
7.965425872802734375e+01 -2.326376495361328125e+02 -1.433762329101562500e+03
7.622653198242187500e+01 -2.218264923095703125e+02 -1.392607788085937500e+03
6.742484283447265625e+01 -2.141512756347656250e+02 -1.372852905273437500e+03
-6.651812744140625000e+01 -2.433963317871093750e+02 -1.414059326171875000e+03
7.494802856445312500e+01 -2.273532562255859375e+02 -1.399200317382812500e+03
5.923636245727539062e+01 -2.127095031738281250e+02 -1.364388916015625000e+03
-5.542609024047851562e+01 -2.432194061279296875e+02 -1.406480224609375000e+03
6.779520416259765625e+01 -2.371882629394531250e+02 -1.442857055664062500e+03
6.693156433105468750e+01 -2.198282623291015625e+02 -1.377849487304687500e+03
5.420938491821289062e+01 -2.126646118164062500e+02 -1.359778808593750000e+03
-3.862817382812500000e+01 -2.510595855712890625e+02 -1.423184692382812500e+03
-3.964196014404296875e+01 -2.406690673828125000e+02 -1.539501464843750000e+03
5.131861114501953125e+01 -2.314602661132812500e+02 -1.463748046875000000e+03
5.176106262207031250e+01 -2.401619415283203125e+02 -1.423062622070312500e+03
-4.603619003295898438e+01 -2.422238769531250000e+02 -1.466474609375000000e+03
-4.152447891235351562e+01 -2.547794036865234375e+02 -1.438232177734375000e+03
-5.648463439941406250e+01 -2.094654846191406250e+02 -1.352396484375000000e+03
-3.776239776611328125e+01 -2.373500823974609375e+02 -1.528576660156250000e+03
4.069625091552734375e+01 -2.304924926757812500e+02 -1.465576538085937500e+03
4.260882568359375000e+01 -2.399780731201171875e+02 -1.433912109375000000e+03
-4.522755432128906250e+01 -2.404890136718750000e+02 -1.464415771484375000e+03
-3.971494293212890625e+01 -2.517378387451171875e+02 -1.439419677734375000e+03
-5.784811401367187500e+01 -2.090107574462890625e+02 -1.353193847656250000e+03
-3.563624572753906250e+01 -2.399493560791015625e+02 -1.533408325195312500e+03
5.294690322875976562e+01 -2.271747894287109375e+02 -1.484487548828125000e+03
3.326426696777343750e+01 -2.390774993896484375e+02 -1.436800537109375000e+03
-4.552650833129882812e+01 -2.350537872314453125e+02 -1.475602783203125000e+03
-4.046150207519531250e+01 -2.447401275634765625e+02 -1.457831054687500000e+03
-3.187485122680664062e+01 -2.507352600097656250e+02 -1.434837402343750000e+03
-5.342645263671875000e+01 -2.174272918701171875e+02 -1.353497314453125000e+03
-2.605397033691406250e+01 -2.360090179443359375e+02 -1.528493041992187500e+03
5.076921081542968750e+01 -2.281990203857421875e+02 -1.489715942382812500e+03
2.605031394958496094e+01 -2.268509216308593750e+02 -1.466674194335937500e+03
2.042258834838867188e+01 -2.415119476318359375e+02 -1.428524658203125000e+03
-4.475647354125976562e+01 -2.339159393310546875e+02 -1.473790161132812500e+03
-4.523754119873046875e+01 -2.364658355712890625e+02 -1.461028564453125000e+03
-2.628674888610839844e+01 -2.493065032958984375e+02 -1.452263916015625000e+03
-2.410611915588378906e+01 -2.457856597900390625e+02 -1.424916381835937500e+03
-7.192441940307617188e+00 -2.455743713378906250e+02 -1.414980346679687500e+03
-1.359071922302246094e+01 -2.404740447998046875e+02 -1.528019042968750000e+03
-3.421918869018554688e+01 -2.423539581298828125e+02 -1.517913696289062500e+03
4.625976181030273438e+01 -2.300859222412109375e+02 -1.486963134765625000e+03
3.169730377197265625e+01 -2.257988433837890625e+02 -1.476306274414062500e+03
1.239540481567382812e+01 -2.284867706298828125e+02 -1.454551391601562500e+03
8.082585334777832031e+00 -2.461515197753906250e+02 -1.415564453125000000e+03
-4.352365493774414062e+01 -2.301947937011718750e+02 -1.464331909179687500e+03
-2.701478004455566406e+01 -2.464540252685546875e+02 -1.467216918945312500e+03
-1.909886360168457031e+01 -2.443186492919921875e+02 -1.427182861328125000e+03
-1.859384346008300781e+01 -2.356992950439453125e+02 -1.418972290039062500e+03
4.350088500976562500e+01 -2.355078430175781250e+02 -1.504539550781250000e+03
-8.606753349304199219e+00 -2.417512359619140625e+02 -1.532531494140625000e+03
-1.672441482543945312e+01 -2.306327972412109375e+02 -1.522881103515625000e+03
-3.428972244262695312e+01 -2.440829772949218750e+02 -1.508035400390625000e+03
3.667018508911132812e+01 -2.307425537109375000e+02 -1.486578979492187500e+03
1.238520431518554688e+01 -2.264052276611328125e+02 -1.465860839843750000e+03
-2.408257246017456055e+00 -2.355574340820312500e+02 -1.437870605468750000e+03
-3.926012420654296875e+01 -2.403763885498046875e+02 -1.474160034179687500e+03
-2.862950325012207031e+01 -2.375327453613281250e+02 -1.475430297851562500e+03
-1.549417018890380859e+01 -2.405908355712890625e+02 -1.439018432617187500e+03
-2.053649330139160156e+01 -2.260172882080078125e+02 -1.418022705078125000e+03
3.864663314819335938e+01 -2.359814758300781250e+02 -1.500221069335937500e+03
-6.017544746398925781e+00 -2.385663757324218750e+02 -1.528148559570312500e+03
-2.298067855834960938e+01 -2.365154876708984375e+02 -1.512427246093750000e+03
3.527840805053710938e+01 -2.346383972167968750e+02 -1.486543090820312500e+03
3.378390073776245117e+00 -2.298252716064453125e+02 -1.455881103515625000e+03
-6.088704586029052734e+00 -2.385773925781250000e+02 -1.429321655273437500e+03
-2.769828033447265625e+01 -2.351310729980468750e+02 -1.477502685546875000e+03
-1.607151222229003906e+01 -2.414798889160156250e+02 -1.445940673828125000e+03
-1.870007324218750000e+01 -2.250155487060546875e+02 -1.419532958984375000e+03
-1.868043708801269531e+01 -2.287319183349609375e+02 -1.411304931640625000e+03
3.728612518310546875e+01 -2.371848449707031250e+02 -1.495040527343750000e+03
-4.344445228576660156e+00 -2.389953765869140625e+02 -1.524755004882812500e+03
-2.077416229248046875e+01 -2.356322937011718750e+02 -1.518673217773437500e+03
-2.392052841186523438e+01 -2.377768402099609375e+02 -1.502115112304687500e+03
1.571910476684570312e+01 -2.462874450683593750e+02 -1.486446533203125000e+03
-6.004213809967041016e+00 -2.340837097167968750e+02 -1.464473632812500000e+03
-1.869975924491882324e+00 -2.334744415283203125e+02 -1.432628417968750000e+03
-1.907014083862304688e+01 -2.341078033447265625e+02 -1.480417480468750000e+03
-1.581623363494873047e+01 -2.355340423583984375e+02 -1.458568603515625000e+03
-1.025791549682617188e+01 -2.297898101806640625e+02 -1.422755859375000000e+03
-9.024132728576660156e+00 -2.289047393798828125e+02 -1.414459716796875000e+03
2.112881851196289062e+01 -2.369046936035156250e+02 -1.527233764648437500e+03
2.524609756469726562e+01 -2.415048675537109375e+02 -1.548870971679687500e+03
1.996329545974731445e+00 -2.380893554687500000e+02 -1.527341552734375000e+03
-6.534661293029785156e+00 -2.373738403320312500e+02 -1.516248168945312500e+03
-2.221528244018554688e+01 -2.363457183837890625e+02 -1.507014038085937500e+03
1.045351600646972656e+01 -2.487570800781250000e+02 -1.489553344726562500e+03
-4.358899116516113281e+00 -2.320127563476562500e+02 -1.431203979492187500e+03
-2.061266708374023438e+01 -2.330043945312500000e+02 -1.483080078125000000e+03
-1.411204433441162109e+01 -2.254025268554687500e+02 -1.418810180664062500e+03
1.676318550109863281e+01 -2.368471069335937500e+02 -1.532435668945312500e+03
1.452471065521240234e+01 -2.469649200439453125e+02 -1.505951904296875000e+03
9.139345169067382812e+00 -2.362918243408203125e+02 -1.548071533203125000e+03
6.697002410888671875e+00 -2.390459899902343750e+02 -1.529141723632812500e+03
4.026879310607910156e+00 -2.466459350585937500e+02 -1.514047851562500000e+03
-1.164700222015380859e+01 -2.373460083007812500e+02 -1.506450073242187500e+03
3.575170755386352539e+00 -2.483610382080078125e+02 -1.491602416992187500e+03
-1.647066307067871094e+01 -2.377095489501953125e+02 -1.490478881835937500e+03
1.466195774078369141e+01 -2.399692382812500000e+02 -1.525017333984375000e+03
9.319726824760437012e-01 -2.456055908203125000e+02 -1.512345458984375000e+03
-1.335321807861328125e+01 -2.387865142822265625e+02 -1.502348388671875000e+03
-1.710392236709594727e+00 -2.473966064453125000e+02 -1.493160766601562500e+03
-6.682912349700927734e+00 -2.456965637207031250e+02 -1.503742919921875000e+03
