8.109329986572265625e+01 -2.410755004882812500e+02 -1.415366333007812500e+03
8.338539886474609375e+01 -2.245538787841796875e+02 -1.411446655273437500e+03
8.406693267822265625e+01 -2.228545684814453125e+02 -1.417486816406250000e+03
7.632619476318359375e+01 -2.189796447753906250e+02 -1.394091918945312500e+03
7.792383575439453125e+01 -2.308187561035156250e+02 -1.434738037109375000e+03
7.530899810791015625e+01 -2.194186859130859375e+02 -1.393754272460937500e+03
6.759299468994140625e+01 -2.150887298583984375e+02 -1.372174438476562500e+03
-6.696342468261718750e+01 -2.424579925537109375e+02 -1.414863403320312500e+03
7.229613494873046875e+01 -2.266788787841796875e+02 -1.399207885742187500e+03
5.948569107055664062e+01 -2.122427673339843750e+02 -1.364382446289062500e+03
-5.547244262695312500e+01 -2.428341827392578125e+02 -1.406859375000000000e+03
6.138941955566406250e+01 -2.407259063720703125e+02 -1.444459716796875000e+03
6.687779998779296875e+01 -2.209996795654296875e+02 -1.377099243164062500e+03
5.456175231933593750e+01 -2.122254333496093750e+02 -1.359922241210937500e+03
-3.744102478027343750e+01 -2.505563812255859375e+02 -1.424947509765625000e+03
-3.959447860717773438e+01 -2.405093536376953125e+02 -1.539643310546875000e+03
4.924557876586914062e+01 -2.356156311035156250e+02 -1.466595581054687500e+03
4.830382919311523438e+01 -2.394561004638671875e+02 -1.432551635742187500e+03
-4.594384002685546875e+01 -2.424085693359375000e+02 -1.467559082031250000e+03
-4.158539581298828125e+01 -2.552231597900390625e+02 -1.441211669921875000e+03
-5.602153015136718750e+01 -2.092179412841796875e+02 -1.352312744140625000e+03
-3.701799774169921875e+01 -2.380111846923828125e+02 -1.528389526367187500e+03
4.100860595703125000e+01 -2.336000213623046875e+02 -1.469255493164062500e+03
3.942660903930664062e+01 -2.440285644531250000e+02 -1.444034790039062500e+03
-4.506040191650390625e+01 -2.410658569335937500e+02 -1.465507446289062500e+03
-3.986509704589843750e+01 -2.522419738769531250e+02 -1.442598632812500000e+03
-5.738992309570312500e+01 -2.086940612792968750e+02 -1.352976318359375000e+03
-3.511312484741210938e+01 -2.403816986083984375e+02 -1.533477294921875000e+03
5.439918899536132812e+01 -2.264653930664062500e+02 -1.484282714843750000e+03
3.013129425048828125e+01 -2.438896331787109375e+02 -1.449304321289062500e+03
-4.607436370849609375e+01 -2.365897064208984375e+02 -1.476581176757812500e+03
-3.990600585937500000e+01 -2.455915985107421875e+02 -1.459863891601562500e+03
-3.229132461547851562e+01 -2.527113189697265625e+02 -1.438036987304687500e+03
-5.325252532958984375e+01 -2.166138000488281250e+02 -1.354291381835937500e+03
-2.527978324890136719e+01 -2.373431091308593750e+02 -1.528455078125000000e+03
5.260075378417968750e+01 -2.260486755371093750e+02 -1.490156250000000000e+03
2.658489418029785156e+01 -2.320687713623046875e+02 -1.469035766601562500e+03
1.743722152709960938e+01 -2.457399139404296875e+02 -1.439076416015625000e+03
-4.532419204711914062e+01 -2.357136840820312500e+02 -1.474520263671875000e+03
-4.496289825439453125e+01 -2.382767639160156250e+02 -1.462430419921875000e+03
-2.711251449584960938e+01 -2.519524078369140625e+02 -1.457611694335937500e+03
-2.656789588928222656e+01 -2.478035736083984375e+02 -1.427287353515625000e+03
-9.947054862976074219e+00 -2.496454620361328125e+02 -1.418467407226562500e+03
-1.363798046112060547e+01 -2.415413360595703125e+02 -1.528429443359375000e+03
-3.294962692260742188e+01 -2.432654724121093750e+02 -1.518376342773437500e+03
4.706042480468750000e+01 -2.284481353759765625e+02 -1.488073852539062500e+03
3.272547531127929688e+01 -2.275325927734375000e+02 -1.477712768554687500e+03
9.370668411254882812e+00 -2.374732666015625000e+02 -1.460122314453125000e+03
4.318312168121337891e+00 -2.488170776367187500e+02 -1.423507202148437500e+03
-4.320372390747070312e+01 -2.329879302978515625e+02 -1.465103515625000000e+03
-2.696490859985351562e+01 -2.491843872070312500e+02 -1.472004272460937500e+03
-2.531200599670410156e+01 -2.480145111083984375e+02 -1.433618041992187500e+03
-2.232747077941894531e+01 -2.391509399414062500e+02 -1.423118164062500000e+03
4.295075607299804688e+01 -2.355358428955078125e+02 -1.505777465820312500e+03
-8.879899024963378906e+00 -2.427101898193359375e+02 -1.533027954101562500e+03
-1.670931243896484375e+01 -2.333829498291015625e+02 -1.523115600585937500e+03
-3.324277496337890625e+01 -2.450864562988281250e+02 -1.508718627929687500e+03
3.660969543457031250e+01 -2.305979156494140625e+02 -1.488965942382812500e+03
1.319038581848144531e+01 -2.350657806396484375e+02 -1.467033203125000000e+03
-7.449721813201904297e+00 -2.414493103027343750e+02 -1.446711303710937500e+03
-3.909893417358398438e+01 -2.424717559814453125e+02 -1.475991210937500000e+03
-2.890428543090820312e+01 -2.414088287353515625e+02 -1.478388549804687500e+03
-1.966016197204589844e+01 -2.454935150146484375e+02 -1.445717407226562500e+03
-2.386652374267578125e+01 -2.283850860595703125e+02 -1.422869873046875000e+03
3.801854324340820312e+01 -2.365274505615234375e+02 -1.501829101562500000e+03
-6.767307758331298828e+00 -2.404022674560546875e+02 -1.528996093750000000e+03
-2.277587318420410156e+01 -2.388388214111328125e+02 -1.513760009765625000e+03
3.484360122680664062e+01 -2.353214416503906250e+02 -1.488995361328125000e+03
4.487490952014923096e-01 -2.377394256591796875e+02 -1.460994506835937500e+03
-1.282218360900878906e+01 -2.433279418945312500e+02 -1.438667358398437500e+03
-2.819201469421386719e+01 -2.391128540039062500e+02 -1.479339843750000000e+03
-1.975975227355957031e+01 -2.462105407714843750e+02 -1.452711181640625000e+03
-2.272627258300781250e+01 -2.274037170410156250e+02 -1.424800415039062500e+03
-2.098735427856445312e+01 -2.311758575439453125e+02 -1.414908081054687500e+03
3.692975997924804688e+01 -2.376791687011718750e+02 -1.497234497070312500e+03
-5.210696220397949219e+00 -2.409738311767578125e+02 -1.525666992187500000e+03
-2.044207572937011719e+01 -2.377265014648437500e+02 -1.518971557617187500e+03
-2.397616386413574219e+01 -2.411992645263671875e+02 -1.504301513671875000e+03
1.749113655090332031e+01 -2.500424652099609375e+02 -1.489156738281250000e+03
-9.205863952636718750e+00 -2.412438964843750000e+02 -1.467750732421875000e+03
-8.717044830322265625e+00 -2.384843750000000000e+02 -1.442670654296875000e+03
-1.953855514526367188e+01 -2.400773925781250000e+02 -1.481262207031250000e+03
-1.929291534423828125e+01 -2.412109527587890625e+02 -1.465021972656250000e+03
-1.493379497528076172e+01 -2.341838836669921875e+02 -1.428923828125000000e+03
-1.239042568206787109e+01 -2.325715026855468750e+02 -1.419318969726562500e+03
2.010593414306640625e+01 -2.394881134033203125e+02 -1.528163085937500000e+03
2.534015655517578125e+01 -2.411139831542968750e+02 -1.549075317382812500e+03
9.074832797050476074e-01 -2.403964691162109375e+02 -1.527649414062500000e+03
-7.968286991119384766e+00 -2.398468170166015625e+02 -1.517602539062500000e+03
-2.212708854675292969e+01 -2.396564331054687500e+02 -1.508650878906250000e+03
1.148943138122558594e+01 -2.535333557128906250e+02 -1.492726684570312500e+03
-1.059316349029541016e+01 -2.372591094970703125e+02 -1.440946166992187500e+03
-2.199240493774414062e+01 -2.390441741943359375e+02 -1.484120483398437500e+03
-1.862230682373046875e+01 -2.287139434814453125e+02 -1.424283203125000000e+03
1.582149410247802734e+01 -2.390972290039062500e+02 -1.532943115234375000e+03
1.443428611755371094e+01 -2.507923278808593750e+02 -1.508550048828125000e+03
9.701756477355957031e+00 -2.370617980957031250e+02 -1.547700927734375000e+03
5.986595630645751953e+00 -2.415832824707031250e+02 -1.529590332031250000e+03
2.318879365921020508e+00 -2.481324768066406250e+02 -1.515387329101562500e+03
-1.279635524749755859e+01 -2.405057830810546875e+02 -1.506418090820312500e+03
4.181760787963867188e+00 -2.539333343505859375e+02 -1.492793823242187500e+03
-1.876683616638183594e+01 -2.428706665039062500e+02 -1.492075073242187500e+03
1.383773994445800781e+01 -2.420870056152343750e+02 -1.525783325195312500e+03
-1.136216044425964355e+00 -2.474860687255859375e+02 -1.513781860351562500e+03
-1.483577537536621094e+01 -2.432683258056640625e+02 -1.502208740234375000e+03
-3.582752227783203125e+00 -2.528137512207031250e+02 -1.493610351562500000e+03
-8.658241271972656250e+00 -2.483993530273437500e+02 -1.504786743164062500e+03
