8.178180694580078125e+01 -2.471823120117187500e+02 -1.415814697265625000e+03
8.392802429199218750e+01 -2.259333953857421875e+02 -1.411193481445312500e+03
8.361044311523437500e+01 -2.248832397460937500e+02 -1.416298339843750000e+03
7.755824279785156250e+01 -2.208400421142578125e+02 -1.393190429687500000e+03
7.925949859619140625e+01 -2.316052551269531250e+02 -1.434064208984375000e+03
7.662426757812500000e+01 -2.213538360595703125e+02 -1.392909301757812500e+03
6.760893249511718750e+01 -2.138467864990234375e+02 -1.373013061523437500e+03
-6.649302673339843750e+01 -2.425338897705078125e+02 -1.414422851562500000e+03
7.505066680908203125e+01 -2.278551330566406250e+02 -1.398901733398437500e+03
5.942351150512695312e+01 -2.123899536132812500e+02 -1.364414062500000000e+03
-5.512026214599609375e+01 -2.427860107421875000e+02 -1.406771484375000000e+03
6.628914642333984375e+01 -2.360562591552734375e+02 -1.444629760742187500e+03
6.720440673828125000e+01 -2.199427642822265625e+02 -1.377596557617187500e+03
5.448720550537109375e+01 -2.123959350585937500e+02 -1.359793457031250000e+03
-3.876625061035156250e+01 -2.505854034423828125e+02 -1.422882934570312500e+03
-3.920213317871093750e+01 -2.399439697265625000e+02 -1.539796752929687500e+03
5.006579971313476562e+01 -2.287218933105468750e+02 -1.464924316406250000e+03
5.177539062500000000e+01 -2.365754241943359375e+02 -1.425718627929687500e+03
-4.631993865966796875e+01 -2.414419403076171875e+02 -1.466307006835937500e+03
-4.070830535888671875e+01 -2.537987823486328125e+02 -1.438744018554687500e+03
-5.616954040527343750e+01 -2.090959625244140625e+02 -1.352589965820312500e+03
-3.798278427124023438e+01 -2.363483123779296875e+02 -1.529328613281250000e+03
3.968183135986328125e+01 -2.297521972656250000e+02 -1.466821044921875000e+03
4.107376098632812500e+01 -2.335925445556640625e+02 -1.436609375000000000e+03
-4.559244155883789062e+01 -2.395576171875000000e+02 -1.464432250976562500e+03
-3.945358276367187500e+01 -2.505823974609375000e+02 -1.439934936523437500e+03
-5.753088378906250000e+01 -2.086476898193359375e+02 -1.353298583984375000e+03
-3.565060043334960938e+01 -2.391831665039062500e+02 -1.533923339843750000e+03
5.397741699218750000e+01 -2.282204437255859375e+02 -1.484306396484375000e+03
3.139072608947753906e+01 -2.323791656494140625e+02 -1.439973754882812500e+03
-4.515528869628906250e+01 -2.335929565429687500e+02 -1.475289184570312500e+03
-4.081761550903320312e+01 -2.446008911132812500e+02 -1.457772216796875000e+03
-3.088843154907226562e+01 -2.493547821044921875e+02 -1.435374389648437500e+03
-5.308801651000976562e+01 -2.168827362060546875e+02 -1.353665649414062500e+03
-2.649341011047363281e+01 -2.346556701660156250e+02 -1.529701171875000000e+03
5.162508392333984375e+01 -2.287977294921875000e+02 -1.489430297851562500e+03
2.604330062866210938e+01 -2.248190917968750000e+02 -1.468443603515625000e+03
1.996475791931152344e+01 -2.368945159912109375e+02 -1.430671630859375000e+03
-4.450375747680664062e+01 -2.324975891113281250e+02 -1.473537475585937500e+03
-4.443460083007812500e+01 -2.353747711181640625e+02 -1.461282104492187500e+03
-2.697340011596679688e+01 -2.470509796142578125e+02 -1.453358764648437500e+03
-2.422232437133789062e+01 -2.441361846923828125e+02 -1.425008666992187500e+03
-6.854603290557861328e+00 -2.459446105957031250e+02 -1.414796020507812500e+03
-1.362338256835937500e+01 -2.386209106445312500e+02 -1.529846923828125000e+03
-3.460682296752929688e+01 -2.410294342041015625e+02 -1.519145874023437500e+03
4.683606338500976562e+01 -2.309961547851562500e+02 -1.487118408203125000e+03
3.197072410583496094e+01 -2.266389617919921875e+02 -1.476926147460937500e+03
1.441067123413085938e+01 -2.234645538330078125e+02 -1.455984375000000000e+03
7.849020004272460938e+00 -2.449655914306640625e+02 -1.416038696289062500e+03
-4.324278259277343750e+01 -2.287511444091796875e+02 -1.463435546875000000e+03
-2.718345451354980469e+01 -2.432407531738281250e+02 -1.467488891601562500e+03
-1.785400009155273438e+01 -2.429193420410156250e+02 -1.427610473632812500e+03
-1.832229042053222656e+01 -2.354972991943359375e+02 -1.418808715820312500e+03
4.362713241577148438e+01 -2.352539825439453125e+02 -1.505117309570312500e+03
-8.336851119995117188e+00 -2.403962402343750000e+02 -1.534045532226562500e+03
-1.644198608398437500e+01 -2.286511840820312500e+02 -1.524875000000000000e+03
-3.468554306030273438e+01 -2.430189971923828125e+02 -1.509728637695312500e+03
3.565718078613281250e+01 -2.312256622314453125e+02 -1.486975341796875000e+03
1.514262008666992188e+01 -2.246469879150390625e+02 -1.467351806640625000e+03
-1.046590805053710938e+00 -2.341023864746093750e+02 -1.438069702148437500e+03
-3.935143280029296875e+01 -2.385875396728515625e+02 -1.473808959960937500e+03
-2.873480606079101562e+01 -2.346289367675781250e+02 -1.475060180664062500e+03
-1.504081344604492188e+01 -2.391089477539062500e+02 -1.438765380859375000e+03
-2.045643615722656250e+01 -2.255716247558593750e+02 -1.418385742187500000e+03
3.859892272949218750e+01 -2.367548065185546875e+02 -1.500751098632812500e+03
-5.529948711395263672e+00 -2.366902465820312500e+02 -1.530149169921875000e+03
-2.298268127441406250e+01 -2.339915618896484375e+02 -1.514562133789062500e+03
3.429681396484375000e+01 -2.354198760986328125e+02 -1.487124023437500000e+03
4.979496955871582031e+00 -2.267163085937500000e+02 -1.456805664062500000e+03
-5.151328563690185547e+00 -2.387648315429687500e+02 -1.429171020507812500e+03
-2.745744132995605469e+01 -2.317804412841796875e+02 -1.477218261718750000e+03
-1.558364486694335938e+01 -2.395976257324218750e+02 -1.445737548828125000e+03
-1.851644706726074219e+01 -2.245513000488281250e+02 -1.419964355468750000e+03
-1.896623992919921875e+01 -2.282671661376953125e+02 -1.411424926757812500e+03
3.632868194580078125e+01 -2.385864105224609375e+02 -1.495547729492187500e+03
-3.779219627380371094e+00 -2.368523101806640625e+02 -1.526911987304687500e+03
-2.099524879455566406e+01 -2.342886047363281250e+02 -1.520130249023437500e+03
-2.439539527893066406e+01 -2.346958770751953125e+02 -1.503732788085937500e+03
1.715555191040039062e+01 -2.493803863525390625e+02 -1.484676635742187500e+03
-3.521826744079589844e+00 -2.318378601074218750e+02 -1.464833251953125000e+03
-6.448616981506347656e-01 -2.340343017578125000e+02 -1.432458129882812500e+03
-1.937845802307128906e+01 -2.302120056152343750e+02 -1.480246704101562500e+03
-1.426731109619140625e+01 -2.323668975830078125e+02 -1.459021362304687500e+03
-9.902896881103515625e+00 -2.296598052978515625e+02 -1.423022583007812500e+03
-8.354499816894531250e+00 -2.289594116210937500e+02 -1.414855834960937500e+03
2.126666069030761719e+01 -2.350738525390625000e+02 -1.529385498046875000e+03
2.550033569335937500e+01 -2.409774780273437500e+02 -1.549163696289062500e+03
2.779629707336425781e+00 -2.358809814453125000e+02 -1.529577758789062500e+03
-5.197212696075439453e+00 -2.340422058105468750e+02 -1.519326416015625000e+03
-2.190187644958496094e+01 -2.328392639160156250e+02 -1.509246948242187500e+03
1.258125400543212891e+01 -2.503813781738281250e+02 -1.487788696289062500e+03
-3.205941200256347656e+00 -2.324799041748046875e+02 -1.431355224609375000e+03
-2.019400215148925781e+01 -2.285191040039062500e+02 -1.483199829101562500e+03
-1.376410293579101562e+01 -2.249470977783203125e+02 -1.419280639648437500e+03
1.685884857177734375e+01 -2.349519195556640625e+02 -1.534105957031250000e+03
1.467670536041259766e+01 -2.465939178466796875e+02 -1.506878417968750000e+03
9.336054801940917969e+00 -2.348375244140625000e+02 -1.548749511718750000e+03
6.926930904388427734e+00 -2.368861389160156250e+02 -1.531276489257812500e+03
5.059247493743896484e+00 -2.435830688476562500e+02 -1.517194824218750000e+03
-1.102795410156250000e+01 -2.338405151367187500e+02 -1.508980102539062500e+03
7.122482299804687500e+00 -2.492769622802734375e+02 -1.490081542968750000e+03
-1.644017791748046875e+01 -2.329461364746093750e+02 -1.491958862304687500e+03
1.475121212005615234e+01 -2.378643798828125000e+02 -1.527328369140625000e+03
2.336976528167724609e+00 -2.423061676025390625e+02 -1.515665039062500000e+03
-1.309119129180908203e+01 -2.345150299072265625e+02 -1.504424194335937500e+03
9.480383992195129395e-01 -2.455912933349609375e+02 -1.493134399414062500e+03
-4.737528324127197266e+00 -2.420427246093750000e+02 -1.505758666992187500e+03
