8.165182495117187500e+01 -2.465625000000000000e+02 -1.415336303710937500e+03
8.401789093017578125e+01 -2.258564605712890625e+02 -1.410916748046875000e+03
8.349491119384765625e+01 -2.250326080322265625e+02 -1.416240356445312500e+03
7.766813659667968750e+01 -2.213238372802734375e+02 -1.392953002929687500e+03
7.965003204345703125e+01 -2.317562713623046875e+02 -1.434312011718750000e+03
7.673342895507812500e+01 -2.217471771240234375e+02 -1.392710937500000000e+03
6.753478240966796875e+01 -2.137741851806640625e+02 -1.372935180664062500e+03
-6.646263885498046875e+01 -2.426431427001953125e+02 -1.414136474609375000e+03
7.537684631347656250e+01 -2.278263244628906250e+02 -1.398867065429687500e+03
5.953364562988281250e+01 -2.123885192871093750e+02 -1.364465698242187500e+03
-5.520861053466796875e+01 -2.425131378173828125e+02 -1.406475219726562500e+03
6.659732818603515625e+01 -2.344360809326171875e+02 -1.446068359375000000e+03
6.737758636474609375e+01 -2.198619842529296875e+02 -1.377623046875000000e+03
5.462281799316406250e+01 -2.124562072753906250e+02 -1.359880859375000000e+03
-3.828660202026367188e+01 -2.501597137451171875e+02 -1.423509887695312500e+03
-3.918844985961914062e+01 -2.399697570800781250e+02 -1.539823242187500000e+03
5.063867568969726562e+01 -2.297345581054687500e+02 -1.464209594726562500e+03
5.164542388916015625e+01 -2.368250579833984375e+02 -1.426571655273437500e+03
-4.534756469726562500e+01 -2.414900665283203125e+02 -1.465831542968750000e+03
-4.118987274169921875e+01 -2.530223693847656250e+02 -1.439169921875000000e+03
-5.619660949707031250e+01 -2.090766448974609375e+02 -1.352655029296875000e+03
-3.784016799926757812e+01 -2.363125762939453125e+02 -1.528614379882812500e+03
4.001484680175781250e+01 -2.283700256347656250e+02 -1.466118041992187500e+03
4.005524826049804688e+01 -2.334855041503906250e+02 -1.438698608398437500e+03
-4.459703445434570312e+01 -2.395842285156250000e+02 -1.463811767578125000e+03
-3.957871627807617188e+01 -2.496696014404296875e+02 -1.440334350585937500e+03
-5.760305404663085938e+01 -2.087148132324218750e+02 -1.353250854492187500e+03
-3.548445892333984375e+01 -2.391290588378906250e+02 -1.533286254882812500e+03
5.399652481079101562e+01 -2.265196838378906250e+02 -1.484444458007812500e+03
3.043030166625976562e+01 -2.310311889648437500e+02 -1.442783447265625000e+03
-4.479566955566406250e+01 -2.342242736816406250e+02 -1.474589843750000000e+03
-3.999922943115234375e+01 -2.440974273681640625e+02 -1.457246826171875000e+03
-3.137271881103515625e+01 -2.490157012939453125e+02 -1.435496948242187500e+03
-5.286050415039062500e+01 -2.166045227050781250e+02 -1.354173095703125000e+03
-2.618580245971679688e+01 -2.349241180419921875e+02 -1.528830566406250000e+03
5.213736343383789062e+01 -2.279710083007812500e+02 -1.489453613281250000e+03
2.556320762634277344e+01 -2.215378570556640625e+02 -1.468752563476562500e+03
1.887354850769042969e+01 -2.340785980224609375e+02 -1.433596679687500000e+03
-4.397638320922851562e+01 -2.330761260986328125e+02 -1.472653686523437500e+03
-4.425282287597656250e+01 -2.353348541259765625e+02 -1.460756225585937500e+03
-2.558912849426269531e+01 -2.463969116210937500e+02 -1.451692260742187500e+03
-2.367059516906738281e+01 -2.445466918945312500e+02 -1.425780151367187500e+03
-6.064103603363037109e+00 -2.456333618164062500e+02 -1.414365722656250000e+03
-1.370213413238525391e+01 -2.392199859619140625e+02 -1.528668334960937500e+03
-3.415317153930664062e+01 -2.411106719970703125e+02 -1.518097534179687500e+03
4.732855987548828125e+01 -2.298451232910156250e+02 -1.486831298828125000e+03
3.316973495483398438e+01 -2.237685241699218750e+02 -1.476977783203125000e+03
1.233868980407714844e+01 -2.192527770996093750e+02 -1.459026245117187500e+03
9.081562042236328125e+00 -2.434759826660156250e+02 -1.417663696289062500e+03
-4.290156555175781250e+01 -2.289281311035156250e+02 -1.462812377929687500e+03
-2.467065620422363281e+01 -2.436894073486328125e+02 -1.464761230468750000e+03
-1.734692955017089844e+01 -2.430508270263671875e+02 -1.428200317382812500e+03
-1.772659111022949219e+01 -2.355373992919921875e+02 -1.418790649414062500e+03
4.391193008422851562e+01 -2.353607330322265625e+02 -1.504871459960937500e+03
-8.666965484619140625e+00 -2.409448089599609375e+02 -1.532831298828125000e+03
-1.658120918273925781e+01 -2.290727996826171875e+02 -1.523601684570312500e+03
-3.372568130493164062e+01 -2.431892089843750000e+02 -1.507813232421875000e+03
3.700832748413085938e+01 -2.298478393554687500e+02 -1.486580932617187500e+03
1.381547546386718750e+01 -2.192618408203125000e+02 -1.469406250000000000e+03
2.042088955640792847e-01 -2.306416320800781250e+02 -1.439989624023437500e+03
-3.813489151000976562e+01 -2.391435852050781250e+02 -1.472679077148437500e+03
-2.727523994445800781e+01 -2.354109497070312500e+02 -1.473131469726562500e+03
-1.292410945892333984e+01 -2.374682617187500000e+02 -1.439533935546875000e+03
-2.028441619873046875e+01 -2.252734069824218750e+02 -1.418101440429687500e+03
3.927430343627929688e+01 -2.362387847900390625e+02 -1.500600341796875000e+03
-6.033290386199951172e+00 -2.373083343505859375e+02 -1.528943237304687500e+03
-2.233267593383789062e+01 -2.346455688476562500e+02 -1.512738647460937500e+03
3.580877685546875000e+01 -2.342691650390625000e+02 -1.486686279296875000e+03
4.641838550567626953e+00 -2.219003601074218750e+02 -1.459478515625000000e+03
-3.597616195678710938e+00 -2.367067565917968750e+02 -1.429980590820312500e+03
-2.590082550048828125e+01 -2.326235198974609375e+02 -1.475250366210937500e+03
-1.341619968414306641e+01 -2.373420257568359375e+02 -1.447008544921875000e+03
-1.828394317626953125e+01 -2.241470336914062500e+02 -1.419745239257812500e+03
-1.838435363769531250e+01 -2.280575103759765625e+02 -1.411216430664062500e+03
3.751101303100585938e+01 -2.372828674316406250e+02 -1.495209838867187500e+03
-4.312809467315673828e+00 -2.376315460205078125e+02 -1.525678100585937500e+03
-2.064861869812011719e+01 -2.344044036865234375e+02 -1.518716186523437500e+03
-2.263597679138183594e+01 -2.356632232666015625e+02 -1.500363037109375000e+03
1.904851722717285156e+01 -2.458228912353515625e+02 -1.485401123046875000e+03
-2.575808525085449219e+00 -2.284398040771484375e+02 -1.465205932617187500e+03
9.573528170585632324e-01 -2.312762451171875000e+02 -1.433469848632812500e+03
-1.724250793457031250e+01 -2.310228424072265625e+02 -1.477015625000000000e+03
-1.244765186309814453e+01 -2.304369506835937500e+02 -1.458596923828125000e+03
-8.968376159667968750e+00 -2.286702117919921875e+02 -1.423082885742187500e+03
-8.072459220886230469e+00 -2.281782226562500000e+02 -1.414487304687500000e+03
2.071321868896484375e+01 -2.356386260986328125e+02 -1.528429687500000000e+03
2.577567291259765625e+01 -2.407348937988281250e+02 -1.549145751953125000e+03
2.028151273727416992e+00 -2.366634674072265625e+02 -1.528480712890625000e+03
-5.626774311065673828e+00 -2.352636108398437500e+02 -1.517551635742187500e+03
-2.103201484680175781e+01 -2.339239654541015625e+02 -1.506626953125000000e+03
1.505679798126220703e+01 -2.472737274169921875e+02 -1.489197631835937500e+03
-1.893425464630126953e+00 -2.303803710937500000e+02 -1.431442138671875000e+03
-1.847997093200683594e+01 -2.296641693115234375e+02 -1.480177001953125000e+03
-1.327779102325439453e+01 -2.246674194335937500e+02 -1.419079223632812500e+03
1.659146881103515625e+01 -2.352915802001953125e+02 -1.533430053710937500e+03
1.617619323730468750e+01 -2.464766082763671875e+02 -1.506592407226562500e+03
8.962440490722656250e+00 -2.353722991943359375e+02 -1.548402709960937500e+03
6.333533763885498047e+00 -2.375498962402343750e+02 -1.530235107421875000e+03
4.838546276092529297e+00 -2.444872131347656250e+02 -1.515584838867187500e+03
-1.019248485565185547e+01 -2.348217773437500000e+02 -1.506397827148437500e+03
9.418139457702636719e+00 -2.469734954833984375e+02 -1.490766723632812500e+03
-1.458779430389404297e+01 -2.344721374511718750e+02 -1.488181030273437500e+03
1.439972782135009766e+01 -2.383071899414062500e+02 -1.526371582031250000e+03
2.116064071655273438e+00 -2.432403259277343750e+02 -1.514069580078125000e+03
-1.171819686889648438e+01 -2.358013000488281250e+02 -1.501015869140625000e+03
3.001322984695434570e+00 -2.450285949707031250e+02 -1.491669189453125000e+03
-4.117809772491455078e+00 -2.428633422851562500e+02 -1.503337646484375000e+03
