8.151903533935546875e+01 -2.464243164062500000e+02 -1.415947509765625000e+03
8.416936492919921875e+01 -2.261947021484375000e+02 -1.410779174804687500e+03
8.381321716308593750e+01 -2.252002563476562500e+02 -1.416141967773437500e+03
7.752965545654296875e+01 -2.212732849121093750e+02 -1.392894653320312500e+03
7.972103881835937500e+01 -2.315000610351562500e+02 -1.434098022460937500e+03
7.650413513183593750e+01 -2.215597534179687500e+02 -1.392586303710937500e+03
6.752014923095703125e+01 -2.138844451904296875e+02 -1.372895751953125000e+03
-6.609153747558593750e+01 -2.430299224853515625e+02 -1.414236572265625000e+03
7.490635681152343750e+01 -2.281291351318359375e+02 -1.398701293945312500e+03
5.945833206176757812e+01 -2.124207000732421875e+02 -1.364342895507812500e+03
-5.594089889526367188e+01 -2.425924530029296875e+02 -1.406693847656250000e+03
6.653166961669921875e+01 -2.369459228515625000e+02 -1.443124633789062500e+03
6.688704681396484375e+01 -2.201174926757812500e+02 -1.377628662109375000e+03
5.433874893188476562e+01 -2.125421142578125000e+02 -1.359769165039062500e+03
-3.877133560180664062e+01 -2.502834472656250000e+02 -1.423183349609375000e+03
-3.952686309814453125e+01 -2.405785369873046875e+02 -1.539447875976562500e+03
5.218332290649414062e+01 -2.329645080566406250e+02 -1.463931640625000000e+03
4.989240646362304688e+01 -2.371777954101562500e+02 -1.425140380859375000e+03
-4.598053359985351562e+01 -2.416656188964843750e+02 -1.467232788085937500e+03
-4.176533126831054688e+01 -2.532261657714843750e+02 -1.439060913085937500e+03
-5.623007583618164062e+01 -2.092419738769531250e+02 -1.352397583007812500e+03
-3.735203170776367188e+01 -2.370923767089843750e+02 -1.529206298828125000e+03
4.195326995849609375e+01 -2.318851776123046875e+02 -1.465555664062500000e+03
4.226617813110351562e+01 -2.388349456787109375e+02 -1.435481567382812500e+03
-4.506645584106445312e+01 -2.402374725341796875e+02 -1.465091430664062500e+03
-3.981370544433593750e+01 -2.500318298339843750e+02 -1.440366943359375000e+03
-5.751979446411132812e+01 -2.088988494873046875e+02 -1.353155395507812500e+03
-3.525717926025390625e+01 -2.397147979736328125e+02 -1.533961669921875000e+03
5.363784408569335938e+01 -2.274215240478515625e+02 -1.483928588867187500e+03
3.310187149047851562e+01 -2.379606475830078125e+02 -1.439156005859375000e+03
-4.593647384643554688e+01 -2.356923522949218750e+02 -1.476151489257812500e+03
-4.002172851562500000e+01 -2.443503723144531250e+02 -1.458807739257812500e+03
-3.171103096008300781e+01 -2.495402221679687500e+02 -1.436062011718750000e+03
-5.336292266845703125e+01 -2.170489654541015625e+02 -1.353626342773437500e+03
-2.560279464721679688e+01 -2.358273773193359375e+02 -1.529257812500000000e+03
5.151705932617187500e+01 -2.279725799560546875e+02 -1.489510620117187500e+03
2.767350387573242188e+01 -2.294922637939453125e+02 -1.463967529296875000e+03
1.988055610656738281e+01 -2.403477020263671875e+02 -1.429538818359375000e+03
-4.521270370483398438e+01 -2.346006164550781250e+02 -1.474170898437500000e+03
-4.517511749267578125e+01 -2.371153564453125000e+02 -1.461663330078125000e+03
-2.606441879272460938e+01 -2.479183654785156250e+02 -1.454306152343750000e+03
-2.449578475952148438e+01 -2.445948944091796875e+02 -1.425072143554687500e+03
-7.750581264495849609e+00 -2.457780303955078125e+02 -1.415447875976562500e+03
-1.371183395385742188e+01 -2.401178283691406250e+02 -1.529120117187500000e+03
-3.355082321166992188e+01 -2.420079956054687500e+02 -1.518819824218750000e+03
4.659504318237304688e+01 -2.300180358886718750e+02 -1.486559082031250000e+03
3.272468185424804688e+01 -2.268615417480468750e+02 -1.474800537109375000e+03
1.177106094360351562e+01 -2.315220489501953125e+02 -1.451734863281250000e+03
6.918067455291748047e+00 -2.450627136230468750e+02 -1.417026611328125000e+03
-4.308066558837890625e+01 -2.313112945556640625e+02 -1.464404296875000000e+03
-2.628393936157226562e+01 -2.462590484619140625e+02 -1.469711791992187500e+03
-2.118806838989257812e+01 -2.432962646484375000e+02 -1.428344116210937500e+03
-1.989182090759277344e+01 -2.354296417236328125e+02 -1.419565795898437500e+03
4.349016952514648438e+01 -2.351872100830078125e+02 -1.504129394531250000e+03
-8.853800773620605469e+00 -2.412584686279296875e+02 -1.533290405273437500e+03
-1.669577980041503906e+01 -2.308695678710937500e+02 -1.524014770507812500e+03
-3.370856475830078125e+01 -2.435243988037109375e+02 -1.508739624023437500e+03
3.690698623657226562e+01 -2.307114410400390625e+02 -1.485701660156250000e+03
1.481857013702392578e+01 -2.304069213867187500e+02 -1.460983764648437500e+03
-4.792860507965087891e+00 -2.363713226318359375e+02 -1.437511718750000000e+03
-3.885370635986328125e+01 -2.408662261962890625e+02 -1.475544799804687500e+03
-2.806792449951171875e+01 -2.386923675537109375e+02 -1.477328247070312500e+03
-1.723110198974609375e+01 -2.401622009277343750e+02 -1.439993530273437500e+03
-2.157559394836425781e+01 -2.252780914306640625e+02 -1.418566406250000000e+03
3.850516510009765625e+01 -2.358646697998046875e+02 -1.499613647460937500e+03
-6.512913227081298828e+00 -2.384025726318359375e+02 -1.529178955078125000e+03
-2.267108154296875000e+01 -2.365258178710937500e+02 -1.513568481445312500e+03
3.558182144165039062e+01 -2.349170074462890625e+02 -1.485511596679687500e+03
2.541481494903564453e+00 -2.323482055664062500e+02 -1.452855712890625000e+03
-8.771887779235839844e+00 -2.376825561523437500e+02 -1.431081420898437500e+03
-2.714640808105468750e+01 -2.364565124511718750e+02 -1.478833862304687500e+03
-1.778801155090332031e+01 -2.410216674804687500e+02 -1.446224609375000000e+03
-2.000874900817871094e+01 -2.241035156250000000e+02 -1.420218750000000000e+03
-1.944984054565429688e+01 -2.282368469238281250e+02 -1.411871093750000000e+03
3.733937454223632812e+01 -2.371873016357421875e+02 -1.494234375000000000e+03
-4.984168529510498047e+00 -2.389388580322265625e+02 -1.525857910156250000e+03
-2.035502624511718750e+01 -2.354682312011718750e+02 -1.519686279296875000e+03
-2.306473350524902344e+01 -2.384385375976562500e+02 -1.503200927734375000e+03
1.931192588806152344e+01 -2.475220642089843750e+02 -1.483759643554687500e+03
-7.712884426116943359e+00 -2.370606842041015625e+02 -1.461190185546875000e+03
-4.905214309692382812e+00 -2.333459472656250000e+02 -1.434158691406250000e+03
-1.834446907043457031e+01 -2.361484985351562500e+02 -1.480042968750000000e+03
-1.804924201965332031e+01 -2.365619964599609375e+02 -1.457765014648437500e+03
-1.188996791839599609e+01 -2.289107666015625000e+02 -1.423990234375000000e+03
-1.008514499664306641e+01 -2.280985565185546875e+02 -1.415499023437500000e+03
2.044867134094238281e+01 -2.370160522460937500e+02 -1.528217285156250000e+03
2.529628753662109375e+01 -2.412610321044921875e+02 -1.548947509765625000e+03
1.101284027099609375e+00 -2.381709442138671875e+02 -1.528036987304687500e+03
-7.256107807159423828e+00 -2.376407165527343750e+02 -1.517509521484375000e+03
-2.152727317810058594e+01 -2.368955535888671875e+02 -1.507986816406250000e+03
1.396532440185546875e+01 -2.498337402343750000e+02 -1.487520629882812500e+03
-7.026268005371093750e+00 -2.317693023681640625e+02 -1.432850708007812500e+03
-2.060818290710449219e+01 -2.354037170410156250e+02 -1.482904785156250000e+03
-1.563440990447998047e+01 -2.243387298583984375e+02 -1.419783447265625000e+03
1.600389862060546875e+01 -2.369290161132812500e+02 -1.533333740234375000e+03
1.577859401702880859e+01 -2.475072937011718750e+02 -1.506060302734375000e+03
9.088656425476074219e+00 -2.360809326171875000e+02 -1.548382446289062500e+03
6.018957138061523438e+00 -2.391311035156250000e+02 -1.529956787109375000e+03
2.900754451751708984e+00 -2.465391845703125000e+02 -1.515036132812500000e+03
-1.154457378387451172e+01 -2.378179168701171875e+02 -1.506136596679687500e+03
7.683682918548583984e+00 -2.496798248291015625e+02 -1.489394042968750000e+03
-1.645065498352050781e+01 -2.393580780029296875e+02 -1.491205932617187500e+03
1.395195579528808594e+01 -2.399545288085937500e+02 -1.525952270507812500e+03
-3.791112899780273438e-01 -2.456663970947265625e+02 -1.513453979492187500e+03
-1.304296970367431641e+01 -2.400285797119140625e+02 -1.501783325195312500e+03
-2.808054983615875244e-01 -2.488530273437500000e+02 -1.491481323242187500e+03
-6.436672210693359375e+00 -2.457900695800781250e+02 -1.503773681640625000e+03
