8.179667663574218750e+01 -2.461650238037109375e+02 -1.414783325195312500e+03
8.388286590576171875e+01 -2.259449462890625000e+02 -1.410937011718750000e+03
8.336851501464843750e+01 -2.251996459960937500e+02 -1.416141723632812500e+03
7.756766510009765625e+01 -2.213473663330078125e+02 -1.393001953125000000e+03
8.043540954589843750e+01 -2.317330169677734375e+02 -1.434854736328125000e+03
7.658669281005859375e+01 -2.217375488281250000e+02 -1.392747192382812500e+03
6.750316619873046875e+01 -2.138690032958984375e+02 -1.372933959960937500e+03
-6.623348236083984375e+01 -2.428606719970703125e+02 -1.414063720703125000e+03
7.524937438964843750e+01 -2.278957672119140625e+02 -1.398849121093750000e+03
5.952036285400390625e+01 -2.125315093994140625e+02 -1.364263793945312500e+03
-5.526655197143554688e+01 -2.424768829345703125e+02 -1.406966308593750000e+03
6.653661346435546875e+01 -2.349987640380859375e+02 -1.446212280273437500e+03
6.736773681640625000e+01 -2.196935729980468750e+02 -1.377688842773437500e+03
5.447322845458984375e+01 -2.123713836669921875e+02 -1.359910156250000000e+03
-3.804077911376953125e+01 -2.505799865722656250e+02 -1.423404541015625000e+03
-3.925673675537109375e+01 -2.402361755371093750e+02 -1.539862792968750000e+03
4.957514190673828125e+01 -2.295726165771484375e+02 -1.465987182617187500e+03
5.064505386352539062e+01 -2.352563018798828125e+02 -1.429140747070312500e+03
-4.505319595336914062e+01 -2.408472747802734375e+02 -1.466603027343750000e+03
-4.148864364624023438e+01 -2.533790130615234375e+02 -1.438984497070312500e+03
-5.629037475585937500e+01 -2.092598876953125000e+02 -1.352515380859375000e+03
-3.772437667846679688e+01 -2.358963317871093750e+02 -1.529726074218750000e+03
3.776094436645507812e+01 -2.265036468505859375e+02 -1.469299926757812500e+03
3.814373397827148438e+01 -2.339699249267578125e+02 -1.441349243164062500e+03
-4.423435974121093750e+01 -2.390200805664062500e+02 -1.464658081054687500e+03
-3.969136047363281250e+01 -2.502089691162109375e+02 -1.439930908203125000e+03
-5.759826660156250000e+01 -2.087250823974609375e+02 -1.353166870117187500e+03
-3.538694763183593750e+01 -2.387690734863281250e+02 -1.534289794921875000e+03
5.288308715820312500e+01 -2.256333007812500000e+02 -1.484775634765625000e+03
2.905301856994628906e+01 -2.315962066650390625e+02 -1.446111206054687500e+03
-4.431991195678710938e+01 -2.338118896484375000e+02 -1.475502075195312500e+03
-3.970507812500000000e+01 -2.432052917480468750e+02 -1.458330444335937500e+03
-3.182562446594238281e+01 -2.489255523681640625e+02 -1.435354370117187500e+03
-5.309119033813476562e+01 -2.168769378662109375e+02 -1.353803344726562500e+03
-2.627402877807617188e+01 -2.342809448242187500e+02 -1.530205444335937500e+03
5.057180023193359375e+01 -2.268228302001953125e+02 -1.489977539062500000e+03
2.280086135864257812e+01 -2.173910064697265625e+02 -1.474816040039062500e+03
1.811368560791015625e+01 -2.342033691406250000e+02 -1.436649902343750000e+03
-4.356639099121093750e+01 -2.325832977294921875e+02 -1.473762939453125000e+03
-4.404769515991210938e+01 -2.352501373291015625e+02 -1.461186523437500000e+03
-2.558950614929199219e+01 -2.440620574951171875e+02 -1.454578247070312500e+03
-2.359003829956054688e+01 -2.450708007812500000e+02 -1.424762084960937500e+03
-6.341839313507080078e+00 -2.438880615234375000e+02 -1.416251098632812500e+03
-1.379923439025878906e+01 -2.380394592285156250e+02 -1.530575439453125000e+03
-3.442761611938476562e+01 -2.405614166259765625e+02 -1.519178222656250000e+03
4.595735931396484375e+01 -2.282720336914062500e+02 -1.487884399414062500e+03
3.103051948547363281e+01 -2.202457885742187500e+02 -1.480293090820312500e+03
1.011787128448486328e+01 -2.155820922851562500e+02 -1.466076782226562500e+03
8.813284873962402344e+00 -2.442747039794921875e+02 -1.417826171875000000e+03
-4.225262451171875000e+01 -2.289368743896484375e+02 -1.463920654296875000e+03
-2.465824127197265625e+01 -2.407263488769531250e+02 -1.468543090820312500e+03
-1.838995933532714844e+01 -2.416682281494140625e+02 -1.429389526367187500e+03
-1.808422279357910156e+01 -2.342270507812500000e+02 -1.420560058593750000e+03
4.363429260253906250e+01 -2.334800109863281250e+02 -1.506408569335937500e+03
-8.825317382812500000e+00 -2.398245239257812500e+02 -1.534711181640625000e+03
-1.662325286865234375e+01 -2.281181335449218750e+02 -1.525741088867187500e+03
-3.414800262451171875e+01 -2.422472534179687500e+02 -1.509442016601562500e+03
3.674510192871093750e+01 -2.271746215820312500e+02 -1.488964965820312500e+03
9.748390197753906250e+00 -2.130630187988281250e+02 -1.477410156250000000e+03
-1.032541394233703613e+00 -2.273863525390625000e+02 -1.444919555664062500e+03
-3.786688613891601562e+01 -2.384688415527343750e+02 -1.474080688476562500e+03
-2.661186027526855469e+01 -2.343176116943359375e+02 -1.475464111328125000e+03
-1.392079353332519531e+01 -2.350242309570312500e+02 -1.443148315429687500e+03
-2.025426483154296875e+01 -2.241611175537109375e+02 -1.419908203125000000e+03
3.934113693237304688e+01 -2.332615356445312500e+02 -1.502637084960937500e+03
-6.296474456787109375e+00 -2.363670196533203125e+02 -1.531058227539062500e+03
-2.242042922973632812e+01 -2.337710266113281250e+02 -1.514869262695312500e+03
3.545767593383789062e+01 -2.308239288330078125e+02 -1.489456665039062500e+03
2.788218021392822266e+00 -2.173970489501953125e+02 -1.466714965820312500e+03
-4.316900253295898438e+00 -2.349607391357421875e+02 -1.432521362304687500e+03
-2.518525886535644531e+01 -2.316352844238281250e+02 -1.477837890625000000e+03
-1.486072254180908203e+01 -2.347866210937500000e+02 -1.450824829101562500e+03
-1.829530525207519531e+01 -2.229087677001953125e+02 -1.421636962890625000e+03
-1.850353240966796875e+01 -2.271068725585937500e+02 -1.412898681640625000e+03
3.753544235229492188e+01 -2.336089935302734375e+02 -1.498008789062500000e+03
-4.597067832946777344e+00 -2.366770629882812500e+02 -1.527934326171875000e+03
-2.078251457214355469e+01 -2.334864196777343750e+02 -1.520587524414062500e+03
-2.245495223999023438e+01 -2.345598297119140625e+02 -1.502937866210937500e+03
1.566849994659423828e+01 -2.388415069580078125e+02 -1.493521972656250000e+03
-4.142343997955322266e+00 -2.226125183105468750e+02 -1.472990844726562500e+03
-3.411009311676025391e-01 -2.283624877929687500e+02 -1.437445556640625000e+03
-1.630673599243164062e+01 -2.284203033447265625e+02 -1.481835571289062500e+03
-1.387938213348388672e+01 -2.257375946044921875e+02 -1.465227905273437500e+03
-9.132754325866699219e+00 -2.270100402832031250e+02 -1.425435546875000000e+03
-8.243388175964355469e+00 -2.272531280517578125e+02 -1.415828979492187500e+03
2.098607444763183594e+01 -2.346153717041015625e+02 -1.531098876953125000e+03
2.570035171508789062e+01 -2.408733367919921875e+02 -1.549366333007812500e+03
1.735577225685119629e+00 -2.357528076171875000e+02 -1.530841186523437500e+03
-5.889482498168945312e+00 -2.344846649169921875e+02 -1.519866577148437500e+03
-2.118404388427734375e+01 -2.332427673339843750e+02 -1.509024780273437500e+03
1.232470989227294922e+01 -2.403757019042968750e+02 -1.497844238281250000e+03
-3.118457078933715820e+00 -2.268669128417968750e+02 -1.436144653320312500e+03
-1.750927925109863281e+01 -2.279079742431640625e+02 -1.484277709960937500e+03
-1.353856849670410156e+01 -2.231967926025390625e+02 -1.421063354492187500e+03
1.660029792785644531e+01 -2.343347015380859375e+02 -1.536110595703125000e+03
1.549946975708007812e+01 -2.414411163330078125e+02 -1.512616943359375000e+03
8.740079879760742188e+00 -2.346207427978515625e+02 -1.549510131835937500e+03
6.125773429870605469e+00 -2.364515228271484375e+02 -1.533070678710937500e+03
4.752067089080810547e+00 -2.431701202392578125e+02 -1.518538208007812500e+03
-1.028157138824462891e+01 -2.340330505371093750e+02 -1.509133178710937500e+03
6.149243354797363281e+00 -2.405850067138671875e+02 -1.499075805664062500e+03
-1.388521575927734375e+01 -2.331922760009765625e+02 -1.491817871093750000e+03
1.436697959899902344e+01 -2.373195800781250000e+02 -1.529198608398437500e+03
1.934115409851074219e+00 -2.420490722656250000e+02 -1.516994750976562500e+03
-1.132417964935302734e+01 -2.348662261962890625e+02 -1.504175292968750000e+03
1.783605694770812988e+00 -2.409872741699218750e+02 -1.498381103515625000e+03
-4.525298118591308594e+00 -2.417183380126953125e+02 -1.506943969726562500e+03
