8.077189636230468750e+01 -2.458061370849609375e+02 -1.416525146484375000e+03
8.410379028320312500e+01 -2.263807830810546875e+02 -1.410632812500000000e+03
8.375194549560546875e+01 -2.253415679931640625e+02 -1.415939575195312500e+03
7.746764373779296875e+01 -2.214640197753906250e+02 -1.392892822265625000e+03
7.934078216552734375e+01 -2.309932403564453125e+02 -1.434376708984375000e+03
7.645558929443359375e+01 -2.218669433593750000e+02 -1.392545410156250000e+03
6.749731445312500000e+01 -2.140822448730468750e+02 -1.372765747070312500e+03
-6.633063507080078125e+01 -2.429569091796875000e+02 -1.414132202148437500e+03
7.471954345703125000e+01 -2.278736419677734375e+02 -1.398742553710937500e+03
5.932647705078125000e+01 -2.125398712158203125e+02 -1.364311035156250000e+03
-5.523671340942382812e+01 -2.433116455078125000e+02 -1.406144531250000000e+03
6.806359100341796875e+01 -2.378788909912109375e+02 -1.442604248046875000e+03
6.675007629394531250e+01 -2.198101196289062500e+02 -1.377640747070312500e+03
5.425597000122070312e+01 -2.125673522949218750e+02 -1.359702148437500000e+03
-3.882460403442382812e+01 -2.503790283203125000e+02 -1.423137207031250000e+03
-3.959475326538085938e+01 -2.405749816894531250e+02 -1.539204467773437500e+03
5.177110290527343750e+01 -2.335958557128906250e+02 -1.463212158203125000e+03
5.204318237304687500e+01 -2.400143432617187500e+02 -1.423090942382812500e+03
-4.605117797851562500e+01 -2.427311401367187500e+02 -1.466429199218750000e+03
-4.125424957275390625e+01 -2.541053619384765625e+02 -1.438158935546875000e+03
-5.633916473388671875e+01 -2.093811798095703125e+02 -1.352301391601562500e+03
-3.777447891235351562e+01 -2.371597290039062500e+02 -1.528810180664062500e+03
4.063375854492187500e+01 -2.320578002929687500e+02 -1.464959594726562500e+03
4.183309555053710938e+01 -2.400141601562500000e+02 -1.434282104492187500e+03
-4.510619354248046875e+01 -2.410887603759765625e+02 -1.464279907226562500e+03
-3.952134323120117188e+01 -2.511785278320312500e+02 -1.439249511718750000e+03
-5.769196319580078125e+01 -2.089877014160156250e+02 -1.353090698242187500e+03
-3.554849624633789062e+01 -2.397026062011718750e+02 -1.533534301757812500e+03
5.292185211181640625e+01 -2.277391357421875000e+02 -1.483720825195312500e+03
3.262143325805664062e+01 -2.386578521728515625e+02 -1.437789916992187500e+03
-4.522669219970703125e+01 -2.352424926757812500e+02 -1.475721679687500000e+03
-4.025481414794921875e+01 -2.455347595214843750e+02 -1.457793823242187500e+03
-3.167579269409179688e+01 -2.503857574462890625e+02 -1.435139892578125000e+03
-5.333084869384765625e+01 -2.172242736816406250e+02 -1.353366577148437500e+03
-2.604571151733398438e+01 -2.359069366455078125e+02 -1.528967407226562500e+03
5.079133605957031250e+01 -2.276627960205078125e+02 -1.489562133789062500e+03
2.511892318725585938e+01 -2.288241729736328125e+02 -1.465272949218750000e+03
1.966250419616699219e+01 -2.408736114501953125e+02 -1.428663330078125000e+03
-4.445083618164062500e+01 -2.341187896728515625e+02 -1.473820678710937500e+03
-4.462774658203125000e+01 -2.369491882324218750e+02 -1.460839233398437500e+03
-2.609073829650878906e+01 -2.492755279541015625e+02 -1.453008789062500000e+03
-2.420691108703613281e+01 -2.454466552734375000e+02 -1.424459350585937500e+03
-7.231374740600585938e+00 -2.457253875732421875e+02 -1.414404907226562500e+03
-1.364236068725585938e+01 -2.403240509033203125e+02 -1.528511474609375000e+03
-3.433919525146484375e+01 -2.423078613281250000e+02 -1.518038208007812500e+03
4.629075622558593750e+01 -2.294987335205078125e+02 -1.486871215820312500e+03
3.154924964904785156e+01 -2.256877593994140625e+02 -1.476013793945312500e+03
1.055976772308349609e+01 -2.307688751220703125e+02 -1.452645874023437500e+03
7.874643325805664062e+00 -2.452263793945312500e+02 -1.415444091796875000e+03
-4.266357803344726562e+01 -2.307793273925781250e+02 -1.463845458984375000e+03
-2.626568794250488281e+01 -2.466412048339843750e+02 -1.468291748046875000e+03
-1.934869194030761719e+01 -2.443244628906250000e+02 -1.426229492187500000e+03
-1.866621780395507812e+01 -2.357864379882812500e+02 -1.418316772460937500e+03
4.346058654785156250e+01 -2.344996948242187500e+02 -1.504654663085937500e+03
-8.651880264282226562e+00 -2.417175140380859375e+02 -1.532862670898437500e+03
-1.680578804016113281e+01 -2.309141998291015625e+02 -1.523407104492187500e+03
-3.415859222412109375e+01 -2.439884185791015625e+02 -1.507528808593750000e+03
3.669173812866210938e+01 -2.296945495605468750e+02 -1.486553833007812500e+03
1.104442405700683594e+01 -2.288656005859375000e+02 -1.464176025390625000e+03
-3.368707656860351562e+00 -2.362420349121093750e+02 -1.436121826171875000e+03
-3.872024536132812500e+01 -2.409707489013671875e+02 -1.474077758789062500e+03
-2.752716445922851562e+01 -2.380003356933593750e+02 -1.475625610351562500e+03
-1.585964488983154297e+01 -2.407179565429687500e+02 -1.437924682617187500e+03
-2.042268371582031250e+01 -2.259426422119140625e+02 -1.417453857421875000e+03
3.879156494140625000e+01 -2.347406311035156250e+02 -1.500324584960937500e+03
-6.235478878021240234e+00 -2.387740020751953125e+02 -1.528469482421875000e+03
-2.267524528503417969e+01 -2.369145965576171875e+02 -1.511949218750000000e+03
3.534826660156250000e+01 -2.336697235107421875e+02 -1.486428710937500000e+03
1.958445668220520020e+00 -2.317361602783203125e+02 -1.453540649414062500e+03
-6.512814998626708984e+00 -2.383453369140625000e+02 -1.428499145507812500e+03
-2.627013969421386719e+01 -2.354002075195312500e+02 -1.477602905273437500e+03
-1.665464019775390625e+01 -2.417069854736328125e+02 -1.444426513671875000e+03
-1.861987113952636719e+01 -2.248675689697265625e+02 -1.419004272460937500e+03
-1.873310852050781250e+01 -2.288213348388671875e+02 -1.410678100585937500e+03
3.730391693115234375e+01 -2.359199523925781250e+02 -1.494977539062500000e+03
-4.613776683807373047e+00 -2.392717590332031250e+02 -1.525066650390625000e+03
-2.074335670471191406e+01 -2.358498840332031250e+02 -1.519003662109375000e+03
-2.252793502807617188e+01 -2.381976165771484375e+02 -1.500617309570312500e+03
1.611339187622070312e+01 -2.438711547851562500e+02 -1.486314208984375000e+03
-6.968160629272460938e+00 -2.359442138671875000e+02 -1.462353881835937500e+03
-2.622881650924682617e+00 -2.336458435058593750e+02 -1.431330444335937500e+03
-1.709932708740234375e+01 -2.342804565429687500e+02 -1.479827270507812500e+03
-1.628622436523437500e+01 -2.357718658447265625e+02 -1.457894165039062500e+03
-1.026381206512451172e+01 -2.295995025634765625e+02 -1.422217407226562500e+03
-8.892999649047851562e+00 -2.286100006103515625e+02 -1.414148193359375000e+03
2.105057716369628906e+01 -2.368667297363281250e+02 -1.527801269531250000e+03
2.523729324340820312e+01 -2.413494567871093750e+02 -1.548642089843750000e+03
1.558720588684082031e+00 -2.382867584228515625e+02 -1.527650390625000000e+03
-6.393271446228027344e+00 -2.379858856201171875e+02 -1.516135009765625000e+03
-2.118726539611816406e+01 -2.369033966064453125e+02 -1.505832153320312500e+03
1.146730804443359375e+01 -2.456390686035156250e+02 -1.490477172851562500e+03
-4.801499843597412109e+00 -2.320688781738281250e+02 -1.430216430664062500e+03
-1.865997505187988281e+01 -2.326239624023437500e+02 -1.482825439453125000e+03
-1.404879093170166016e+01 -2.251557922363281250e+02 -1.418298583984375000e+03
1.651239013671875000e+01 -2.368006134033203125e+02 -1.532898071289062500e+03
1.490183353424072266e+01 -2.456006927490234375e+02 -1.506813964843750000e+03
8.987032890319824219e+00 -2.362565917968750000e+02 -1.548604125976562500e+03
6.232396602630615234e+00 -2.392659912109375000e+02 -1.529523925781250000e+03
4.029997825622558594e+00 -2.469328765869140625e+02 -1.513793212890625000e+03
-1.049523162841796875e+01 -2.375552215576171875e+02 -1.504413940429687500e+03
5.493870258331298828e+00 -2.454246215820312500e+02 -1.492404907226562500e+03
-1.450602722167968750e+01 -2.372911071777343750e+02 -1.489669677734375000e+03
1.439860343933105469e+01 -2.400311126708984375e+02 -1.525380004882812500e+03
9.544048905372619629e-01 -2.459480590820312500e+02 -1.512128784179687500e+03
-1.148881149291992188e+01 -2.388153381347656250e+02 -1.500177490234375000e+03
4.481516778469085693e-01 -2.447096710205078125e+02 -1.492760009765625000e+03
-4.870259284973144531e+00 -2.449328918457031250e+02 -1.502632568359375000e+03
