8.159010314941406250e+01 -2.461427917480468750e+02 -1.414714233398437500e+03
8.396493530273437500e+01 -2.257678833007812500e+02 -1.410832153320312500e+03
8.376624298095703125e+01 -2.253385620117187500e+02 -1.416216064453125000e+03
7.767243194580078125e+01 -2.206951446533203125e+02 -1.393152465820312500e+03
7.965084838867187500e+01 -2.312807922363281250e+02 -1.434579589843750000e+03
7.661883544921875000e+01 -2.211284332275390625e+02 -1.392873901367187500e+03
6.756842041015625000e+01 -2.139925994873046875e+02 -1.372886718750000000e+03
-6.649866485595703125e+01 -2.430492248535156250e+02 -1.413982543945312500e+03
7.506771087646484375e+01 -2.271862030029296875e+02 -1.399239868164062500e+03
5.942624282836914062e+01 -2.123344879150390625e+02 -1.364409912109375000e+03
-5.511175537109375000e+01 -2.428212127685546875e+02 -1.406772949218750000e+03
6.681109619140625000e+01 -2.360263214111328125e+02 -1.445571899414062500e+03
6.708860015869140625e+01 -2.192711334228515625e+02 -1.377839721679687500e+03
5.437232208251953125e+01 -2.123079223632812500e+02 -1.359833496093750000e+03
-3.882069015502929688e+01 -2.502694396972656250e+02 -1.423576293945312500e+03
-3.928121566772460938e+01 -2.399971771240234375e+02 -1.539822265625000000e+03
5.222000122070312500e+01 -2.295860443115234375e+02 -1.466145874023437500e+03
5.046530914306640625e+01 -2.379774627685546875e+02 -1.427900634765625000e+03
-4.533832550048828125e+01 -2.403592834472656250e+02 -1.467169921875000000e+03
-4.087423706054687500e+01 -2.530410614013671875e+02 -1.439336303710937500e+03
-5.633231735229492188e+01 -2.092110595703125000e+02 -1.352382324218750000e+03
-3.723155593872070312e+01 -2.362194976806640625e+02 -1.529800292968750000e+03
4.189817810058593750e+01 -2.270958404541015625e+02 -1.468169067382812500e+03
4.131340789794921875e+01 -2.356773376464843750e+02 -1.439937866210937500e+03
-4.458288955688476562e+01 -2.385903930664062500e+02 -1.465097778320312500e+03
-3.891022491455078125e+01 -2.498650817871093750e+02 -1.440626464843750000e+03
-5.759607696533203125e+01 -2.086767730712890625e+02 -1.353169067382812500e+03
-3.519171524047851562e+01 -2.389350738525390625e+02 -1.534410278320312500e+03
5.363249969482421875e+01 -2.263853912353515625e+02 -1.484389404296875000e+03
3.259551620483398438e+01 -2.331711120605468750e+02 -1.444248413085937500e+03
-4.535133743286132812e+01 -2.334269256591796875e+02 -1.475894531250000000e+03
-3.954484176635742188e+01 -2.427251586914062500e+02 -1.458673583984375000e+03
-3.144890785217285156e+01 -2.489442749023437500e+02 -1.435976074218750000e+03
-5.317025756835937500e+01 -2.167394104003906250e+02 -1.353858886718750000e+03
-2.534335327148437500e+01 -2.345671234130859375e+02 -1.529961669921875000e+03
5.121226882934570312e+01 -2.275413360595703125e+02 -1.489609985351562500e+03
2.740644073486328125e+01 -2.194968719482421875e+02 -1.471528564453125000e+03
1.975288391113281250e+01 -2.371352539062500000e+02 -1.433187500000000000e+03
-4.452573776245117188e+01 -2.323164825439453125e+02 -1.474185180664062500e+03
-4.458520507812500000e+01 -2.348963012695312500e+02 -1.461529907226562500e+03
-2.544707679748535156e+01 -2.456106109619140625e+02 -1.454417602539062500e+03
-2.397394561767578125e+01 -2.448940277099609375e+02 -1.425270507812500000e+03
-6.401721954345703125e+00 -2.452508697509765625e+02 -1.415836547851562500e+03
-1.275485134124755859e+01 -2.386987762451171875e+02 -1.530195312500000000e+03
-3.404594421386718750e+01 -2.408332366943359375e+02 -1.519460083007812500e+03
4.685375595092773438e+01 -2.292799987792968750e+02 -1.487172241210937500e+03
3.306132888793945312e+01 -2.226668548583984375e+02 -1.477772949218750000e+03
1.173733043670654297e+01 -2.202049407958984375e+02 -1.461309814453125000e+03
8.866850852966308594e+00 -2.451073608398437500e+02 -1.417457275390625000e+03
-4.286277008056640625e+01 -2.285237884521484375e+02 -1.464952392578125000e+03
-2.673330307006835938e+01 -2.423106689453125000e+02 -1.468822387695312500e+03
-1.860954666137695312e+01 -2.429163665771484375e+02 -1.428988403320312500e+03
-1.794301223754882812e+01 -2.350225524902343750e+02 -1.420270996093750000e+03
4.398021697998046875e+01 -2.347562866210937500e+02 -1.505179687500000000e+03
-7.821907997131347656e+00 -2.403173522949218750e+02 -1.534403930664062500e+03
-1.533328914642333984e+01 -2.285006713867187500e+02 -1.525305175781250000e+03
-3.394749832153320312e+01 -2.424661865234375000e+02 -1.510473144531250000e+03
3.790541839599609375e+01 -2.291622467041015625e+02 -1.487704589843750000e+03
1.280221557617187500e+01 -2.174311523437500000e+02 -1.470848022460937500e+03
-2.159815311431884766e+00 -2.321452178955078125e+02 -1.441854248046875000e+03
-3.911448287963867188e+01 -2.380630950927734375e+02 -1.475189208984375000e+03
-2.870888328552246094e+01 -2.343101196289062500e+02 -1.476982421875000000e+03
-1.488412666320800781e+01 -2.385873718261718750e+02 -1.442009033203125000e+03
-2.000006866455078125e+01 -2.250233917236328125e+02 -1.419309326171875000e+03
3.923002243041992188e+01 -2.351364746093750000e+02 -1.500979003906250000e+03
-4.866428375244140625e+00 -2.366371765136718750e+02 -1.530501831054687500e+03
-2.206174278259277344e+01 -2.340343627929687500e+02 -1.515462768554687500e+03
3.667757797241210938e+01 -2.329056396484375000e+02 -1.487974853515625000e+03
2.906252145767211914e+00 -2.228809356689453125e+02 -1.461709594726562500e+03
-5.256423950195312500e+00 -2.373512725830078125e+02 -1.431802978515625000e+03
-2.749994659423828125e+01 -2.316927032470703125e+02 -1.479413208007812500e+03
-1.572519207000732422e+01 -2.385399780273437500e+02 -1.449587524414062500e+03
-1.821902465820312500e+01 -2.239823303222656250e+02 -1.420831909179687500e+03
-1.808856773376464844e+01 -2.275988006591796875e+02 -1.412739135742187500e+03
3.815929031372070312e+01 -2.357223815917968750e+02 -1.496170898437500000e+03
-3.169862031936645508e+00 -2.369522247314453125e+02 -1.527257934570312500e+03
-1.978500366210937500e+01 -2.336859893798828125e+02 -1.520760620117187500e+03
-2.386565971374511719e+01 -2.344927520751953125e+02 -1.505510253906250000e+03
1.753506278991699219e+01 -2.425288391113281250e+02 -1.488834228515625000e+03
-6.483291149139404297e+00 -2.286633148193359375e+02 -1.468382812500000000e+03
-1.273155093193054199e+00 -2.316683197021484375e+02 -1.435972900390625000e+03
-1.940096092224121094e+01 -2.300510253906250000e+02 -1.482851806640625000e+03
-1.579727649688720703e+01 -2.312779541015625000e+02 -1.462350219726562500e+03
-9.497633934020996094e+00 -2.287466125488281250e+02 -1.424661743164062500e+03
-8.169304847717285156e+00 -2.278992156982421875e+02 -1.415860351562500000e+03
2.220389366149902344e+01 -2.352220611572265625e+02 -1.529593750000000000e+03
2.560238838195800781e+01 -2.409618530273437500e+02 -1.549245727539062500e+03
3.188714981079101562e+00 -2.362496032714843750e+02 -1.529870727539062500e+03
-5.036530494689941406e+00 -2.347569427490234375e+02 -1.519434326171875000e+03
-2.141702270507812500e+01 -2.331848144531250000e+02 -1.510581298828125000e+03
1.226130485534667969e+01 -2.450930480957031250e+02 -1.492527221679687500e+03
-3.712145566940307617e+00 -2.303647766113281250e+02 -1.434462280273437500e+03
-2.104925346374511719e+01 -2.294528961181640625e+02 -1.485213745117187500e+03
-1.358811092376708984e+01 -2.244329833984375000e+02 -1.420372070312500000e+03
1.790695762634277344e+01 -2.349922637939453125e+02 -1.534816650390625000e+03
1.595860671997070312e+01 -2.443121032714843750e+02 -1.508748291015625000e+03
9.599914550781250000e+00 -2.352130126953125000e+02 -1.549067504882812500e+03
7.671421527862548828e+00 -2.370710754394531250e+02 -1.531677490234375000e+03
4.980819225311279297e+00 -2.442496948242187500e+02 -1.517214599609375000e+03
-1.094182491302490234e+01 -2.343561096191406250e+02 -1.510231567382812500e+03
4.892161846160888672e+00 -2.447741851806640625e+02 -1.494759521484375000e+03
-1.663794898986816406e+01 -2.337402648925781250e+02 -1.493500122070312500e+03
1.560276317596435547e+01 -2.380246734619140625e+02 -1.527576782226562500e+03
2.085775613784790039e+00 -2.430677185058593750e+02 -1.515671508789062500e+03
-1.311771202087402344e+01 -2.351022338867187500e+02 -1.506275512695312500e+03
-1.344099402427673340e+00 -2.440240631103515625e+02 -1.496296020507812500e+03
-5.918867588043212891e+00 -2.425138702392578125e+02 -1.507734008789062500e+03
