8.145359802246093750e+01 -2.463438568115234375e+02 -1.415301391601562500e+03
8.418394470214843750e+01 -2.259273681640625000e+02 -1.410788696289062500e+03
8.385655212402343750e+01 -2.248491821289062500e+02 -1.416270751953125000e+03
7.728362274169921875e+01 -2.215680999755859375e+02 -1.393002929687500000e+03
7.979678344726562500e+01 -2.315747222900390625e+02 -1.434464843750000000e+03
7.625698852539062500e+01 -2.218694458007812500e+02 -1.392719238281250000e+03
6.751881408691406250e+01 -2.139640502929687500e+02 -1.372981933593750000e+03
-6.667113494873046875e+01 -2.431354064941406250e+02 -1.414286499023437500e+03
7.493983459472656250e+01 -2.280995635986328125e+02 -1.398808593750000000e+03
5.941978454589843750e+01 -2.121858367919921875e+02 -1.364330078125000000e+03
-5.593502426147460938e+01 -2.429577941894531250e+02 -1.406946655273437500e+03
6.612318420410156250e+01 -2.371763000488281250e+02 -1.442943237304687500e+03
6.707484436035156250e+01 -2.206359252929687500e+02 -1.377551391601562500e+03
5.434498977661132812e+01 -2.126024169921875000e+02 -1.359787841796875000e+03
-3.787370300292968750e+01 -2.493475494384765625e+02 -1.423380493164062500e+03
-3.961038589477539062e+01 -2.405930023193359375e+02 -1.539502441406250000e+03
5.175764465332031250e+01 -2.329481964111328125e+02 -1.464672363281250000e+03
4.987905120849609375e+01 -2.367671508789062500e+02 -1.426684082031250000e+03
-4.534371185302734375e+01 -2.416782226562500000e+02 -1.467385131835937500e+03
-4.159373855590820312e+01 -2.528419189453125000e+02 -1.439746093750000000e+03
-5.621242523193359375e+01 -2.091743621826171875e+02 -1.352360717773437500e+03
-3.687442779541015625e+01 -2.373758392333984375e+02 -1.528978881835937500e+03
4.265495681762695312e+01 -2.312797546386718750e+02 -1.466447875976562500e+03
4.264020538330078125e+01 -2.391216735839843750e+02 -1.437613403320312500e+03
-4.449417877197265625e+01 -2.402969970703125000e+02 -1.465283081054687500e+03
-3.963506317138671875e+01 -2.497478179931640625e+02 -1.441071166992187500e+03
-5.747625732421875000e+01 -2.088050231933593750e+02 -1.353052124023437500e+03
-3.491305541992187500e+01 -2.399176635742187500e+02 -1.533773559570312500e+03
5.394168472290039062e+01 -2.270611419677734375e+02 -1.483979003906250000e+03
3.334200286865234375e+01 -2.384120788574218750e+02 -1.442111206054687500e+03
-4.563264465332031250e+01 -2.361629943847656250e+02 -1.476378906250000000e+03
-3.927785491943359375e+01 -2.444358978271484375e+02 -1.459093383789062500e+03
-3.160153388977050781e+01 -2.502407684326171875e+02 -1.436376342773437500e+03
-5.340861892700195312e+01 -2.170967407226562500e+02 -1.353781494140625000e+03
-2.483231353759765625e+01 -2.363236541748046875e+02 -1.528930053710937500e+03
5.175085449218750000e+01 -2.273527832031250000e+02 -1.489531738281250000e+03
2.832302665710449219e+01 -2.289771423339843750e+02 -1.465389526367187500e+03
1.978662872314453125e+01 -2.403828277587890625e+02 -1.432426391601562500e+03
-4.493341445922851562e+01 -2.351277160644531250e+02 -1.474385253906250000e+03
-4.492961502075195312e+01 -2.374062194824218750e+02 -1.462120605468750000e+03
-2.538517951965332031e+01 -2.487311096191406250e+02 -1.454940917968750000e+03
-2.504606819152832031e+01 -2.447264862060546875e+02 -1.425264038085937500e+03
-7.971501827239990234e+00 -2.468067169189453125e+02 -1.416775878906250000e+03
-1.276458454132080078e+01 -2.405433959960937500e+02 -1.528947387695312500e+03
-3.265089416503906250e+01 -2.422550201416015625e+02 -1.518846557617187500e+03
4.669778442382812500e+01 -2.291167755126953125e+02 -1.486721679687500000e+03
3.290007019042968750e+01 -2.262375488281250000e+02 -1.475288818359375000e+03
1.203267669677734375e+01 -2.323066406250000000e+02 -1.455171752929687500e+03
6.419936180114746094e+00 -2.455343780517578125e+02 -1.419187011718750000e+03
-4.296266937255859375e+01 -2.319634704589843750e+02 -1.464793457031250000e+03
-2.521057891845703125e+01 -2.469093780517578125e+02 -1.470664672851562500e+03
-2.267923736572265625e+01 -2.449670104980468750e+02 -1.429931762695312500e+03
-2.033310890197753906e+01 -2.368152618408203125e+02 -1.421117309570312500e+03
4.351001358032226562e+01 -2.352116088867187500e+02 -1.504207153320312500e+03
-7.961317062377929688e+00 -2.417499542236328125e+02 -1.533247436523437500e+03
-1.583110523223876953e+01 -2.317006988525390625e+02 -1.523804565429687500e+03
-3.270697784423828125e+01 -2.436747283935546875e+02 -1.509046997070312500e+03
3.698988723754882812e+01 -2.300380706787109375e+02 -1.486188232421875000e+03
1.522226047515869141e+01 -2.305197753906250000e+02 -1.462686157226562500e+03
-4.994761943817138672e+00 -2.369355773925781250e+02 -1.440990600585937500e+03
-3.828865051269531250e+01 -2.414677886962890625e+02 -1.475969360351562500e+03
-2.771086883544921875e+01 -2.396155242919921875e+02 -1.478180908203125000e+03
-1.727923393249511719e+01 -2.416391906738281250e+02 -1.442203857421875000e+03
-2.208383560180664062e+01 -2.261828613281250000e+02 -1.420019897460937500e+03
3.852215576171875000e+01 -2.356734619140625000e+02 -1.499917358398437500e+03
-5.628801822662353516e+00 -2.390340270996093750e+02 -1.529255004882812500e+03
-2.188351440429687500e+01 -2.369969024658203125e+02 -1.514140258789062500e+03
3.571849822998046875e+01 -2.343388824462890625e+02 -1.486040527343750000e+03
3.003528833389282227e+00 -2.326433563232421875e+02 -1.456273925781250000e+03
-9.617744445800781250e+00 -2.390639343261718750e+02 -1.434384887695312500e+03
-2.704228591918945312e+01 -2.374020538330078125e+02 -1.479488159179687500e+03
-1.739035797119140625e+01 -2.422427062988281250e+02 -1.448771484375000000e+03
-2.072330856323242188e+01 -2.249458618164062500e+02 -1.421792724609375000e+03
-1.949696922302246094e+01 -2.288949127197265625e+02 -1.413179443359375000e+03
3.757799911499023438e+01 -2.366505584716796875e+02 -1.494752929687500000e+03
-4.083386421203613281e+00 -2.395668029785156250e+02 -1.525963500976562500e+03
-1.947980308532714844e+01 -2.359901275634765625e+02 -1.519563354492187500e+03
-2.264570045471191406e+01 -2.390953521728515625e+02 -1.504541259765625000e+03
1.949239730834960938e+01 -2.473502807617187500e+02 -1.484247192382812500e+03
-7.198219299316406250e+00 -2.375127105712890625e+02 -1.464087280273437500e+03
-5.458531379699707031e+00 -2.346350555419921875e+02 -1.438047119140625000e+03
-1.805521965026855469e+01 -2.374742279052734375e+02 -1.480700439453125000e+03
-1.737078475952148438e+01 -2.376571655273437500e+02 -1.460505126953125000e+03
-1.224172019958496094e+01 -2.301271972656250000e+02 -1.426086181640625000e+03
-1.030930042266845703e+01 -2.293544616699218750e+02 -1.417354614257812500e+03
2.118418884277343750e+01 -2.378439788818359375e+02 -1.528473632812500000e+03
2.536608695983886719e+01 -2.412006835937500000e+02 -1.549096557617187500e+03
1.958781361579895020e+00 -2.389651947021484375e+02 -1.528110473632812500e+03
-6.615750312805175781e+00 -2.381291503906250000e+02 -1.517956420898437500e+03
-2.103196144104003906e+01 -2.375382385253906250e+02 -1.509016601562500000e+03
1.357247447967529297e+01 -2.504530029296875000e+02 -1.488149780273437500e+03
-7.408843517303466797e+00 -2.335454559326171875e+02 -1.436500854492187500e+03
-2.080238151550292969e+01 -2.368229217529296875e+02 -1.483780151367187500e+03
-1.618012619018554688e+01 -2.254125213623046875e+02 -1.421580322265625000e+03
1.683345794677734375e+01 -2.376324005126953125e+02 -1.533487304687500000e+03
1.648789405822753906e+01 -2.481701965332031250e+02 -1.506721923828125000e+03
9.888216972351074219e+00 -2.365160980224609375e+02 -1.548148193359375000e+03
7.046505928039550781e+00 -2.400012207031250000e+02 -1.530052612304687500e+03
3.643036127090454102e+00 -2.468414154052734375e+02 -1.515744750976562500e+03
-1.151076698303222656e+01 -2.384808502197265625e+02 -1.506987304687500000e+03
6.709956169128417969e+00 -2.508811645507812500e+02 -1.489757202148437500e+03
-1.698869132995605469e+01 -2.407192230224609375e+02 -1.492272094726562500e+03
1.490043163299560547e+01 -2.405718688964843750e+02 -1.526215698242187500e+03
2.553837597370147705e-01 -2.460667114257812500e+02 -1.514178710937500000e+03
-1.335712909698486328e+01 -2.408910675048828125e+02 -1.502768432617187500e+03
-1.662126421928405762e+00 -2.503411712646484375e+02 -1.491981689453125000e+03
-7.040636062622070312e+00 -2.464813690185546875e+02 -1.504846069335937500e+03
