8.195954895019531250e+01 -2.465782318115234375e+02 -1.414776245117187500e+03
8.413436126708984375e+01 -2.260153198242187500e+02 -1.410782226562500000e+03
8.371707153320312500e+01 -2.252551116943359375e+02 -1.416158325195312500e+03
7.750032806396484375e+01 -2.212675628662109375e+02 -1.392972290039062500e+03
7.992633056640625000e+01 -2.312140502929687500e+02 -1.434563110351562500e+03
7.652758789062500000e+01 -2.216584167480468750e+02 -1.392722412109375000e+03
6.746270751953125000e+01 -2.138534240722656250e+02 -1.372865844726562500e+03
-6.634267425537109375e+01 -2.429734191894531250e+02 -1.413960449218750000e+03
7.518444824218750000e+01 -2.281571807861328125e+02 -1.398480957031250000e+03
5.947788619995117188e+01 -2.124878082275390625e+02 -1.364282958984375000e+03
-5.519406509399414062e+01 -2.426745452880859375e+02 -1.406642700195312500e+03
6.672180938720703125e+01 -2.349960174560546875e+02 -1.445935546875000000e+03
6.719832611083984375e+01 -2.197976074218750000e+02 -1.377603881835937500e+03
5.441500091552734375e+01 -2.123813323974609375e+02 -1.359817138671875000e+03
-3.779050827026367188e+01 -2.503929748535156250e+02 -1.423345825195312500e+03
-3.926625061035156250e+01 -2.402822113037109375e+02 -1.539710205078125000e+03
4.997651672363281250e+01 -2.298257141113281250e+02 -1.465275512695312500e+03
5.071479415893554688e+01 -2.353665008544921875e+02 -1.428178100585937500e+03
-4.485988616943359375e+01 -2.410547485351562500e+02 -1.466359252929687500e+03
-4.138712310791015625e+01 -2.534859466552734375e+02 -1.438805419921875000e+03
-5.632958984375000000e+01 -2.092097625732421875e+02 -1.352546997070312500e+03
-3.779964447021484375e+01 -2.360612640380859375e+02 -1.529227783203125000e+03
3.808139038085937500e+01 -2.270728149414062500e+02 -1.468431762695312500e+03
3.826787185668945312e+01 -2.333601684570312500e+02 -1.440458740234375000e+03
-4.405953598022460938e+01 -2.391591796875000000e+02 -1.464394042968750000e+03
-3.957561492919921875e+01 -2.503027343750000000e+02 -1.439676513671875000e+03
-5.766444778442382812e+01 -2.087575378417968750e+02 -1.353146850585937500e+03
-3.535705184936523438e+01 -2.389513092041015625e+02 -1.533810913085937500e+03
5.304964447021484375e+01 -2.262215423583984375e+02 -1.484475585937500000e+03
2.948977088928222656e+01 -2.312107696533203125e+02 -1.444786743164062500e+03
-4.399029541015625000e+01 -2.339308319091796875e+02 -1.475257324218750000e+03
-3.980869293212890625e+01 -2.434809570312500000e+02 -1.458048461914062500e+03
-3.169157409667968750e+01 -2.490746917724609375e+02 -1.435239257812500000e+03
-5.304394149780273438e+01 -2.168052673339843750e+02 -1.353751342773437500e+03
-2.622666549682617188e+01 -2.345155029296875000e+02 -1.529766601562500000e+03
5.068248748779296875e+01 -2.273409729003906250e+02 -1.489626586914062500e+03
2.306578063964843750e+01 -2.178697509765625000e+02 -1.473406494140625000e+03
1.842020797729492188e+01 -2.338715057373046875e+02 -1.435272583007812500e+03
-4.327818679809570312e+01 -2.326631469726562500e+02 -1.473458496093750000e+03
-4.384733963012695312e+01 -2.352039642333984375e+02 -1.460964965820312500e+03
-2.555369377136230469e+01 -2.445143432617187500e+02 -1.454196166992187500e+03
-2.348051452636718750e+01 -2.451898803710937500e+02 -1.424631469726562500e+03
-6.461786270141601562e+00 -2.441788787841796875e+02 -1.415589965820312500e+03
-1.358170700073242188e+01 -2.383942260742187500e+02 -1.529957641601562500e+03
-3.444763183593750000e+01 -2.407516326904296875e+02 -1.518588256835937500e+03
4.611504745483398438e+01 -2.287817687988281250e+02 -1.487300537109375000e+03
3.134992790222167969e+01 -2.209771575927734375e+02 -1.479274169921875000e+03
1.043688106536865234e+01 -2.155994720458984375e+02 -1.464143310546875000e+03
9.477652549743652344e+00 -2.438073120117187500e+02 -1.417235595703125000e+03
-4.205327987670898438e+01 -2.288917999267578125e+02 -1.463399658203125000e+03
-2.432514381408691406e+01 -2.410882720947265625e+02 -1.467887939453125000e+03
-1.812082672119140625e+01 -2.421542053222656250e+02 -1.428555297851562500e+03
-1.821811676025390625e+01 -2.347780914306640625e+02 -1.419614746093750000e+03
4.392025375366210938e+01 -2.338295135498046875e+02 -1.506062866210937500e+03
-8.534188270568847656e+00 -2.401735534667968750e+02 -1.534132568359375000e+03
-1.647915267944335938e+01 -2.283187713623046875e+02 -1.525071166992187500e+03
-3.392110443115234375e+01 -2.424644775390625000e+02 -1.508540527343750000e+03
3.702498626708984375e+01 -2.276579437255859375e+02 -1.488222778320312500e+03
9.680749893188476562e+00 -2.134646148681640625e+02 -1.475845336914062500e+03
-5.041243433952331543e-01 -2.276203460693359375e+02 -1.443071044921875000e+03
-3.752755737304687500e+01 -2.386389007568359375e+02 -1.473561035156250000e+03
-2.622326278686523438e+01 -2.345800018310546875e+02 -1.474668457031250000e+03
-1.353320693969726562e+01 -2.352861633300781250e+02 -1.441983032226562500e+03
-2.040496826171875000e+01 -2.248277130126953125e+02 -1.418885864257812500e+03
3.974369430541992188e+01 -2.336719818115234375e+02 -1.502157958984375000e+03
-5.994688510894775391e+00 -2.366725921630859375e+02 -1.530382202148437500e+03
-2.212055969238281250e+01 -2.339721374511718750e+02 -1.513905273437500000e+03
3.570813751220703125e+01 -2.313392333984375000e+02 -1.488765258789062500e+03
3.209985256195068359e+00 -2.175086059570312500e+02 -1.464722045898437500e+03
-3.986067056655883789e+00 -2.352213134765625000e+02 -1.431214233398437500e+03
-2.472716331481933594e+01 -2.318725585937500000e+02 -1.477000976562500000e+03
-1.421047973632812500e+01 -2.348539428710937500e+02 -1.449657958984375000e+03
-1.844070816040039062e+01 -2.236206817626953125e+02 -1.420570678710937500e+03
-1.870009803771972656e+01 -2.278108367919921875e+02 -1.411968505859375000e+03
3.781128692626953125e+01 -2.340742645263671875e+02 -1.497388549804687500e+03
-4.281527042388916016e+00 -2.370063781738281250e+02 -1.527241943359375000e+03
-2.072211647033691406e+01 -2.337409210205078125e+02 -1.519878662109375000e+03
-2.184742546081542969e+01 -2.348331604003906250e+02 -1.501549072265625000e+03
1.599456596374511719e+01 -2.391046447753906250e+02 -1.492505371093750000e+03
-3.492904424667358398e+00 -2.226241607666015625e+02 -1.471560546875000000e+03
1.726524978876113892e-01 -2.287081909179687500e+02 -1.435719848632812500e+03
-1.574560642242431641e+01 -2.286155700683593750e+02 -1.480635742187500000e+03
-1.316737174987792969e+01 -2.257526702880859375e+02 -1.463743774414062500e+03
-9.332323074340820312e+00 -2.276688079833984375e+02 -1.424112060546875000e+03
-8.396980285644531250e+00 -2.277135009765625000e+02 -1.414898437500000000e+03
2.153306007385253906e+01 -2.348655853271484375e+02 -1.530533325195312500e+03
2.561585426330566406e+01 -2.408825225830078125e+02 -1.549207885742187500e+03
2.090160369873046875e+00 -2.360082244873046875e+02 -1.530213623046875000e+03
-5.437640666961669922e+00 -2.349170532226562500e+02 -1.518968994140625000e+03
-2.066655540466308594e+01 -2.334993896484375000e+02 -1.507768798828125000e+03
1.297118377685546875e+01 -2.405811920166015625e+02 -1.496675781250000000e+03
-2.862772226333618164e+00 -2.274786987304687500e+02 -1.434177490234375000e+03
-1.673025703430175781e+01 -2.280025177001953125e+02 -1.483052612304687500e+03
-1.368034744262695312e+01 -2.238375701904296875e+02 -1.419968017578125000e+03
1.707164573669433594e+01 -2.345434875488281250e+02 -1.535484375000000000e+03
1.586856365203857422e+01 -2.417568664550781250e+02 -1.512010253906250000e+03
8.953535079956054688e+00 -2.348711547851562500e+02 -1.549221313476562500e+03
6.551766395568847656e+00 -2.367155456542968750e+02 -1.532418334960937500e+03
5.228970527648925781e+00 -2.436593933105468750e+02 -1.517734008789062500e+03
-9.512548446655273438e+00 -2.343276214599609375e+02 -1.507832519531250000e+03
6.844313621520996094e+00 -2.407201232910156250e+02 -1.498108764648437500e+03
-1.298160839080810547e+01 -2.335509490966796875e+02 -1.490456054687500000e+03
1.480882072448730469e+01 -2.376038513183593750e+02 -1.528564575195312500e+03
2.483474016189575195e+00 -2.425127258300781250e+02 -1.516186645507812500e+03
-1.044231414794921875e+01 -2.352033233642578125e+02 -1.502698486328125000e+03
2.985738992691040039e+00 -2.411235351562500000e+02 -1.497171020507812500e+03
-3.583262443542480469e+00 -2.421237640380859375e+02 -1.505520629882812500e+03
