7.990692901611328125e+01 -2.419140625000000000e+02 -1.418337524414062500e+03
8.333840179443359375e+01 -2.234145202636718750e+02 -1.414265014648437500e+03
8.341122436523437500e+01 -2.215956573486328125e+02 -1.420242675781250000e+03
7.735214233398437500e+01 -2.183881835937500000e+02 -1.394884521484375000e+03
7.642787933349609375e+01 -2.305052032470703125e+02 -1.435201293945312500e+03
7.632327270507812500e+01 -2.188137054443359375e+02 -1.394496459960937500e+03
6.709806823730468750e+01 -2.150144653320312500e+02 -1.371804687500000000e+03
-6.787851715087890625e+01 -2.425454559326171875e+02 -1.414680786132812500e+03
7.303322601318359375e+01 -2.255038757324218750e+02 -1.400511840820312500e+03
5.927763748168945312e+01 -2.121889495849609375e+02 -1.364284912109375000e+03
-5.560376358032226562e+01 -2.430546264648437500e+02 -1.406535400390625000e+03
6.286686706542968750e+01 -2.392608337402343750e+02 -1.442821533203125000e+03
6.653307342529296875e+01 -2.212364654541015625e+02 -1.376698364257812500e+03
5.457969284057617188e+01 -2.122046813964843750e+02 -1.360008178710937500e+03
-3.693668365478515625e+01 -2.497644348144531250e+02 -1.426440307617187500e+03
-3.969943618774414062e+01 -2.407359924316406250e+02 -1.539626708984375000e+03
5.063092803955078125e+01 -2.358824157714843750e+02 -1.466425415039062500e+03
5.119665527343750000e+01 -2.365765075683593750e+02 -1.430402343750000000e+03
-4.520745849609375000e+01 -2.445120697021484375e+02 -1.468447143554687500e+03
-3.976895141601562500e+01 -2.545200042724609375e+02 -1.442459472656250000e+03
-5.610664749145507812e+01 -2.093635101318359375e+02 -1.352472656250000000e+03
-3.695825195312500000e+01 -2.385082550048828125e+02 -1.527989379882812500e+03
4.121067428588867188e+01 -2.348155364990234375e+02 -1.468868408203125000e+03
4.176386260986328125e+01 -2.415858459472656250e+02 -1.441307495117187500e+03
-4.433871078491210938e+01 -2.430666351318359375e+02 -1.466427001953125000e+03
-3.808043289184570312e+01 -2.517335052490234375e+02 -1.443904541015625000e+03
-5.760440826416015625e+01 -2.087849731445312500e+02 -1.353182495117187500e+03
-3.512218856811523438e+01 -2.408060302734375000e+02 -1.533231323242187500e+03
5.437397766113281250e+01 -2.267618865966796875e+02 -1.484462646484375000e+03
3.205392074584960938e+01 -2.420526733398437500e+02 -1.446320678710937500e+03
-4.568600082397460938e+01 -2.381732177734375000e+02 -1.477376831054687500e+03
-3.927931594848632812e+01 -2.473767547607421875e+02 -1.460841430664062500e+03
-3.109490966796875000e+01 -2.521319732666015625e+02 -1.439940185546875000e+03
-5.290465545654296875e+01 -2.167309570312500000e+02 -1.353943603515625000e+03
-2.552594947814941406e+01 -2.382070159912109375e+02 -1.528027709960937500e+03
5.227435302734375000e+01 -2.264802856445312500e+02 -1.490648315429687500e+03
2.614962005615234375e+01 -2.336009521484375000e+02 -1.469644287109375000e+03
1.775390243530273438e+01 -2.447610931396484375e+02 -1.438370849609375000e+03
-4.494392776489257812e+01 -2.372999420166015625e+02 -1.475341186523437500e+03
-4.418291854858398438e+01 -2.396164855957031250e+02 -1.462962524414062500e+03
-2.620601272583007812e+01 -2.541356353759765625e+02 -1.459698730468750000e+03
-2.625608253479003906e+01 -2.468002166748046875e+02 -1.429109985351562500e+03
-1.069045925140380859e+01 -2.487199554443359375e+02 -1.419089111328125000e+03
-1.443001651763916016e+01 -2.426683502197265625e+02 -1.528067749023437500e+03
-3.280147171020507812e+01 -2.441332397460937500e+02 -1.517813720703125000e+03
4.684420394897460938e+01 -2.291337127685546875e+02 -1.488589599609375000e+03
3.190295028686523438e+01 -2.289558563232421875e+02 -1.478636108398437500e+03
9.069205284118652344e+00 -2.382937927246093750e+02 -1.459845214843750000e+03
3.922078847885131836e+00 -2.482748565673828125e+02 -1.423683959960937500e+03
-4.269681930541992188e+01 -2.345251159667968750e+02 -1.465902465820312500e+03
-2.696208572387695312e+01 -2.520863952636718750e+02 -1.472404174804687500e+03
-2.495531272888183594e+01 -2.466701354980468750e+02 -1.434632812500000000e+03
-2.295823669433593750e+01 -2.380953674316406250e+02 -1.423291625976562500e+03
4.200873565673828125e+01 -2.363144378662109375e+02 -1.506161621093750000e+03
-9.942010879516601562e+00 -2.438325805664062500e+02 -1.532744506835937500e+03
-1.740659332275390625e+01 -2.345458831787109375e+02 -1.522541015625000000e+03
-3.320288848876953125e+01 -2.462257232666015625e+02 -1.508037231445312500e+03
3.588888549804687500e+01 -2.317996215820312500e+02 -1.489614379882812500e+03
1.174719142913818359e+01 -2.377210998535156250e+02 -1.467996093750000000e+03
-7.609243869781494141e+00 -2.416402740478515625e+02 -1.446652709960937500e+03
-3.900630950927734375e+01 -2.441902160644531250e+02 -1.476323852539062500e+03
-2.932222366333007812e+01 -2.431466522216796875e+02 -1.478415771484375000e+03
-1.912488746643066406e+01 -2.455441284179687500e+02 -1.447220581054687500e+03
-2.452484512329101562e+01 -2.277724456787109375e+02 -1.422659057617187500e+03
3.702990722656250000e+01 -2.374953308105468750e+02 -1.502190185546875000e+03
-7.976672649383544922e+00 -2.416549224853515625e+02 -1.528623291015625000e+03
-2.304852867126464844e+01 -2.399416198730468750e+02 -1.513086669921875000e+03
3.410981369018554688e+01 -2.366168975830078125e+02 -1.489690063476562500e+03
-1.868894249200820923e-01 -2.389160919189453125e+02 -1.461061523437500000e+03
-1.300294399261474609e+01 -2.421280059814453125e+02 -1.438534423828125000e+03
-2.867798614501953125e+01 -2.408586120605468750e+02 -1.479254028320312500e+03
-1.925354766845703125e+01 -2.469285278320312500e+02 -1.453782104492187500e+03
-2.328984832763671875e+01 -2.267463836669921875e+02 -1.424567871093750000e+03
-2.183814811706542969e+01 -2.307090911865234375e+02 -1.414486328125000000e+03
3.579165649414062500e+01 -2.391130371093750000e+02 -1.497542114257812500e+03
-6.405964851379394531e+00 -2.422586669921875000e+02 -1.525253417968750000e+03
-2.099295043945312500e+01 -2.388442687988281250e+02 -1.518449829101562500e+03
-2.478710556030273438e+01 -2.422359771728515625e+02 -1.503193481445312500e+03
1.586567211151123047e+01 -2.528999786376953125e+02 -1.489875732421875000e+03
-9.533421516418457031e+00 -2.432540740966796875e+02 -1.468789184570312500e+03
-9.189351081848144531e+00 -2.373302764892578125e+02 -1.441742675781250000e+03
-2.053525352478027344e+01 -2.420943145751953125e+02 -1.481374023437500000e+03
-1.899453544616699219e+01 -2.433406677246093750e+02 -1.465741455078125000e+03
-1.544535255432128906e+01 -2.328684844970703125e+02 -1.428300048828125000e+03
-1.318313121795654297e+01 -2.316288452148437500e+02 -1.418238037109375000e+03
1.959450721740722656e+01 -2.404309997558593750e+02 -1.527722778320312500e+03
2.523297500610351562e+01 -2.414016723632812500e+02 -1.549122192382812500e+03
-1.677442193031311035e-01 -2.415967407226562500e+02 -1.527097045898437500e+03
-9.113887786865234375e+00 -2.411321105957031250e+02 -1.517121704101562500e+03
-2.263529396057128906e+01 -2.407305908203125000e+02 -1.507677734375000000e+03
1.016725063323974609e+01 -2.561183776855468750e+02 -1.493477783203125000e+03
-1.108173370361328125e+01 -2.358523101806640625e+02 -1.439878662109375000e+03
-2.285845565795898438e+01 -2.405864257812500000e+02 -1.483945800781250000e+03
-1.906430816650390625e+01 -2.275802612304687500e+02 -1.423739501953125000e+03
1.534204483032226562e+01 -2.400151062011718750e+02 -1.532421875000000000e+03
1.379943275451660156e+01 -2.530598602294921875e+02 -1.508551025390625000e+03
9.354013442993164062e+00 -2.377234802246093750e+02 -1.547238037109375000e+03
5.226032257080078125e+00 -2.428494873046875000e+02 -1.529040161132812500e+03
1.233798503875732422e+00 -2.495633850097656250e+02 -1.515136596679687500e+03
-1.349782943725585938e+01 -2.413459320068359375e+02 -1.505578613281250000e+03
3.213340997695922852e+00 -2.563529357910156250e+02 -1.493208862304687500e+03
-1.986136436462402344e+01 -2.438496398925781250e+02 -1.491185058593750000e+03
1.324966239929199219e+01 -2.432520446777343750e+02 -1.525298217773437500e+03
-2.236613035202026367e+00 -2.488858337402343750e+02 -1.513500854492187500e+03
-1.593083477020263672e+01 -2.441965179443359375e+02 -1.501146118164062500e+03
-4.576459407806396484e+00 -2.541723785400390625e+02 -1.493582275390625000e+03
-9.540852546691894531e+00 -2.494443511962890625e+02 -1.504172851562500000e+03
