1.563346028327941895e+00 -4.927174568176269531e+00 -2.719753265380859375e+00
2.282958269119262695e+00 -4.765113353729248047e+00 -1.935807824134826660e+00
1.518315434455871582e+00 -4.778277397155761719e+00 -2.317469358444213867e+00
-5.068776607513427734e+00 -8.108234405517578125e+00 -7.822456836700439453e+00
-4.999042034149169922e+00 -8.061277389526367188e+00 -1.156832599639892578e+01
-4.184970378875732422e+00 -8.320699691772460938e+00 -9.419799804687500000e+00
-7.271132469177246094e+00 -7.468718528747558594e+00 -7.059481143951416016e+00
-7.774985790252685547e+00 -7.350923061370849609e+00 -7.968283176422119141e+00
-5.691962718963623047e+00 -8.128384590148925781e+00 -9.824140548706054688e+00
-6.220381259918212891e+00 -7.997354984283447266e+00 -9.061972618103027344e+00
-6.480063438415527344e+00 -7.344921588897705078e+00 -1.205508518218994141e+01
-8.409709930419921875e+00 -6.367409229278564453e+00 -1.057707500457763672e+01
-8.332487106323242188e+00 -6.189867973327636719e+00 -1.129587650299072266e+01
-9.639071464538574219e+00 -5.264625072479248047e+00 -8.365250587463378906e+00
-1.004803085327148438e+01 -4.322514057159423828e+00 -8.718646049499511719e+00
-9.584815025329589844e+00 -4.641002655029296875e+00 -1.086994266510009766e+01
-8.220535278320312500e+00 -6.690527915954589844e+00 -5.445865154266357422e+00
-9.067812919616699219e+00 -6.092284679412841797e+00 -4.930480003356933594e+00
-7.967957496643066406e+00 -5.745016574859619141e+00 -3.404620170593261719e+00
-8.496830940246582031e+00 -5.229753494262695312e+00 -2.225506067276000977e+00
-6.957656860351562500e+00 -5.440653324127197266e+00 -3.112021446228027344e+00
-2.591873168945312500e+00 -5.029286861419677734e+00 -1.549513339996337891e+00
-3.371930122375488281e+00 -4.883042335510253906e+00 -5.831110477447509766e-01
-1.437078475952148438e+00 -4.987328052520751953e+00 -2.413337379693984985e-01
-7.377696037292480469e+00 -3.209993124008178711e+00 2.312263488769531250e+00
-5.354265213012695312e+00 -3.509597063064575195e+00 1.277665734291076660e+00
-3.859238624572753906e+00 -5.067454338073730469e+00 -2.137379646301269531e+00
-7.304182529449462891e+00 -4.796902179718017578e+00 -1.626255035400390625e+00
-6.307061672210693359e+00 -5.167040348052978516e+00 -2.786483526229858398e+00
-3.737912654876708984e+00 -4.415136814117431641e+00 1.354224681854248047e-01
-4.767884254455566406e+00 -7.278671741485595703e+00 -5.294850349426269531e+00
-4.545050621032714844e+00 -6.497972965240478516e+00 -4.091064453125000000e+00
-2.279807567596435547e+00 -7.655916690826416016e+00 -6.417167186737060547e+00
-2.884156465530395508e+00 -7.167526245117187500e+00 -5.067302227020263672e+00
-2.213565826416015625e+00 -7.177632331848144531e+00 -5.299355506896972656e+00
-1.355407118797302246e+00 -6.800188541412353516e+00 -5.045537471771240234e+00
-2.778978347778320312e+00 -6.776110172271728516e+00 -4.440318107604980469e+00
-5.267278194427490234e+00 -6.850373268127441406e+00 -4.679247379302978516e+00
-6.153921604156494141e+00 -7.666694164276123047e+00 -6.742090225219726562e+00
-8.704217910766601562e+00 -6.650893688201904297e+00 -6.455816268920898438e+00
-1.415123105049133301e+00 -4.976540565490722656e+00 -1.840018391609191895e+00
-9.330084323883056641e-01 -5.036428928375244141e+00 -2.281862735748291016e+00
-2.239965438842773438e+00 -5.122594833374023438e+00 -2.025371551513671875e+00
-3.470866382122039795e-01 -5.075624465942382812e+00 -1.204274177551269531e+00
6.364924907684326172e-01 -4.605132102966308594e+00 -1.606889843940734863e+00
-8.134197592735290527e-01 -5.400456905364990234e+00 -3.023427724838256836e+00
-6.503075826913118362e-03 -5.497562885284423828e+00 -3.347960948944091797e+00
6.097975373268127441e-01 -4.757786273956298828e+00 -2.131754159927368164e+00
-9.516323089599609375e+00 -4.814730644226074219e+00 -2.043064117431640625e+00
-9.938524246215820312e+00 -4.890470504760742188e+00 -4.679315090179443359e+00
-9.351482391357421875e+00 -5.581598758697509766e+00 -3.830816030502319336e+00
-1.019564151763916016e+01 -3.760567426681518555e+00 -3.286980152130126953e+00
-1.031922721862792969e+01 -3.586661100387573242e+00 -4.715332508087158203e+00
-9.119793891906738281e+00 -4.086191654205322266e+00 3.097414076328277588e-01
-9.781842231750488281e+00 -4.173799991607666016e+00 -1.407662510871887207e+00
-9.820077896118164062e+00 -3.231445074081420898e+00 -2.794470489025115967e-01
-9.597737312316894531e+00 -2.925795316696166992e+00 9.030115604400634766e-01
-9.111421585083007812e+00 -2.719393014907836914e+00 2.167740106582641602e+00
-9.278228759765625000e+00 -1.628513693809509277e+00 1.270705699920654297e+00
-1.017340946197509766e+01 -2.694487333297729492e+00 -2.522436857223510742e+00
-1.009787178039550781e+01 -1.607796788215637207e+00 -2.652091741561889648e+00
-9.464130401611328125e+00 -1.292561888694763184e+00 -8.878748416900634766e-01
-7.935950756072998047e+00 -4.174751937389373779e-01 -6.468375921249389648e-01
-1.006224822998046875e+01 -4.636014461517333984e+00 -5.545384407043457031e+00
-1.034983348846435547e+01 -3.655650854110717773e+00 -5.421866893768310547e+00
-1.053428554534912109e+01 -2.256556510925292969e+00 -5.301589965820312500e+00
-1.059185886383056641e+01 -2.095865488052368164e+00 -5.871761798858642578e+00
-1.008256530761718750e+01 -6.567662358283996582e-01 -5.354288101196289062e+00
-1.058884429931640625e+01 -2.841793537139892578e+00 -7.962741374969482422e+00
-1.071056842803955078e+01 -1.945713281631469727e+00 -8.888900756835937500e+00
-1.059945774078369141e+01 -8.108186125755310059e-01 -8.519172668457031250e+00
-9.950843811035156250e+00 -3.306505680084228516e-01 -6.707626342773437500e+00
-8.382469177246093750e+00 -2.016762793064117432e-01 -2.253782987594604492e+00
-6.926584720611572266e+00 1.702364325523376465e+00 -3.687028884887695312e+00
-9.015597343444824219e+00 3.854675889015197754e-01 -6.205016136169433594e+00
-7.575624465942382812e+00 1.438791513442993164e+00 -4.989839553833007812e+00
1.338471794128417969e+01 -4.636999130249023438e+00 4.083323001861572266e+00
1.358794784545898438e+01 -6.060770511627197266e+00 6.736708283424377441e-01
1.309369850158691406e+01 -5.759237289428710938e+00 1.304864287376403809e+00
1.498491573333740234e+01 -5.618973731994628906e+00 1.796758651733398438e+00
1.489613151550292969e+01 -4.535327911376953125e+00 2.793598890304565430e+00
1.203767871856689453e+01 -5.235341548919677734e+00 2.501855850219726562e+00
4.503753185272216797e+00 -9.015805125236511230e-01 4.808988571166992188e+00
5.428232192993164062e+00 -3.934667706489562988e-01 5.867491245269775391e+00
6.661329746246337891e+00 -4.821737289428710938e+00 -1.699726819992065430e+00
8.924963951110839844e+00 -6.245786190032958984e+00 -1.278334736824035645e+00
8.137324333190917969e+00 -6.154535293579101562e+00 -1.119884848594665527e+00
7.462939739227294922e+00 -6.227586746215820312e+00 -5.290567874908447266e-01
2.557355165481567383e+00 -5.413095474243164062e+00 3.989506363868713379e-01
4.303710937500000000e+00 -4.685903072357177734e+00 -1.523292183876037598e+00
5.177823543548583984e+00 -5.072755336761474609e+00 -1.203413009643554688e+00
2.311476230621337891e+00 -4.270138263702392578e+00 -1.274998068809509277e+00
4.124455451965332031e+00 -4.713010787963867188e+00 -1.303643822669982910e+00
5.116919517517089844e+00 -5.545854568481445312e+00 1.928583979606628418e-01
5.816805839538574219e+00 -5.952934265136718750e+00 -6.419923901557922363e-01
3.103178024291992188e+00 -5.478589057922363281e+00 -6.050636172294616699e-01
9.489225387573242188e+00 -5.001977920532226562e+00 2.963985443115234375e+00
1.017060661315917969e+01 -4.264205455780029297e+00 4.590229511260986328e+00
1.003545188903808594e+01 -4.600674152374267578e+00 4.085185050964355469e+00
8.856433868408203125e+00 -3.601288080215454102e+00 5.053980827331542969e+00
8.955496788024902344e+00 -4.836246490478515625e+00 3.067719936370849609e+00
9.040019035339355469e+00 -5.843163490295410156e+00 1.380741596221923828e+00
8.692483901977539062e+00 -6.061770915985107422e+00 9.073450565338134766e-01
5.572708606719970703e+00 -1.082881569862365723e+00 3.873354196548461914e+00
6.178392887115478516e+00 -3.609750032424926758e+00 2.345536947250366211e+00
5.601944923400878906e+00 -3.920684099197387695e+00 1.839712977409362793e+00
4.536319732666015625e+00 -1.825040340423583984e+00 3.020969390869140625e+00
4.657723426818847656e+00 -1.343990445137023926e+00 3.625279188156127930e+00
6.931605339050292969e+00 -2.247736930847167969e+00 4.171798706054687500e+00
6.802969932556152344e+00 -1.551972985267639160e+00 5.291937828063964844e+00
6.551905632019042969e+00 -5.420289516448974609e+00 9.057150483131408691e-01
1.235951328277587891e+01 -3.338056325912475586e+00 5.355931758880615234e+00
1.409868812561035156e+01 -3.743786573410034180e+00 4.123730659484863281e+00
1.300537109375000000e+01 -2.452698469161987305e+00 4.430209636688232422e+00
1.377429676055908203e+01 -2.641597270965576172e+00 2.849146604537963867e+00
8.049862861633300781e+00 -2.370534658432006836e+00 6.387178421020507812e+00
7.616683006286621094e+00 -1.931158900260925293e+00 6.354900360107421875e+00
4.427105903625488281e+00 -6.421259045600891113e-02 6.700483798980712891e+00
9.946020126342773438e+00 -3.383889675140380859e+00 6.044258594512939453e+00
1.068890762329101562e+01 -2.045638084411621094e+00 5.999124526977539062e+00
1.107158565521240234e+01 -1.605651378631591797e+00 5.058655738830566406e+00
8.916033744812011719e+00 -9.383002519607543945e-01 6.082688331604003906e+00
9.257154464721679688e+00 -5.819602012634277344e-01 5.122376918792724609e+00
1.138528728485107422e+01 -1.477609038352966309e+00 4.155224800109863281e+00
1.163552570343017578e+01 -1.370410203933715820e+00 3.193011045455932617e+00
6.842389583587646484e+00 -9.429105520248413086e-01 6.089832305908203125e+00
7.984818935394287109e+00 -4.023242890834808350e-01 6.011016845703125000e+00
7.223923683166503906e+00 5.191834568977355957e-01 5.545341491699218750e+00
6.456987857818603516e+00 3.063721358776092529e-01 5.870479583740234375e+00
5.840752601623535156e+00 1.479964256286621094e+00 5.598317623138427734e+00
8.258539199829101562e+00 8.004550933837890625e-01 4.287052154541015625e+00
5.896032333374023438e+00 2.648996114730834961e+00 4.238891601562500000e+00
6.267948627471923828e+00 2.647731304168701172e+00 3.711603403091430664e+00
-2.126082181930541992e+00 -2.786114931106567383e+00 3.771039962768554688e+00
-1.516979455947875977e+00 -3.786977529525756836e+00 1.659386396408081055e+00
-1.473054170608520508e+00 -4.640841007232666016e+00 3.864748775959014893e-01
-1.608491420745849609e+00 -2.841978549957275391e+00 3.490867614746093750e+00
-2.331421822309494019e-01 -2.640473604202270508e+00 2.374581575393676758e+00
-5.070504188537597656e+00 -3.474639892578125000e+00 1.470886230468750000e+00
-4.357264041900634766e+00 -3.312832355499267578e+00 2.205075263977050781e+00
-5.802513599395751953e+00 -2.592025518417358398e+00 3.393642663955688477e+00
-5.276777744293212891e+00 -3.014879465103149414e+00 2.537186622619628906e+00
-4.090811729431152344e+00 -2.820245027542114258e+00 3.381705284118652344e+00
-2.753299236297607422e+00 -1.614406347274780273e+00 4.879500865936279297e+00
-5.651396751403808594e+00 -1.263162612915039062e+00 4.709469795227050781e+00
-5.347998142242431641e+00 -7.317538261413574219e-01 4.911926746368408203e+00
2.584028959274291992e+00 -1.619931340217590332e+00 3.628262519836425781e+00
1.401336789131164551e+00 -8.295373916625976562e-01 4.122887134552001953e+00
-4.589634016156196594e-02 -1.164679288864135742e+00 3.658808231353759766e+00
1.118311405181884766e+00 -2.523950338363647461e-01 4.656223773956298828e+00
2.610330581665039062e+00 -8.774878978729248047e-01 5.236196041107177734e+00
3.658740997314453125e+00 -3.219625949859619141e-01 6.564366340637207031e+00
1.154777646064758301e+00 8.460334539413452148e-01 5.371554851531982422e+00
-3.221247434616088867e+00 -1.384338140487670898e+00 5.010473251342773438e+00
-4.241361141204833984e+00 3.056311309337615967e-01 5.011068344116210938e+00
-2.744206905364990234e+00 5.714713335037231445e-01 5.133037090301513672e+00
-1.163221597671508789e+00 1.622773051261901855e+00 4.400356769561767578e+00
-3.885511636734008789e+00 1.025817513465881348e+00 4.048688411712646484e+00
-3.822637081146240234e+00 1.425302147865295410e+00 2.889665603637695312e+00
-1.733919680118560791e-01 -5.087312698364257812e+00 -8.930633217096328735e-02
3.040921390056610107e-01 -4.943547725677490234e+00 -1.243557110428810120e-01
8.222186565399169922e-01 -4.950861454010009766e+00 2.646780386567115784e-02
1.656365036964416504e+00 -3.778758049011230469e+00 1.412764906883239746e+00
1.487320780754089355e+00 -4.987094879150390625e+00 5.792400836944580078e-01
1.628243565559387207e+00 -3.749211072921752930e+00 -1.374564051628112793e+00
1.908083319664001465e+00 -2.585677385330200195e+00 2.339911937713623047e+00
2.344364881515502930e+00 1.702501893043518066e+00 5.555841445922851562e+00
2.920253753662109375e+00 2.700125932693481445e+00 4.243010044097900391e+00
2.627945899963378906e+00 3.035757303237915039e+00 3.009246826171875000e+00
-8.582808375358581543e-01 2.488400220870971680e+00 2.615257978439331055e+00
-6.528509855270385742e-01 1.964723944664001465e+00 4.167172431945800781e+00
5.853957533836364746e-01 2.579189777374267578e+00 3.239022016525268555e+00
-1.729134559631347656e+00 3.174464702606201172e+00 1.076930314302444458e-01
-7.583367347717285156e+00 -2.456747293472290039e+00 3.555707454681396484e+00
-7.326797008514404297e+00 -1.421662449836730957e+00 4.218300342559814453e+00
-7.960296154022216797e+00 -8.104662299156188965e-01 2.909023046493530273e+00
-6.809711933135986328e+00 -1.157304525375366211e+00 4.463141918182373047e+00
-7.015123844146728516e+00 -3.648714721202850342e-01 3.060760974884033203e+00
-6.419573307037353516e+00 1.893082112073898315e-01 1.420282721519470215e+00
-6.218501567840576172e+00 1.404166817665100098e-01 2.391453742980957031e+00
-6.923878669738769531e+00 2.280432879924774170e-01 -8.148052692413330078e-01
-3.743814706802368164e+00 1.649801969528198242e+00 1.845954179763793945e+00
-5.363123893737792969e+00 2.016613960266113281e+00 -1.992839574813842773e+00
-3.647223711013793945e+00 3.032207965850830078e+00 -1.669181585311889648e+00
3.489063024520874023e+00 9.830381870269775391e-01 6.417262554168701172e+00
3.049549102783203125e+00 2.067171812057495117e+00 5.378908157348632812e+00
3.926124334335327148e+00 2.549758911132812500e+00 4.839014053344726562e+00
4.607760429382324219e+00 3.067711591720581055e+00 3.799950361251831055e+00
3.904858827590942383e+00 3.365721464157104492e+00 2.962633132934570312e+00
7.767493724822998047e+00 -4.898818492889404297e+00 -3.990456581115722656e+00
2.379701375961303711e+00 -5.068358421325683594e+00 -3.060532093048095703e+00
5.501752853393554688e+00 -4.725005626678466797e+00 -2.544801235198974609e+00
6.327178001403808594e+00 -4.680887222290039062e+00 -2.995102643966674805e+00
3.036834001541137695e+00 -5.003007888793945312e+00 -2.945549726486206055e+00
2.092420816421508789e+00 -5.929214477539062500e+00 -5.254335880279541016e+00
2.628154993057250977e+00 -5.808803081512451172e+00 -6.256657600402832031e+00
3.892261028289794922e+00 -5.142028808593750000e+00 -5.603692054748535156e+00
5.927803516387939453e+00 -4.815324783325195312e+00 -3.747758388519287109e+00
7.164388656616210938e+00 -4.959367752075195312e+00 -4.092063903808593750e+00
2.443032503128051758e+00 -5.621325016021728516e+00 -8.460831642150878906e+00
8.321701049804687500e+00 -4.974944114685058594e+00 -6.037851333618164062e+00
3.300575733184814453e+00 -5.331558704376220703e+00 -7.120204925537109375e+00
3.712254762649536133e+00 -4.722779750823974609e+00 -7.902708530426025391e+00
6.291285037994384766e+00 -5.073691368103027344e+00 -5.391919612884521484e+00
7.407765388488769531e+00 -4.931826591491699219e+00 -6.349700450897216797e+00
5.876204967498779297e+00 -4.178632259368896484e+00 -7.261884689331054688e+00
7.530376911163330078e+00 -4.030154705047607422e+00 -7.386291027069091797e+00
5.586232185363769531e+00 -3.863588094711303711e+00 -7.634791851043701172e+00
5.156784534454345703e+00 -2.838219404220581055e+00 -8.646318435668945312e+00
5.231560230255126953e+00 -2.078857183456420898e+00 -8.897204399108886719e+00
-3.349189281463623047e+00 -7.970731258392333984e+00 -1.205629825592041016e+01
-3.131192922592163086e+00 -8.215097427368164062e+00 -1.051696872711181641e+01
-3.960952281951904297e+00 -7.543769836425781250e+00 -1.315969371795654297e+01
-1.581742882728576660e+00 -6.563202857971191406e+00 -1.324236297607421875e+01
-3.556524038314819336e+00 -6.334300518035888672e+00 -1.446034431457519531e+01
-3.374644279479980469e+00 -5.280477046966552734e+00 -1.519256877899169922e+01
-6.630720138549804688e+00 -6.536904811859130859e+00 -1.317323303222656250e+01
-7.071677207946777344e+00 -6.213916778564453125e+00 -1.319116687774658203e+01
-7.757713317871093750e+00 -5.233459472656250000e+00 -1.367729663848876953e+01
-5.719220161437988281e+00 -7.132542133331298828e+00 -1.307906150817871094e+01
-8.473164558410644531e+00 -5.367214679718017578e+00 -1.256665134429931641e+01
-7.363603115081787109e+00 -4.565137863159179688e+00 -1.457518196105957031e+01
-4.150805950164794922e+00 -5.534855365753173828e+00 -1.502905178070068359e+01
-5.995310306549072266e+00 -4.382238864898681641e+00 -1.525839328765869141e+01
-2.711423158645629883e+00 -5.387337684631347656e+00 -1.501384830474853516e+01
-2.177127599716186523e+00 -4.295046329498291016e+00 -1.536933994293212891e+01
-3.722477436065673828e+00 -3.715741157531738281e+00 -1.575241756439208984e+01
-2.790391206741333008e+00 -3.186467170715332031e+00 -1.571583461761474609e+01
-4.989168167114257812e+00 -2.648860931396484375e+00 -1.594115924835205078e+01
-3.920092582702636719e+00 -1.503281950950622559e+00 -1.593670272827148438e+01
-9.300248146057128906e+00 -4.441919803619384766e+00 -1.222507953643798828e+01
-8.933759689331054688e+00 -4.002210140228271484e+00 -1.344702816009521484e+01
-9.910472869873046875e+00 -2.863195180892944336e+00 -1.234816455841064453e+01
-1.039945316314697266e+01 -1.438324451446533203e+00 -1.152051162719726562e+01
-8.548530578613281250e+00 -3.348881959915161133e+00 -1.436212062835693359e+01
-7.691498279571533203e+00 -2.965736150741577148e+00 -1.519939708709716797e+01
-9.819808006286621094e+00 -9.234822988510131836e-01 -1.328546047210693359e+01
-9.372714042663574219e+00 -3.254131674766540527e-01 -1.420642185211181641e+01
-8.486209869384765625e+00 -9.496140480041503906e-01 -1.507513046264648438e+01
-7.133650302886962891e+00 1.615168899297714233e-01 -1.577129268646240234e+01
-7.625281810760498047e+00 8.165489435195922852e-01 -1.553877925872802734e+01
-1.520821571350097656e+00 -7.556954383850097656e+00 -6.889342784881591797e+00
-4.207586050033569336e-01 -7.157277107238769531e+00 -8.632476806640625000e+00
7.464490085840225220e-02 -6.568289756774902344e+00 -5.591807365417480469e+00
6.196995973587036133e-01 -6.686123847961425781e+00 -6.758288860321044922e+00
-2.396496832370758057e-01 -6.931177616119384766e+00 -9.611366271972656250e+00
-5.072484910488128662e-02 -5.895320415496826172e+00 -1.240228748321533203e+01
1.354133844375610352e+00 -6.389779567718505859e+00 -6.421677112579345703e+00
2.021742105484008789e+00 -5.952652454376220703e+00 -8.193074226379394531e+00
-7.605106830596923828e-01 -5.087130069732666016e+00 -1.430394077301025391e+01
1.024611711502075195e+00 -4.963319778442382812e+00 -1.243855953216552734e+01
-1.230455994606018066e+00 -3.739580392837524414e+00 -1.520281696319580078e+01
-1.927127689123153687e-01 -3.007152557373046875e+00 -1.485925102233886719e+01
1.960320353507995605e+00 -5.053576946258544922e+00 -1.069900417327880859e+01
-1.088246464729309082e+00 -2.405125379562377930e+00 -1.528164100646972656e+01
-1.307730555534362793e+00 -1.697077870368957520e+00 -1.534087753295898438e+01
2.141810894012451172e+00 -3.536172151565551758e+00 -1.149354743957519531e+01
8.843260407447814941e-01 -1.869836091995239258e+00 -1.348712539672851562e+01
7.972580790519714355e-01 -1.143928766250610352e+00 -1.333488082885742188e+01
-2.606284618377685547e+00 -1.777562141418457031e+00 -1.569946956634521484e+01
-2.675805330276489258e+00 -8.078874349594116211e-01 -1.564187240600585938e+01
-5.084089756011962891e+00 4.552541673183441162e-01 -1.588989162445068359e+01
-2.886065244674682617e+00 1.009117126464843750e+00 -1.536797809600830078e+01
-2.163808107376098633e+00 1.175966978073120117e+00 -1.512530612945556641e+01
-4.969331920146942139e-01 1.150969505310058594e+00 -1.389175987243652344e+01
-2.881216049194335938e+00 2.081050872802734375e+00 -1.503613281250000000e+01
-2.464188337326049805e+00 2.790027141571044922e+00 -1.464862918853759766e+01
2.704015731811523438e+00 -3.967310667037963867e+00 -1.033936214447021484e+01
3.519846916198730469e+00 -2.608601331710815430e+00 -1.011443233489990234e+01
3.012962341308593750e+00 -1.846416115760803223e+00 -1.085511016845703125e+01
9.647769927978515625e-01 -2.804050445556640625e-01 -1.281528759002685547e+01
1.483898758888244629e+00 8.321957662701606750e-03 -1.211313629150390625e+01
2.350042343139648438e+00 -2.159979790449142456e-01 -1.122987937927246094e+01
1.082104206085205078e+00 4.187647402286529541e-01 -1.233870697021484375e+01
-1.051007747650146484e+01 -9.647973179817199707e-01 -1.099565982818603516e+01
-9.964199066162109375e+00 6.876379251480102539e-01 -1.292487525939941406e+01
-1.029868030548095703e+01 -1.352622825652360916e-02 -1.048940563201904297e+01
-1.006958007812500000e+01 -1.190159171819686890e-01 -9.026856422424316406e+00
-9.721864700317382812e+00 5.464473962783813477e-01 -1.002997875213623047e+01
-9.959803581237792969e+00 9.255731701850891113e-01 -1.155496406555175781e+01
-9.429701805114746094e+00 2.036608934402465820e+00 -1.278881835937500000e+01
-8.816822052001953125e+00 1.399215817451477051e+00 -9.345079421997070312e+00
-8.412059783935546875e+00 2.402457952499389648e+00 -1.037914657592773438e+01
-8.196707725524902344e+00 1.155838966369628906e+00 -6.072824478149414062e+00
-7.957777023315429688e+00 1.591852903366088867e+00 -7.155249118804931641e+00
-8.277996063232421875e+00 1.882215619087219238e+00 -8.741507530212402344e+00
-7.893704891204833984e+00 2.552883863449096680e+00 -9.736369132995605469e+00
-6.294579982757568359e+00 2.700009346008300781e+00 -7.681501865386962891e+00
-6.210363388061523438e+00 3.013910770416259766e+00 -8.164645195007324219e+00
-8.631741523742675781e+00 2.206982851028442383e+00 -1.429714584350585938e+01
-8.033244132995605469e+00 2.234588384628295898e+00 -1.473651027679443359e+01
-7.632092952728271484e+00 3.448924779891967773e+00 -1.351891136169433594e+01
-6.651202678680419922e+00 4.269381999969482422e+00 -1.314382553100585938e+01
-6.097524166107177734e+00 1.897222280502319336e+00 -1.547950458526611328e+01
-5.841572284698486328e+00 2.188189268112182617e+00 -1.533134651184082031e+01
-5.166476249694824219e+00 3.971170902252197266e+00 -1.412600231170654297e+01
-4.611891269683837891e+00 3.962991476058959961e+00 -1.425242233276367188e+01
-5.863508224487304688e+00 3.776093244552612305e+00 -1.413250923156738281e+01
-8.268970489501953125e+00 3.288432359695434570e+00 -1.225235271453857422e+01
-6.237874984741210938e+00 4.421008110046386719e+00 -1.238663482666015625e+01
-5.550738811492919922e+00 4.389064788818359375e+00 -1.074875545501708984e+01
-3.385409593582153320e+00 4.236214160919189453e+00 -1.349217033386230469e+01
-3.166913032531738281e+00 4.299298286437988281e+00 -1.287404632568359375e+01
-5.215211868286132812e+00 4.440817356109619141e+00 -1.222453403472900391e+01
-4.464282035827636719e+00 4.640540599822998047e+00 -1.233059120178222656e+01
-3.213238000869750977e+00 4.690086364746093750e+00 -1.144624710083007812e+01
-4.953531265258789062e+00 4.793280601501464844e+00 -1.085150909423828125e+01
-3.791195392608642578e+00 4.897917747497558594e+00 -1.117478942871093750e+01
-6.633922100067138672e+00 3.691787958145141602e+00 -1.050644111633300781e+01
-5.927639007568359375e+00 3.633959293365478516e+00 -9.036832809448242188e+00
3.059760808944702148e+00 -1.861088871955871582e-01 -1.030518245697021484e+01
-1.372895538806915283e-01 1.530787587165832520e+00 -1.288033962249755859e+01
-2.112141609191894531e+00 3.223561763763427734e+00 -1.359789085388183594e+01
9.976427555084228516e-01 8.045762181282043457e-01 -1.169206619262695312e+01
-1.051879167556762695e+00 2.887175321578979492e+00 -1.234144687652587891e+01
-2.710759639739990234e+00 3.848665714263916016e+00 -1.327377891540527344e+01
-1.646936893463134766e+00 3.650398731231689453e+00 -1.187850952148437500e+01
1.144562053680419922e+01 -6.494496345520019531e+00 -3.419289827346801758e+00
1.334871101379394531e+01 -6.617888450622558594e+00 -1.787774205207824707e+00
1.118380260467529297e+01 -6.438929557800292969e+00 -8.601053357124328613e-01
1.099215507507324219e+01 -6.443607330322265625e+00 -2.632986545562744141e+00
1.435484123229980469e+01 -6.909308433532714844e+00 -5.083441257476806641e+00
1.199587535858154297e+01 -6.551245212554931641e+00 -4.026558876037597656e+00
1.269943141937255859e+01 -6.532751083374023438e+00 -5.528933525085449219e+00
1.315781021118164062e+01 -6.829440116882324219e+00 -3.720329284667968750e+00
1.563737010955810547e+01 -6.971896648406982422e+00 -3.657844781875610352e+00
1.606748008728027344e+01 -5.912461280822753906e+00 -4.258332252502441406e+00
1.627301406860351562e+01 -6.408882617950439453e+00 -1.232195258140563965e+00
1.638977813720703125e+01 -5.632764816284179688e+00 -2.135231018066406250e+00
1.461331653594970703e+01 -6.465174674987792969e+00 -1.301217079162597656e-02
1.483746910095214844e+01 -6.876746177673339844e+00 -1.606348395347595215e+00
1.541897010803222656e+01 -6.062080383300781250e+00 8.845194578170776367e-01
1.491462993621826172e+01 -3.730277061462402344e+00 1.734629869461059570e+00
1.520678043365478516e+01 -4.032196998596191406e+00 7.190887331962585449e-01
1.443733310699462891e+01 -3.099731683731079102e+00 8.223630189895629883e-01
1.580251789093017578e+01 -4.869709968566894531e+00 -3.442858695983886719e+00
1.523632049560546875e+01 -3.993460416793823242e+00 -2.685158729553222656e+00
1.524765777587890625e+01 -3.876894712448120117e+00 -1.142478466033935547e+00
1.498440361022949219e+01 -3.557881593704223633e+00 -1.637172341346740723e+00
1.434588909149169922e+01 -2.750278234481811523e+00 -1.030339837074279785e+00
1.380221557617187500e+01 -6.705677509307861328e+00 -6.304498672485351562e+00
1.524055480957031250e+01 -5.913995742797851562e+00 -6.614770889282226562e+00
1.236049938201904297e+01 -6.416693687438964844e+00 -6.715506076812744141e+00
1.289768695831298828e+01 -5.881154537200927734e+00 -7.507881641387939453e+00
1.592234134674072266e+01 -5.810877323150634766e+00 -5.712203025817871094e+00
1.559355926513671875e+01 -5.053846836090087891e+00 -6.009560108184814453e+00
1.501755142211914062e+01 -4.386436939239501953e+00 -5.620149135589599609e+00
1.324121475219726562e+01 -5.484794616699218750e+00 -7.374004840850830078e+00
1.261347579956054688e+01 -4.930959701538085938e+00 -6.683615684509277344e+00
1.347509574890136719e+01 -4.442657470703125000e+00 -6.173951148986816406e+00
1.359669017791748047e+01 -3.350728511810302734e+00 -5.028919696807861328e+00
1.498526096343994141e+01 -3.681701183319091797e+00 -2.926191806793212891e+00
1.489917755126953125e+01 -3.712506771087646484e+00 -4.590597152709960938e+00
1.433156299591064453e+01 -2.873312473297119141e+00 -3.844803810119628906e+00
1.017480564117431641e+01 -5.981694698333740234e+00 -2.783478736877441406e+00
7.000526905059814453e+00 -4.736455917358398438e+00 -2.399578332901000977e+00
7.291204929351806641e+00 -4.805425167083740234e+00 -1.974006533622741699e+00
6.850375652313232422e+00 -4.688901901245117188e+00 -2.959328651428222656e+00
1.049669265747070312e+01 -6.267538547515869141e+00 -2.377875804901123047e+00
9.026900291442871094e+00 -5.505107879638671875e+00 -1.978901505470275879e+00
7.963704586029052734e+00 -5.074490547180175781e+00 -1.610085129737854004e+00
9.607843399047851562e+00 -5.507947444915771484e+00 -3.473612070083618164e+00
9.960753440856933594e+00 -5.519476413726806641e+00 -4.705920696258544922e+00
8.338165283203125000e+00 -4.971661090850830078e+00 -3.993534564971923828e+00
1.355433368682861328e+01 -2.067813873291015625e+00 -1.847958564758300781e-01
1.221970748901367188e+01 -6.986293196678161621e-01 -1.139706134796142578e+00
1.096608161926269531e+01 -5.929131031036376953e+00 -5.542998313903808594e+00
1.102226924896240234e+01 -5.391132831573486328e+00 -6.082861423492431641e+00
9.598233222961425781e+00 -5.049663066864013672e+00 -5.237077713012695312e+00
1.170898342132568359e+01 -4.671109676361083984e+00 -6.235377311706542969e+00
9.179656028747558594e+00 -4.302392959594726562e+00 -6.449305534362792969e+00
1.039804267883300781e+01 -3.519485235214233398e+00 -5.913736343383789062e+00
1.246049594879150391e+01 -3.656606912612915039e+00 -5.524322986602783203e+00
1.064347553253173828e+01 -3.174646854400634766e+00 -5.718767166137695312e+00
1.066450119018554688e+01 -2.248765707015991211e+00 -5.300202846527099609e+00
8.539131164550781250e+00 -3.670294523239135742e+00 -7.052561283111572266e+00
9.048295021057128906e+00 -3.066962480545043945e+00 -6.595834255218505859e+00
8.051456451416015625e+00 -2.023478984832763672e+00 -6.911997318267822266e+00
1.040093135833740234e+01 -1.585996389389038086e+00 -5.149085044860839844e+00
8.253887176513671875e+00 -1.693951606750488281e+00 -6.652821540832519531e+00
8.745612144470214844e+00 -4.689830839633941650e-01 -5.859910488128662109e+00
7.283975601196289062e+00 -1.519151479005813599e-01 -6.924683094024658203e+00
1.323792743682861328e+01 -2.106315374374389648e+00 -4.139770030975341797e+00
1.344365024566650391e+01 -1.601044774055480957e+00 -2.053101301193237305e+00
1.315414810180664062e+01 -1.314089179039001465e+00 -3.230334520339965820e+00
1.237839794158935547e+01 -3.789745271205902100e-01 -2.328494548797607422e+00
1.199921894073486328e+01 -1.083932220935821533e-01 -2.902339458465576172e+00
1.238871479034423828e+01 -1.893414735794067383e+00 -4.430759429931640625e+00
1.118865489959716797e+01 -1.217301487922668457e+00 -4.533571720123291016e+00
1.145840740203857422e+01 -5.645089149475097656e-01 -3.915809631347656250e+00
1.018411064147949219e+01 1.638651013374328613e+00 -1.794991850852966309e+00
9.284017562866210938e+00 2.421466112136840820e+00 -2.924100875854492188e+00
9.328069686889648438e+00 2.326910972595214844e+00 -3.379894733428955078e+00
8.574587821960449219e+00 2.976597785949707031e+00 -2.394746303558349609e+00
1.020235061645507812e+01 -9.003054499626159668e-01 -5.027445793151855469e+00
1.062832832336425781e+01 3.084051012992858887e-01 -4.146767616271972656e+00
8.368772506713867188e+00 1.418912261724472046e-01 -5.865918636322021484e+00
7.020698547363281250e+00 9.973243474960327148e-01 -6.435364723205566406e+00
1.406702995300292969e+01 -2.925746440887451172e+00 2.300103664398193359e+00
1.262501716613769531e+01 -1.908314228057861328e+00 2.635636806488037109e+00
1.135765647888183594e+01 -4.693256914615631104e-01 1.224119901657104492e+00
1.151871585845947266e+01 -3.686293661594390869e-01 1.454290747642517090e-01
1.011065864562988281e+01 1.059961766004562378e-01 2.840648412704467773e+00
8.956985473632812500e+00 1.381228327751159668e+00 2.458385944366455078e+00
9.555546760559082031e+00 1.066760778427124023e+00 1.911218047142028809e+00
7.416443347930908203e+00 2.408771753311157227e+00 2.879698991775512695e+00
7.205113887786865234e+00 2.986168384552001953e+00 1.769612312316894531e+00
9.917195320129394531e+00 1.225535035133361816e+00 2.401199638843536377e-01
1.011774539947509766e+01 1.537840843200683594e+00 -1.087528109550476074e+00
8.020527839660644531e+00 2.824775695800781250e+00 3.742877840995788574e-01
3.352292776107788086e+00 4.276290893554687500e+00 -3.525785803794860840e-01
6.248855113983154297e+00 3.708649396896362305e+00 2.735358774662017822e-01
5.482836246490478516e+00 4.067821979522705078e+00 -2.237053632736206055e+00
3.672518491744995117e+00 4.394401550292968750e+00 -6.927450299263000488e-01
2.850723505020141602e+00 3.829485893249511719e+00 -2.461943387985229492e+00
2.967545032501220703e+00 3.525561809539794922e+00 -3.334833860397338867e+00
-9.866002202033996582e-01 3.794699907302856445e+00 -7.661543488502502441e-01
2.154803037643432617e+00 3.158317089080810547e+00 -4.391698837280273438e+00
1.144469063729047775e-02 4.165587902069091797e+00 -3.144532680511474609e+00
3.098655939102172852e-01 3.716056346893310547e+00 -4.699466228485107422e+00
2.383638858795166016e+00 3.816798448562622070e+00 -2.570495843887329102e+00
5.103499889373779297e+00 -8.678395152091979980e-01 -8.896221160888671875e+00
2.947766065597534180e+00 3.178271055221557617e-01 -9.610720634460449219e+00
5.070822715759277344e+00 5.240331888198852539e-01 -8.120594024658203125e+00
3.649313688278198242e+00 5.755640864372253418e-01 -8.973242759704589844e+00
2.528008460998535156e+00 5.094252228736877441e-01 -9.803786277770996094e+00
1.548935294151306152e+00 1.854908585548400879e+00 -9.914406776428222656e+00
3.329953849315643311e-01 3.154279947280883789e+00 -9.159064292907714844e+00
1.145302057266235352e-01 3.007148981094360352e+00 -1.046020030975341797e+01
5.666791915893554688e+00 2.832402706146240234e+00 -4.864470005035400391e+00
6.172876834869384766e+00 1.906699299812316895e+00 -6.097963809967041016e+00
4.711712360382080078e+00 2.715632438659667969e+00 -5.254979133605957031e+00
4.814148426055908203e+00 2.421377182006835938e+00 -5.974020481109619141e+00
6.620515346527099609e+00 3.789590597152709961e+00 -2.730844497680664062e+00
6.593511104583740234e+00 1.300204515457153320e+00 -6.436129093170166016e+00
5.727732658386230469e+00 1.698167085647583008e+00 -6.616641044616699219e+00
4.875273227691650391e+00 1.810151100158691406e+00 -7.050596714019775391e+00
2.746463775634765625e+00 2.869778871536254883e+00 -5.068341255187988281e+00
2.824849605560302734e+00 2.103682756423950195e+00 -7.364347457885742188e+00
2.035300493240356445e+00 2.341157913208007812e+00 -6.815052509307861328e+00
9.892903268337249756e-02 3.309703350067138672e+00 -6.273176670074462891e+00
2.758007049560546875e-01 2.966829776763916016e+00 -7.760642528533935547e+00
3.058476150035858154e-01 3.037680387496948242e+00 -8.139512062072753906e+00
-3.297287464141845703e+00 3.397345542907714844e+00 -2.584902048110961914e+00
-5.630774021148681641e+00 3.071472644805908203e+00 -7.733397960662841797e+00
-4.805724143981933594e+00 3.488744735717773438e+00 -7.637671947479248047e+00
-4.257100582122802734e+00 3.356508731842041016e+00 -6.674806594848632812e+00
-2.166323184967041016e+00 3.284923076629638672e+00 -2.319900393486022949e-01
-1.888664484024047852e+00 3.752347707748413086e+00 -1.356277823448181152e+00
-1.526490330696105957e+00 4.096826076507568359e+00 -2.471367597579956055e+00
-1.352100253105163574e+00 4.396976470947265625e+00 -3.695653200149536133e+00
-1.180443167686462402e+00 4.406724929809570312e+00 -4.988784313201904297e+00
-4.795106410980224609e+00 4.086006641387939453e+00 -8.508358955383300781e+00
-4.500588417053222656e+00 4.565005302429199219e+00 -9.026999473571777344e+00
-1.979072213172912598e+00 4.467916965484619141e+00 -7.513001441955566406e+00
-3.347290992736816406e+00 4.464326381683349609e+00 -8.333691596984863281e+00
-1.538287401199340820e+00 3.658446311950683594e+00 -1.120129489898681641e+01
-1.225902557373046875e+00 3.513076066970825195e+00 -1.106549453735351562e+01
-3.824123620986938477e+00 4.860869884490966797e+00 -1.070750999450683594e+01
-2.044836044311523438e+00 4.187300682067871094e+00 -9.852630615234375000e+00
-3.091185390949249268e-01 3.485887050628662109e+00 -9.968244552612304688e+00
-2.157349348068237305e+00 4.568159103393554688e+00 -6.122450828552246094e+00
5.336010456085205078e+00 3.512569904327392578e+00 2.369064092636108398e+00
6.103740215301513672e+00 3.457046031951904297e+00 1.787558197975158691e+00
1.968975782394409180e+00 7.102085947990417480e-01 -1.029005908966064453e+01
-5.147470235824584961e-01 2.800243377685546875e+00 -1.161789512634277344e+01
4.439179599285125732e-01 2.530057668685913086e+00 -1.077179908752441406e+01
