1.566514253616333008e+00 -4.930488109588623047e+00 -2.722092628479003906e+00
2.287405014038085938e+00 -4.773770809173583984e+00 -1.940777182579040527e+00
1.522111415863037109e+00 -4.782885074615478516e+00 -2.320244312286376953e+00
-5.069240093231201172e+00 -8.108938217163085938e+00 -7.822273731231689453e+00
-4.999128341674804688e+00 -8.061857223510742188e+00 -1.156790733337402344e+01
-4.184982299804687500e+00 -8.321684837341308594e+00 -9.419530868530273438e+00
-7.270311355590820312e+00 -7.467895030975341797e+00 -7.059413909912109375e+00
-7.774587631225585938e+00 -7.350692749023437500e+00 -7.967597007751464844e+00
-5.692009449005126953e+00 -8.129008293151855469e+00 -9.823669433593750000e+00
-6.220157623291015625e+00 -7.996989250183105469e+00 -9.061715126037597656e+00
-6.480159282684326172e+00 -7.345236301422119141e+00 -1.205463314056396484e+01
-8.411116600036621094e+00 -6.368345737457275391e+00 -1.057687568664550781e+01
-8.333317756652832031e+00 -6.189677238464355469e+00 -1.129502010345458984e+01
-9.640655517578125000e+00 -5.266132831573486328e+00 -8.365153312683105469e+00
-1.005018615722656250e+01 -4.325351238250732422e+00 -8.718281745910644531e+00
-9.585032463073730469e+00 -4.644372463226318359e+00 -1.087017440795898438e+01
-8.220004081726074219e+00 -6.690350055694580078e+00 -5.445845127105712891e+00
-9.066940307617187500e+00 -6.091623306274414062e+00 -4.931173324584960938e+00
-7.968396663665771484e+00 -5.744928836822509766e+00 -3.404735803604125977e+00
-8.496597290039062500e+00 -5.229433059692382812e+00 -2.226020574569702148e+00
-6.958246231079101562e+00 -5.440746784210205078e+00 -3.112336635589599609e+00
-2.590666055679321289e+00 -5.027779579162597656e+00 -1.551993966102600098e+00
-3.371074438095092773e+00 -4.882013320922851562e+00 -5.851680040359497070e-01
-1.436925768852233887e+00 -4.986604690551757812e+00 -2.442296445369720459e-01
-7.377761363983154297e+00 -3.211249351501464844e+00 2.310289382934570312e+00
-5.354009628295898438e+00 -3.512000799179077148e+00 1.277650713920593262e+00
-3.858586549758911133e+00 -5.066136837005615234e+00 -2.138277053833007812e+00
-7.303918361663818359e+00 -4.797730445861816406e+00 -1.626754760742187500e+00
-6.306649208068847656e+00 -5.166066646575927734e+00 -2.787294387817382812e+00
-3.737703800201416016e+00 -4.416264057159423828e+00 1.341315507888793945e-01
-4.767809867858886719e+00 -7.277795314788818359e+00 -5.295600891113281250e+00
-4.544447422027587891e+00 -6.496984958648681641e+00 -4.092357635498046875e+00
-2.279846191406250000e+00 -7.653861045837402344e+00 -6.418749332427978516e+00
-2.883302211761474609e+00 -7.165482044219970703e+00 -5.069650650024414062e+00
-2.213107585906982422e+00 -7.175300598144531250e+00 -5.301649570465087891e+00
-1.354219198226928711e+00 -6.798367023468017578e+00 -5.047311305999755859e+00
-2.777188777923583984e+00 -6.774601936340332031e+00 -4.442634582519531250e+00
-5.267362117767333984e+00 -6.849942207336425781e+00 -4.679436683654785156e+00
-6.154017448425292969e+00 -7.665981769561767578e+00 -6.742066383361816406e+00
-8.704404830932617188e+00 -6.651292800903320312e+00 -6.454675674438476562e+00
-1.413051724433898926e+00 -4.975106716156005859e+00 -1.843092441558837891e+00
-9.306182861328125000e-01 -5.035750389099121094e+00 -2.284545660018920898e+00
-2.238031625747680664e+00 -5.119360446929931641e+00 -2.029204368591308594e+00
-3.450469672679901123e-01 -5.078019618988037109e+00 -1.208096742630004883e+00
6.388149857521057129e-01 -4.608158588409423828e+00 -1.609951138496398926e+00
-8.112552762031555176e-01 -5.397227287292480469e+00 -3.027403116226196289e+00
-4.495413973927497864e-03 -5.497009754180908203e+00 -3.350260972976684570e+00
6.131320595741271973e-01 -4.759484291076660156e+00 -2.134793281555175781e+00
-9.516417503356933594e+00 -4.814127445220947266e+00 -2.044691562652587891e+00
-9.938570022583007812e+00 -4.890167713165283203e+00 -4.681094169616699219e+00
-9.352295875549316406e+00 -5.581725597381591797e+00 -3.831594944000244141e+00
-1.019476604461669922e+01 -3.759063005447387695e+00 -3.289158105850219727e+00
-1.031716632843017578e+01 -3.583635091781616211e+00 -4.717080593109130859e+00
-9.119310379028320312e+00 -4.087505817413330078e+00 3.088409006595611572e-01
-9.781446456909179688e+00 -4.174443244934082031e+00 -1.407899379730224609e+00
-9.820895195007324219e+00 -3.232114076614379883e+00 -2.804603874683380127e-01
-9.598648071289062500e+00 -2.928170442581176758e+00 9.027156829833984375e-01
-9.111555099487304688e+00 -2.721624612808227539e+00 2.167513608932495117e+00
-9.278634071350097656e+00 -1.629882693290710449e+00 1.268958210945129395e+00
-1.017249870300292969e+01 -2.695333719253540039e+00 -2.524008035659790039e+00
-1.009680175781250000e+01 -1.608770251274108887e+00 -2.653460979461669922e+00
-9.463994979858398438e+00 -1.293707132339477539e+00 -8.886255025863647461e-01
-7.936322212219238281e+00 -4.183252453804016113e-01 -6.472982168197631836e-01
-1.006115531921386719e+01 -4.632881164550781250e+00 -5.545991897583007812e+00
-1.034446907043457031e+01 -3.649736404418945312e+00 -5.426027297973632812e+00
-1.053191089630126953e+01 -2.256038665771484375e+00 -5.303733825683593750e+00
-1.058888435363769531e+01 -2.095985889434814453e+00 -5.874063014984130859e+00
-1.008252048492431641e+01 -6.559622883796691895e-01 -5.355394840240478516e+00
-1.058777713775634766e+01 -2.842196702957153320e+00 -7.963324546813964844e+00
-1.070961475372314453e+01 -1.946661949157714844e+00 -8.888132095336914062e+00
-1.059963703155517578e+01 -8.095255494117736816e-01 -8.519746780395507812e+00
-9.950599670410156250e+00 -3.289395570755004883e-01 -6.708402156829833984e+00
-8.382807731628417969e+00 -2.018726319074630737e-01 -2.254021406173706055e+00
-6.928726196289062500e+00 1.703713178634643555e+00 -3.686569452285766602e+00
-9.015978813171386719e+00 3.869361281394958496e-01 -6.205190658569335938e+00
-7.576643943786621094e+00 1.441530823707580566e+00 -4.990403175354003906e+00
1.340062332153320312e+01 -4.701369762420654297e+00 4.072390556335449219e+00
1.359621524810791016e+01 -6.087164402008056641e+00 6.658622622489929199e-01
1.310106754302978516e+01 -5.802583217620849609e+00 1.308975696563720703e+00
1.499951553344726562e+01 -5.643085002899169922e+00 1.770862221717834473e+00
1.492421340942382812e+01 -4.579061985015869141e+00 2.763889789581298828e+00
1.204452323913574219e+01 -5.338952064514160156e+00 2.536602258682250977e+00
4.511312484741210938e+00 -9.387794137001037598e-01 4.784594058990478516e+00
5.437964439392089844e+00 -4.625953435897827148e-01 5.825724124908447266e+00
6.671841144561767578e+00 -4.846297740936279297e+00 -1.712934017181396484e+00
8.931417465209960938e+00 -6.265563964843750000e+00 -1.284165382385253906e+00
8.145732879638671875e+00 -6.175342559814453125e+00 -1.125169038772583008e+00
7.469982624053955078e+00 -6.245143890380859375e+00 -5.346182584762573242e-01
2.560180187225341797e+00 -5.415133953094482422e+00 3.939451873302459717e-01
4.311743736267089844e+00 -4.694829940795898438e+00 -1.536930680274963379e+00
5.186284542083740234e+00 -5.093818187713623047e+00 -1.215405941009521484e+00
2.318124294281005859e+00 -4.281196117401123047e+00 -1.282221436500549316e+00
4.130210876464843750e+00 -4.728426933288574219e+00 -1.314459443092346191e+00
5.121062755584716797e+00 -5.556630611419677734e+00 1.875049918889999390e-01
5.823905944824218750e+00 -5.974813461303710938e+00 -6.463503837585449219e-01
3.108707666397094727e+00 -5.484656333923339844e+00 -6.112107634544372559e-01
9.493194580078125000e+00 -5.032868862152099609e+00 2.973240852355957031e+00
1.018399143218994141e+01 -4.293876647949218750e+00 4.599819660186767578e+00
1.004267978668212891e+01 -4.629066467285156250e+00 4.094898700714111328e+00
8.873140335083007812e+00 -3.628118753433227539e+00 5.058605194091796875e+00
8.959708213806152344e+00 -4.848975181579589844e+00 3.072265148162841797e+00
9.042276382446289062e+00 -5.857551097869873047e+00 1.380849480628967285e+00
8.695709228515625000e+00 -6.075123310089111328e+00 9.059172272682189941e-01
5.582442283630371094e+00 -1.105162858963012695e+00 3.855550050735473633e+00
6.181675434112548828e+00 -3.625084877014160156e+00 2.341818094253540039e+00
5.603749275207519531e+00 -3.931900262832641602e+00 1.837901711463928223e+00
4.541181564331054688e+00 -1.835536599159240723e+00 3.010160923004150391e+00
4.662954330444335938e+00 -1.359112739562988281e+00 3.610518217086791992e+00
6.941275119781494141e+00 -2.262292861938476562e+00 4.165638923645019531e+00
6.818097114562988281e+00 -1.582785844802856445e+00 5.276367664337158203e+00
6.553459167480468750e+00 -5.435209274291992188e+00 9.036884307861328125e-01
1.238375377655029297e+01 -3.349928855895996094e+00 5.330142021179199219e+00
1.413196849822998047e+01 -3.765620470046997070e+00 4.070151805877685547e+00
1.303381252288818359e+01 -2.499723196029663086e+00 4.394979476928710938e+00
1.381785202026367188e+01 -2.653584003448486328e+00 2.812095642089843750e+00
8.074317932128906250e+00 -2.388137102127075195e+00 6.390175342559814453e+00
7.637814998626708984e+00 -1.953683972358703613e+00 6.347954750061035156e+00
4.441092014312744141e+00 -1.304905712604522705e-01 6.654807567596435547e+00
9.967811584472656250e+00 -3.446950435638427734e+00 6.068709850311279297e+00
1.072577571868896484e+01 -2.076934576034545898e+00 5.996520042419433594e+00
1.113124847412109375e+01 -1.640735030174255371e+00 5.006045341491699219e+00
8.945609092712402344e+00 -9.502696990966796875e-01 6.032877922058105469e+00
9.303727149963378906e+00 -6.084675788879394531e-01 5.061071872711181641e+00
1.144067287445068359e+01 -1.517063617706298828e+00 4.089284896850585938e+00
1.168661594390869141e+01 -1.370578885078430176e+00 3.145255088806152344e+00
6.856050968170166016e+00 -9.989857673645019531e-01 6.046887397766113281e+00
8.002516746520996094e+00 -4.806221723556518555e-01 5.945946693420410156e+00
7.220335960388183594e+00 3.841802477836608887e-01 5.431493759155273438e+00
6.467535972595214844e+00 2.193984091281890869e-01 5.801590919494628906e+00
5.853373050689697266e+00 1.424876809120178223e+00 5.548119068145751953e+00
8.263328552246093750e+00 7.143695354461669922e-01 4.203976631164550781e+00
5.914801120758056641e+00 2.625024557113647461e+00 4.218915462493896484e+00
6.287598133087158203e+00 2.620651006698608398e+00 3.685235977172851562e+00
-2.126013278961181641e+00 -2.789369344711303711e+00 3.769716024398803711e+00
-1.517087578773498535e+00 -3.788612365722656250e+00 1.656847119331359863e+00
-1.472941160202026367e+00 -4.640938758850097656e+00 3.839782476425170898e-01
-1.608954668045043945e+00 -2.848584651947021484e+00 3.491023540496826172e+00
-2.335214316844940186e-01 -2.648195981979370117e+00 2.371930837631225586e+00
-5.070022106170654297e+00 -3.477703809738159180e+00 1.469197750091552734e+00
-4.357372283935546875e+00 -3.315557956695556641e+00 2.204076766967773438e+00
-5.802380561828613281e+00 -2.595367670059204102e+00 3.392643451690673828e+00
-5.276849269866943359e+00 -3.016823053359985352e+00 2.536433219909667969e+00
-4.090944290161132812e+00 -2.823874473571777344e+00 3.380181312561035156e+00
-2.754379749298095703e+00 -1.617718935012817383e+00 4.876191139221191406e+00
-5.650691509246826172e+00 -1.266780018806457520e+00 4.707672595977783203e+00
-5.347061634063720703e+00 -7.363698482513427734e-01 4.908009529113769531e+00
2.585199832916259766e+00 -1.629887819290161133e+00 3.612057685852050781e+00
1.401544094085693359e+00 -8.456613421440124512e-01 4.114387512207031250e+00
-4.677239805459976196e-02 -1.174696087837219238e+00 3.655992507934570312e+00
1.118774890899658203e+00 -2.781397700309753418e-01 4.650630474090576172e+00
2.614316225051879883e+00 -9.108606576919555664e-01 5.215993404388427734e+00
3.667043209075927734e+00 -3.668747544288635254e-01 6.533191204071044922e+00
1.162407875061035156e+00 8.187257051467895508e-01 5.354490756988525391e+00
-3.220947027206420898e+00 -1.389391422271728516e+00 5.006746292114257812e+00
-4.239934921264648438e+00 3.002632856369018555e-01 5.007021903991699219e+00
-2.741766214370727539e+00 5.635998249053955078e-01 5.124987125396728516e+00
-1.156338572502136230e+00 1.601606011390686035e+00 4.381107330322265625e+00
-3.884624958038330078e+00 1.019811868667602539e+00 4.044203281402587891e+00
-3.822874069213867188e+00 1.424277901649475098e+00 2.886763095855712891e+00
-1.735021322965621948e-01 -5.089499950408935547e+00 -9.027399122714996338e-02
3.031344413757324219e-01 -4.947362899780273438e+00 -1.262272894382476807e-01
8.233773708343505859e-01 -4.955497741699218750e+00 2.161067724227905273e-02
1.657522916793823242e+00 -3.783083677291870117e+00 1.405264258384704590e+00
1.489088058471679688e+00 -4.988858699798583984e+00 5.728158950805664062e-01
1.633006215095520020e+00 -3.756377458572387695e+00 -1.376282691955566406e+00
1.908719539642333984e+00 -2.590628147125244141e+00 2.330528020858764648e+00
2.361041545867919922e+00 1.646683335304260254e+00 5.510323524475097656e+00
2.929370403289794922e+00 2.664522409439086914e+00 4.219092845916748047e+00
2.631861209869384766e+00 3.023043632507324219e+00 2.999958992004394531e+00
-8.560991883277893066e-01 2.481868982315063477e+00 2.608725547790527344e+00
-6.444301009178161621e-01 1.925962090492248535e+00 4.138439655303955078e+00
5.896953940391540527e-01 2.562440872192382812e+00 3.226525545120239258e+00
-1.729207158088684082e+00 3.175246953964233398e+00 1.068999394774436951e-01
-7.583653450012207031e+00 -2.459058284759521484e+00 3.554076910018920898e+00
-7.326058864593505859e+00 -1.424150586128234863e+00 4.216845989227294922e+00
-7.959009647369384766e+00 -8.137816786766052246e-01 2.906267881393432617e+00
-6.809309959411621094e+00 -1.160551309585571289e+00 4.462857246398925781e+00
-7.014309883117675781e+00 -3.682403564453125000e-01 3.059360980987548828e+00
-6.419089317321777344e+00 1.883584558963775635e-01 1.419689178466796875e+00
-6.217984676361083984e+00 1.398853361606597900e-01 2.390467882156372070e+00
-6.924142360687255859e+00 2.271583974361419678e-01 -8.151240348815917969e-01
-3.745387554168701172e+00 1.651905775070190430e+00 1.845184683799743652e+00
-5.362527370452880859e+00 2.017630577087402344e+00 -1.993286132812500000e+00
-3.647341489791870117e+00 3.033415794372558594e+00 -1.670026302337646484e+00
3.506673097610473633e+00 9.296190738677978516e-01 6.372801303863525391e+00
3.065270423889160156e+00 2.023063182830810547e+00 5.345474243164062500e+00
3.942350387573242188e+00 2.524323940277099609e+00 4.819327831268310547e+00
4.621548175811767578e+00 3.043980598449707031e+00 3.783920764923095703e+00
3.912257671356201172e+00 3.347276926040649414e+00 2.953278541564941406e+00
7.772281646728515625e+00 -4.911258220672607422e+00 -3.998445272445678711e+00
2.382316112518310547e+00 -5.072415351867675781e+00 -3.062846422195434570e+00
5.508522987365722656e+00 -4.737345695495605469e+00 -2.552533388137817383e+00
6.334079742431640625e+00 -4.693040847778320312e+00 -3.001776695251464844e+00
3.041117191314697266e+00 -5.009538173675537109e+00 -2.949720382690429688e+00
2.093723535537719727e+00 -5.930554389953613281e+00 -5.257482051849365234e+00
2.628934383392333984e+00 -5.808488845825195312e+00 -6.258666038513183594e+00
3.893463134765625000e+00 -5.142275810241699219e+00 -5.605828285217285156e+00
5.931777954101562500e+00 -4.823421478271484375e+00 -3.751970291137695312e+00
7.168847084045410156e+00 -4.969858169555664062e+00 -4.098718166351318359e+00
2.444014549255371094e+00 -5.622080802917480469e+00 -8.462156295776367188e+00
8.324526786804199219e+00 -4.982885837554931641e+00 -6.044552326202392578e+00
3.301600933074951172e+00 -5.332867145538330078e+00 -7.121829509735107422e+00
3.713377237319946289e+00 -4.723933696746826172e+00 -7.904541492462158203e+00
6.293315887451171875e+00 -5.079064846038818359e+00 -5.396662235260009766e+00
7.409862995147705078e+00 -4.936869144439697266e+00 -6.355224609375000000e+00
5.878286361694335938e+00 -4.181555271148681641e+00 -7.265947818756103516e+00
7.532348155975341797e+00 -4.033761024475097656e+00 -7.390701293945312500e+00
5.587444305419921875e+00 -3.865540504455566406e+00 -7.637346744537353516e+00
5.157180309295654297e+00 -2.838598966598510742e+00 -8.647352218627929688e+00
5.231866836547851562e+00 -2.077814817428588867e+00 -8.897403717041015625e+00
-3.349138259887695312e+00 -7.971491336822509766e+00 -1.205637931823730469e+01
-3.130938768386840820e+00 -8.216224670410156250e+00 -1.051707649230957031e+01
-3.960949182510375977e+00 -7.543964862823486328e+00 -1.315936374664306641e+01
-1.581564545631408691e+00 -6.563454627990722656e+00 -1.324239540100097656e+01
-3.556184768676757812e+00 -6.334597110748291016e+00 -1.446029090881347656e+01
-3.374241828918457031e+00 -5.281040668487548828e+00 -1.519319725036621094e+01
-6.629831790924072266e+00 -6.537819385528564453e+00 -1.317222976684570312e+01
-7.070893287658691406e+00 -6.213686943054199219e+00 -1.319091987609863281e+01
-7.756968021392822266e+00 -5.234071731567382812e+00 -1.367839622497558594e+01
-5.718818664550781250e+00 -7.132208824157714844e+00 -1.307832908630371094e+01
-8.471842765808105469e+00 -5.365629196166992188e+00 -1.256583786010742188e+01
-7.362637519836425781e+00 -4.566499710083007812e+00 -1.457636547088623047e+01
-4.150026798248291016e+00 -5.535290241241455078e+00 -1.502986526489257812e+01
-5.994527816772460938e+00 -4.383020401000976562e+00 -1.525981521606445312e+01
-2.710988044738769531e+00 -5.387983798980712891e+00 -1.501406192779541016e+01
-2.176552534103393555e+00 -4.295953273773193359e+00 -1.537015056610107422e+01
-3.721406221389770508e+00 -3.716107606887817383e+00 -1.575439739227294922e+01
-2.789402008056640625e+00 -3.187390089035034180e+00 -1.571674346923828125e+01
-4.988598346710205078e+00 -2.649484157562255859e+00 -1.594228553771972656e+01
-3.919199705123901367e+00 -1.503845214843750000e+00 -1.593736934661865234e+01
-9.299833297729492188e+00 -4.442998886108398438e+00 -1.222378063201904297e+01
-8.932871818542480469e+00 -4.001816749572753906e+00 -1.344709110260009766e+01
-9.909525871276855469e+00 -2.863069534301757812e+00 -1.234865856170654297e+01
-1.039943599700927734e+01 -1.437709808349609375e+00 -1.152143955230712891e+01
-8.547506332397460938e+00 -3.348919630050659180e+00 -1.436212921142578125e+01
-7.690742969512939453e+00 -2.966847181320190430e+00 -1.519974613189697266e+01
-9.819396018981933594e+00 -9.232371449470520020e-01 -1.328623390197753906e+01
-9.372011184692382812e+00 -3.249755203723907471e-01 -1.420865631103515625e+01
-8.485304832458496094e+00 -9.502498507499694824e-01 -1.507723426818847656e+01
-7.133646488189697266e+00 1.618415415287017822e-01 -1.577241039276123047e+01
-7.624292373657226562e+00 8.180993795394897461e-01 -1.554039478302001953e+01
-1.520928740501403809e+00 -7.552902698516845703e+00 -6.890708923339843750e+00
-4.207059442996978760e-01 -7.155554294586181641e+00 -8.633347511291503906e+00
7.538963854312896729e-02 -6.566010475158691406e+00 -5.593701839447021484e+00
6.197603344917297363e-01 -6.683818340301513672e+00 -6.760325908660888672e+00
-2.400061637163162231e-01 -6.930433750152587891e+00 -9.612017631530761719e+00
-5.075151100754737854e-02 -5.895337581634521484e+00 -1.240253067016601562e+01
1.354664325714111328e+00 -6.388457298278808594e+00 -6.424260616302490234e+00
2.022360563278198242e+00 -5.952192306518554688e+00 -8.194586753845214844e+00
-7.604012489318847656e-01 -5.087525844573974609e+00 -1.430414295196533203e+01
1.024504542350769043e+00 -4.963194847106933594e+00 -1.243860244750976562e+01
-1.230168700218200684e+00 -3.740408897399902344e+00 -1.520319747924804688e+01
-1.922444254159927368e-01 -3.007794618606567383e+00 -1.485985565185546875e+01
1.960875868797302246e+00 -5.054104804992675781e+00 -1.069973468780517578e+01
-1.087600588798522949e+00 -2.405888557434082031e+00 -1.528227901458740234e+01
-1.306875586509704590e+00 -1.697788834571838379e+00 -1.534162902832031250e+01
2.141976594924926758e+00 -3.536056041717529297e+00 -1.149376583099365234e+01
8.837566375732421875e-01 -1.870499730110168457e+00 -1.348713397979736328e+01
7.971732020378112793e-01 -1.144523739814758301e+00 -1.333453655242919922e+01
-2.605201959609985352e+00 -1.779114365577697754e+00 -1.570051097869873047e+01
-2.674340963363647461e+00 -8.095096349716186523e-01 -1.564366531372070312e+01
-5.082745552062988281e+00 4.553648531436920166e-01 -1.589103794097900391e+01
-2.884925127029418945e+00 1.008314371109008789e+00 -1.536825466156005859e+01
-2.162742614746093750e+00 1.175508379936218262e+00 -1.512602519989013672e+01
-4.959611892700195312e-01 1.150670409202575684e+00 -1.389199256896972656e+01
-2.880236864089965820e+00 2.080698728561401367e+00 -1.503646469116210938e+01
-2.463432312011718750e+00 2.789561986923217773e+00 -1.464906215667724609e+01
2.704592943191528320e+00 -3.967442035675048828e+00 -1.034003829956054688e+01
3.520962953567504883e+00 -2.608335733413696289e+00 -1.011528491973876953e+01
3.013112306594848633e+00 -1.845978140830993652e+00 -1.085492420196533203e+01
9.657183885574340820e-01 -2.800324559211730957e-01 -1.281554603576660156e+01
1.484781026840209961e+00 8.671285584568977356e-03 -1.211326980590820312e+01
2.350628137588500977e+00 -2.157551050186157227e-01 -1.122983551025390625e+01
1.083000183105468750e+00 4.190368354320526123e-01 -1.233909988403320312e+01
-1.051116085052490234e+01 -9.652791619300842285e-01 -1.099498176574707031e+01
-9.963615417480468750e+00 6.887620687484741211e-01 -1.292597866058349609e+01
-1.030080699920654297e+01 -1.409698277711868286e-02 -1.048944854736328125e+01
-1.007047939300537109e+01 -1.196061596274375916e-01 -9.027118682861328125e+00
-9.723404884338378906e+00 5.462201237678527832e-01 -1.003044033050537109e+01
-9.961060523986816406e+00 9.262475371360778809e-01 -1.155487155914306641e+01
-9.428315162658691406e+00 2.036703348159790039e+00 -1.278953266143798828e+01
-8.817530632019042969e+00 1.397677302360534668e+00 -9.346179962158203125e+00
-8.411509513854980469e+00 2.401388406753540039e+00 -1.038019180297851562e+01
-8.197671890258789062e+00 1.157290101051330566e+00 -6.073833465576171875e+00
-7.957179069519042969e+00 1.591083288192749023e+00 -7.156891345977783203e+00
-8.277693748474121094e+00 1.880015254020690918e+00 -8.743174552917480469e+00
-7.893998146057128906e+00 2.550607204437255859e+00 -9.737919807434082031e+00
-6.292537689208984375e+00 2.696891069412231445e+00 -7.683358669281005859e+00
-6.206869125366210938e+00 3.007654666900634766e+00 -8.168354034423828125e+00
-8.631095886230468750e+00 2.207253694534301758e+00 -1.429778194427490234e+01
-8.032014846801757812e+00 2.235708951950073242e+00 -1.473840332031250000e+01
-7.631607055664062500e+00 3.449845790863037109e+00 -1.352109813690185547e+01
-6.648927688598632812e+00 4.268930912017822266e+00 -1.314491176605224609e+01
-6.096303462982177734e+00 1.898090243339538574e+00 -1.548175811767578125e+01
-5.840579032897949219e+00 2.188441038131713867e+00 -1.533382797241210938e+01
-5.165238380432128906e+00 3.971921443939208984e+00 -1.412722110748291016e+01
-4.610618114471435547e+00 3.962869882583618164e+00 -1.425341415405273438e+01
-5.862247467041015625e+00 3.776310443878173828e+00 -1.413314437866210938e+01
-8.267629623413085938e+00 3.288043975830078125e+00 -1.225398921966552734e+01
-6.236692905426025391e+00 4.421098709106445312e+00 -1.238799953460693359e+01
-5.549733161926269531e+00 4.385711193084716797e+00 -1.075179100036621094e+01
-3.384697437286376953e+00 4.236137390136718750e+00 -1.349323368072509766e+01
-3.166485548019409180e+00 4.298337936401367188e+00 -1.287481021881103516e+01
-5.214190483093261719e+00 4.441551685333251953e+00 -1.222580528259277344e+01
-4.463490962982177734e+00 4.639548778533935547e+00 -1.233143806457519531e+01
-3.212830066680908203e+00 4.689332008361816406e+00 -1.144684982299804688e+01
-4.953062534332275391e+00 4.790555477142333984e+00 -1.085348129272460938e+01
-3.790949344635009766e+00 4.896187305450439453e+00 -1.117557811737060547e+01
-6.632600307464599609e+00 3.685387372970581055e+00 -1.050902557373046875e+01
-5.923856258392333984e+00 3.624910593032836914e+00 -9.042176246643066406e+00
3.060935258865356445e+00 -1.851727813482284546e-01 -1.030564212799072266e+01
-1.365691721439361572e-01 1.530728220939636230e+00 -1.288057041168212891e+01
-2.111487627029418945e+00 3.223235130310058594e+00 -1.359862613677978516e+01
9.983946681022644043e-01 8.046599626541137695e-01 -1.169212818145751953e+01
-1.051457166671752930e+00 2.886885643005371094e+00 -1.234155845642089844e+01
-2.710150480270385742e+00 3.848408460617065430e+00 -1.327464866638183594e+01
-1.646511197090148926e+00 3.650085449218750000e+00 -1.187870407104492188e+01
1.145187282562255859e+01 -6.508118629455566406e+00 -3.427363157272338867e+00
1.335325050354003906e+01 -6.636100292205810547e+00 -1.798202633857727051e+00
1.118674850463867188e+01 -6.450459480285644531e+00 -8.625956773757934570e-01
1.099700164794921875e+01 -6.462546825408935547e+00 -2.638574123382568359e+00
1.435981464385986328e+01 -6.921354770660400391e+00 -5.095354557037353516e+00
1.199987697601318359e+01 -6.567711830139160156e+00 -4.036225318908691406e+00
1.270456886291503906e+01 -6.546110630035400391e+00 -5.539518833160400391e+00
1.316360569000244141e+01 -6.844366073608398438e+00 -3.730193614959716797e+00
1.564155292510986328e+01 -6.984224319458007812e+00 -3.670205116271972656e+00
1.607257461547851562e+01 -5.925422668457031250e+00 -4.271543502807617188e+00
1.627834320068359375e+01 -6.421873092651367188e+00 -1.246933341026306152e+00
1.639759063720703125e+01 -5.646213531494140625e+00 -2.151018142700195312e+00
1.461867904663085938e+01 -6.483556270599365234e+00 -2.712021768093109131e-02
1.484233474731445312e+01 -6.890456199645996094e+00 -1.619835972785949707e+00
1.542647647857666016e+01 -6.080634593963623047e+00 8.666275143623352051e-01
1.493640613555908203e+01 -3.752362966537475586e+00 1.709137678146362305e+00
1.521871566772460938e+01 -4.049872398376464844e+00 6.957110762596130371e-01
1.446015930175781250e+01 -3.110434055328369141e+00 7.952319979667663574e-01
1.581209754943847656e+01 -4.879549980163574219e+00 -3.459086418151855469e+00
1.524795722961425781e+01 -4.003220081329345703e+00 -2.703538417816162109e+00
1.525771141052246094e+01 -3.889383316040039062e+00 -1.162075400352478027e+00
1.499328422546386719e+01 -3.569394588470458984e+00 -1.656569004058837891e+00
1.435214042663574219e+01 -2.761249065399169922e+00 -1.050759792327880859e+00
1.380716514587402344e+01 -6.718963623046875000e+00 -6.315233230590820312e+00
1.524614620208740234e+01 -5.927141189575195312e+00 -6.626821994781494141e+00
1.236465263366699219e+01 -6.432019710540771484e+00 -6.724740028381347656e+00
1.290094184875488281e+01 -5.896173477172851562e+00 -7.517900943756103516e+00
1.592622852325439453e+01 -5.824334144592285156e+00 -5.726605415344238281e+00
1.560041046142578125e+01 -5.064983844757080078e+00 -6.024658203125000000e+00
1.502432441711425781e+01 -4.395450592041015625e+00 -5.636549472808837891e+00
1.324420928955078125e+01 -5.499562263488769531e+00 -7.385658740997314453e+00
1.261656951904296875e+01 -4.945355415344238281e+00 -6.692700862884521484e+00
1.347923946380615234e+01 -4.454019546508789062e+00 -6.185656547546386719e+00
1.360245513916015625e+01 -3.359634876251220703e+00 -5.042853832244873047e+00
1.499453449249267578e+01 -3.692290782928466797e+00 -2.944257497787475586e+00
1.490747070312500000e+01 -3.721394777297973633e+00 -4.607392311096191406e+00
1.434276103973388672e+01 -2.880156517028808594e+00 -3.861970663070678711e+00
1.018117809295654297e+01 -5.997982025146484375e+00 -2.789192438125610352e+00
7.009372711181640625e+00 -4.762593746185302734e+00 -2.410054206848144531e+00
7.300320625305175781e+00 -4.835150718688964844e+00 -1.987367868423461914e+00
6.857695102691650391e+00 -4.703473091125488281e+00 -2.966449260711669922e+00
1.050295162200927734e+01 -6.288742065429687500e+00 -2.382114410400390625e+00
9.032774925231933594e+00 -5.527649879455566406e+00 -1.988216757774353027e+00
7.972137928009033203e+00 -5.096485614776611328e+00 -1.620704531669616699e+00
9.612168312072753906e+00 -5.524132728576660156e+00 -3.482187986373901367e+00
9.964973449707031250e+00 -5.535371780395507812e+00 -4.714682102203369141e+00
8.343238830566406250e+00 -4.985843658447265625e+00 -4.001327514648437500e+00
1.356462478637695312e+01 -2.074239253997802734e+00 -2.034963071346282959e-01
1.223437595367431641e+01 -6.997063755989074707e-01 -1.163152933120727539e+00
1.097167205810546875e+01 -5.943148136138916016e+00 -5.552077293395996094e+00
1.102661514282226562e+01 -5.406882286071777344e+00 -6.091484546661376953e+00
9.602158546447753906e+00 -5.063029766082763672e+00 -5.244536399841308594e+00
1.171115016937255859e+01 -4.685120105743408203e+00 -6.243815898895263672e+00
9.182237625122070312e+00 -4.309752941131591797e+00 -6.454453468322753906e+00
1.040009593963623047e+01 -3.528543472290039062e+00 -5.918848514556884766e+00
1.246454143524169922e+01 -3.667423009872436523e+00 -5.534740924835205078e+00
1.064591407775878906e+01 -3.183237075805664062e+00 -5.725407123565673828e+00
1.066625308990478516e+01 -2.256270647048950195e+00 -5.307417392730712891e+00
8.541339874267578125e+00 -3.675769567489624023e+00 -7.058776855468750000e+00
9.050078392028808594e+00 -3.073183536529541016e+00 -6.600097179412841797e+00
8.051736831665039062e+00 -2.026772260665893555e+00 -6.913192749023437500e+00
1.040076923370361328e+01 -1.593038558959960938e+00 -5.154156684875488281e+00
8.252940177917480469e+00 -1.698249816894531250e+00 -6.653759479522705078e+00
8.743133544921875000e+00 -4.739196300506591797e-01 -5.859858512878417969e+00
7.283607959747314453e+00 -1.529872119426727295e-01 -6.924930572509765625e+00
1.324441814422607422e+01 -2.113935232162475586e+00 -4.154663562774658203e+00
1.345477485656738281e+01 -1.606222391128540039e+00 -2.070968389511108398e+00
1.315754127502441406e+01 -1.323214411735534668e+00 -3.245880365371704102e+00
1.238724517822265625e+01 -3.816159367561340332e-01 -2.345325231552124023e+00
1.200459575653076172e+01 -1.122395768761634827e-01 -2.914731740951538086e+00
1.239119434356689453e+01 -1.902107834815979004e+00 -4.440076351165771484e+00
1.118999862670898438e+01 -1.224604368209838867e+00 -4.542453765869140625e+00
1.146056842803955078e+01 -5.709923505783081055e-01 -3.925497531890869141e+00
1.019096469879150391e+01 1.641359567642211914e+00 -1.804181575775146484e+00
9.288828849792480469e+00 2.423181772232055664e+00 -2.932075500488281250e+00
9.329359054565429688e+00 2.324327230453491211e+00 -3.383748292922973633e+00
8.577842712402343750e+00 2.980829954147338867e+00 -2.397873401641845703e+00
1.020062637329101562e+01 -9.068939089775085449e-01 -5.029712200164794922e+00
1.062803554534912109e+01 3.018679916858673096e-01 -4.151397705078125000e+00
8.367445945739746094e+00 1.383569538593292236e-01 -5.866084098815917969e+00
7.020512580871582031e+00 9.961221218109130859e-01 -6.434838294982910156e+00
1.410769844055175781e+01 -2.931703329086303711e+00 2.265323162078857422e+00
1.266566848754882812e+01 -1.911250829696655273e+00 2.601625680923461914e+00
1.139860153198242188e+01 -4.501074552536010742e-01 1.191752076148986816e+00
1.154898452758789062e+01 -3.593676090240478516e-01 1.229271739721298218e-01
1.015172004699707031e+01 1.098491698503494263e-01 2.807717323303222656e+00
8.996380805969238281e+00 1.400038003921508789e+00 2.434478521347045898e+00
9.596744537353515625e+00 1.085516691207885742e+00 1.884755969047546387e+00
7.448617935180664062e+00 2.406795740127563477e+00 2.859835863113403320e+00
7.225132465362548828e+00 2.990538358688354492e+00 1.759574890136718750e+00
9.945433616638183594e+00 1.239337801933288574e+00 2.201934307813644409e-01
1.014048385620117188e+01 1.549948215484619141e+00 -1.105409145355224609e+00
8.038197517395019531e+00 2.835895061492919922e+00 3.680910170078277588e-01
3.352792978286743164e+00 4.280145645141601562e+00 -3.522449135780334473e-01
6.256827354431152344e+00 3.713687181472778320e+00 2.710032463073730469e-01
5.485002517700195312e+00 4.071266174316406250e+00 -2.236929416656494141e+00
3.674087047576904297e+00 4.400540828704833984e+00 -6.923038959503173828e-01
2.851790189743041992e+00 3.835101366043090820e+00 -2.462600469589233398e+00
2.966826438903808594e+00 3.530176162719726562e+00 -3.334995031356811523e+00
-9.876056909561157227e-01 3.796432971954345703e+00 -7.657753229141235352e-01
2.156008958816528320e+00 3.162283182144165039e+00 -4.390748023986816406e+00
1.191942580044269562e-02 4.170183658599853516e+00 -3.143809795379638672e+00
3.088363707065582275e-01 3.716743946075439453e+00 -4.699056625366210938e+00
2.384188652038574219e+00 3.822406768798828125e+00 -2.570400953292846680e+00
5.104667186737060547e+00 -8.664085865020751953e-01 -8.897040367126464844e+00
2.949522495269775391e+00 3.194940090179443359e-01 -9.611370086669921875e+00
5.073528289794921875e+00 5.274259448051452637e-01 -8.123424530029296875e+00
3.651640415191650391e+00 5.788146853446960449e-01 -8.975284576416015625e+00
2.528829097747802734e+00 5.101403594017028809e-01 -9.803874969482421875e+00
1.549612283706665039e+00 1.855495572090148926e+00 -9.914338111877441406e+00
3.336047232151031494e-01 3.155190467834472656e+00 -9.159492492675781250e+00
1.147455722093582153e-01 3.006989955902099609e+00 -1.046019077301025391e+01
5.669406414031982422e+00 2.836425781250000000e+00 -4.866690158843994141e+00
6.179966449737548828e+00 1.916224122047424316e+00 -6.105173587799072266e+00
4.713755607604980469e+00 2.719244003295898438e+00 -5.256211280822753906e+00
4.816192626953125000e+00 2.425926446914672852e+00 -5.974600791931152344e+00
6.621157646179199219e+00 3.790284156799316406e+00 -2.731804847717285156e+00
6.596463680267333984e+00 1.304007649421691895e+00 -6.438524723052978516e+00
5.732024192810058594e+00 1.703995704650878906e+00 -6.621817111968994141e+00
4.880027294158935547e+00 1.818126797676086426e+00 -7.054303169250488281e+00
2.747948169708251953e+00 2.873212337493896484e+00 -5.069454669952392578e+00
2.826676845550537109e+00 2.106888532638549805e+00 -7.365613460540771484e+00
2.036991834640502930e+00 2.344579696655273438e+00 -6.815735340118408203e+00
9.897050261497497559e-02 3.311003446578979492e+00 -6.272262096405029297e+00
2.759152948856353760e-01 2.968526840209960938e+00 -7.759960174560546875e+00
3.064959049224853516e-01 3.039352178573608398e+00 -8.139528274536132812e+00
-3.297149896621704102e+00 3.398382186889648438e+00 -2.585382699966430664e+00
-5.628364562988281250e+00 3.066461563110351562e+00 -7.736108779907226562e+00
-4.805966854095458984e+00 3.489132642745971680e+00 -7.638113975524902344e+00
-4.258311748504638672e+00 3.357490301132202148e+00 -6.674741744995117188e+00
-2.167157888412475586e+00 3.285591602325439453e+00 -2.323464304208755493e-01
-1.889654040336608887e+00 3.753794431686401367e+00 -1.355516672134399414e+00
-1.527399778366088867e+00 4.101069450378417969e+00 -2.469372034072875977e+00
-1.352161169052124023e+00 4.399261474609375000e+00 -3.694163560867309570e+00
-1.180685281753540039e+00 4.408451557159423828e+00 -4.988114356994628906e+00
-4.796283245086669922e+00 4.084772586822509766e+00 -8.508450508117675781e+00
-4.501570701599121094e+00 4.562685012817382812e+00 -9.027535438537597656e+00
-1.979294061660766602e+00 4.468780517578125000e+00 -7.512643337249755859e+00
-3.347593069076538086e+00 4.464957714080810547e+00 -8.333768844604492188e+00
-1.538071274757385254e+00 3.657808542251586914e+00 -1.120117950439453125e+01
-1.225713968276977539e+00 3.512441396713256836e+00 -1.106533908843994141e+01
-3.823927640914916992e+00 4.859100341796875000e+00 -1.070790576934814453e+01
-2.044889926910400391e+00 4.186756610870361328e+00 -9.852559089660644531e+00
-3.090980947017669678e-01 3.485626697540283203e+00 -9.968255043029785156e+00
-2.157717466354370117e+00 4.567071437835693359e+00 -6.121623992919921875e+00
5.346251964569091797e+00 3.500637054443359375e+00 2.360569715499877930e+00
6.116701602935791016e+00 3.456132888793945312e+00 1.780064702033996582e+00
1.969643473625183105e+00 7.108385562896728516e-01 -1.028999900817871094e+01
-5.141525268554687500e-01 2.800002574920654297e+00 -1.161785602569580078e+01
4.444243609905242920e-01 2.530180215835571289e+00 -1.077166938781738281e+01
