1.560390710830688477e+00 -4.935756206512451172e+00 -2.714371681213378906e+00
2.275783777236938477e+00 -4.791709899902343750e+00 -1.921693682670593262e+00
1.514575362205505371e+00 -4.793093204498291016e+00 -2.308521270751953125e+00
-5.069078445434570312e+00 -8.108580589294433594e+00 -7.821983814239501953e+00
-4.999294757843017578e+00 -8.062150955200195312e+00 -1.156775856018066406e+01
-4.185102462768554688e+00 -8.320922851562500000e+00 -9.419391632080078125e+00
-7.271058559417724609e+00 -7.468337059020996094e+00 -7.058371543884277344e+00
-7.775048732757568359e+00 -7.350767135620117188e+00 -7.966709613800048828e+00
-5.692405700683593750e+00 -8.129147529602050781e+00 -9.823530197143554688e+00
-6.220848560333251953e+00 -7.997531890869140625e+00 -9.061211585998535156e+00
-6.480472087860107422e+00 -7.345757484436035156e+00 -1.205421924591064453e+01
-8.410726547241210938e+00 -6.367706775665283203e+00 -1.057595062255859375e+01
-8.333694458007812500e+00 -6.191096305847167969e+00 -1.129419136047363281e+01
-9.643079757690429688e+00 -5.269208431243896484e+00 -8.362212181091308594e+00
-1.005168056488037109e+01 -4.326685428619384766e+00 -8.715018272399902344e+00
-9.588134765625000000e+00 -4.644457817077636719e+00 -1.086712741851806641e+01
-8.219892501831054688e+00 -6.689755916595458984e+00 -5.444844245910644531e+00
-9.067809104919433594e+00 -6.091079711914062500e+00 -4.928871631622314453e+00
-7.969279766082763672e+00 -5.743539810180664062e+00 -3.403480768203735352e+00
-8.498270034790039062e+00 -5.226347446441650391e+00 -2.225672006607055664e+00
-6.959039211273193359e+00 -5.438168048858642578e+00 -3.112252473831176758e+00
-2.594037294387817383e+00 -5.026265144348144531e+00 -1.550693392753601074e+00
-3.374313592910766602e+00 -4.877939701080322266e+00 -5.851236581802368164e-01
-1.440814137458801270e+00 -4.984555244445800781e+00 -2.413519173860549927e-01
-7.377831935882568359e+00 -3.211500644683837891e+00 2.312235355377197266e+00
-5.355417251586914062e+00 -3.511613368988037109e+00 1.278972625732421875e+00
-3.860969305038452148e+00 -5.065564155578613281e+00 -2.138178110122680664e+00
-7.304877758026123047e+00 -4.795269012451171875e+00 -1.626216530799865723e+00
-6.308418273925781250e+00 -5.164226531982421875e+00 -2.787602901458740234e+00
-3.739135503768920898e+00 -4.412725925445556641e+00 1.340886056423187256e-01
-4.768568992614746094e+00 -7.278657913208007812e+00 -5.294235229492187500e+00
-4.546257972717285156e+00 -6.496473789215087891e+00 -4.091141223907470703e+00
-2.280533790588378906e+00 -7.656165122985839844e+00 -6.416523456573486328e+00
-2.885351181030273438e+00 -7.167782783508300781e+00 -5.066627502441406250e+00
-2.214693069458007812e+00 -7.177607059478759766e+00 -5.298550605773925781e+00
-1.356650590896606445e+00 -6.803100109100341797e+00 -5.043490409851074219e+00
-2.780300378799438477e+00 -6.776745796203613281e+00 -4.439412117004394531e+00
-5.268091678619384766e+00 -6.849953174591064453e+00 -4.678417205810546875e+00
-6.154295444488525391e+00 -7.666511535644531250e+00 -6.741512298583984375e+00
-8.704678535461425781e+00 -6.650985240936279297e+00 -6.453766345977783203e+00
-1.417607307434082031e+00 -4.977670669555664062e+00 -1.838168740272521973e+00
-9.353524446487426758e-01 -5.040815830230712891e+00 -2.278861522674560547e+00
-2.242192506790161133e+00 -5.122533798217773438e+00 -2.024948835372924805e+00
-3.512015044689178467e-01 -5.080084800720214844e+00 -1.201095104217529297e+00
6.338182091712951660e-01 -4.617502689361572266e+00 -1.600261330604553223e+00
-8.151049613952636719e-01 -5.403607845306396484e+00 -3.021317481994628906e+00
-8.316073566675186157e-03 -5.500823497772216797e+00 -3.345904588699340820e+00
6.076256036758422852e-01 -4.765741825103759766e+00 -2.127206563949584961e+00
-9.516366958618164062e+00 -4.813617706298828125e+00 -2.042099952697753906e+00
-9.941473007202148438e+00 -4.891016006469726562e+00 -4.677608489990234375e+00
-9.352623939514160156e+00 -5.580979824066162109e+00 -3.829176425933837891e+00
-1.019685649871826172e+01 -3.759893178939819336e+00 -3.285643100738525391e+00
-1.032361412048339844e+01 -3.587017536163330078e+00 -4.711612224578857422e+00
-9.119778633117675781e+00 -4.086608409881591797e+00 3.104395568370819092e-01
-9.782194137573242188e+00 -4.172997951507568359e+00 -1.405616283416748047e+00
-9.821906089782714844e+00 -3.230660915374755859e+00 -2.770529687404632568e-01
-9.598670959472656250e+00 -2.926409959793090820e+00 9.046995639801025391e-01
-9.111796379089355469e+00 -2.721798658370971680e+00 2.168070077896118164e+00
-9.278733253479003906e+00 -1.629124164581298828e+00 1.271277308464050293e+00
-1.017389583587646484e+01 -2.694337844848632812e+00 -2.522053480148315430e+00
-1.009783077239990234e+01 -1.608277082443237305e+00 -2.651536464691162109e+00
-9.464954376220703125e+00 -1.292655467987060547e+00 -8.865379095077514648e-01
-7.936672687530517578e+00 -4.178850948810577393e-01 -6.461570262908935547e-01
-1.006558513641357422e+01 -4.636023998260498047e+00 -5.543126106262207031e+00
-1.035357856750488281e+01 -3.654189109802246094e+00 -5.420529842376708984e+00
-1.053543949127197266e+01 -2.258112430572509766e+00 -5.299596309661865234e+00
-1.059210014343261719e+01 -2.099569320678710938e+00 -5.870938301086425781e+00
-1.008361244201660156e+01 -6.580509543418884277e-01 -5.353509426116943359e+00
-1.058967304229736328e+01 -2.844697952270507812e+00 -7.961348056793212891e+00
-1.071098423004150391e+01 -1.949024796485900879e+00 -8.887375831604003906e+00
-1.060129165649414062e+01 -8.131140470504760742e-01 -8.517436981201171875e+00
-9.951821327209472656e+00 -3.322681784629821777e-01 -6.705854892730712891e+00
-8.382986068725585938e+00 -2.026493996381759644e-01 -2.253372669219970703e+00
-6.927138328552246094e+00 1.702238559722900391e+00 -3.685523748397827148e+00
-9.017114639282226562e+00 3.844940066337585449e-01 -6.202014923095703125e+00
-7.576946258544921875e+00 1.438337802886962891e+00 -4.986886978149414062e+00
1.334890937805175781e+01 -4.726013660430908203e+00 4.150715827941894531e+00
1.357862949371337891e+01 -6.067925453186035156e+00 6.961746811866760254e-01
1.307966899871826172e+01 -5.818343639373779297e+00 1.346414804458618164e+00
1.496888446807861328e+01 -5.621321201324462891e+00 1.815982341766357422e+00
1.487485885620117188e+01 -4.562652111053466797e+00 2.823709011077880859e+00
1.202097320556640625e+01 -5.357276439666748047e+00 2.573308944702148438e+00
4.467969417572021484e+00 -9.489299058914184570e-01 4.824142456054687500e+00
5.371519088745117188e+00 -4.852162003517150879e-01 5.896416664123535156e+00
6.641504287719726562e+00 -4.864803791046142578e+00 -1.664919972419738770e+00
8.909704208374023438e+00 -6.268781185150146484e+00 -1.253890514373779297e+00
8.118532180786132812e+00 -6.191079616546630859e+00 -1.090202927589416504e+00
7.446100234985351562e+00 -6.266535282135009766e+00 -4.957567751407623291e-01
2.548570394515991211e+00 -5.425068378448486328e+00 4.149524867534637451e-01
4.291224956512451172e+00 -4.728020668029785156e+00 -1.495166778564453125e+00
5.159277915954589844e+00 -5.127418041229248047e+00 -1.162218332290649414e+00
2.308034658432006836e+00 -4.301132202148437500e+00 -1.258561611175537109e+00
4.110728263854980469e+00 -4.760408878326416016e+00 -1.273930311203002930e+00
5.101237297058105469e+00 -5.589727878570556641e+00 2.339280098676681519e-01
5.797327995300292969e+00 -6.004716873168945312e+00 -5.988023877143859863e-01
3.089917898178100586e+00 -5.508340835571289062e+00 -5.758302211761474609e-01
9.473192214965820312e+00 -5.047946929931640625e+00 2.990783929824829102e+00
1.013372898101806641e+01 -4.315756320953369141e+00 4.612538337707519531e+00
1.001225280761718750e+01 -4.645819187164306641e+00 4.111622333526611328e+00
8.824796676635742188e+00 -3.631103277206420898e+00 5.050485610961914062e+00
8.939201354980468750e+00 -4.869097709655761719e+00 3.089926004409790039e+00
9.030388832092285156e+00 -5.868249893188476562e+00 1.397777795791625977e+00
8.681673049926757812e+00 -6.086184024810791016e+00 9.294457435607910156e-01
5.544869422912597656e+00 -1.103338360786437988e+00 3.883902788162231445e+00
6.167400836944580078e+00 -3.623802661895751953e+00 2.354971885681152344e+00
5.592714786529541016e+00 -3.937520503997802734e+00 1.854648351669311523e+00
4.523367404937744141e+00 -1.838705897331237793e+00 3.028275728225708008e+00
4.634702682495117188e+00 -1.365712046623229980e+00 3.635625839233398438e+00
6.919168472290039062e+00 -2.255342721939086914e+00 4.169358730316162109e+00
6.768127441406250000e+00 -1.583969116210937500e+00 5.295107841491699219e+00
6.541467189788818359e+00 -5.442808628082275391e+00 9.280360341072082520e-01
1.230179882049560547e+01 -3.396039485931396484e+00 5.371886730194091797e+00
1.402896404266357422e+01 -3.796693325042724609e+00 4.136761188507080078e+00
1.286561393737792969e+01 -2.608748197555541992e+00 4.540164947509765625e+00
1.369629573822021484e+01 -2.690571069717407227e+00 2.911109447479248047e+00
8.004052162170410156e+00 -2.419035434722900391e+00 6.371150493621826172e+00
7.567979812622070312e+00 -1.992566585540771484e+00 6.343586444854736328e+00
4.368193149566650391e+00 -1.478799879550933838e-01 6.702200889587402344e+00
9.880562782287597656e+00 -3.470107793807983398e+00 6.077732086181640625e+00
1.060377407073974609e+01 -2.115138530731201172e+00 6.022807121276855469e+00
1.091503429412841797e+01 -1.754056811332702637e+00 5.218114376068115234e+00
8.820296287536621094e+00 -1.047680735588073730e+00 6.149460792541503906e+00
9.130434036254882812e+00 -7.094047069549560547e-01 5.264680862426757812e+00
1.122783946990966797e+01 -1.626469373703002930e+00 4.286497592926025391e+00
1.153669738769531250e+01 -1.448025226593017578e+00 3.299408912658691406e+00
6.765974044799804688e+00 -1.034535765647888184e+00 6.123881340026855469e+00
7.881165504455566406e+00 -5.363530516624450684e-01 6.067294597625732422e+00
7.133082389831542969e+00 3.849304914474487305e-01 5.608906745910644531e+00
6.380797386169433594e+00 1.934282779693603516e-01 5.897337436676025391e+00
5.780604362487792969e+00 1.381156682968139648e+00 5.621250152587890625e+00
8.164679527282714844e+00 6.498576998710632324e-01 4.374878883361816406e+00
5.850864410400390625e+00 2.579515933990478516e+00 4.280032634735107422e+00
6.219027042388916016e+00 2.565844774246215820e+00 3.749636411666870117e+00
-2.129899740219116211e+00 -2.785702466964721680e+00 3.773128032684326172e+00
-1.521514296531677246e+00 -3.786121606826782227e+00 1.661183714866638184e+00
-1.476207613945007324e+00 -4.636028766632080078e+00 3.852382600307464600e-01
-1.613767862319946289e+00 -2.844843626022338867e+00 3.495786428451538086e+00
-2.385890334844589233e-01 -2.644386768341064453e+00 2.378139257431030273e+00
-5.071473121643066406e+00 -3.476542234420776367e+00 1.471652746200561523e+00
-4.358666419982910156e+00 -3.313914775848388672e+00 2.205650329589843750e+00
-5.803912639617919922e+00 -2.595743894577026367e+00 3.394705295562744141e+00
-5.278070449829101562e+00 -3.016327381134033203e+00 2.538621902465820312e+00
-4.093480587005615234e+00 -2.822088956832885742e+00 3.383825540542602539e+00
-2.758465766906738281e+00 -1.613850235939025879e+00 4.880315780639648438e+00
-5.653295516967773438e+00 -1.266752243041992188e+00 4.710655212402343750e+00
-5.350798606872558594e+00 -7.361390590667724609e-01 4.912353515625000000e+00
2.560862302780151367e+00 -1.637313842773437500e+00 3.635584354400634766e+00
1.386915683746337891e+00 -8.385516405105590820e-01 4.131134033203125000e+00
-5.207811295986175537e-02 -1.169493675231933594e+00 3.662617683410644531e+00
1.099902391433715820e+00 -2.637099027633666992e-01 4.678094387054443359e+00
2.574051618576049805e+00 -9.123117923736572266e-01 5.248657226562500000e+00
3.612836837768554688e+00 -3.792193531990051270e-01 6.577557086944580078e+00
1.123871564865112305e+00 8.277289271354675293e-01 5.420804500579833984e+00
-3.225288391113281250e+00 -1.386088490486145020e+00 5.013948917388916016e+00
-4.245947837829589844e+00 3.026970326900482178e-01 5.014249801635742188e+00
-2.750694036483764648e+00 5.706120729446411133e-01 5.146340847015380859e+00
-1.173762679100036621e+00 1.635275483131408691e+00 4.425927639007568359e+00
-3.887271165847778320e+00 1.022684812545776367e+00 4.051688671112060547e+00
-3.823061943054199219e+00 1.423061728477478027e+00 2.892482280731201172e+00
-1.793833673000335693e-01 -5.086503505706787109e+00 -8.593574166297912598e-02
2.978340089321136475e-01 -4.945759773254394531e+00 -1.190887615084648132e-01
8.137336373329162598e-01 -4.961248874664306641e+00 3.603890538215637207e-02
1.650145292282104492e+00 -3.782722949981689453e+00 1.415364861488342285e+00
1.479287505149841309e+00 -4.989432334899902344e+00 5.850080251693725586e-01
1.630795359611511230e+00 -3.771697521209716797e+00 -1.361267685890197754e+00
1.898486614227294922e+00 -2.591881513595581055e+00 2.341851949691772461e+00
2.308212280273437500e+00 1.649979114532470703e+00 5.589303016662597656e+00
2.892852544784545898e+00 2.651514530181884766e+00 4.259673595428466797e+00
2.614914894104003906e+00 3.018346548080444336e+00 3.020380496978759766e+00
-8.621040582656860352e-01 2.490051746368408203e+00 2.623178243637084961e+00
-6.660230159759521484e-01 1.970054268836975098e+00 4.190967082977294922e+00
5.743361115455627441e-01 2.579634428024291992e+00 3.254020690917968750e+00
-1.730154037475585938e+00 3.176343679428100586e+00 1.096437722444534302e-01
-7.584487915039062500e+00 -2.459457635879516602e+00 3.555767774581909180e+00
-7.327825546264648438e+00 -1.424964070320129395e+00 4.218772888183593750e+00
-7.960851192474365234e+00 -8.140669465065002441e-01 2.909402370452880859e+00
-6.811225891113281250e+00 -1.160826086997985840e+00 4.463860988616943359e+00
-7.016276359558105469e+00 -3.683074116706848145e-01 3.061361789703369141e+00
-6.419905185699462891e+00 1.882074028253555298e-01 1.420738101005554199e+00
-6.219141483306884766e+00 1.388102173805236816e-01 2.392313718795776367e+00
-6.924343585968017578e+00 2.283502817153930664e-01 -8.144982457160949707e-01
-3.744308471679687500e+00 1.648847699165344238e+00 1.847331523895263672e+00
-5.364517211914062500e+00 2.017975568771362305e+00 -1.988949179649353027e+00
-3.649288415908813477e+00 3.036593914031982422e+00 -1.666847944259643555e+00
3.448849678039550781e+00 9.119549393653869629e-01 6.433614253997802734e+00
3.011720418930053711e+00 2.005926609039306641e+00 5.402120113372802734e+00
3.884998321533203125e+00 2.492544651031494141e+00 4.870404243469238281e+00
4.575488090515136719e+00 3.010324954986572266e+00 3.825336456298828125e+00
3.887279987335205078e+00 3.327595233917236328e+00 2.976834297180175781e+00
7.754553318023681641e+00 -4.909475803375244141e+00 -3.966565370559692383e+00
2.375922441482543945e+00 -5.081440925598144531e+00 -3.052498102188110352e+00
5.490440368652343750e+00 -4.754889011383056641e+00 -2.520291328430175781e+00
6.315248012542724609e+00 -4.701498985290527344e+00 -2.969708204269409180e+00
3.031189441680908203e+00 -5.024640083312988281e+00 -2.932476282119750977e+00
2.089259147644042969e+00 -5.933753013610839844e+00 -5.250963687896728516e+00
2.624393224716186523e+00 -5.809073448181152344e+00 -6.252823352813720703e+00
3.887143373489379883e+00 -5.142270565032958984e+00 -5.597581863403320312e+00
5.918888568878173828e+00 -4.825519084930419922e+00 -3.730922698974609375e+00
7.153299331665039062e+00 -4.969498634338378906e+00 -4.071505546569824219e+00
2.441776275634765625e+00 -5.621534824371337891e+00 -8.458043098449707031e+00
8.310569763183593750e+00 -4.977529525756835938e+00 -6.016796112060546875e+00
3.296983242034912109e+00 -5.331666946411132812e+00 -7.115312099456787109e+00
3.709580421447753906e+00 -4.722968101501464844e+00 -7.898629188537597656e+00
6.283686161041259766e+00 -5.075908660888671875e+00 -5.378487586975097656e+00
7.399078369140625000e+00 -4.932590007781982422e+00 -6.333441257476806641e+00
5.870808124542236328e+00 -4.179671764373779297e+00 -7.251426219940185547e+00
7.523848533630371094e+00 -4.032591819763183594e+00 -7.371994495391845703e+00
5.582883834838867188e+00 -3.864528417587280273e+00 -7.628413677215576172e+00
5.155625820159912109e+00 -2.839681625366210938e+00 -8.643691062927246094e+00
5.231328010559082031e+00 -2.081734895706176758e+00 -8.897103309631347656e+00
-3.349205255508422852e+00 -7.970788478851318359e+00 -1.205591964721679688e+01
-3.130998849868774414e+00 -8.215364456176757812e+00 -1.051677799224853516e+01
-3.961317300796508789e+00 -7.544219493865966797e+00 -1.315921783447265625e+01
-1.581689953804016113e+00 -6.563515663146972656e+00 -1.324223232269287109e+01
-3.556831598281860352e+00 -6.334918975830078125e+00 -1.445988559722900391e+01
-3.375202894210815430e+00 -5.281305313110351562e+00 -1.519235801696777344e+01
-6.631466865539550781e+00 -6.537943363189697266e+00 -1.317149829864501953e+01
-7.072840690612792969e+00 -6.214721202850341797e+00 -1.318930244445800781e+01
-7.759031295776367188e+00 -5.235180854797363281e+00 -1.367593002319335938e+01
-5.719759941101074219e+00 -7.133082866668701172e+00 -1.307807922363281250e+01
-8.475049018859863281e+00 -5.368282318115234375e+00 -1.256452560424804688e+01
-7.364638805389404297e+00 -4.566705226898193359e+00 -1.457396697998046875e+01
-4.151542186737060547e+00 -5.535320758819580078e+00 -1.502867794036865234e+01
-5.996322154998779297e+00 -4.382907390594482422e+00 -1.525682163238525391e+01
-2.711483001708984375e+00 -5.388139247894287109e+00 -1.501369667053222656e+01
-2.177269935607910156e+00 -4.296018600463867188e+00 -1.536947917938232422e+01
-3.723122358322143555e+00 -3.716334819793701172e+00 -1.575254631042480469e+01
-2.790604352951049805e+00 -3.187683582305908203e+00 -1.571574592590332031e+01
-4.990183353424072266e+00 -2.650244712829589844e+00 -1.593999290466308594e+01
-3.921085357666015625e+00 -1.505067467689514160e+00 -1.593530273437500000e+01
-9.302549362182617188e+00 -4.444640159606933594e+00 -1.222169971466064453e+01
-8.935892105102539062e+00 -4.004611968994140625e+00 -1.344635105133056641e+01
-9.912973403930664062e+00 -2.866674423217773438e+00 -1.234712409973144531e+01
-1.040188980102539062e+01 -1.442188858985900879e+00 -1.151989650726318359e+01
-8.550068855285644531e+00 -3.351994991302490234e+00 -1.436049270629882812e+01
-7.692581176757812500e+00 -2.968247652053833008e+00 -1.519831180572509766e+01
-9.822998046875000000e+00 -9.280778765678405762e-01 -1.328373241424560547e+01
-9.375548362731933594e+00 -3.312823176383972168e-01 -1.420477867126464844e+01
-8.487901687622070312e+00 -9.537220001220703125e-01 -1.507399845123291016e+01
-7.136263847351074219e+00 1.585667431354522705e-01 -1.576859188079833984e+01
-7.627782821655273438e+00 8.122836947441101074e-01 -1.553576755523681641e+01
-1.521831512451171875e+00 -7.558321952819824219e+00 -6.887874603271484375e+00
-4.212874472141265869e-01 -7.157793998718261719e+00 -8.631720542907714844e+00
7.279385626316070557e-02 -6.569520473480224609e+00 -5.590088367462158203e+00
6.186951994895935059e-01 -6.686561584472656250e+00 -6.757134914398193359e+00
-2.398146539926528931e-01 -6.931468009948730469e+00 -9.610961914062500000e+00
-5.071801692247390747e-02 -5.895525932312011719e+00 -1.240208911895751953e+01
1.351772785186767578e+00 -6.390805244445800781e+00 -6.419571399688720703e+00
2.020192146301269531e+00 -5.952616691589355469e+00 -8.191141128540039062e+00
-7.604050040245056152e-01 -5.087788105010986328e+00 -1.430387020111083984e+01
1.024455785751342773e+00 -4.963485240936279297e+00 -1.243792343139648438e+01
-1.230454325675964355e+00 -3.740365028381347656e+00 -1.520284366607666016e+01
-1.925591826438903809e-01 -3.007717370986938477e+00 -1.485934829711914062e+01
1.959815859794616699e+00 -5.053836822509765625e+00 -1.069754314422607422e+01
-1.088208794593811035e+00 -2.405892848968505859e+00 -1.528166484832763672e+01
-1.307803750038146973e+00 -1.698270797729492188e+00 -1.534099483489990234e+01
2.141549110412597656e+00 -3.536877632141113281e+00 -1.149283218383789062e+01
8.843433260917663574e-01 -1.870664477348327637e+00 -1.348727416992187500e+01
7.970364093780517578e-01 -1.144681453704833984e+00 -1.333482074737548828e+01
-2.606590986251831055e+00 -1.779588222503662109e+00 -1.569918918609619141e+01
-2.676499605178833008e+00 -8.103441596031188965e-01 -1.564119338989257812e+01
-5.085995674133300781e+00 4.524293243885040283e-01 -1.588789939880371094e+01
-2.887397527694702148e+00 1.006818175315856934e+00 -1.536692237854003906e+01
-2.164957046508789062e+00 1.174640655517578125e+00 -1.512473773956298828e+01
-4.986345767974853516e-01 1.149277567863464355e+00 -1.389047908782958984e+01
-2.882802486419677734e+00 2.079622268676757812e+00 -1.503608989715576172e+01
-2.466703653335571289e+00 2.788040876388549805e+00 -1.464678382873535156e+01
2.703325986862182617e+00 -3.968196392059326172e+00 -1.033801841735839844e+01
3.519423723220825195e+00 -2.611081361770629883e+00 -1.011337566375732422e+01
3.011665105819702148e+00 -1.848690509796142578e+00 -1.085368919372558594e+01
9.636275172233581543e-01 -2.818587422370910645e-01 -1.281387329101562500e+01
1.481597185134887695e+00 5.719969980418682098e-03 -1.211052894592285156e+01
2.347346544265747070e+00 -2.194136232137680054e-01 -1.122716140747070312e+01
1.080245375633239746e+00 4.163347184658050537e-01 -1.233670425415039062e+01
-1.051164340972900391e+01 -9.700078964233398438e-01 -1.099413871765136719e+01
-9.967739105224609375e+00 6.812974214553833008e-01 -1.292223453521728516e+01
-1.030170154571533203e+01 -2.017391845583915710e-02 -1.048785018920898438e+01
-1.007151031494140625e+01 -1.244158968329429626e-01 -9.025177001953125000e+00
-9.725133895874023438e+00 5.382517576217651367e-01 -1.002865695953369141e+01
-9.962749481201171875e+00 9.178344011306762695e-01 -1.155335712432861328e+01
-9.433290481567382812e+00 2.027780055999755859e+00 -1.278532314300537109e+01
-8.822116851806640625e+00 1.393152117729187012e+00 -9.342047691345214844e+00
-8.417438507080078125e+00 2.392261028289794922e+00 -1.037608718872070312e+01
-8.200331687927246094e+00 1.157725214958190918e+00 -6.068127632141113281e+00
-7.963449954986572266e+00 1.592788577079772949e+00 -7.149319171905517578e+00
-8.286786079406738281e+00 1.879098892211914062e+00 -8.735291481018066406e+00
-7.902033329010009766e+00 2.542144060134887695e+00 -9.731843948364257812e+00
-6.299699306488037109e+00 2.695466279983520508e+00 -7.677972316741943359e+00
-6.216575145721435547e+00 3.004098415374755859e+00 -8.160958290100097656e+00
-8.634965896606445312e+00 2.197310686111450195e+00 -1.429242134094238281e+01
-8.036849975585937500e+00 2.227133750915527344e+00 -1.473209571838378906e+01
-7.638958454132080078e+00 3.435736656188964844e+00 -1.351342105865478516e+01
-6.655782222747802734e+00 4.259675502777099609e+00 -1.313860225677490234e+01
-6.101547718048095703e+00 1.891589403152465820e+00 -1.547508049011230469e+01
-5.845485687255859375e+00 2.182224750518798828e+00 -1.532751274108886719e+01
-5.171660900115966797e+00 3.965174913406372070e+00 -1.412293720245361328e+01
-4.616005420684814453e+00 3.958980083465576172e+00 -1.424982357025146484e+01
-5.869196891784667969e+00 3.766403436660766602e+00 -1.412564849853515625e+01
-8.274652481079101562e+00 3.278173923492431641e+00 -1.224823951721191406e+01
-6.243497371673583984e+00 4.409169673919677734e+00 -1.238197422027587891e+01
-5.556639671325683594e+00 4.373530387878417969e+00 -1.074494361877441406e+01
-3.389591455459594727e+00 4.231987476348876953e+00 -1.348859691619873047e+01
-3.171811342239379883e+00 4.293578147888183594e+00 -1.287093162536621094e+01
-5.220746517181396484e+00 4.430129528045654297e+00 -1.222053146362304688e+01
-4.469998836517333984e+00 4.632538318634033203e+00 -1.232704067230224609e+01
-3.218070268630981445e+00 4.684055328369140625e+00 -1.144377517700195312e+01
-4.960126399993896484e+00 4.781307220458984375e+00 -1.084910106658935547e+01
-3.797288656234741211e+00 4.890017986297607422e+00 -1.117201995849609375e+01
-6.639310359954833984e+00 3.672946214675903320e+00 -1.050377178192138672e+01
-5.932574748992919922e+00 3.615453958511352539e+00 -9.035669326782226562e+00
3.055377483367919922e+00 -1.921391785144805908e-01 -1.030148696899414062e+01
-1.395533978939056396e-01 1.527686476707458496e+00 -1.287835693359375000e+01
-2.115006208419799805e+00 3.220436334609985352e+00 -1.359580707550048828e+01
9.943817853927612305e-01 7.999377846717834473e-01 -1.168924045562744141e+01
-1.054755449295043945e+00 2.883285284042358398e+00 -1.233932018280029297e+01
-2.714648723602294922e+00 3.844677209854125977e+00 -1.327100944519042969e+01
-1.650961518287658691e+00 3.645137548446655273e+00 -1.187595176696777344e+01
1.143502330780029297e+01 -6.495980262756347656e+00 -3.399011135101318359e+00
1.333784008026123047e+01 -6.615505695343017578e+00 -1.769329428672790527e+00
1.117642498016357422e+01 -6.445061683654785156e+00 -8.470935821533203125e-01
1.097922039031982422e+01 -6.454890727996826172e+00 -2.613645792007446289e+00
1.434548568725585938e+01 -6.902197360992431641e+00 -5.065324306488037109e+00
1.198432540893554688e+01 -6.549967288970947266e+00 -4.006310462951660156e+00
1.268886089324951172e+01 -6.526704311370849609e+00 -5.508984565734863281e+00
1.314758110046386719e+01 -6.824305057525634766e+00 -3.702297925949096680e+00
1.562760543823242188e+01 -6.963857173919677734e+00 -3.640487432479858398e+00
1.605842399597167969e+01 -5.904269218444824219e+00 -4.238758563995361328e+00
1.626392745971679688e+01 -6.399740695953369141e+00 -1.216848492622375488e+00
1.638473320007324219e+01 -5.624209403991699219e+00 -2.117979764938354492e+00
1.460340499877929688e+01 -6.456854343414306641e+00 3.957234323024749756e-03
1.482640171051025391e+01 -6.867926597595214844e+00 -1.589839935302734375e+00
1.540617656707763672e+01 -6.053367614746093750e+00 9.036053419113159180e-01
1.489183998107910156e+01 -3.734230756759643555e+00 1.768758535385131836e+00
1.519609069824218750e+01 -4.024731159210205078e+00 7.474433183670043945e-01
1.442129135131835938e+01 -3.098598003387451172e+00 8.631095290184020996e-01
1.579784488677978516e+01 -4.858938217163085938e+00 -3.423354625701904297e+00
1.523992347717285156e+01 -3.979629039764404297e+00 -2.663637161254882812e+00
1.524779605865478516e+01 -3.866047382354736328e+00 -1.120166301727294922e+00
1.498656177520751953e+01 -3.545550584793090820e+00 -1.613364338874816895e+00
1.434308052062988281e+01 -2.744837284088134766e+00 -1.002411484718322754e+00
1.379189395904541016e+01 -6.698480129241943359e+00 -6.284204483032226562e+00
1.523133087158203125e+01 -5.907082080841064453e+00 -6.595230102539062500e+00
1.234902667999267578e+01 -6.413101673126220703e+00 -6.693077564239501953e+00
1.288560009002685547e+01 -5.875464439392089844e+00 -7.485899925231933594e+00
1.591349506378173828e+01 -5.804305553436279297e+00 -5.694742202758789062e+00
1.558645534515380859e+01 -5.046176433563232422e+00 -5.991136074066162109e+00
1.501250648498535156e+01 -4.377493381500244141e+00 -5.602060794830322266e+00
1.322896957397460938e+01 -5.480448722839355469e+00 -7.352093219757080078e+00
1.260064792633056641e+01 -4.929685592651367188e+00 -6.658989429473876953e+00
1.346567440032958984e+01 -4.440235137939453125e+00 -6.149712562561035156e+00
1.358901214599609375e+01 -3.348899126052856445e+00 -5.004782199859619141e+00
1.498587894439697266e+01 -3.671186923980712891e+00 -2.903370618820190430e+00
1.489664936065673828e+01 -3.703811168670654297e+00 -4.571450710296630859e+00
1.433390426635742188e+01 -2.865832328796386719e+00 -3.825168609619140625e+00
1.015868663787841797e+01 -5.992126464843750000e+00 -2.758352994918823242e+00
6.983811378479003906e+00 -4.774086475372314453e+00 -2.368858337402343750e+00
7.267933368682861328e+00 -4.848033428192138672e+00 -1.941810965538024902e+00
6.837176322937011719e+00 -4.707139492034912109e+00 -2.932170391082763672e+00
1.048263645172119141e+01 -6.283562183380126953e+00 -2.355788469314575195e+00
9.005719184875488281e+00 -5.528042316436767578e+00 -1.949906706809997559e+00
7.943299293518066406e+00 -5.109015941619873047e+00 -1.578101277351379395e+00
9.591676712036132812e+00 -5.516389369964599609e+00 -3.447753190994262695e+00
9.946331977844238281e+00 -5.522151947021484375e+00 -4.681085586547851562e+00
8.324126243591308594e+00 -4.980306148529052734e+00 -3.968922138214111328e+00
1.354791164398193359e+01 -2.065399646759033203e+00 -1.512175202369689941e-01
1.221429252624511719e+01 -7.072769403457641602e-01 -1.109199881553649902e+00
1.095425033569335938e+01 -5.928438186645507812e+00 -5.519815921783447266e+00
1.100983905792236328e+01 -5.392291545867919922e+00 -6.058641910552978516e+00
9.585473060607910156e+00 -5.053795814514160156e+00 -5.213551521301269531e+00
1.169647026062011719e+01 -4.670563220977783203e+00 -6.209223747253417969e+00
9.168152809143066406e+00 -4.307021141052246094e+00 -6.427448749542236328e+00
1.038451480865478516e+01 -3.525027275085449219e+00 -5.885981559753417969e+00
1.245008087158203125e+01 -3.658138036727905273e+00 -5.496987819671630859e+00
1.062946414947509766e+01 -3.179941415786743164e+00 -5.690427303314208984e+00
1.064941883087158203e+01 -2.254724025726318359e+00 -5.272121429443359375e+00
8.529669761657714844e+00 -3.675189256668090820e+00 -7.033399581909179688e+00
9.038156509399414062e+00 -3.072762727737426758e+00 -6.575382709503173828e+00
8.047080993652343750e+00 -2.027333259582519531e+00 -6.903180122375488281e+00
1.038624763488769531e+01 -1.593017458915710449e+00 -5.123601436614990234e+00
8.244776725769042969e+00 -1.699889779090881348e+00 -6.638491153717041016e+00
8.733965873718261719e+00 -4.773921072483062744e-01 -5.842640399932861328e+00
7.274033546447753906e+00 -1.622356772422790527e-01 -6.912376880645751953e+00
1.323573875427246094e+01 -2.103617906570434570e+00 -4.117899417877197266e+00
1.344542407989501953e+01 -1.596691250801086426e+00 -2.027342319488525391e+00
1.316075325012207031e+01 -1.308366060256958008e+00 -3.211873769760131836e+00
1.238140010833740234e+01 -3.781846761703491211e-01 -2.307508945465087891e+00
1.201067161560058594e+01 -1.043769195675849915e-01 -2.888108730316162109e+00
1.238113307952880859e+01 -1.897375702857971191e+00 -4.404222011566162109e+00
1.118116188049316406e+01 -1.221914887428283691e+00 -4.509252071380615234e+00
1.145938014984130859e+01 -5.665264725685119629e-01 -3.898911952972412109e+00
1.018809127807617188e+01 1.627638936042785645e+00 -1.779890775680541992e+00
9.290555000305175781e+00 2.416126489639282227e+00 -2.914456129074096680e+00
9.329873085021972656e+00 2.322823047637939453e+00 -3.373327255249023438e+00
8.575465202331542969e+00 2.971922159194946289e+00 -2.385165929794311523e+00
1.019103431701660156e+01 -9.066687226295471191e-01 -5.008310317993164062e+00
1.062950229644775391e+01 3.055105209350585938e-01 -4.138319015502929688e+00
8.356705665588378906e+00 1.316057890653610229e-01 -5.851620197296142578e+00
7.008905887603759766e+00 9.857536554336547852e-01 -6.422752857208251953e+00
1.402544879913330078e+01 -2.940456867218017578e+00 2.346106529235839844e+00
1.255768013000488281e+01 -1.947978615760803223e+00 2.702657222747802734e+00
1.131590270996093750e+01 -4.977310597896575928e-01 1.300118803977966309e+00
1.150732707977294922e+01 -3.811172246932983398e-01 1.940758526325225830e-01
1.003402805328369141e+01 2.469776570796966553e-02 2.951531410217285156e+00
8.905488967895507812e+00 1.316041231155395508e+00 2.537867069244384766e+00
9.507667541503906250e+00 1.018046498298645020e+00 1.983198165893554688e+00
7.366691589355468750e+00 2.332179069519042969e+00 2.941258192062377930e+00
7.168416976928710938e+00 2.915972232818603516e+00 1.808205127716064453e+00
9.888269424438476562e+00 1.184575438499450684e+00 2.917175590991973877e-01
1.010641574859619141e+01 1.511825323104858398e+00 -1.054136633872985840e+00
7.997872829437255859e+00 2.784971952438354492e+00 4.007824659347534180e-01
3.349111080169677734e+00 4.264200687408447266e+00 -3.508150279521942139e-01
6.236285686492919922e+00 3.680411815643310547e+00 2.850710451602935791e-01
5.479167461395263672e+00 4.057388305664062500e+00 -2.232390165328979492e+00
3.667878627777099609e+00 4.380964279174804688e+00 -6.892492771148681641e-01
2.844961166381835938e+00 3.815482854843139648e+00 -2.458636283874511719e+00
2.957555055618286133e+00 3.504908561706542969e+00 -3.327624082565307617e+00
-9.888403415679931641e-01 3.797310829162597656e+00 -7.636233568191528320e-01
2.144492387771606445e+00 3.138006448745727539e+00 -4.383176803588867188e+00
8.748304098844528198e-03 4.160384178161621094e+00 -3.142530441284179688e+00
3.052252829074859619e-01 3.706778526306152344e+00 -4.697084903717041016e+00
2.377756357192993164e+00 3.805073976516723633e+00 -2.567036628723144531e+00
5.098756790161132812e+00 -8.745673894882202148e-01 -8.892056465148925781e+00
2.939758062362670898e+00 3.066816627979278564e-01 -9.605560302734375000e+00
5.058236598968505859e+00 5.064173340797424316e-01 -8.108675003051757812e+00
3.638803720474243164e+00 5.605917572975158691e-01 -8.965301513671875000e+00
2.520815849304199219e+00 5.003230571746826172e-01 -9.799245834350585938e+00
1.544787168502807617e+00 1.848691463470458984e+00 -9.910842895507812500e+00
3.296200931072235107e-01 3.149106025695800781e+00 -9.156424522399902344e+00
1.109343320131301880e-01 3.002086877822875977e+00 -1.045753002166748047e+01
5.654328823089599609e+00 2.810344696044921875e+00 -4.853604316711425781e+00
6.158394336700439453e+00 1.886533379554748535e+00 -6.084109783172607422e+00
4.697528839111328125e+00 2.686182498931884766e+00 -5.240218162536621094e+00
4.791791439056396484e+00 2.376735925674438477e+00 -5.950952529907226562e+00
6.615999698638916016e+00 3.779661655426025391e+00 -2.726088047027587891e+00
6.579920291900634766e+00 1.282914280891418457e+00 -6.422149181365966797e+00
5.705985546112060547e+00 1.665224909782409668e+00 -6.594695091247558594e+00
4.852388381958007812e+00 1.771588087081909180e+00 -7.025727748870849609e+00
2.733247041702270508e+00 2.844840049743652344e+00 -5.057384967803955078e+00
2.812282085418701172e+00 2.085508584976196289e+00 -7.354868412017822266e+00
2.025377511978149414e+00 2.326742649078369141e+00 -6.808958530426025391e+00
9.337244927883148193e-02 3.300534725189208984e+00 -6.269996643066406250e+00
2.692547738552093506e-01 2.957785367965698242e+00 -7.757201194763183594e+00
3.013189136981964111e-01 3.030606031417846680e+00 -8.136174201965332031e+00
-3.298232793807983398e+00 3.400516986846923828e+00 -2.583664417266845703e+00
-5.635582923889160156e+00 3.063129425048828125e+00 -7.730356693267822266e+00
-4.809415817260742188e+00 3.480694532394409180e+00 -7.636382102966308594e+00
-4.258472919464111328e+00 3.349772930145263672e+00 -6.674481391906738281e+00
-2.168835163116455078e+00 3.289576292037963867e+00 -2.297772914171218872e-01
-1.892120599746704102e+00 3.755993127822875977e+00 -1.353176712989807129e+00
-1.529715418815612793e+00 4.096760749816894531e+00 -2.468055725097656250e+00
-1.355669736862182617e+00 4.389869213104248047e+00 -3.693133592605590820e+00
-1.184420585632324219e+00 4.397492885589599609e+00 -4.986991405487060547e+00
-4.802184104919433594e+00 4.077044486999511719e+00 -8.505055427551269531e+00
-4.507494926452636719e+00 4.554908275604248047e+00 -9.024679183959960938e+00
-1.982616543769836426e+00 4.462691307067871094e+00 -7.511068344116210938e+00
-3.351647853851318359e+00 4.457963466644287109e+00 -8.332018852233886719e+00
-1.542512536048889160e+00 3.652497529983520508e+00 -1.119892883300781250e+01
-1.229827523231506348e+00 3.507445812225341797e+00 -1.106310749053955078e+01
-3.829828023910522461e+00 4.852912902832031250e+00 -1.070503902435302734e+01
-2.049179553985595703e+00 4.181195735931396484e+00 -9.850705146789550781e+00
-3.125442564487457275e-01 3.481022119522094727e+00 -9.966117858886718750e+00
-2.161009788513183594e+00 4.558145999908447266e+00 -6.120404720306396484e+00
5.313701152801513672e+00 3.469403743743896484e+00 2.390439510345458984e+00
6.080659866333007812e+00 3.409295558929443359e+00 1.809927225112915039e+00
1.962971210479736328e+00 7.029656171798706055e-01 -1.028563499450683594e+01
-5.179148912429809570e-01 2.795374631881713867e+00 -1.161513900756835938e+01
4.403006136417388916e-01 2.524803638458251953e+00 -1.076869487762451172e+01
