1.560805916786193848e+00 -4.935248374938964844e+00 -2.714298963546752930e+00
2.277947425842285156e+00 -4.786758422851562500e+00 -1.925202727317810059e+00
1.514491558074951172e+00 -4.792368888854980469e+00 -2.308714151382446289e+00
-5.068850994110107422e+00 -8.108380317687988281e+00 -7.822220325469970703e+00
-4.999435424804687500e+00 -8.061898231506347656e+00 -1.156792449951171875e+01
-4.185085773468017578e+00 -8.320996284484863281e+00 -9.419569015502929688e+00
-7.270604610443115234e+00 -7.468750476837158203e+00 -7.059153079986572266e+00
-7.774893760681152344e+00 -7.351171970367431641e+00 -7.967275619506835938e+00
-5.692199230194091797e+00 -8.128886222839355469e+00 -9.823648452758789062e+00
-6.220555782318115234e+00 -7.997759819030761719e+00 -9.061532020568847656e+00
-6.479999065399169922e+00 -7.345689773559570312e+00 -1.205461215972900391e+01
-8.410204887390136719e+00 -6.367840290069580078e+00 -1.057649230957031250e+01
-8.331798553466796875e+00 -6.190346240997314453e+00 -1.129499340057373047e+01
-9.641876220703125000e+00 -5.267824649810791016e+00 -8.362841606140136719e+00
-1.005106067657470703e+01 -4.325732231140136719e+00 -8.715866088867187500e+00
-9.588078498840332031e+00 -4.644056797027587891e+00 -1.086827182769775391e+01
-8.219691276550292969e+00 -6.690666198730468750e+00 -5.445750713348388672e+00
-9.067327499389648438e+00 -6.092218399047851562e+00 -4.930450916290283203e+00
-7.967950820922851562e+00 -5.745156288146972656e+00 -3.404919624328613281e+00
-8.496750831604003906e+00 -5.227888584136962891e+00 -2.226695537567138672e+00
-6.958334922790527344e+00 -5.439814090728759766e+00 -3.112609624862670898e+00
-2.594318151473999023e+00 -5.032869815826416016e+00 -1.548131227493286133e+00
-3.374721765518188477e+00 -4.883419513702392578e+00 -5.832606554031372070e-01
-1.441716551780700684e+00 -4.996735572814941406e+00 -2.384096980094909668e-01
-7.379738807678222656e+00 -3.212568283081054688e+00 2.311304569244384766e+00
-5.355979919433593750e+00 -3.513090372085571289e+00 1.278387069702148438e+00
-3.860707998275756836e+00 -5.068617820739746094e+00 -2.136796236038208008e+00
-7.304425716400146484e+00 -4.795676231384277344e+00 -1.626981973648071289e+00
-6.307923793792724609e+00 -5.166419029235839844e+00 -2.786592483520507812e+00
-3.739707708358764648e+00 -4.415227890014648438e+00 1.336248964071273804e-01
-4.768216133117675781e+00 -7.278806686401367188e+00 -5.294696331024169922e+00
-4.546024799346923828e+00 -6.498261928558349609e+00 -4.090754508972167969e+00
-2.280474424362182617e+00 -7.655689239501953125e+00 -6.416970729827880859e+00
-2.885067224502563477e+00 -7.168004512786865234e+00 -5.066885471343994141e+00
-2.214877605438232422e+00 -7.177691459655761719e+00 -5.298937320709228516e+00
-1.356413483619689941e+00 -6.802176475524902344e+00 -5.044035434722900391e+00
-2.780130624771118164e+00 -6.777419090270996094e+00 -4.439586639404296875e+00
-5.267707347869873047e+00 -6.850327014923095703e+00 -4.678900241851806641e+00
-6.153746128082275391e+00 -7.666404724121093750e+00 -6.742117404937744141e+00
-8.704059600830078125e+00 -6.651445865631103516e+00 -6.454810142517089844e+00
-1.417506337165832520e+00 -4.984135150909423828e+00 -1.835956573486328125e+00
-9.349825978279113770e-01 -5.045444488525390625e+00 -2.276934862136840820e+00
-2.241667747497558594e+00 -5.126969337463378906e+00 -2.022968292236328125e+00
-3.515581488609313965e-01 -5.090469837188720703e+00 -1.198874473571777344e+00
6.324180364608764648e-01 -4.624661445617675781e+00 -1.598989367485046387e+00
-8.147767782211303711e-01 -5.405474185943603516e+00 -3.020522832870483398e+00
-8.392391726374626160e-03 -5.501421928405761719e+00 -3.345432758331298828e+00
6.066423058509826660e-01 -4.768746376037597656e+00 -2.126624345779418945e+00
-9.515114784240722656e+00 -4.813023567199707031e+00 -2.045006275177001953e+00
-9.940408706665039062e+00 -4.891632556915283203e+00 -4.679846286773681641e+00
-9.351487159729003906e+00 -5.581546783447265625e+00 -3.831302642822265625e+00
-1.019546699523925781e+01 -3.760437488555908203e+00 -3.288069963455200195e+00
-1.031957912445068359e+01 -3.586797714233398438e+00 -4.715583324432373047e+00
-9.120212554931640625e+00 -4.086894989013671875e+00 3.089744448661804199e-01
-9.780945777893066406e+00 -4.173923969268798828e+00 -1.408552646636962891e+00
-9.820518493652343750e+00 -3.231120586395263672e+00 -2.799457311630249023e-01
-9.600020408630371094e+00 -2.926404953002929688e+00 9.024412631988525391e-01
-9.113574981689453125e+00 -2.721938848495483398e+00 2.167136907577514648e+00
-9.278571128845214844e+00 -1.629268884658813477e+00 1.269112586975097656e+00
-1.017255496978759766e+01 -2.694786071777343750e+00 -2.523587465286254883e+00
-1.009739208221435547e+01 -1.609069466590881348e+00 -2.652448177337646484e+00
-9.463920593261718750e+00 -1.292487621307373047e+00 -8.882653117179870605e-01
-7.937016487121582031e+00 -4.165502786636352539e-01 -6.491733193397521973e-01
-1.006319522857666016e+01 -4.636126041412353516e+00 -5.545420169830322266e+00
-1.034793472290039062e+01 -3.653303146362304688e+00 -5.424667835235595703e+00
-1.053483200073242188e+01 -2.258878946304321289e+00 -5.300784111022949219e+00
-1.059136295318603516e+01 -2.099969625473022461e+00 -5.871357917785644531e+00
-1.008438110351562500e+01 -6.577429771423339844e-01 -5.353706359863281250e+00
-1.058982563018798828e+01 -2.844727993011474609e+00 -7.963294982910156250e+00
-1.071169471740722656e+01 -1.948789715766906738e+00 -8.887906074523925781e+00
-1.060291576385498047e+01 -8.137867450714111328e-01 -8.517255783081054688e+00
-9.953455924987792969e+00 -3.314046859741210938e-01 -6.705830097198486328e+00
-8.382735252380371094e+00 -2.027207463979721069e-01 -2.254391908645629883e+00
-6.927683353424072266e+00 1.701508522033691406e+00 -3.686982393264770508e+00
-9.018393516540527344e+00 3.856346905231475830e-01 -6.202543258666992188e+00
-7.577177047729492188e+00 1.438525676727294922e+00 -4.987736225128173828e+00
1.316225147247314453e+01 -5.627697467803955078e+00 4.525576114654541016e+00
1.355476474761962891e+01 -6.251655578613281250e+00 7.859213948249816895e-01
1.304142761230468750e+01 -6.037879467010498047e+00 1.458796381950378418e+00
1.492050933837890625e+01 -5.986287117004394531e+00 1.961707830429077148e+00
1.476654720306396484e+01 -5.157511234283447266e+00 3.104410409927368164e+00
1.194572448730468750e+01 -5.708096027374267578e+00 2.731172800064086914e+00
4.375011444091796875e+00 -1.284125685691833496e+00 4.951267242431640625e+00
5.219963550567626953e+00 -1.049950361251831055e+00 6.068903923034667969e+00
6.647558689117431641e+00 -4.872167110443115234e+00 -1.669500350952148438e+00
8.910593032836914062e+00 -6.285723686218261719e+00 -1.242624521255493164e+00
8.121573448181152344e+00 -6.204687595367431641e+00 -1.085932374000549316e+00
7.449680328369140625e+00 -6.274914264678955078e+00 -4.982216060161590576e-01
2.552740573883056641e+00 -5.429002285003662109e+00 4.015681147575378418e-01
4.294449329376220703e+00 -4.715543746948242188e+00 -1.498300194740295410e+00
5.166865825653076172e+00 -5.114797115325927734e+00 -1.171095013618469238e+00
2.305792093276977539e+00 -4.296897411346435547e+00 -1.261763572692871094e+00
4.114508152008056641e+00 -4.745595932006835938e+00 -1.278912425041198730e+00
5.106482982635498047e+00 -5.582399845123291016e+00 2.146627455949783325e-01
5.802818298339843750e+00 -5.998859882354736328e+00 -6.106563210487365723e-01
3.094832181930541992e+00 -5.505346298217773438e+00 -5.909119248390197754e-01
9.439829826354980469e+00 -5.186806201934814453e+00 3.077609777450561523e+00
9.948897361755371094e+00 -4.936715602874755859e+00 4.956797122955322266e+00
9.916005134582519531e+00 -4.974859714508056641e+00 4.299740314483642578e+00
8.636683464050292969e+00 -4.199735164642333984e+00 5.397180080413818359e+00
8.920210838317871094e+00 -4.969983577728271484e+00 3.151890516281127930e+00
9.016743659973144531e+00 -5.912358760833740234e+00 1.423444747924804688e+00
8.678195953369140625e+00 -6.098244190216064453e+00 9.356006383895874023e-01
5.501646518707275391e+00 -1.384592056274414062e+00 4.086225032806396484e+00
6.161284923553466797e+00 -3.700887441635131836e+00 2.402654170989990234e+00
5.589382648468017578e+00 -3.974843740463256836e+00 1.873643040657043457e+00
4.510304450988769531e+00 -1.910025954246520996e+00 3.079281806945800781e+00
4.598625183105468750e+00 -1.535205364227294922e+00 3.748705863952636719e+00
6.886542797088623047e+00 -2.497251749038696289e+00 4.348559379577636719e+00
6.635925292968750000e+00 -2.083761692047119141e+00 5.588732719421386719e+00
6.540032386779785156e+00 -5.469667911529541016e+00 9.352324008941650391e-01
1.202017116546630859e+01 -4.645515918731689453e+00 6.097892761230468750e+00
1.381907844543457031e+01 -4.716444969177246094e+00 4.641891002655029297e+00
1.253335094451904297e+01 -3.697302103042602539e+00 4.987895488739013672e+00
1.345701599121093750e+01 -3.497718334197998047e+00 3.278963565826416016e+00
7.730226516723632812e+00 -3.142948389053344727e+00 6.797854423522949219e+00
7.281670093536376953e+00 -2.685495853424072266e+00 6.737869262695312500e+00
4.183073997497558594e+00 -6.661384105682373047e-01 6.798797607421875000e+00
9.554217338562011719e+00 -4.481738567352294922e+00 6.680271625518798828e+00
1.035568904876708984e+01 -3.288315534591674805e+00 6.856523036956787109e+00
1.069029521942138672e+01 -2.778428554534912109e+00 5.792948722839355469e+00
8.595368385314941406e+00 -1.808795213699340820e+00 6.657166481018066406e+00
8.950279235839843750e+00 -1.468939423561096191e+00 5.603274822235107422e+00
1.101971054077148438e+01 -2.502558231353759766e+00 4.661118984222412109e+00
1.135569000244140625e+01 -2.232022285461425781e+00 3.586313962936401367e+00
6.534429073333740234e+00 -1.688196539878845215e+00 6.432112693786621094e+00
7.675062179565429688e+00 -1.220711469650268555e+00 6.409257411956787109e+00
6.978211402893066406e+00 -2.473832964897155762e-01 5.773580074310302734e+00
6.223033428192138672e+00 -4.582718610763549805e-01 6.048967361450195312e+00
5.658742427825927734e+00 7.390385866165161133e-01 5.625491142272949219e+00
8.043214797973632812e+00 4.555171728134155273e-02 4.561626911163330078e+00
5.765336513519287109e+00 2.037642478942871094e+00 4.304171085357666016e+00
6.145527839660644531e+00 2.113301753997802734e+00 3.790545940399169922e+00
-2.135890483856201172e+00 -2.801041603088378906e+00 3.776905775070190430e+00
-1.525779485702514648e+00 -3.804919958114624023e+00 1.665068149566650391e+00
-1.478480577468872070e+00 -4.653525352478027344e+00 3.902590274810791016e-01
-1.622789502143859863e+00 -2.868365049362182617e+00 3.498020648956298828e+00
-2.535724639892578125e-01 -2.665648937225341797e+00 2.373680591583251953e+00
-5.072632789611816406e+00 -3.477746009826660156e+00 1.470175623893737793e+00
-4.360230922698974609e+00 -3.316235065460205078e+00 2.204500675201416016e+00
-5.805722236633300781e+00 -2.598551034927368164e+00 3.393814563751220703e+00
-5.279563426971435547e+00 -3.019244432449340820e+00 2.537837505340576172e+00
-4.096401214599609375e+00 -2.828315973281860352e+00 3.383366584777832031e+00
-2.760742664337158203e+00 -1.623370647430419922e+00 4.882671833038330078e+00
-5.654676437377929688e+00 -1.270121932029724121e+00 4.708691120147705078e+00
-5.351100444793701172e+00 -7.399906516075134277e-01 4.909618377685546875e+00
2.504621744155883789e+00 -1.761687874794006348e+00 3.665784120559692383e+00
1.352624654769897461e+00 -9.177769422531127930e-01 4.134369373321533203e+00
-7.327169179916381836e-02 -1.197858452796936035e+00 3.656320333480834961e+00
1.072444200515747070e+00 -3.504692018032073975e-01 4.676844596862792969e+00
2.465956687927246094e+00 -1.150696039199829102e+00 5.290337562561035156e+00
3.461469173431396484e+00 -7.344835400581359863e-01 6.641591548919677734e+00
1.095293164253234863e+00 7.316102981567382812e-01 5.417632579803466797e+00
-3.227097272872924805e+00 -1.392839908599853516e+00 5.012058734893798828e+00
-4.245840549468994141e+00 2.971571087837219238e-01 5.010687351226806641e+00
-2.752180576324462891e+00 5.620085000991821289e-01 5.136043548583984375e+00
-1.173120379447937012e+00 1.610042572021484375e+00 4.404953956604003906e+00
-3.889333009719848633e+00 1.017012238502502441e+00 4.047990322113037109e+00
-3.825040340423583984e+00 1.420866012573242188e+00 2.889313936233520508e+00
-1.802334338426589966e-01 -5.105071544647216797e+00 -8.213217556476593018e-02
2.954274713993072510e-01 -4.964566707611083984e+00 -1.173654124140739441e-01
8.125789165496826172e-01 -4.975539207458496094e+00 2.965461462736129761e-02
1.638734340667724609e+00 -3.813459634780883789e+00 1.413149595260620117e+00
1.479541063308715820e+00 -5.010395050048828125e+00 5.760629773139953613e-01
1.626692652702331543e+00 -3.773154497146606445e+00 -1.362660527229309082e+00
1.873062133789062500e+00 -2.643560171127319336e+00 2.350718498229980469e+00
2.281235694885253906e+00 1.368649244308471680e+00 5.550421237945556641e+00
2.872052669525146484e+00 2.389142513275146484e+00 4.237388610839843750e+00
2.605406999588012695e+00 2.943242549896240234e+00 3.026742219924926758e+00
-8.644140362739562988e-01 2.479903697967529297e+00 2.619777917861938477e+00
-6.682527065277099609e-01 1.940688490867614746e+00 4.183350563049316406e+00
5.688775181770324707e-01 2.542752027511596680e+00 3.253086805343627930e+00
-1.730110049247741699e+00 3.176187038421630859e+00 1.088830679655075073e-01
-7.586049079895019531e+00 -2.460201263427734375e+00 3.554503202438354492e+00
-7.328710556030273438e+00 -1.425250172615051270e+00 4.216637611389160156e+00
-7.960604190826416016e+00 -8.141650557518005371e-01 2.906773090362548828e+00
-6.811952114105224609e+00 -1.162406563758850098e+00 4.462305068969726562e+00
-7.016879081726074219e+00 -3.673499226570129395e-01 3.059676885604858398e+00
-6.420365333557128906e+00 1.894422471523284912e-01 1.419030308723449707e+00
-6.220343589782714844e+00 1.399239450693130493e-01 2.391246557235717773e+00
-6.925052165985107422e+00 2.313030213117599487e-01 -8.157708048820495605e-01
-3.745239257812500000e+00 1.649384975433349609e+00 1.846382856369018555e+00
-5.363311767578125000e+00 2.016113996505737305e+00 -1.992363929748535156e+00
-3.647254943847656250e+00 3.034679889678955078e+00 -1.669332623481750488e+00
3.353077650070190430e+00 5.243669748306274414e-01 6.459019660949707031e+00
2.970430612564086914e+00 1.628260850906372070e+00 5.370387077331542969e+00
3.826404333114624023e+00 2.014358520507812500e+00 4.845737457275390625e+00
4.534440994262695312e+00 2.597541332244873047e+00 3.814611434936523438e+00
3.880107402801513672e+00 3.128811359405517578e+00 2.990341901779174805e+00
7.762995243072509766e+00 -4.924269199371337891e+00 -3.957981109619140625e+00
2.377336502075195312e+00 -5.077274799346923828e+00 -3.052907228469848633e+00
5.495182991027832031e+00 -4.749921321868896484e+00 -2.521906614303588867e+00
6.321990013122558594e+00 -4.703031539916992188e+00 -2.969049453735351562e+00
3.033459663391113281e+00 -5.017062187194824219e+00 -2.934100866317749023e+00
2.090950489044189453e+00 -5.932389736175537109e+00 -5.251007556915283203e+00
2.627449750900268555e+00 -5.809864997863769531e+00 -6.252760887145996094e+00
3.891178131103515625e+00 -5.143199920654296875e+00 -5.597574234008789062e+00
5.924550056457519531e+00 -4.826215267181396484e+00 -3.730007648468017578e+00
7.160089015960693359e+00 -4.977524280548095703e+00 -4.066740989685058594e+00
2.443627595901489258e+00 -5.622767925262451172e+00 -8.458359718322753906e+00
8.323853492736816406e+00 -4.990991592407226562e+00 -6.005568981170654297e+00
3.301497936248779297e+00 -5.334174633026123047e+00 -7.115794658660888672e+00
3.714301347732543945e+00 -4.725738525390625000e+00 -7.899017810821533203e+00
6.290883064270019531e+00 -5.079525470733642578e+00 -5.376163482666015625e+00
7.410627841949462891e+00 -4.939970016479492188e+00 -6.328546047210693359e+00
5.880489826202392578e+00 -4.184004783630371094e+00 -7.249678134918212891e+00
7.537247657775878906e+00 -4.037541389465332031e+00 -7.366127967834472656e+00
5.590607166290283203e+00 -3.868290901184082031e+00 -7.627931118011474609e+00
5.160511970520019531e+00 -2.842988967895507812e+00 -8.643629074096679688e+00
5.233024597167968750e+00 -2.081871509552001953e+00 -8.895856857299804688e+00
-3.349629163742065430e+00 -7.970662593841552734e+00 -1.205600070953369141e+01
-3.131325244903564453e+00 -8.214977264404296875e+00 -1.051676940917968750e+01
-3.961720705032348633e+00 -7.543923377990722656e+00 -1.315922260284423828e+01
-1.581941723823547363e+00 -6.563597679138183594e+00 -1.324219131469726562e+01
-3.557082414627075195e+00 -6.334531784057617188e+00 -1.445974636077880859e+01
-3.375622272491455078e+00 -5.281399250030517578e+00 -1.519236278533935547e+01
-6.630872249603271484e+00 -6.538065910339355469e+00 -1.317166805267333984e+01
-7.071905136108398438e+00 -6.214369773864746094e+00 -1.318946933746337891e+01
-7.758779048919677734e+00 -5.234827518463134766e+00 -1.367608642578125000e+01
-5.719812393188476562e+00 -7.132615089416503906e+00 -1.307826042175292969e+01
-8.472561836242675781e+00 -5.366805553436279297e+00 -1.256445026397705078e+01
-7.364094257354736328e+00 -4.567138671875000000e+00 -1.457427787780761719e+01
-4.151579380035400391e+00 -5.535151958465576172e+00 -1.502889823913574219e+01
-5.996501445770263672e+00 -4.382984161376953125e+00 -1.525678157806396484e+01
-2.712041139602661133e+00 -5.388265132904052734e+00 -1.501336956024169922e+01
-2.177092790603637695e+00 -4.296315193176269531e+00 -1.536923885345458984e+01
-3.722976684570312500e+00 -3.716506719589233398e+00 -1.575269508361816406e+01
-2.790259599685668945e+00 -3.188076019287109375e+00 -1.571561145782470703e+01
-4.990542888641357422e+00 -2.649816989898681641e+00 -1.593961143493652344e+01
-3.920846462249755859e+00 -1.504782676696777344e+00 -1.593562698364257812e+01
-9.301115989685058594e+00 -4.443023204803466797e+00 -1.222260951995849609e+01
-8.934474945068359375e+00 -4.003185272216796875e+00 -1.344646549224853516e+01
-9.911652565002441406e+00 -2.863287925720214844e+00 -1.234710693359375000e+01
-1.040103816986083984e+01 -1.439922928810119629e+00 -1.151970100402832031e+01
-8.549077033996582031e+00 -3.351052999496459961e+00 -1.436148929595947266e+01
-7.692121028900146484e+00 -2.967903375625610352e+00 -1.519786548614501953e+01
-9.822118759155273438e+00 -9.251766800880432129e-01 -1.328390979766845703e+01
-9.376214027404785156e+00 -3.281111717224121094e-01 -1.420446205139160156e+01
-8.487731933593750000e+00 -9.527611732482910156e-01 -1.507393932342529297e+01
-7.135840892791748047e+00 1.595540642738342285e-01 -1.576944637298583984e+01
-7.627865314483642578e+00 8.130743503570556641e-01 -1.553657817840576172e+01
-1.521751403808593750e+00 -7.556051254272460938e+00 -6.888813018798828125e+00
-4.211888313293457031e-01 -7.156616687774658203e+00 -8.631765365600585938e+00
7.358152419328689575e-02 -6.569514274597167969e+00 -5.590393066406250000e+00
6.192319393157958984e-01 -6.685828208923339844e+00 -6.757417201995849609e+00
-2.400791943073272705e-01 -6.930577754974365234e+00 -9.610765457153320312e+00
-5.078357085585594177e-02 -5.895604610443115234e+00 -1.240202903747558594e+01
1.353048682212829590e+00 -6.390331745147705078e+00 -6.419597148895263672e+00
2.021630287170410156e+00 -5.952972888946533203e+00 -8.191043853759765625e+00
-7.603791356086730957e-01 -5.087954044342041016e+00 -1.430375385284423828e+01
1.024707913398742676e+00 -4.963508605957031250e+00 -1.243786334991455078e+01
-1.230287313461303711e+00 -3.740851163864135742e+00 -1.520280933380126953e+01
-1.924964636564254761e-01 -3.008257150650024414e+00 -1.485943984985351562e+01
1.960364222526550293e+00 -5.054241180419921875e+00 -1.069761753082275391e+01
-1.087953686714172363e+00 -2.406378507614135742e+00 -1.528161621093750000e+01
-1.307535648345947266e+00 -1.698084235191345215e+00 -1.534127902984619141e+01
2.141678571701049805e+00 -3.536892890930175781e+00 -1.149234580993652344e+01
8.845869302749633789e-01 -1.870940566062927246e+00 -1.348697853088378906e+01
7.975054383277893066e-01 -1.144633769989013672e+00 -1.333481693267822266e+01
-2.606014013290405273e+00 -1.779597759246826172e+00 -1.569896984100341797e+01
-2.675880670547485352e+00 -8.102670907974243164e-01 -1.564174747467041016e+01
-5.085034370422363281e+00 4.535911381244659424e-01 -1.588907146453857422e+01
-2.886524677276611328e+00 1.007113218307495117e+00 -1.536751079559326172e+01
-2.164303064346313477e+00 1.174426555633544922e+00 -1.512484836578369141e+01
-4.978744983673095703e-01 1.149391651153564453e+00 -1.389046573638916016e+01
-2.882260084152221680e+00 2.079601764678955078e+00 -1.503586959838867188e+01
-2.466265678405761719e+00 2.788156747817993164e+00 -1.464693927764892578e+01
2.704007863998413086e+00 -3.968860864639282227e+00 -1.033735847473144531e+01
3.520662784576416016e+00 -2.611895322799682617e+00 -1.011197376251220703e+01
3.012617588043212891e+00 -1.848908185958862305e+00 -1.085288619995117188e+01
9.644804596900939941e-01 -2.816923260688781738e-01 -1.281359672546386719e+01
1.483362793922424316e+00 6.170107983052730560e-03 -1.211065101623535156e+01
2.349061727523803711e+00 -2.191087007522583008e-01 -1.122701072692871094e+01
1.081652164459228516e+00 4.166137576103210449e-01 -1.233659267425537109e+01
-1.051180934906005859e+01 -9.676092267036437988e-01 -1.099406242370605469e+01
-9.969405174255371094e+00 6.844261288642883301e-01 -1.292082881927490234e+01
-1.030308914184570312e+01 -1.813676208257675171e-02 -1.048716735839843750e+01
-1.007218456268310547e+01 -1.236033737659454346e-01 -9.024962425231933594e+00
-9.725492477416992188e+00 5.404934287071228027e-01 -1.002753257751464844e+01
-9.963973999023437500e+00 9.213711619377136230e-01 -1.155210781097412109e+01
-9.434043884277343750e+00 2.031930923461914062e+00 -1.278467273712158203e+01
-8.821498870849609375e+00 1.394634842872619629e+00 -9.342557907104492188e+00
-8.416511535644531250e+00 2.395302772521972656e+00 -1.037557125091552734e+01
-8.199192047119140625e+00 1.156388640403747559e+00 -6.069444179534912109e+00
-7.961749076843261719e+00 1.592254042625427246e+00 -7.150913715362548828e+00
-8.284675598144531250e+00 1.879486083984375000e+00 -8.736372947692871094e+00
-7.900477409362792969e+00 2.545543193817138672e+00 -9.732476234436035156e+00
-6.297574996948242188e+00 2.695521831512451172e+00 -7.679709911346435547e+00
-6.213822841644287109e+00 3.004713535308837891e+00 -8.163296699523925781e+00
-8.635797500610351562e+00 2.200188159942626953e+00 -1.429202842712402344e+01
-8.036365509033203125e+00 2.228596448898315430e+00 -1.473233032226562500e+01
-7.637430667877197266e+00 3.440340518951416016e+00 -1.351300334930419922e+01
-6.654858589172363281e+00 4.261801719665527344e+00 -1.313768863677978516e+01
-6.100656032562255859e+00 1.894713282585144043e+00 -1.547770881652832031e+01
-5.844675540924072266e+00 2.183499336242675781e+00 -1.532812500000000000e+01
-5.170617103576660156e+00 3.965710639953613281e+00 -1.412247848510742188e+01
-4.615328311920166016e+00 3.958949804306030273e+00 -1.424950981140136719e+01
-5.867296695709228516e+00 3.768708467483520508e+00 -1.412585639953613281e+01
-8.273502349853515625e+00 3.280670404434204102e+00 -1.224814033508300781e+01
-6.242378234863281250e+00 4.411111354827880859e+00 -1.238229846954345703e+01
-5.556228637695312500e+00 4.379484176635742188e+00 -1.074462318420410156e+01
-3.389054536819458008e+00 4.232126235961914062e+00 -1.348910617828369141e+01
-3.170939207077026367e+00 4.294102191925048828e+00 -1.287145996093750000e+01
-5.219511508941650391e+00 4.431541442871093750e+00 -1.222069549560546875e+01
-4.469130992889404297e+00 4.633378982543945312e+00 -1.232726669311523438e+01
-3.216863632202148438e+00 4.684701442718505859e+00 -1.144419670104980469e+01
-4.958414554595947266e+00 4.784296035766601562e+00 -1.084931850433349609e+01
-3.795859336853027344e+00 4.891164779663085938e+00 -1.117262077331542969e+01
-6.640124797821044922e+00 3.680171966552734375e+00 -1.050292778015136719e+01
-5.932202339172363281e+00 3.622014522552490234e+00 -9.035294532775878906e+00
3.058476686477661133e+00 -1.910393983125686646e-01 -1.030130863189697266e+01
-1.384487152099609375e-01 1.528280496597290039e+00 -1.287839031219482422e+01
-2.114385366439819336e+00 3.220650672912597656e+00 -1.359609794616699219e+01
9.961065649986267090e-01 8.013378977775573730e-01 -1.168929767608642578e+01
-1.053834795951843262e+00 2.883868932723999023e+00 -1.233953952789306641e+01
-2.713792085647583008e+00 3.844842672348022461e+00 -1.327158641815185547e+01
-1.649839997291564941e+00 3.645828008651733398e+00 -1.187643527984619141e+01
1.143872642517089844e+01 -6.540562629699707031e+00 -3.362205028533935547e+00
1.333204364776611328e+01 -6.723366260528564453e+00 -1.703699707984924316e+00
1.117572879791259766e+01 -6.458688259124755859e+00 -8.288493752479553223e-01
1.098092842102050781e+01 -6.482348918914794922e+00 -2.584611654281616211e+00
1.435884761810302734e+01 -6.961511135101318359e+00 -5.003323078155517578e+00
1.199245548248291016e+01 -6.600427627563476562e+00 -3.963333845138549805e+00
1.270236778259277344e+01 -6.579406738281250000e+00 -5.457361698150634766e+00
1.315338516235351562e+01 -6.889024257659912109e+00 -3.648421525955200195e+00
1.563241672515869141e+01 -7.038877010345458984e+00 -3.573374986648559570e+00
1.606826210021972656e+01 -5.966474533081054688e+00 -4.157062530517578125e+00
1.625351333618164062e+01 -6.510157585144042969e+00 -1.142693996429443359e+00
1.638243103027343750e+01 -5.712870121002197266e+00 -2.023553609848022461e+00
1.458630847930908203e+01 -6.609938621520996094e+00 8.139488846063613892e-02
1.482029247283935547e+01 -6.965400695800781250e+00 -1.524649858474731445e+00
1.538119125366210938e+01 -6.259930133819580078e+00 1.000332713127136230e+00
1.480297279357910156e+01 -4.135096073150634766e+00 2.025453567504882812e+00
1.514796161651611328e+01 -4.250154972076416016e+00 9.199128150939941406e-01
1.434022808074951172e+01 -3.405485153198242188e+00 1.082852363586425781e+00
1.581491947174072266e+01 -4.923521518707275391e+00 -3.326468229293823242e+00
1.524379062652587891e+01 -4.063673973083496094e+00 -2.545440196990966797e+00
1.522653484344482422e+01 -3.985130548477172852e+00 -9.842126965522766113e-01
1.498462581634521484e+01 -3.641950845718383789e+00 -1.484094381332397461e+00
1.432858943939208984e+01 -2.890367269515991211e+00 -8.443313241004943848e-01
1.381348228454589844e+01 -6.745134353637695312e+00 -6.222848415374755859e+00
1.525533103942871094e+01 -5.951331615447998047e+00 -6.520616531372070312e+00
1.237138080596923828e+01 -6.449444770812988281e+00 -6.641781806945800781e+00
1.291508293151855469e+01 -5.912230968475341797e+00 -7.425063610076904297e+00
1.593010520935058594e+01 -5.856723308563232422e+00 -5.613708496093750000e+00
1.561595344543457031e+01 -5.091237545013427734e+00 -5.907472133636474609e+00
1.504083728790283203e+01 -4.423571586608886719e+00 -5.511037349700927734e+00
1.325731754302978516e+01 -5.520242691040039062e+00 -7.281127452850341797e+00
1.262961864471435547e+01 -4.964467525482177734e+00 -6.590941905975341797e+00
1.349277782440185547e+01 -4.478862285614013672e+00 -6.071044445037841797e+00
1.362018775939941406e+01 -3.389772176742553711e+00 -4.914317607879638672e+00
1.500539016723632812e+01 -3.738490819931030273e+00 -2.786379098892211914e+00
1.492722892761230469e+01 -3.754402399063110352e+00 -4.470015048980712891e+00
1.437755107879638672e+01 -2.906579256057739258e+00 -3.718828916549682617e+00
1.016481208801269531e+01 -6.020243644714355469e+00 -2.736713171005249023e+00
6.990834236145019531e+00 -4.780569076538085938e+00 -2.366909503936767578e+00
7.275875091552734375e+00 -4.860293865203857422e+00 -1.940981268882751465e+00
6.844550609588623047e+00 -4.713531017303466797e+00 -2.929682493209838867e+00
1.048379898071289062e+01 -6.309295177459716797e+00 -2.334484577178955078e+00
9.010549545288085938e+00 -5.550359249114990234e+00 -1.938513517379760742e+00
7.947578907012939453e+00 -5.122899532318115234e+00 -1.571114420890808105e+00
9.599982261657714844e+00 -5.543790817260742188e+00 -3.429322957992553711e+00
9.955764770507812500e+00 -5.556472301483154297e+00 -4.654376983642578125e+00
8.333193778991699219e+00 -5.002296447753906250e+00 -3.955085039138793945e+00
1.354720687866210938e+01 -2.222313404083251953e+00 1.904762163758277893e-02
1.217206573486328125e+01 -9.028528928756713867e-01 -9.903678894042968750e-01
1.096676826477050781e+01 -5.967980384826660156e+00 -5.483754158020019531e+00
1.103180694580078125e+01 -5.423106670379638672e+00 -6.016834259033203125e+00
9.599125862121582031e+00 -5.077137947082519531e+00 -5.190314292907714844e+00
1.172125530242919922e+01 -4.700248718261718750e+00 -6.151134014129638672e+00
9.186950683593750000e+00 -4.322803974151611328e+00 -6.405766487121582031e+00
1.040604019165039062e+01 -3.544676780700683594e+00 -5.851311206817626953e+00
1.247521114349365234e+01 -3.687650680541992188e+00 -5.427568435668945312e+00
1.065048027038574219e+01 -3.203164339065551758e+00 -5.641740798950195312e+00
1.067288875579833984e+01 -2.275035381317138672e+00 -5.223712921142578125e+00
8.546022415161132812e+00 -3.683931350708007812e+00 -7.022124767303466797e+00
9.054846763610839844e+00 -3.085554599761962891e+00 -6.551912784576416016e+00
8.055063247680664062e+00 -2.033794641494750977e+00 -6.895151138305664062e+00
1.040816307067871094e+01 -1.610607862472534180e+00 -5.087529182434082031e+00
8.257364273071289062e+00 -1.708688259124755859e+00 -6.625247955322265625e+00
8.751351356506347656e+00 -4.864685833454132080e-01 -5.828861713409423828e+00
7.283252716064453125e+00 -1.669075042009353638e-01 -6.908781528472900391e+00
1.327840423583984375e+01 -2.137274980545043945e+00 -4.021954059600830078e+00
1.345893287658691406e+01 -1.697953939437866211e+00 -1.890264749526977539e+00
1.321882343292236328e+01 -1.331625223159790039e+00 -3.108032464981079102e+00
1.239533329010009766e+01 -4.631440341472625732e-01 -2.185703277587890625e+00
1.206143474578857422e+01 -1.284633874893188477e-01 -2.799581289291381836e+00
1.241408538818359375e+01 -1.926678299903869629e+00 -4.323518276214599609e+00
1.121539211273193359e+01 -1.240538716316223145e+00 -4.452368736267089844e+00
1.150442981719970703e+01 -5.803889036178588867e-01 -3.833552837371826172e+00
1.015927410125732422e+01 1.513372421264648438e+00 -1.701983690261840820e+00
9.292598724365234375e+00 2.349491834640502930e+00 -2.854305267333984375e+00
9.334533691406250000e+00 2.290564298629760742e+00 -3.335115194320678711e+00
8.574575424194335938e+00 2.911749124526977539e+00 -2.349098205566406250e+00
1.021266746520996094e+01 -9.205238819122314453e-01 -4.977837562561035156e+00
1.065481376647949219e+01 2.903116643428802490e-01 -4.102153301239013672e+00
8.369440078735351562e+00 1.263839304447174072e-01 -5.847266197204589844e+00
7.016887664794921875e+00 9.804784655570983887e-01 -6.419728755950927734e+00
1.385679817199707031e+01 -3.513780117034912109e+00 2.641639232635498047e+00
1.241709136962890625e+01 -2.562587499618530273e+00 2.950453042984008789e+00
1.116860389709472656e+01 -1.011112213134765625e+00 1.473490715026855469e+00
1.136674594879150391e+01 -7.725434303283691406e-01 3.188178539276123047e-01
9.864974021911621094e+00 -6.466963887214660645e-01 3.169596433639526367e+00
8.786287307739257812e+00 7.728561162948608398e-01 2.651825189590454102e+00
9.329937934875488281e+00 4.618166983127593994e-01 2.116713523864746094e+00
7.284085273742675781e+00 1.864599943161010742e+00 3.011997938156127930e+00
7.136559009552001953e+00 2.587300539016723633e+00 1.874277472496032715e+00
9.723915100097656250e+00 7.461594343185424805e-01 3.852655291557312012e-01
9.995251655578613281e+00 1.200598955154418945e+00 -9.479454755783081055e-01
7.968784332275390625e+00 2.544753789901733398e+00 4.492611289024353027e-01
3.353343725204467773e+00 4.274173736572265625e+00 -3.419930040836334229e-01
6.214522361755371094e+00 3.508753061294555664e+00 2.951133847236633301e-01
5.481538772583007812e+00 4.034351348876953125e+00 -2.218940019607543945e+00
3.674649477005004883e+00 4.389185905456542969e+00 -6.785691976547241211e-01
2.849968910217285156e+00 3.820595026016235352e+00 -2.453629732131958008e+00
2.962962388992309570e+00 3.515585660934448242e+00 -3.326980113983154297e+00
-9.867681860923767090e-01 3.797367334365844727e+00 -7.641181945800781250e-01
2.150589942932128906e+00 3.147590160369873047e+00 -4.385113716125488281e+00
1.143552176654338837e-02 4.165800571441650391e+00 -3.143088579177856445e+00
3.085212409496307373e-01 3.711763858795166016e+00 -4.698634147644042969e+00
2.382616281509399414e+00 3.808575391769409180e+00 -2.565970659255981445e+00
5.102662563323974609e+00 -8.743907809257507324e-01 -8.891274452209472656e+00
2.944445848464965820e+00 3.098982274532318115e-01 -9.605659484863281250e+00
5.065719127655029297e+00 5.070074796676635742e-01 -8.108898162841796875e+00
3.644618511199951172e+00 5.638284683227539062e-01 -8.966195106506347656e+00
2.524623632431030273e+00 5.029121041297912598e-01 -9.799045562744140625e+00
1.547771692276000977e+00 1.851284503936767578e+00 -9.911437988281250000e+00
3.326729536056518555e-01 3.152645826339721680e+00 -9.157031059265136719e+00
1.133359000086784363e-01 3.003933191299438477e+00 -1.045798873901367188e+01
5.658439636230468750e+00 2.809562206268310547e+00 -4.854801654815673828e+00
6.164912223815917969e+00 1.886093616485595703e+00 -6.085031986236572266e+00
4.703618526458740234e+00 2.690926551818847656e+00 -5.243371486663818359e+00
4.800205230712890625e+00 2.387257099151611328e+00 -5.956231594085693359e+00
6.614772319793701172e+00 3.746393918991088867e+00 -2.713386297225952148e+00
6.587203502655029297e+00 1.281065702438354492e+00 -6.421089172363281250e+00
5.715013027191162109e+00 1.668669342994689941e+00 -6.597190856933593750e+00
4.863451480865478516e+00 1.781899929046630859e+00 -7.033263206481933594e+00
2.739018201828002930e+00 2.853070259094238281e+00 -5.059553146362304688e+00
2.819687366485595703e+00 2.095135927200317383e+00 -7.358338832855224609e+00
2.030531167984008789e+00 2.331949949264526367e+00 -6.810831546783447266e+00
9.650555998086929321e-02 3.305699825286865234e+00 -6.271060466766357422e+00
2.736578583717346191e-01 2.963096141815185547e+00 -7.758302211761474609e+00
3.045131564140319824e-01 3.034739971160888672e+00 -8.136966705322265625e+00
-3.296112298965454102e+00 3.400921344757080078e+00 -2.584415435791015625e+00
-5.634405612945556641e+00 3.066712856292724609e+00 -7.731793880462646484e+00
-4.808142185211181641e+00 3.485144853591918945e+00 -7.636110305786132812e+00
-4.258287906646728516e+00 3.354218244552612305e+00 -6.674320697784423828e+00
-2.167077302932739258e+00 3.286949396133422852e+00 -2.315937578678131104e-01
-1.888905167579650879e+00 3.755192756652832031e+00 -1.355390667915344238e+00
-1.526098012924194336e+00 4.102560520172119141e+00 -2.469420433044433594e+00
-1.351356744766235352e+00 4.397088050842285156e+00 -3.694942712783813477e+00
-1.180966138839721680e+00 4.404311656951904297e+00 -4.988212585449218750e+00
-4.800507545471191406e+00 4.080220222473144531e+00 -8.506196975708007812e+00
-4.505597591400146484e+00 4.557259082794189453e+00 -9.025398254394531250e+00
-1.980767846107482910e+00 4.464181423187255859e+00 -7.512122154235839844e+00
-3.350116252899169922e+00 4.460180282592773438e+00 -8.332190513610839844e+00
-1.540711402893066406e+00 3.653875589370727539e+00 -1.119943809509277344e+01
-1.227864027023315430e+00 3.508800983428955078e+00 -1.106356525421142578e+01
-3.828375577926635742e+00 4.853790760040283203e+00 -1.070542812347412109e+01
-2.047561645507812500e+00 4.182224750518798828e+00 -9.851012229919433594e+00
-3.107735514640808105e-01 3.482509136199951172e+00 -9.966397285461425781e+00
-2.158046007156372070e+00 4.562421798706054688e+00 -6.121643066406250000e+00
5.284621238708496094e+00 3.158199071884155273e+00 2.393418312072753906e+00
6.046382904052734375e+00 3.104455709457397461e+00 1.825668334960937500e+00
1.966300368309020996e+00 7.050647139549255371e-01 -1.028610897064208984e+01
-5.160785913467407227e-01 2.796901226043701172e+00 -1.161561679840087891e+01
4.429763257503509521e-01 2.526906013488769531e+00 -1.076926326751708984e+01
