1.561381459236145020e+00 -4.937130451202392578e+00 -2.714417934417724609e+00
2.277556419372558594e+00 -4.787810325622558594e+00 -1.925663471221923828e+00
1.515120983123779297e+00 -4.793961524963378906e+00 -2.309920787811279297e+00
-5.068755149841308594e+00 -8.108420372009277344e+00 -7.822320938110351562e+00
-4.999216079711914062e+00 -8.062199592590332031e+00 -1.156807422637939453e+01
-4.184817314147949219e+00 -8.320967674255371094e+00 -9.419706344604492188e+00
-7.270844459533691406e+00 -7.468776226043701172e+00 -7.058961391448974609e+00
-7.775124549865722656e+00 -7.350733757019042969e+00 -7.967282772064208984e+00
-5.692180633544921875e+00 -8.128806114196777344e+00 -9.823752403259277344e+00
-6.220580101013183594e+00 -7.997233867645263672e+00 -9.061543464660644531e+00
-6.480816364288330078e+00 -7.345637798309326172e+00 -1.205454540252685547e+01
-8.411003112792968750e+00 -6.366235256195068359e+00 -1.057556724548339844e+01
-8.334325790405273438e+00 -6.190122127532958984e+00 -1.129363632202148438e+01
-9.642944335937500000e+00 -5.266729831695556641e+00 -8.362665176391601562e+00
-1.005154037475585938e+01 -4.324533939361572266e+00 -8.715872764587402344e+00
-9.587392807006835938e+00 -4.642565250396728516e+00 -1.086713027954101562e+01
-8.219955444335937500e+00 -6.690524578094482422e+00 -5.445891857147216797e+00
-9.067477226257324219e+00 -6.091653347015380859e+00 -4.930800914764404297e+00
-7.968186855316162109e+00 -5.744956970214843750e+00 -3.405239820480346680e+00
-8.496931076049804688e+00 -5.228392124176025391e+00 -2.226757764816284180e+00
-6.958445072174072266e+00 -5.439713478088378906e+00 -3.112973451614379883e+00
-2.594070434570312500e+00 -5.032360076904296875e+00 -1.548751711845397949e+00
-3.374344348907470703e+00 -4.882930278778076172e+00 -5.836658477783203125e-01
-1.441454291343688965e+00 -4.996896266937255859e+00 -2.382601648569107056e-01
-7.379854202270507812e+00 -3.212870597839355469e+00 2.310968160629272461e+00
-5.356090068817138672e+00 -3.513158321380615234e+00 1.278330683708190918e+00
-3.860646247863769531e+00 -5.068441390991210938e+00 -2.137068271636962891e+00
-7.304550647735595703e+00 -4.796145439147949219e+00 -1.627068758010864258e+00
-6.307967662811279297e+00 -5.166552066802978516e+00 -2.786906003952026367e+00
-3.739466190338134766e+00 -4.415199279785156250e+00 1.335872858762741089e-01
-4.768276691436767578e+00 -7.278624057769775391e+00 -5.294765949249267578e+00
-4.546086788177490234e+00 -6.498023033142089844e+00 -4.091029167175292969e+00
-2.280900001525878906e+00 -7.655205726623535156e+00 -6.417163848876953125e+00
-2.885226964950561523e+00 -7.167397975921630859e+00 -5.067190647125244141e+00
-2.215096235275268555e+00 -7.177077293395996094e+00 -5.299304962158203125e+00
-1.356684446334838867e+00 -6.802502155303955078e+00 -5.044327735900878906e+00
-2.780192136764526367e+00 -6.777132034301757812e+00 -4.439828395843505859e+00
-5.267878055572509766e+00 -6.850303649902343750e+00 -4.678936004638671875e+00
-6.153832435607910156e+00 -7.666546344757080078e+00 -6.741914272308349609e+00
-8.704750061035156250e+00 -6.650913715362548828e+00 -6.455025196075439453e+00
-1.417539954185485840e+00 -4.983453273773193359e+00 -1.836292743682861328e+00
-9.348380565643310547e-01 -5.045627593994140625e+00 -2.276989459991455078e+00
-2.241714000701904297e+00 -5.126148700714111328e+00 -2.023532152175903320e+00
-3.518022298812866211e-01 -5.091296672821044922e+00 -1.198401212692260742e+00
6.326869726181030273e-01 -4.625118732452392578e+00 -1.599662542343139648e+00
-8.148845434188842773e-01 -5.405508518218994141e+00 -3.020946264266967773e+00
-8.232586085796356201e-03 -5.502060413360595703e+00 -3.345667600631713867e+00
6.078358888626098633e-01 -4.769802093505859375e+00 -2.125972270965576172e+00
-9.515653610229492188e+00 -4.813763618469238281e+00 -2.045001268386840820e+00
-9.939459800720214844e+00 -4.890633106231689453e+00 -4.680420875549316406e+00
-9.351710319519042969e+00 -5.581449985504150391e+00 -3.831624269485473633e+00
-1.019553089141845703e+01 -3.759770154953002930e+00 -3.288636684417724609e+00
-1.031953334808349609e+01 -3.586160421371459961e+00 -4.715785980224609375e+00
-9.120072364807128906e+00 -4.087407112121582031e+00 3.085983693599700928e-01
-9.780759811401367188e+00 -4.173909187316894531e+00 -1.408977985382080078e+00
-9.820215225219726562e+00 -3.231187343597412109e+00 -2.805590033531188965e-01
-9.598976135253906250e+00 -2.926965236663818359e+00 9.018594026565551758e-01
-9.113419532775878906e+00 -2.722682476043701172e+00 2.166643142700195312e+00
-9.278919219970703125e+00 -1.629160642623901367e+00 1.269280433654785156e+00
-1.017266559600830078e+01 -2.694713830947875977e+00 -2.523944854736328125e+00
-1.009725379943847656e+01 -1.608349084854125977e+00 -2.652374267578125000e+00
-9.464821815490722656e+00 -1.292386770248413086e+00 -8.878744244575500488e-01
-7.937921524047851562e+00 -4.148332774639129639e-01 -6.467072367668151855e-01
-1.006292724609375000e+01 -4.635004520416259766e+00 -5.545740127563476562e+00
-1.034721660614013672e+01 -3.652260065078735352e+00 -5.424509525299072266e+00
-1.053356361389160156e+01 -2.258288860321044922e+00 -5.300989151000976562e+00
-1.059253215789794922e+01 -2.099942207336425781e+00 -5.871255874633789062e+00
-1.008294105529785156e+01 -6.587795615196228027e-01 -5.354238510131835938e+00
-1.059144973754882812e+01 -2.843143939971923828e+00 -7.961152553558349609e+00
-1.071322059631347656e+01 -1.947616219520568848e+00 -8.887307167053222656e+00
-1.060265922546386719e+01 -8.121026754379272461e-01 -8.517116546630859375e+00
-9.952613830566406250e+00 -3.312294781208038330e-01 -6.706043243408203125e+00
-8.383921623229980469e+00 -1.992240995168685913e-01 -2.253218889236450195e+00
-6.925357818603515625e+00 1.700310349464416504e+00 -3.687474012374877930e+00
-9.014305114746093750e+00 3.831427097320556641e-01 -6.203709125518798828e+00
-7.574048995971679688e+00 1.435876488685607910e+00 -4.989718437194824219e+00
1.316039752960205078e+01 -5.631498813629150391e+00 4.525201797485351562e+00
1.355581951141357422e+01 -6.255074501037597656e+00 7.847648262977600098e-01
1.304101276397705078e+01 -6.038242816925048828e+00 1.455568194389343262e+00
1.492003822326660156e+01 -5.988343715667724609e+00 1.958860635757446289e+00
1.476998996734619141e+01 -5.157390117645263672e+00 3.098819732666015625e+00
1.194610595703125000e+01 -5.708960056304931641e+00 2.730821609497070312e+00
4.373026371002197266e+00 -1.288472056388854980e+00 4.950870513916015625e+00
5.217423439025878906e+00 -1.059428215026855469e+00 6.067733764648437500e+00
6.649602413177490234e+00 -4.871020793914794922e+00 -1.670206785202026367e+00
8.912823677062988281e+00 -6.290462493896484375e+00 -1.242907166481018066e+00
8.122903823852539062e+00 -6.205241680145263672e+00 -1.083482980728149414e+00
7.449622154235839844e+00 -6.277060508728027344e+00 -4.962183833122253418e-01
2.553626060485839844e+00 -5.427737236022949219e+00 4.007690548896789551e-01
4.295636653900146484e+00 -4.718374729156494141e+00 -1.500069260597229004e+00
5.166961193084716797e+00 -5.116119384765625000e+00 -1.174296259880065918e+00
2.307367086410522461e+00 -4.297018527984619141e+00 -1.264485001564025879e+00
4.114449501037597656e+00 -4.747066974639892578e+00 -1.281585097312927246e+00
5.106192588806152344e+00 -5.583327293395996094e+00 2.136351466178894043e-01
5.805390357971191406e+00 -5.998512268066406250e+00 -6.124126315116882324e-01
3.095286846160888672e+00 -5.505234718322753906e+00 -5.921161174774169922e-01
9.438530921936035156e+00 -5.187897682189941406e+00 3.083048343658447266e+00
9.949250221252441406e+00 -4.941512584686279297e+00 4.950615882873535156e+00
9.915716171264648438e+00 -4.971026420593261719e+00 4.295584201812744141e+00
8.637077331542968750e+00 -4.207726001739501953e+00 5.399624347686767578e+00
8.917786598205566406e+00 -4.968330860137939453e+00 3.154222726821899414e+00
9.017175674438476562e+00 -5.912886619567871094e+00 1.426328539848327637e+00
8.679497718811035156e+00 -6.102448463439941406e+00 9.388601779937744141e-01
5.498925685882568359e+00 -1.388088941574096680e+00 4.084970951080322266e+00
6.160657405853271484e+00 -3.701444387435913086e+00 2.401195049285888672e+00
5.589811325073242188e+00 -3.976511716842651367e+00 1.872355222702026367e+00
4.509486675262451172e+00 -1.912354350090026855e+00 3.080949544906616211e+00
4.596851348876953125e+00 -1.534370064735412598e+00 3.749114990234375000e+00
6.882364749908447266e+00 -2.501640558242797852e+00 4.351908206939697266e+00
6.635889053344726562e+00 -2.089582920074462891e+00 5.590435981750488281e+00
6.540517807006835938e+00 -5.470682621002197266e+00 9.352451562881469727e-01
1.201860618591308594e+01 -4.656943321228027344e+00 6.078925132751464844e+00
1.381754589080810547e+01 -4.720379829406738281e+00 4.636759281158447266e+00
1.253918075561523438e+01 -3.701476335525512695e+00 4.980208396911621094e+00
1.345955181121826172e+01 -3.499637603759765625e+00 3.277624368667602539e+00
7.734854221343994141e+00 -3.146594047546386719e+00 6.803311347961425781e+00
7.287904739379882812e+00 -2.693657875061035156e+00 6.739250659942626953e+00
4.177318096160888672e+00 -6.805832982063293457e-01 6.790869235992431641e+00
9.550741195678710938e+00 -4.505666732788085938e+00 6.666585922241210938e+00
1.035977935791015625e+01 -3.315923929214477539e+00 6.843130111694335938e+00
1.070089626312255859e+01 -2.771682024002075195e+00 5.796824455261230469e+00
8.604353904724121094e+00 -1.811757087707519531e+00 6.663217067718505859e+00
8.958877563476562500e+00 -1.466203927993774414e+00 5.607219219207763672e+00
1.102094268798828125e+01 -2.502334117889404297e+00 4.668678283691406250e+00
1.135868644714355469e+01 -2.230656385421752930e+00 3.585469961166381836e+00
6.534610748291015625e+00 -1.693207859992980957e+00 6.430289268493652344e+00
7.683039188385009766e+00 -1.223096609115600586e+00 6.403442859649658203e+00
6.979618072509765625e+00 -2.458913624286651611e-01 5.775667667388916016e+00
6.226455688476562500e+00 -4.691554009914398193e-01 6.052043437957763672e+00
5.658367633819580078e+00 7.317374348640441895e-01 5.632502555847167969e+00
8.054071426391601562e+00 4.826465249061584473e-02 4.566930770874023438e+00
5.766365528106689453e+00 2.036047697067260742e+00 4.307089328765869141e+00
6.149799346923828125e+00 2.111667394638061523e+00 3.793956756591796875e+00
-2.135829925537109375e+00 -2.802230834960937500e+00 3.777168750762939453e+00
-1.525311827659606934e+00 -3.805584192276000977e+00 1.665497422218322754e+00
-1.478117823600769043e+00 -4.653815269470214844e+00 3.904354870319366455e-01
-1.622468948364257812e+00 -2.869194507598876953e+00 3.498946189880371094e+00
-2.533649206161499023e-01 -2.666188478469848633e+00 2.374436140060424805e+00
-5.072558403015136719e+00 -3.478149890899658203e+00 1.470150351524353027e+00
-4.360513687133789062e+00 -3.317074298858642578e+00 2.204837083816528320e+00
-5.806159496307373047e+00 -2.598832130432128906e+00 3.393784046173095703e+00
-5.280010700225830078e+00 -3.019352197647094727e+00 2.537953138351440430e+00
-4.096743106842041016e+00 -2.829581737518310547e+00 3.383545637130737305e+00
-2.760779857635498047e+00 -1.624575018882751465e+00 4.882410526275634766e+00
-5.654695987701416016e+00 -1.270890712738037109e+00 4.708842754364013672e+00
-5.350684165954589844e+00 -7.409217357635498047e-01 4.909343242645263672e+00
2.502562522888183594e+00 -1.764430403709411621e+00 3.666599750518798828e+00
1.351876974105834961e+00 -9.203054904937744141e-01 4.136063575744628906e+00
-7.356802374124526978e-02 -1.199131608009338379e+00 3.657390832901000977e+00
1.070095300674438477e+00 -3.545545041561126709e-01 4.677650451660156250e+00
2.463806629180908203e+00 -1.153741836547851562e+00 5.290747642517089844e+00
3.457830905914306641e+00 -7.420811653137207031e-01 6.640056133270263672e+00
1.092701315879821777e+00 7.240085005760192871e-01 5.418057918548583984e+00
-3.226920604705810547e+00 -1.393831610679626465e+00 5.010799407958984375e+00
-4.244950771331787109e+00 2.964177727699279785e-01 5.009184837341308594e+00
-2.752245187759399414e+00 5.590722560882568359e-01 5.134601116180419922e+00
-1.171815752983093262e+00 1.604843258857727051e+00 4.402982711791992188e+00
-3.888690233230590820e+00 1.015700340270996094e+00 4.046558856964111328e+00
-3.824806928634643555e+00 1.420569062232971191e+00 2.888967275619506836e+00
-1.797090917825698853e-01 -5.105390071868896484e+00 -8.129763603210449219e-02
2.959705591201782227e-01 -4.964935302734375000e+00 -1.178110390901565552e-01
8.137737512588500977e-01 -4.976325035095214844e+00 2.823284640908241272e-02
1.640210747718811035e+00 -3.814457416534423828e+00 1.412126183509826660e+00
1.481450438499450684e+00 -5.010911941528320312e+00 5.741940736770629883e-01
1.626499533653259277e+00 -3.773064136505126953e+00 -1.364872694015502930e+00
1.873141527175903320e+00 -2.645495891571044922e+00 2.350962400436401367e+00
2.279998540878295898e+00 1.368976593017578125e+00 5.548542976379394531e+00
2.872476577758789062e+00 2.387483358383178711e+00 4.236105918884277344e+00
2.604594230651855469e+00 2.939474344253540039e+00 3.025624752044677734e+00
-8.645701408386230469e-01 2.479361295700073242e+00 2.619519710540771484e+00
-6.672798991203308105e-01 1.940047144889831543e+00 4.183680534362792969e+00
5.687712430953979492e-01 2.539644479751586914e+00 3.250636577606201172e+00
-1.730299592018127441e+00 3.176479101181030273e+00 1.088017150759696960e-01
-7.586523056030273438e+00 -2.461293697357177734e+00 3.554469585418701172e+00
-7.329272270202636719e+00 -1.426518678665161133e+00 4.216650485992431641e+00
-7.960775852203369141e+00 -8.151471018791198730e-01 2.906870603561401367e+00
-6.812441349029541016e+00 -1.163586258888244629e+00 4.462679386138916016e+00
-7.016644954681396484e+00 -3.689247667789459229e-01 3.060089349746704102e+00
-6.420507907867431641e+00 1.888567209243774414e-01 1.420005321502685547e+00
-6.219525337219238281e+00 1.384915560483932495e-01 2.391307592391967773e+00
-6.926355838775634766e+00 2.311255335807800293e-01 -8.147779107093811035e-01
-3.745301246643066406e+00 1.649584531784057617e+00 1.846304655075073242e+00
-5.360952377319335938e+00 2.013916492462158203e+00 -1.994100451469421387e+00
-3.646242856979370117e+00 3.033519029617309570e+00 -1.670543313026428223e+00
3.348434925079345703e+00 5.188766717910766602e-01 6.460659027099609375e+00
2.969553470611572266e+00 1.625555396080017090e+00 5.370633125305175781e+00
3.826025247573852539e+00 2.009999513626098633e+00 4.845399379730224609e+00
4.535781383514404297e+00 2.593397855758666992e+00 3.813227415084838867e+00
3.881325006484985352e+00 3.126201391220092773e+00 2.989745140075683594e+00
7.764601230621337891e+00 -4.927619934082031250e+00 -3.959137678146362305e+00
2.377867221832275391e+00 -5.079708099365234375e+00 -3.052648067474365234e+00
5.496324539184570312e+00 -4.752237796783447266e+00 -2.522760629653930664e+00
6.323002338409423828e+00 -4.705451011657714844e+00 -2.969835042953491211e+00
3.034195899963378906e+00 -5.019751548767089844e+00 -2.933686733245849609e+00
2.090730905532836914e+00 -5.933832645416259766e+00 -5.250869274139404297e+00
2.626766920089721680e+00 -5.809710502624511719e+00 -6.252781391143798828e+00
3.890949487686157227e+00 -5.143980026245117188e+00 -5.597465038299560547e+00
5.925441741943359375e+00 -4.827692031860351562e+00 -3.729967832565307617e+00
7.161215782165527344e+00 -4.980023860931396484e+00 -4.067190647125244141e+00
2.443011522293090820e+00 -5.621903896331787109e+00 -8.458062171936035156e+00
8.323170661926269531e+00 -4.994600296020507812e+00 -6.005883693695068359e+00
3.300036430358886719e+00 -5.333235263824462891e+00 -7.115504264831542969e+00
3.713175535202026367e+00 -4.724533557891845703e+00 -7.898527622222900391e+00
6.291136741638183594e+00 -5.081200122833251953e+00 -5.376059055328369141e+00
7.410054206848144531e+00 -4.940094470977783203e+00 -6.328220844268798828e+00
5.879881858825683594e+00 -4.184560775756835938e+00 -7.250715255737304688e+00
7.536468505859375000e+00 -4.038899898529052734e+00 -7.365433216094970703e+00
5.590043544769287109e+00 -3.868757247924804688e+00 -7.627760887145996094e+00
5.160375118255615234e+00 -2.841581583023071289e+00 -8.642951011657714844e+00
5.233797073364257812e+00 -2.081910610198974609e+00 -8.896177291870117188e+00
-3.348850727081298828e+00 -7.971024036407470703e+00 -1.205616283416748047e+01
-3.130880117416381836e+00 -8.215270996093750000e+00 -1.051688003540039062e+01
-3.961114406585693359e+00 -7.544301509857177734e+00 -1.315943908691406250e+01
-1.581758499145507812e+00 -6.563391208648681641e+00 -1.324220371246337891e+01
-3.556473255157470703e+00 -6.334799766540527344e+00 -1.445999813079833984e+01
-3.375026464462280273e+00 -5.281425476074218750e+00 -1.519244575500488281e+01
-6.631698131561279297e+00 -6.538318634033203125e+00 -1.317153167724609375e+01
-7.072941780090332031e+00 -6.214603900909423828e+00 -1.318917083740234375e+01
-7.758841991424560547e+00 -5.235555648803710938e+00 -1.367631626129150391e+01
-5.719783782958984375e+00 -7.133298873901367188e+00 -1.307844924926757812e+01
-8.475847244262695312e+00 -5.368455410003662109e+00 -1.256486129760742188e+01
-7.364238739013671875e+00 -4.567556858062744141e+00 -1.457444381713867188e+01
-4.151281833648681641e+00 -5.535955905914306641e+00 -1.502932834625244141e+01
-5.995717525482177734e+00 -4.383874893188476562e+00 -1.525770282745361328e+01
-2.711439847946166992e+00 -5.388056755065917969e+00 -1.501342868804931641e+01
-2.177392959594726562e+00 -4.296089172363281250e+00 -1.536937999725341797e+01
-3.722514629364013672e+00 -3.716528177261352539e+00 -1.575239372253417969e+01
-2.790679693222045898e+00 -3.188015937805175781e+00 -1.571582889556884766e+01
-4.990236282348632812e+00 -2.650645017623901367e+00 -1.593961524963378906e+01
-3.921268701553344727e+00 -1.505168318748474121e+00 -1.593534088134765625e+01
-9.300889968872070312e+00 -4.442333698272705078e+00 -1.222171878814697266e+01
-8.935023307800292969e+00 -4.003582000732421875e+00 -1.344698524475097656e+01
-9.911644935607910156e+00 -2.863692522048950195e+00 -1.234650135040283203e+01
-1.040243339538574219e+01 -1.441440701484680176e+00 -1.151849937438964844e+01
-8.549505233764648438e+00 -3.352185010910034180e+00 -1.436119079589843750e+01
-7.692283630371093750e+00 -2.969020843505859375e+00 -1.519829654693603516e+01
-9.822257995605468750e+00 -9.252776503562927246e-01 -1.328292369842529297e+01
-9.375539779663085938e+00 -3.318438529968261719e-01 -1.420426654815673828e+01
-8.488565444946289062e+00 -9.553561210632324219e-01 -1.507365512847900391e+01
-7.135899066925048828e+00 1.580277681350708008e-01 -1.576941490173339844e+01
-7.628221511840820312e+00 8.120301961898803711e-01 -1.553523159027099609e+01
-1.522297859191894531e+00 -7.555797576904296875e+00 -6.888893604278564453e+00
-4.216327965259552002e-01 -7.156598091125488281e+00 -8.631913185119628906e+00
7.338932901620864868e-02 -6.570000171661376953e+00 -5.590491294860839844e+00
6.187937855720520020e-01 -6.685957908630371094e+00 -6.757563114166259766e+00
-2.400460839271545410e-01 -6.930892467498779297e+00 -9.610884666442871094e+00
-5.083701759576797485e-02 -5.895391464233398438e+00 -1.240216922760009766e+01
1.352778673171997070e+00 -6.390758514404296875e+00 -6.419640064239501953e+00
2.021257162094116211e+00 -5.952907085418701172e+00 -8.191342353820800781e+00
-7.605459094047546387e-01 -5.087495326995849609e+00 -1.430391788482666016e+01
1.024263858795166016e+00 -4.963315963745117188e+00 -1.243795490264892578e+01
-1.230756044387817383e+00 -3.740127801895141602e+00 -1.520263290405273438e+01
-1.926653534173965454e-01 -3.007765769958496094e+00 -1.485941886901855469e+01
1.960055708885192871e+00 -5.053931713104248047e+00 -1.069767570495605469e+01
-1.088233828544616699e+00 -2.406061649322509766e+00 -1.528138542175292969e+01
-1.307687997817993164e+00 -1.698044180870056152e+00 -1.534079742431640625e+01
2.141942262649536133e+00 -3.536999464035034180e+00 -1.149268722534179688e+01
8.848159313201904297e-01 -1.870614767074584961e+00 -1.348723888397216797e+01
7.972322702407836914e-01 -1.144428014755249023e+00 -1.333451461791992188e+01
-2.606633186340332031e+00 -1.779773235321044922e+00 -1.569883537292480469e+01
-2.676279067993164062e+00 -8.108061552047729492e-01 -1.564127349853515625e+01
-5.085744380950927734e+00 4.528222084045410156e-01 -1.588874149322509766e+01
-2.886801242828369141e+00 1.006667613983154297e+00 -1.536754894256591797e+01
-2.164682626724243164e+00 1.174028635025024414e+00 -1.512487697601318359e+01
-4.977944195270538330e-01 1.149332523345947266e+00 -1.389055156707763672e+01
-2.882489919662475586e+00 2.079461574554443359e+00 -1.503618335723876953e+01
-2.466211318969726562e+00 2.788011789321899414e+00 -1.464690399169921875e+01
2.704100608825683594e+00 -3.968537092208862305e+00 -1.033761215209960938e+01
3.521452188491821289e+00 -2.612049341201782227e+00 -1.011209583282470703e+01
3.013413190841674805e+00 -1.849478840827941895e+00 -1.085307407379150391e+01
9.647070765495300293e-01 -2.818723022937774658e-01 -1.281359958648681641e+01
1.483510255813598633e+00 5.688305012881755829e-03 -1.211050605773925781e+01
2.349501848220825195e+00 -2.196957319974899292e-01 -1.122719478607177734e+01
1.081550836563110352e+00 4.162536859512329102e-01 -1.233613300323486328e+01
-1.051339626312255859e+01 -9.683516025543212891e-01 -1.099346065521240234e+01
-9.968903541564941406e+00 6.822140812873840332e-01 -1.292138862609863281e+01
-1.030462455749511719e+01 -1.657521724700927734e-02 -1.048626041412353516e+01
-1.007366943359375000e+01 -1.220212578773498535e-01 -9.024291038513183594e+00
-9.727220535278320312e+00 5.421951413154602051e-01 -1.002747535705566406e+01
-9.964748382568359375e+00 9.218277335166931152e-01 -1.155207920074462891e+01
-9.433511734008789062e+00 2.031063079833984375e+00 -1.278521347045898438e+01
-8.821328163146972656e+00 1.395763158798217773e+00 -9.342838287353515625e+00
-8.417493820190429688e+00 2.397235155105590820e+00 -1.037492561340332031e+01
-8.195445060729980469e+00 1.152850985527038574e+00 -6.071702480316162109e+00
-7.959847927093505859e+00 1.590831995010375977e+00 -7.152517318725585938e+00
-8.282036781311035156e+00 1.877774834632873535e+00 -8.738274574279785156e+00
-7.898718357086181641e+00 2.546371221542358398e+00 -9.733216285705566406e+00
-6.296324253082275391e+00 2.695601701736450195e+00 -7.680123805999755859e+00
-6.212939262390136719e+00 3.005360841751098633e+00 -8.163299560546875000e+00
-8.635257720947265625e+00 2.197983503341674805e+00 -1.429135990142822266e+01
-8.037138938903808594e+00 2.227260828018188477e+00 -1.473137187957763672e+01
-7.637554168701171875e+00 3.438606262207031250e+00 -1.351272106170654297e+01
-6.656198501586914062e+00 4.261374473571777344e+00 -1.313738155364990234e+01
-6.101294040679931641e+00 1.892518758773803711e+00 -1.547599887847900391e+01
-5.845639228820800781e+00 2.182790756225585938e+00 -1.532712173461914062e+01
-5.171400547027587891e+00 3.965975522994995117e+00 -1.412230300903320312e+01
-4.615566730499267578e+00 3.959403038024902344e+00 -1.424975967407226562e+01
-5.868411064147949219e+00 3.768378496170043945e+00 -1.412547874450683594e+01
-8.273981094360351562e+00 3.280504703521728516e+00 -1.224717521667480469e+01
-6.243291378021240234e+00 4.411541461944580078e+00 -1.238231849670410156e+01
-5.556001186370849609e+00 4.380540370941162109e+00 -1.074493026733398438e+01
-3.388822317123413086e+00 4.232538700103759766e+00 -1.348930644989013672e+01
-3.170516729354858398e+00 4.294264793395996094e+00 -1.287136650085449219e+01
-5.219849109649658203e+00 4.432822227478027344e+00 -1.222062683105468750e+01
-4.468663692474365234e+00 4.634067058563232422e+00 -1.232755279541015625e+01
-3.216300487518310547e+00 4.684733390808105469e+00 -1.144426536560058594e+01
-4.957640647888183594e+00 4.784794807434082031e+00 -1.084968185424804688e+01
-3.795045852661132812e+00 4.891317367553710938e+00 -1.117270183563232422e+01
-6.639286518096923828e+00 3.681096315383911133e+00 -1.050306224822998047e+01
-5.930612564086914062e+00 3.621435880661010742e+00 -9.036143302917480469e+00
3.058274984359741211e+00 -1.923683136701583862e-01 -1.030143165588378906e+01
-1.384722888469696045e-01 1.527884006500244141e+00 -1.287772560119628906e+01
-2.114196538925170898e+00 3.220507144927978516e+00 -1.359570217132568359e+01
9.962701201438903809e-01 8.007601499557495117e-01 -1.168889141082763672e+01
-1.053793787956237793e+00 2.883455991744995117e+00 -1.233897018432617188e+01
-2.713570117950439453e+00 3.844875812530517578e+00 -1.327128601074218750e+01
-1.649566411972045898e+00 3.645812511444091797e+00 -1.187598705291748047e+01
1.143983745574951172e+01 -6.543880939483642578e+00 -3.362193107604980469e+00
1.333452320098876953e+01 -6.729156494140625000e+00 -1.703984975814819336e+00
1.117576885223388672e+01 -6.464704990386962891e+00 -8.282570838928222656e-01
1.098260021209716797e+01 -6.488996505737304688e+00 -2.584894895553588867e+00
1.436359977722167969e+01 -6.962605476379394531e+00 -5.003675460815429688e+00
1.199408817291259766e+01 -6.605900764465332031e+00 -3.963831663131713867e+00
1.270660495758056641e+01 -6.580920219421386719e+00 -5.457914829254150391e+00
1.315702056884765625e+01 -6.893174171447753906e+00 -3.648692607879638672e+00
1.563668823242187500e+01 -7.036065578460693359e+00 -3.573691606521606445e+00
1.607566261291503906e+01 -5.962474822998046875e+00 -4.156612396240234375e+00
1.625356674194335938e+01 -6.509757518768310547e+00 -1.143256425857543945e+00
1.638396644592285156e+01 -5.711066722869873047e+00 -2.023538351058959961e+00
1.458839511871337891e+01 -6.614212512969970703e+00 8.005904406309127808e-02
1.482326030731201172e+01 -6.966632843017578125e+00 -1.525754690170288086e+00
1.538305568695068359e+01 -6.259212493896484375e+00 9.992124438285827637e-01
1.480533027648925781e+01 -4.134254455566406250e+00 2.025567531585693359e+00
1.515142536163330078e+01 -4.248566627502441406e+00 9.186480641365051270e-01
1.433636760711669922e+01 -3.406965494155883789e+00 1.079504609107971191e+00
1.581680583953857422e+01 -4.923811435699462891e+00 -3.324817895889282227e+00
1.524412250518798828e+01 -4.061529159545898438e+00 -2.546257495880126953e+00
1.522696971893310547e+01 -3.984006643295288086e+00 -9.856908917427062988e-01
1.498327159881591797e+01 -3.643460512161254883e+00 -1.485090017318725586e+00
1.432838249206542969e+01 -2.892423152923583984e+00 -8.457199335098266602e-01
1.381839847564697266e+01 -6.746231555938720703e+00 -6.224298000335693359e+00
1.525962448120117188e+01 -5.950007915496826172e+00 -6.522542476654052734e+00
1.237447547912597656e+01 -6.452505588531494141e+00 -6.642385482788085938e+00
1.291799449920654297e+01 -5.913991451263427734e+00 -7.425728321075439453e+00
1.593570518493652344e+01 -5.853286743164062500e+00 -5.616606235504150391e+00
1.561773490905761719e+01 -5.088628292083740234e+00 -5.910862445831298828e+00
1.504015350341796875e+01 -4.421907424926757812e+00 -5.515319347381591797e+00
1.326028156280517578e+01 -5.521324634552001953e+00 -7.281361103057861328e+00
1.263062858581542969e+01 -4.964620113372802734e+00 -6.592752456665039062e+00
1.349374675750732422e+01 -4.480601310729980469e+00 -6.071227073669433594e+00
1.362003993988037109e+01 -3.389026880264282227e+00 -4.914712905883789062e+00
1.500544929504394531e+01 -3.738993644714355469e+00 -2.787161350250244141e+00
1.492181301116943359e+01 -3.756058454513549805e+00 -4.472544670104980469e+00
1.437730312347412109e+01 -2.906882047653198242e+00 -3.719630718231201172e+00
1.016403770446777344e+01 -6.025922298431396484e+00 -2.737354278564453125e+00
6.992985248565673828e+00 -4.782180309295654297e+00 -2.368334293365478516e+00
7.278384685516357422e+00 -4.859185218811035156e+00 -1.942385673522949219e+00
6.846284866333007812e+00 -4.716193675994873047e+00 -2.930545806884765625e+00
1.048632240295410156e+01 -6.313617229461669922e+00 -2.334325790405273438e+00
9.012923240661621094e+00 -5.552502632141113281e+00 -1.939514398574829102e+00
7.950881481170654297e+00 -5.123072624206542969e+00 -1.573810696601867676e+00
9.601090431213378906e+00 -5.547609329223632812e+00 -3.428903579711914062e+00
9.958197593688964844e+00 -5.559011936187744141e+00 -4.656524658203125000e+00
8.335021972656250000e+00 -5.006200313568115234e+00 -3.955124616622924805e+00
1.354683303833007812e+01 -2.222576141357421875e+00 1.549078337848186493e-02
1.217116546630859375e+01 -9.048053026199340820e-01 -9.881173968315124512e-01
1.096897792816162109e+01 -5.971201419830322266e+00 -5.486583709716796875e+00
1.103256130218505859e+01 -5.425331592559814453e+00 -6.017515182495117188e+00
9.599702835083007812e+00 -5.081832408905029297e+00 -5.191082954406738281e+00
1.172246551513671875e+01 -4.702050685882568359e+00 -6.152438163757324219e+00
9.185821533203125000e+00 -4.324403285980224609e+00 -6.404892921447753906e+00
1.040596199035644531e+01 -3.546382904052734375e+00 -5.849732398986816406e+00
1.247720432281494141e+01 -3.688293933868408203e+00 -5.427853107452392578e+00
1.065115165710449219e+01 -3.203259944915771484e+00 -5.642020702362060547e+00
1.067297172546386719e+01 -2.276037216186523438e+00 -5.224463939666748047e+00
8.545269012451171875e+00 -3.684791088104248047e+00 -7.020654201507568359e+00
9.055516242980957031e+00 -3.085266828536987305e+00 -6.553590774536132812e+00
8.056646347045898438e+00 -2.033797979354858398e+00 -6.896158695220947266e+00
1.040876865386962891e+01 -1.609164834022521973e+00 -5.088059902191162109e+00
8.258482933044433594e+00 -1.708412408828735352e+00 -6.626709938049316406e+00
8.751638412475585938e+00 -4.853981435298919678e-01 -5.828773021697998047e+00
7.282048702239990234e+00 -1.682586371898651123e-01 -6.907006263732910156e+00
1.327855682373046875e+01 -2.137389183044433594e+00 -4.021738529205322266e+00
1.345762729644775391e+01 -1.698138117790222168e+00 -1.891295433044433594e+00
1.321865463256835938e+01 -1.331110596656799316e+00 -3.107542753219604492e+00
1.239411449432373047e+01 -4.627113342285156250e-01 -2.184606790542602539e+00
1.206247901916503906e+01 -1.296269297599792480e-01 -2.798907518386840820e+00
1.241337013244628906e+01 -1.927582502365112305e+00 -4.321892738342285156e+00
1.121526622772216797e+01 -1.242029786109924316e+00 -4.450449466705322266e+00
1.150373744964599609e+01 -5.817377567291259766e-01 -3.832265615463256836e+00
1.016160202026367188e+01 1.516289710998535156e+00 -1.702971696853637695e+00
9.292713165283203125e+00 2.351116657257080078e+00 -2.853625535964965820e+00
9.334529876708984375e+00 2.290843963623046875e+00 -3.334284305572509766e+00
8.575019836425781250e+00 2.911364078521728516e+00 -2.349597930908203125e+00
1.021373558044433594e+01 -9.203761219978332520e-01 -4.978619098663330078e+00
1.065544414520263672e+01 2.900476455688476562e-01 -4.101409912109375000e+00
8.369107246398925781e+00 1.258260011672973633e-01 -5.845609188079833984e+00
7.015764713287353516e+00 9.805265069007873535e-01 -6.419995307922363281e+00
1.386062622070312500e+01 -3.514750003814697266e+00 2.638989686965942383e+00
1.241139793395996094e+01 -2.560346126556396484e+00 2.948321819305419922e+00
1.117171859741210938e+01 -1.014426469802856445e+00 1.472864866256713867e+00
1.136476802825927734e+01 -7.733809947967529297e-01 3.230707049369812012e-01
9.876339912414550781e+00 -6.430102586746215820e-01 3.176536798477172852e+00
8.792596817016601562e+00 7.735538482666015625e-01 2.652549028396606445e+00
9.336987495422363281e+00 4.605743885040283203e-01 2.120779275894165039e+00
7.286971569061279297e+00 1.860916852951049805e+00 3.012514829635620117e+00
7.140128135681152344e+00 2.580371618270874023e+00 1.869671702384948730e+00
9.725756645202636719e+00 7.457427978515625000e-01 3.839123547077178955e-01
9.995129585266113281e+00 1.198673725128173828e+00 -9.482600688934326172e-01
7.970825672149658203e+00 2.540947198867797852e+00 4.475141465663909912e-01
3.352459907531738281e+00 4.273000717163085938e+00 -3.413130939006805420e-01
6.214706897735595703e+00 3.508091211318969727e+00 2.952261269092559814e-01
5.480860710144042969e+00 4.034944534301757812e+00 -2.218227386474609375e+00
3.673939704895019531e+00 4.388517379760742188e+00 -6.788091659545898438e-01
2.848968744277954102e+00 3.822555780410766602e+00 -2.452115058898925781e+00
2.962997436523437500e+00 3.515864372253417969e+00 -3.326667070388793945e+00
-9.873097538948059082e-01 3.795784473419189453e+00 -7.651624083518981934e-01
2.151118755340576172e+00 3.148855924606323242e+00 -4.385653018951416016e+00
1.144105754792690277e-02 4.164161205291748047e+00 -3.142851352691650391e+00
3.082513809204101562e-01 3.712057113647460938e+00 -4.697866916656494141e+00
2.382717847824096680e+00 3.813315868377685547e+00 -2.565143585205078125e+00
5.102823257446289062e+00 -8.751612901687622070e-01 -8.891914367675781250e+00
2.944161891937255859e+00 3.080640137195587158e-01 -9.605930328369140625e+00
5.065085887908935547e+00 5.052744150161743164e-01 -8.108490943908691406e+00
3.643952131271362305e+00 5.622898936271667480e-01 -8.965238571166992188e+00
2.524130344390869141e+00 5.014871954917907715e-01 -9.798935890197753906e+00
1.547209262847900391e+00 1.849534392356872559e+00 -9.910863876342773438e+00
3.316934704780578613e-01 3.150939226150512695e+00 -9.156722068786621094e+00
1.126685589551925659e-01 3.002633810043334961e+00 -1.045755577087402344e+01
5.657432079315185547e+00 2.807891607284545898e+00 -4.853768348693847656e+00
6.164397716522216797e+00 1.885570049285888672e+00 -6.085005283355712891e+00
4.702927589416503906e+00 2.691619873046875000e+00 -5.243530273437500000e+00
4.801002025604248047e+00 2.387676477432250977e+00 -5.956015110015869141e+00
6.614976882934570312e+00 3.745899915695190430e+00 -2.714041233062744141e+00
6.586753368377685547e+00 1.280840873718261719e+00 -6.421848773956298828e+00
5.716454029083251953e+00 1.669020295143127441e+00 -6.599674701690673828e+00
4.862448692321777344e+00 1.779543399810791016e+00 -7.031695842742919922e+00
2.739408254623413086e+00 2.855285882949829102e+00 -5.060544490814208984e+00
2.818739175796508789e+00 2.091171264648437500e+00 -7.356873035430908203e+00
2.030353069305419922e+00 2.331709384918212891e+00 -6.810783863067626953e+00
9.650604426860809326e-02 3.304071187973022461e+00 -6.270939826965332031e+00
2.734336853027343750e-01 2.961307764053344727e+00 -7.757583141326904297e+00
3.040946722030639648e-01 3.033627510070800781e+00 -8.136606216430664062e+00
-3.296052217483520508e+00 3.400701522827148438e+00 -2.584882497787475586e+00
-5.631984710693359375e+00 3.064415693283081055e+00 -7.732710838317871094e+00
-4.808005332946777344e+00 3.484206914901733398e+00 -7.636626243591308594e+00
-4.257135391235351562e+00 3.353093147277832031e+00 -6.675195693969726562e+00
-2.166726589202880859e+00 3.286676883697509766e+00 -2.324331849813461304e-01
-1.888432502746582031e+00 3.753607511520385742e+00 -1.355783224105834961e+00
-1.526532411575317383e+00 4.101455688476562500e+00 -2.470626592636108398e+00
-1.351796388626098633e+00 4.398969173431396484e+00 -3.695262193679809570e+00
-1.181278347969055176e+00 4.404948234558105469e+00 -4.989006519317626953e+00
-4.800036430358886719e+00 4.078710079193115234e+00 -8.506561279296875000e+00
-4.505162239074707031e+00 4.556684970855712891e+00 -9.025926589965820312e+00
-1.980527043342590332e+00 4.464747905731201172e+00 -7.512405872344970703e+00
-3.349895954132080078e+00 4.459847927093505859e+00 -8.332920074462890625e+00
-1.540664911270141602e+00 3.653740644454956055e+00 -1.119886112213134766e+01
-1.228067278861999512e+00 3.508425951004028320e+00 -1.106301403045654297e+01
-3.827622652053833008e+00 4.853986740112304688e+00 -1.070592498779296875e+01
-2.047383785247802734e+00 4.182257652282714844e+00 -9.851037025451660156e+00
-3.109431266784667969e-01 3.481843709945678711e+00 -9.966184616088867188e+00
-2.157292604446411133e+00 4.564059257507324219e+00 -6.123224258422851562e+00
5.286860466003417969e+00 3.157947063446044922e+00 2.394114732742309570e+00
6.052917003631591797e+00 3.108726501464843750e+00 1.825294375419616699e+00
1.966096282005310059e+00 7.040010690689086914e-01 -1.028560352325439453e+01
-5.163350105285644531e-01 2.796098709106445312e+00 -1.161502265930175781e+01
4.423694610595703125e-01 2.525448560714721680e+00 -1.076855182647705078e+01
