1.558696746826171875e+00 -4.939975738525390625e+00 -2.708728075027465820e+00
2.270326852798461914e+00 -4.798968791961669922e+00 -1.909304976463317871e+00
1.511614918708801270e+00 -4.798328399658203125e+00 -2.300492048263549805e+00
-5.068945407867431641e+00 -8.108974456787109375e+00 -7.821999073028564453e+00
-4.999642372131347656e+00 -8.062064170837402344e+00 -1.156768894195556641e+01
-4.184973239898681641e+00 -8.321569442749023438e+00 -9.419384956359863281e+00
-7.270954132080078125e+00 -7.468510627746582031e+00 -7.059031486511230469e+00
-7.775079250335693359e+00 -7.350851058959960938e+00 -7.967351913452148438e+00
-5.692455291748046875e+00 -8.129176139831542969e+00 -9.823536872863769531e+00
-6.220791816711425781e+00 -7.997839927673339844e+00 -9.061459541320800781e+00
-6.480760097503662109e+00 -7.345561504364013672e+00 -1.205407238006591797e+01
-8.411033630371093750e+00 -6.366930007934570312e+00 -1.057551097869873047e+01
-8.333409309387207031e+00 -6.190249919891357422e+00 -1.129369163513183594e+01
-9.642914772033691406e+00 -5.267817020416259766e+00 -8.362589836120605469e+00
-1.005122184753417969e+01 -4.326066970825195312e+00 -8.715908050537109375e+00
-9.588304519653320312e+00 -4.644137382507324219e+00 -1.086714839935302734e+01
-8.220140457153320312e+00 -6.690229892730712891e+00 -5.445653438568115234e+00
-9.067673683166503906e+00 -6.091531276702880859e+00 -4.930446624755859375e+00
-7.968515872955322266e+00 -5.744200229644775391e+00 -3.404622554779052734e+00
-8.497200965881347656e+00 -5.225906848907470703e+00 -2.226495027542114258e+00
-6.958928585052490234e+00 -5.438249588012695312e+00 -3.112593412399291992e+00
-2.595262527465820312e+00 -5.026726722717285156e+00 -1.548668980598449707e+00
-3.374767780303955078e+00 -4.876891136169433594e+00 -5.834020972251892090e-01
-1.442791938781738281e+00 -4.986516475677490234e+00 -2.381589114665985107e-01
-7.379284858703613281e+00 -3.210355043411254883e+00 2.313204526901245117e+00
-5.356275081634521484e+00 -3.513581037521362305e+00 1.281257271766662598e+00
-3.861482858657836914e+00 -5.064623355865478516e+00 -2.137104272842407227e+00
-7.304888725280761719e+00 -4.793194770812988281e+00 -1.627278685569763184e+00
-6.308566093444824219e+00 -5.164603233337402344e+00 -2.786947488784790039e+00
-3.739655494689941406e+00 -4.413541316986083984e+00 1.358330845832824707e-01
-4.768355846405029297e+00 -7.278661251068115234e+00 -5.294342994689941406e+00
-4.546264648437500000e+00 -6.496310234069824219e+00 -4.090937614440917969e+00
-2.281053781509399414e+00 -7.655267715454101562e+00 -6.416477680206298828e+00
-2.885490894317626953e+00 -7.166882514953613281e+00 -5.066485881805419922e+00
-2.215410709381103516e+00 -7.177048683166503906e+00 -5.298010349273681641e+00
-1.357650399208068848e+00 -6.801342010498046875e+00 -5.042837619781494141e+00
-2.780615806579589844e+00 -6.775216579437255859e+00 -4.439345836639404297e+00
-5.267784595489501953e+00 -6.849941253662109375e+00 -4.678576946258544922e+00
-6.154030323028564453e+00 -7.666860580444335938e+00 -6.741721153259277344e+00
-8.704604148864746094e+00 -6.651126384735107422e+00 -6.455057144165039062e+00
-1.419432640075683594e+00 -4.977963447570800781e+00 -1.835236787796020508e+00
-9.370938539505004883e-01 -5.040634632110595703e+00 -2.275691270828247070e+00
-2.243385314941406250e+00 -5.121190071105957031e+00 -2.023188114166259766e+00
-3.536910116672515869e-01 -5.084547042846679688e+00 -1.195958375930786133e+00
6.310389041900634766e-01 -4.622508525848388672e+00 -1.592903971672058105e+00
-8.165692687034606934e-01 -5.402994632720947266e+00 -3.019308328628540039e+00
-1.029818877577781677e-02 -5.501847743988037109e+00 -3.343073606491088867e+00
6.052876114845275879e-01 -4.767493247985839844e+00 -2.122099637985229492e+00
-9.516011238098144531e+00 -4.812965393066406250e+00 -2.043278217315673828e+00
-9.940455436706542969e+00 -4.890490531921386719e+00 -4.679788589477539062e+00
-9.352159500122070312e+00 -5.580595970153808594e+00 -3.830775022506713867e+00
-1.019672298431396484e+01 -3.759507894515991211e+00 -3.286761045455932617e+00
-1.031975746154785156e+01 -3.585684061050415039e+00 -4.715465068817138672e+00
-9.120449066162109375e+00 -4.086408615112304688e+00 3.108847439289093018e-01
-9.781951904296875000e+00 -4.174680709838867188e+00 -1.406024456024169922e+00
-9.820815086364746094e+00 -3.231035709381103516e+00 -2.775025069713592529e-01
-9.599164009094238281e+00 -2.925863265991210938e+00 9.048203825950622559e-01
-9.113038063049316406e+00 -2.720343589782714844e+00 2.169847965240478516e+00
-9.279390335083007812e+00 -1.628666996955871582e+00 1.271151065826416016e+00
-1.017332077026367188e+01 -2.694813489913940430e+00 -2.521898508071899414e+00
-1.009777259826660156e+01 -1.608654618263244629e+00 -2.651710510253906250e+00
-9.465066909790039062e+00 -1.292682290077209473e+00 -8.867109417915344238e-01
-7.936758995056152344e+00 -4.176005125045776367e-01 -6.465028524398803711e-01
-1.006324672698974609e+01 -4.635282516479492188e+00 -5.545518398284912109e+00
-1.034765911102294922e+01 -3.652095317840576172e+00 -5.425033569335937500e+00
-1.053371143341064453e+01 -2.257760524749755859e+00 -5.301300525665283203e+00
-1.059142398834228516e+01 -2.099517107009887695e+00 -5.871623992919921875e+00
-1.008321094512939453e+01 -6.581068038940429688e-01 -5.353445053100585938e+00
-1.059032726287841797e+01 -2.844721555709838867e+00 -7.961826324462890625e+00
-1.071299171447753906e+01 -1.949375033378601074e+00 -8.886627197265625000e+00
-1.060183525085449219e+01 -8.145371079444885254e-01 -8.516691207885742188e+00
-9.951784133911132812e+00 -3.331820070743560791e-01 -6.705542564392089844e+00
-8.383205413818359375e+00 -2.021993249654769897e-01 -2.253349065780639648e+00
-6.927117347717285156e+00 1.702346444129943848e+00 -3.687879085540771484e+00
-9.015189170837402344e+00 3.833792805671691895e-01 -6.203325748443603516e+00
-7.576013565063476562e+00 1.439180731773376465e+00 -4.988860607147216797e+00
1.330336284637451172e+01 -4.709672927856445312e+00 4.211931228637695312e+00
1.356653213500976562e+01 -6.047937393188476562e+00 7.160561084747314453e-01
1.306669902801513672e+01 -5.800833702087402344e+00 1.368363857269287109e+00
1.494598197937011719e+01 -5.598258972167968750e+00 1.849783420562744141e+00
1.483256053924560547e+01 -4.545767784118652344e+00 2.872973442077636719e+00
1.200287437438964844e+01 -5.348433494567871094e+00 2.600134611129760742e+00
4.450527667999267578e+00 -9.534003734588623047e-01 4.850683689117431641e+00
5.344913005828857422e+00 -4.887094497680664062e-01 5.936470031738281250e+00
6.631571292877197266e+00 -4.873262405395507812e+00 -1.643588662147521973e+00
8.906785964965820312e+00 -6.267360687255859375e+00 -1.242017626762390137e+00
8.113579750061035156e+00 -6.196511268615722656e+00 -1.075341939926147461e+00
7.440616130828857422e+00 -6.278164386749267578e+00 -4.763527810573577881e-01
2.542058944702148438e+00 -5.431463241577148438e+00 4.270127415657043457e-01
4.281487941741943359e+00 -4.736315727233886719e+00 -1.470301389694213867e+00
5.148960590362548828e+00 -5.140843391418457031e+00 -1.138900518417358398e+00
2.300929307937622070e+00 -4.314655780792236328e+00 -1.235319137573242188e+00
4.100534439086914062e+00 -4.768649101257324219e+00 -1.245425105094909668e+00
5.094192981719970703e+00 -5.606224060058593750e+00 2.517160475254058838e-01
5.789733409881591797e+00 -6.016732692718505859e+00 -5.755179524421691895e-01
3.082749605178833008e+00 -5.523511886596679688e+00 -5.580670833587646484e-01
9.469020843505859375e+00 -5.035351276397705078e+00 3.002503633499145508e+00
1.010632610321044922e+01 -4.327863693237304688e+00 4.661979675292968750e+00
9.998260498046875000e+00 -4.639306068420410156e+00 4.136401653289794922e+00
8.815505981445312500e+00 -3.618695497512817383e+00 5.079944610595703125e+00
8.938879013061523438e+00 -4.858171463012695312e+00 3.096332311630249023e+00
9.028733253479003906e+00 -5.863481521606445312e+00 1.407382249832153320e+00
8.679224014282226562e+00 -6.088175296783447266e+00 9.419540166854858398e-01
5.531864166259765625e+00 -1.120390892028808594e+00 3.916624784469604492e+00
6.160825729370117188e+00 -3.631860494613647461e+00 2.370978116989135742e+00
5.585369110107421875e+00 -3.950279474258422852e+00 1.873784780502319336e+00
4.517392635345458984e+00 -1.845212340354919434e+00 3.044468879699707031e+00
4.625079631805419922e+00 -1.373744249343872070e+00 3.658699035644531250e+00
6.905609130859375000e+00 -2.266068458557128906e+00 4.196459293365478516e+00
6.731035232543945312e+00 -1.630441665649414062e+00 5.353242874145507812e+00
6.530647277832031250e+00 -5.464972496032714844e+00 9.578957557678222656e-01
1.223943710327148438e+01 -3.408152341842651367e+00 5.477921962738037109e+00
1.397827816009521484e+01 -3.791374921798706055e+00 4.205576419830322266e+00
1.279026031494140625e+01 -2.636011600494384766e+00 4.626091480255126953e+00
1.363388156890869141e+01 -2.703769445419311523e+00 2.978919744491577148e+00
7.947297096252441406e+00 -2.500406265258789062e+00 6.451404094696044922e+00
7.488188266754150391e+00 -2.089871406555175781e+00 6.430735111236572266e+00
4.340821266174316406e+00 -1.364290416240692139e-01 6.729852199554443359e+00
9.840512275695800781e+00 -3.534322738647460938e+00 6.179757595062255859e+00
1.053995895385742188e+01 -2.191884517669677734e+00 6.147868633270263672e+00
1.083976650238037109e+01 -1.793874502182006836e+00 5.327429771423339844e+00
8.737335205078125000e+00 -1.136175274848937988e+00 6.280260086059570312e+00
9.051910400390625000e+00 -7.823489308357238770e-01 5.341111183166503906e+00
1.117292308807373047e+01 -1.650321483612060547e+00 4.382095813751220703e+00
1.148189640045166016e+01 -1.471238851547241211e+00 3.377933502197265625e+00
6.704562187194824219e+00 -1.097450256347656250e+00 6.194779872894287109e+00
7.809221744537353516e+00 -5.903641581535339355e-01 6.207388877868652344e+00
7.087172508239746094e+00 3.945715129375457764e-01 5.723090648651123047e+00
6.350244045257568359e+00 1.998274326324462891e-01 5.981247901916503906e+00
5.758927822113037109e+00 1.387545466423034668e+00 5.658671855926513672e+00
8.098420143127441406e+00 6.069507598876953125e-01 4.444524288177490234e+00
5.827450752258300781e+00 2.572612285614013672e+00 4.308857440948486328e+00
6.187970638275146484e+00 2.541342973709106445e+00 3.775826930999755859e+00
-2.131314992904663086e+00 -2.780666112899780273e+00 3.772529602050781250e+00
-1.523674607276916504e+00 -3.780396938323974609e+00 1.660435199737548828e+00
-1.478506207466125488e+00 -4.635551452636718750e+00 3.873734772205352783e-01
-1.614383935928344727e+00 -2.832073926925659180e+00 3.491896390914916992e+00
-2.388659119606018066e-01 -2.634945869445800781e+00 2.377317905426025391e+00
-5.072332859039306641e+00 -3.479265689849853516e+00 1.473041772842407227e+00
-4.359512329101562500e+00 -3.314114093780517578e+00 2.207092523574829102e+00
-5.805265426635742188e+00 -2.594096660614013672e+00 3.395808219909667969e+00
-5.279452800750732422e+00 -3.016311645507812500e+00 2.539762973785400391e+00
-4.094772815704345703e+00 -2.820621252059936523e+00 3.383947849273681641e+00
-2.758103847503662109e+00 -1.612341523170471191e+00 4.879632949829101562e+00
-5.654332637786865234e+00 -1.265489220619201660e+00 4.710176467895507812e+00
-5.350497722625732422e+00 -7.353264093399047852e-01 4.911754608154296875e+00
2.552671432495117188e+00 -1.638710260391235352e+00 3.647636890411376953e+00
1.382353901863098145e+00 -8.308117389678955078e-01 4.137307167053222656e+00
-5.347740650177001953e-02 -1.159645915031433105e+00 3.662403345108032227e+00
1.095044374465942383e+00 -2.542271018028259277e-01 4.687429428100585938e+00
2.559077262878417969e+00 -9.070221781730651855e-01 5.266607284545898438e+00
3.591642379760742188e+00 -3.699661195278167725e-01 6.598559856414794922e+00
1.112279772758483887e+00 8.421909809112548828e-01 5.446143150329589844e+00
-3.225933790206909180e+00 -1.385915756225585938e+00 5.013039112091064453e+00
-4.245900630950927734e+00 3.027408123016357422e-01 5.012461662292480469e+00
-2.750439167022705078e+00 5.688387155532836914e-01 5.139463424682617188e+00
-1.171227693557739258e+00 1.621750354766845703e+00 4.412057399749755859e+00
-3.888457059860229492e+00 1.021053910255432129e+00 4.051086902618408203e+00
-3.823722362518310547e+00 1.421955108642578125e+00 2.890601396560668945e+00
-1.809344738721847534e-01 -5.088958740234375000e+00 -8.092904090881347656e-02
2.924465537071228027e-01 -4.948589801788330078e+00 -1.131883934140205383e-01
8.081663846969604492e-01 -4.967412948608398438e+00 4.607494547963142395e-02
1.644468545913696289e+00 -3.787792205810546875e+00 1.426429629325866699e+00
1.472532749176025391e+00 -4.996937274932861328e+00 5.982035994529724121e-01
1.629826784133911133e+00 -3.779578924179077148e+00 -1.347738623619079590e+00
1.893883466720581055e+00 -2.594111442565917969e+00 2.349873304367065430e+00
2.293017864227294922e+00 1.676663756370544434e+00 5.619021415710449219e+00
2.880135059356689453e+00 2.667475223541259766e+00 4.279657840728759766e+00
2.609992504119873047e+00 3.018124818801879883e+00 3.027049779891967773e+00
-8.624952435493469238e-01 2.488611459732055664e+00 2.622470140457153320e+00
-6.677286028861999512e-01 1.972602009773254395e+00 4.193416595458984375e+00
5.728747248649597168e-01 2.575762510299682617e+00 3.254863262176513672e+00
-1.729626536369323730e+00 3.175636768341064453e+00 1.100826710462570190e-01
-7.585905551910400391e+00 -2.457478284835815430e+00 3.557519197463989258e+00
-7.329226016998291016e+00 -1.422203063964843750e+00 4.221341133117675781e+00
-7.961527347564697266e+00 -8.108022809028625488e-01 2.910071134567260742e+00
-6.811972618103027344e+00 -1.158496499061584473e+00 4.465229988098144531e+00
-7.017395019531250000e+00 -3.653028011322021484e-01 3.061775684356689453e+00
-6.420307636260986328e+00 1.888150870800018311e-01 1.421110868453979492e+00
-6.220016002655029297e+00 1.397021710872650146e-01 2.392313718795776367e+00
-6.924166679382324219e+00 2.284982800483703613e-01 -8.153982162475585938e-01
-3.744400978088378906e+00 1.648495674133300781e+00 1.846801877021789551e+00
-5.362871646881103516e+00 2.016955614089965820e+00 -1.994158267974853516e+00
-3.648079633712768555e+00 3.037041664123535156e+00 -1.669603466987609863e+00
3.427627086639404297e+00 9.278222322463989258e-01 6.460870265960693359e+00
2.993835926055908203e+00 2.029688596725463867e+00 5.433459281921386719e+00
3.866245508193969727e+00 2.502070903778076172e+00 4.896999359130859375e+00
4.558140277862548828e+00 3.008896827697753906e+00 3.845404863357543945e+00
3.877878665924072266e+00 3.327031612396240234e+00 2.988164424896240234e+00
7.748866081237792969e+00 -4.907110214233398438e+00 -3.952877998352050781e+00
2.374172687530517578e+00 -5.086711406707763672e+00 -3.046095371246337891e+00
5.483400344848632812e+00 -4.762645721435546875e+00 -2.503428697586059570e+00
6.308303833007812500e+00 -4.705148220062255859e+00 -2.954585790634155273e+00
3.027456283569335938e+00 -5.031023025512695312e+00 -2.922364473342895508e+00
2.088045835494995117e+00 -5.935613632202148438e+00 -5.247692108154296875e+00
2.622432231903076172e+00 -5.808715820312500000e+00 -6.249780178070068359e+00
3.884915351867675781e+00 -5.141580581665039062e+00 -5.593904972076416016e+00
5.914763927459716797e+00 -4.824338436126708984e+00 -3.721638202667236328e+00
7.148333549499511719e+00 -4.967668056488037109e+00 -4.060034275054931641e+00
2.441478252410888672e+00 -5.622074604034423828e+00 -8.456521987915039062e+00
8.308310508728027344e+00 -4.974149703979492188e+00 -6.005760192871093750e+00
3.296071052551269531e+00 -5.331493854522705078e+00 -7.112735748291015625e+00
3.709359884262084961e+00 -4.723450660705566406e+00 -7.896818637847900391e+00
6.281092643737792969e+00 -5.074643135070800781e+00 -5.371646404266357422e+00
7.397325038909912109e+00 -4.931439399719238281e+00 -6.325276374816894531e+00
5.869588851928710938e+00 -4.179479598999023438e+00 -7.246870994567871094e+00
7.523626327514648438e+00 -4.032027721405029297e+00 -7.366513729095458984e+00
5.582608222961425781e+00 -3.864906549453735352e+00 -7.626016616821289062e+00
5.155272006988525391e+00 -2.840582609176635742e+00 -8.642499923706054688e+00
5.230714797973632812e+00 -2.083342313766479492e+00 -8.896807670593261719e+00
-3.349688291549682617e+00 -7.971014022827148438e+00 -1.205594539642333984e+01
-3.131214857101440430e+00 -8.215423583984375000e+00 -1.051676082611083984e+01
-3.961934566497802734e+00 -7.544151306152343750e+00 -1.315907859802246094e+01
-1.582172393798828125e+00 -6.563498973846435547e+00 -1.324203109741210938e+01
-3.557416439056396484e+00 -6.334817409515380859e+00 -1.445933532714843750e+01
-3.376035451889038086e+00 -5.281591415405273438e+00 -1.519139289855957031e+01
-6.631513595581054688e+00 -6.537526607513427734e+00 -1.317061328887939453e+01
-7.072628498077392578e+00 -6.214114665985107422e+00 -1.318802547454833984e+01
-7.759201049804687500e+00 -5.234856605529785156e+00 -1.367439079284667969e+01
-5.720160961151123047e+00 -7.132771015167236328e+00 -1.307771873474121094e+01
-8.474514961242675781e+00 -5.366977691650390625e+00 -1.256379508972167969e+01
-7.365346431732177734e+00 -4.566987037658691406e+00 -1.457229137420654297e+01
-4.152014732360839844e+00 -5.535758018493652344e+00 -1.502801990509033203e+01
-5.997159481048583984e+00 -4.383641242980957031e+00 -1.525609397888183594e+01
-2.712142229080200195e+00 -5.388307094573974609e+00 -1.501319503784179688e+01
-2.177944421768188477e+00 -4.296144485473632812e+00 -1.536876773834228516e+01
-3.724192619323730469e+00 -3.716793060302734375e+00 -1.575043010711669922e+01
-2.791192054748535156e+00 -3.188144922256469727e+00 -1.571468448638916016e+01
-4.991000652313232422e+00 -2.650704383850097656e+00 -1.593884563446044922e+01
-3.922111272811889648e+00 -1.505801677703857422e+00 -1.593431854248046875e+01
-9.302700996398925781e+00 -4.444082736968994141e+00 -1.222123050689697266e+01
-8.935579299926757812e+00 -4.003466606140136719e+00 -1.344444847106933594e+01
-9.913700103759765625e+00 -2.865395784378051758e+00 -1.234599399566650391e+01
-1.040350627899169922e+01 -1.441131591796875000e+00 -1.151842784881591797e+01
-8.550471305847167969e+00 -3.352279901504516602e+00 -1.435953617095947266e+01
-7.693343639373779297e+00 -2.968828439712524414e+00 -1.519719600677490234e+01
-9.823452949523925781e+00 -9.276352524757385254e-01 -1.328266334533691406e+01
-9.376688957214355469e+00 -3.308649659156799316e-01 -1.420449447631835938e+01
-8.489003181457519531e+00 -9.548223018646240234e-01 -1.507319641113281250e+01
-7.136638641357421875e+00 1.579818427562713623e-01 -1.576932430267333984e+01
-7.628438949584960938e+00 8.116338849067687988e-01 -1.553562259674072266e+01
-1.523037433624267578e+00 -7.553703784942626953e+00 -6.887536048889160156e+00
-4.215095639228820801e-01 -7.157432556152343750e+00 -8.631153106689453125e+00
7.183820754289627075e-02 -6.568833827972412109e+00 -5.588935852050781250e+00
6.180473566055297852e-01 -6.685694694519042969e+00 -6.756377220153808594e+00
-2.398121803998947144e-01 -6.931424617767333984e+00 -9.610456466674804688e+00
-5.084671825170516968e-02 -5.895711421966552734e+00 -1.240194797515869141e+01
1.350806236267089844e+00 -6.391295909881591797e+00 -6.417702198028564453e+00
2.019494533538818359e+00 -5.952620029449462891e+00 -8.189570426940917969e+00
-7.607969641685485840e-01 -5.087821483612060547e+00 -1.430358982086181641e+01
1.024529218673706055e+00 -4.963789939880371094e+00 -1.243782138824462891e+01
-1.231042861938476562e+00 -3.740508794784545898e+00 -1.520241737365722656e+01
-1.928266286849975586e-01 -3.008004188537597656e+00 -1.485946655273437500e+01
1.959817051887512207e+00 -5.054260730743408203e+00 -1.069704532623291016e+01
-1.088329911231994629e+00 -2.406274795532226562e+00 -1.528160190582275391e+01
-1.307760477066040039e+00 -1.698416352272033691e+00 -1.534095954895019531e+01
2.141243457794189453e+00 -3.537219524383544922e+00 -1.149248504638671875e+01
8.849624395370483398e-01 -1.870582699775695801e+00 -1.348756694793701172e+01
7.974142432212829590e-01 -1.145022392272949219e+00 -1.333485221862792969e+01
-2.607048511505126953e+00 -1.779974699020385742e+00 -1.569850063323974609e+01
-2.676552772521972656e+00 -8.113116621971130371e-01 -1.564056968688964844e+01
-5.085751056671142578e+00 4.526682496070861816e-01 -1.588791561126708984e+01
-2.887333393096923828e+00 1.006286501884460449e+00 -1.536681079864501953e+01
-2.165122509002685547e+00 1.173307299613952637e+00 -1.512438774108886719e+01
-4.985069632530212402e-01 1.148514986038208008e+00 -1.389026641845703125e+01
-2.882513284683227539e+00 2.078780889511108398e+00 -1.503602886199951172e+01
-2.466359853744506836e+00 2.787087678909301758e+00 -1.464681816101074219e+01
2.702852249145507812e+00 -3.969044208526611328e+00 -1.033707809448242188e+01
3.518193721771240234e+00 -2.612189769744873047e+00 -1.011230182647705078e+01
3.010399580001831055e+00 -1.849773645401000977e+00 -1.085270023345947266e+01
9.631355404853820801e-01 -2.829953134059906006e-01 -1.281363964080810547e+01
1.480620265007019043e+00 4.077911376953125000e-03 -1.210999107360839844e+01
2.345984458923339844e+00 -2.211859375238418579e-01 -1.122643184661865234e+01
1.079327583312988281e+00 4.145930707454681396e-01 -1.233609199523925781e+01
-1.051394462585449219e+01 -9.691601395606994629e-01 -1.099252986907958984e+01
-9.969133377075195312e+00 6.815026998519897461e-01 -1.292174434661865234e+01
-1.030485534667968750e+01 -1.979961991310119629e-02 -1.048556137084960938e+01
-1.007411098480224609e+01 -1.241804882884025574e-01 -9.023710250854492188e+00
-9.728220939636230469e+00 5.393205881118774414e-01 -1.002677345275878906e+01
-9.965559005737304688e+00 9.187384247779846191e-01 -1.155172538757324219e+01
-9.434519767761230469e+00 2.027872562408447266e+00 -1.278503131866455078e+01
-8.823422431945800781e+00 1.392389774322509766e+00 -9.342092514038085938e+00
-8.417097091674804688e+00 2.390695095062255859e+00 -1.037611865997314453e+01
-8.197571754455566406e+00 1.154013156890869141e+00 -6.070724010467529297e+00
-7.960100650787353516e+00 1.588539719581604004e+00 -7.151805400848388672e+00
-8.281967163085937500e+00 1.872858643531799316e+00 -8.739129066467285156e+00
-7.899619102478027344e+00 2.539102792739868164e+00 -9.733385086059570312e+00
-6.297214984893798828e+00 2.692197561264038086e+00 -7.679954528808593750e+00
-6.212964057922363281e+00 2.996803760528564453e+00 -8.164365768432617188e+00
-8.636469841003417969e+00 2.199532032012939453e+00 -1.429322338104248047e+01
-8.037265777587890625e+00 2.227279186248779297e+00 -1.473211669921875000e+01
-7.637276172637939453e+00 3.437828540802001953e+00 -1.351368141174316406e+01
-6.656706809997558594e+00 4.257000446319580078e+00 -1.313828468322753906e+01
-6.101156234741210938e+00 1.892768740653991699e+00 -1.547679328918457031e+01
-5.845162391662597656e+00 2.182831287384033203e+00 -1.532858657836914062e+01
-5.171666622161865234e+00 3.963966608047485352e+00 -1.412299537658691406e+01
-4.615878582000732422e+00 3.957689523696899414e+00 -1.424998664855957031e+01
-5.868128299713134766e+00 3.766993761062622070e+00 -1.412671279907226562e+01
-8.274076461791992188e+00 3.275305271148681641e+00 -1.224809837341308594e+01
-6.243453025817871094e+00 4.404053688049316406e+00 -1.238313865661621094e+01
-5.556180000305175781e+00 4.366767883300781250e+00 -1.074727630615234375e+01
-3.389425277709960938e+00 4.230170249938964844e+00 -1.348918056488037109e+01
-3.171566963195800781e+00 4.291794300079345703e+00 -1.287133789062500000e+01
-5.220391273498535156e+00 4.425468921661376953e+00 -1.222152709960937500e+01
-4.470179557800292969e+00 4.629510879516601562e+00 -1.232768249511718750e+01
-3.218246936798095703e+00 4.681238174438476562e+00 -1.144416904449462891e+01
-4.960397720336914062e+00 4.775440216064453125e+00 -1.085065364837646484e+01
-3.797845602035522461e+00 4.885702610015869141e+00 -1.117289733886718750e+01
-6.638023376464843750e+00 3.665522575378417969e+00 -1.050573444366455078e+01
-5.930387973785400391e+00 3.611006975173950195e+00 -9.037720680236816406e+00
3.053531885147094727e+00 -1.950085312128067017e-01 -1.030039882659912109e+01
-1.404685974121093750e-01 1.525783538818359375e+00 -1.287764549255371094e+01
-2.115120887756347656e+00 3.218719244003295898e+00 -1.359537029266357422e+01
9.932331442832946777e-01 7.978826165199279785e-01 -1.168877696990966797e+01
-1.055162310600280762e+00 2.881628513336181641e+00 -1.233878326416015625e+01
-2.714490175247192383e+00 3.842828750610351562e+00 -1.327110195159912109e+01
-1.650838136672973633e+00 3.643744707107543945e+00 -1.187597751617431641e+01
1.143162536621093750e+01 -6.487609386444091797e+00 -3.384412765502929688e+00
1.333158588409423828e+01 -6.598886966705322266e+00 -1.751375794410705566e+00
1.117392253875732422e+01 -6.438867092132568359e+00 -8.377363085746765137e-01
1.097520542144775391e+01 -6.446162223815917969e+00 -2.600773096084594727e+00
1.434248638153076172e+01 -6.890995502471923828e+00 -5.046397209167480469e+00
1.198168659210205078e+01 -6.542458057403564453e+00 -3.991000175476074219e+00
1.268593215942382812e+01 -6.518818855285644531e+00 -5.492701530456542969e+00
1.314496612548828125e+01 -6.813584804534912109e+00 -3.684779882431030273e+00
1.562449741363525391e+01 -6.950768947601318359e+00 -3.620541572570800781e+00
1.605302810668945312e+01 -5.892207145690917969e+00 -4.217967987060546875e+00
1.625593566894531250e+01 -6.385089874267578125e+00 -1.194017648696899414e+00
1.637738609313964844e+01 -5.608659744262695312e+00 -2.093339204788208008e+00
1.459410285949707031e+01 -6.434273719787597656e+00 2.390936762094497681e-02
1.482078933715820312e+01 -6.852768421173095703e+00 -1.570198297500610352e+00
1.539143657684326172e+01 -6.032340049743652344e+00 9.316263198852539062e-01
1.486099433898925781e+01 -3.716467857360839844e+00 1.814502835273742676e+00
1.517699527740478516e+01 -4.003695487976074219e+00 7.826415300369262695e-01
1.439041900634765625e+01 -3.087984800338745117e+00 9.081422090530395508e-01
1.579407978057861328e+01 -4.845506191253662109e+00 -3.398537874221801758e+00
1.523149776458740234e+01 -3.967506170272827148e+00 -2.636309146881103516e+00
1.523427391052246094e+01 -3.852159976959228516e+00 -1.089225053787231445e+00
1.497449302673339844e+01 -3.533614397048950195e+00 -1.584774732589721680e+00
1.432934093475341797e+01 -2.732652664184570312e+00 -9.680550694465637207e-01
1.379019260406494141e+01 -6.689631938934326172e+00 -6.266800880432128906e+00
1.522827339172363281e+01 -5.896369934082031250e+00 -6.575205326080322266e+00
1.234610557556152344e+01 -6.404882431030273438e+00 -6.676987648010253906e+00
1.288328838348388672e+01 -5.867903232574462891e+00 -7.468177795410156250e+00
1.591030120849609375e+01 -5.791765213012695312e+00 -5.673480033874511719e+00
1.558061313629150391e+01 -5.035183906555175781e+00 -5.968868255615234375e+00
1.500680446624755859e+01 -4.368066310882568359e+00 -5.579385280609130859e+00
1.322599029541015625e+01 -5.470258235931396484e+00 -7.332451343536376953e+00
1.259767723083496094e+01 -4.921680927276611328e+00 -6.639536857604980469e+00
1.345977973937988281e+01 -4.433073997497558594e+00 -6.128861427307128906e+00
1.358308506011962891e+01 -3.341471910476684570e+00 -4.982467174530029297e+00
1.497932720184326172e+01 -3.660143136978149414e+00 -2.876241207122802734e+00
1.488959598541259766e+01 -3.693557024002075195e+00 -4.547625064849853516e+00
1.432828807830810547e+01 -2.857084751129150391e+00 -3.798959970474243164e+00
1.015364074707031250e+01 -5.987588882446289062e+00 -2.745500802993774414e+00
6.975832462310791016e+00 -4.775011062622070312e+00 -2.350794315338134766e+00
7.259723186492919922e+00 -4.853211879730224609e+00 -1.922963619232177734e+00
6.830634117126464844e+00 -4.706408977508544922e+00 -2.916826009750366211e+00
1.047898864746093750e+01 -6.276719093322753906e+00 -2.345045089721679688e+00
8.999951362609863281e+00 -5.528370857238769531e+00 -1.936045885086059570e+00
7.934115409851074219e+00 -5.112313747406005859e+00 -1.561323404312133789e+00
9.587111473083496094e+00 -5.512030601501464844e+00 -3.434277534484863281e+00
9.943534851074218750e+00 -5.515786647796630859e+00 -4.666852951049804688e+00
8.318564414978027344e+00 -4.977701187133789062e+00 -3.954231977462768555e+00
1.353082466125488281e+01 -2.060951232910156250e+00 -1.185541749000549316e-01
1.219505023956298828e+01 -7.156898975372314453e-01 -1.084279537200927734e+00
1.095176887512207031e+01 -5.919905185699462891e+00 -5.505748271942138672e+00
1.100592708587646484e+01 -5.384938240051269531e+00 -6.043273925781250000e+00
9.580479621887207031e+00 -5.046569347381591797e+00 -5.198206424713134766e+00
1.169290065765380859e+01 -4.666646957397460938e+00 -6.189431190490722656e+00
9.164283752441406250e+00 -4.302343845367431641e+00 -6.413061141967773438e+00
1.038054943084716797e+01 -3.519402503967285156e+00 -5.871770858764648438e+00
1.244465160369873047e+01 -3.652630329132080078e+00 -5.477360248565673828e+00
1.062522220611572266e+01 -3.177567958831787109e+00 -5.673164844512939453e+00
1.064434242248535156e+01 -2.254862785339355469e+00 -5.254273414611816406e+00
8.529828071594238281e+00 -3.673958301544189453e+00 -7.026734352111816406e+00
9.035589218139648438e+00 -3.070387363433837891e+00 -6.565436363220214844e+00
8.046541213989257812e+00 -2.028215169906616211e+00 -6.899804592132568359e+00
1.037930774688720703e+01 -1.592754125595092773e+00 -5.106758594512939453e+00
8.243325233459472656e+00 -1.700325727462768555e+00 -6.632868766784667969e+00
8.732396125793457031e+00 -4.769346117973327637e-01 -5.836619377136230469e+00
7.273224830627441406e+00 -1.655330806970596313e-01 -6.909641265869140625e+00
1.322983646392822266e+01 -2.097655296325683594e+00 -4.095443725585937500e+00
1.343268775939941406e+01 -1.591845989227294922e+00 -2.000493526458740234e+00
1.315910911560058594e+01 -1.299890875816345215e+00 -3.191613197326660156e+00
1.237412548065185547e+01 -3.764683604240417480e-01 -2.286002159118652344e+00
1.201091480255126953e+01 -9.820988774299621582e-02 -2.871962547302246094e+00
1.237443161010742188e+01 -1.896407008171081543e+00 -4.381855964660644531e+00
1.117539691925048828e+01 -1.221602320671081543e+00 -4.491497993469238281e+00
1.145600032806396484e+01 -5.638677477836608887e-01 -3.882002115249633789e+00
1.017940044403076172e+01 1.619234323501586914e+00 -1.767317295074462891e+00
9.286594390869140625e+00 2.411459684371948242e+00 -2.904072046279907227e+00
9.327000617980957031e+00 2.320803403854370117e+00 -3.365757226943969727e+00
8.573362350463867188e+00 2.967661619186401367e+00 -2.378730297088623047e+00
1.018790435791015625e+01 -9.062732458114624023e-01 -4.996343612670898438e+00
1.062940311431884766e+01 3.087384700775146484e-01 -4.130167007446289062e+00
8.355810165405273438e+00 1.298934370279312134e-01 -5.848441123962402344e+00
7.007217884063720703e+00 9.824651479721069336e-01 -6.420283317565917969e+00
1.397773933410644531e+01 -2.938880920410156250e+00 2.402326107025146484e+00
1.251241111755371094e+01 -1.953767180442810059e+00 2.758009672164916992e+00
1.126479721069335938e+01 -5.345692634582519531e-01 1.342956542968750000e+00
1.147413921356201172e+01 -4.044955372810363770e-01 2.252152562141418457e-01
9.955384254455566406e+00 -4.427793622016906738e-02 3.003035306930541992e+00
8.845697402954101562e+00 1.249473690986633301e+00 2.572374105453491211e+00
9.447746276855468750e+00 9.610002636909484863e-01 2.017749309539794922e+00
7.319672107696533203e+00 2.282211065292358398e+00 2.972160816192626953e+00
7.134719848632812500e+00 2.867876529693603516e+00 1.827364683151245117e+00
9.853058815002441406e+00 1.151204109191894531e+00 3.147990107536315918e-01
1.008206081390380859e+01 1.486563205718994141e+00 -1.029710054397583008e+00
7.975297451019287109e+00 2.754424333572387695e+00 4.141562581062316895e-01
3.349589347839355469e+00 4.268208503723144531e+00 -3.488826155662536621e-01
6.226563930511474609e+00 3.664880990982055664e+00 2.905160486698150635e-01
5.477786540985107422e+00 4.053477764129638672e+00 -2.229937791824340820e+00
3.668253421783447266e+00 4.383921146392822266e+00 -6.883735060691833496e-01
2.845200300216674805e+00 3.815347433090209961e+00 -2.458909273147583008e+00
2.956514835357666016e+00 3.500928640365600586e+00 -3.327213048934936523e+00
-9.870654940605163574e-01 3.793774366378784180e+00 -7.639573812484741211e-01
2.142311811447143555e+00 3.126310825347900391e+00 -4.380652427673339844e+00
8.973959833383560181e-03 4.157951831817626953e+00 -3.142352104187011719e+00
3.053016364574432373e-01 3.705760717391967773e+00 -4.696498394012451172e+00
2.377972841262817383e+00 3.801301240921020508e+00 -2.565664052963256836e+00
5.097039222717285156e+00 -8.785650134086608887e-01 -8.890822410583496094e+00
2.937247753143310547e+00 3.021130859851837158e-01 -9.603967666625976562e+00
5.054313182830810547e+00 4.970560371875762939e-01 -8.104557991027832031e+00
3.635842323303222656e+00 5.538916587829589844e-01 -8.962711334228515625e+00
2.518517732620239258e+00 4.966790974140167236e-01 -9.798111915588378906e+00
1.543743371963500977e+00 1.846232414245605469e+00 -9.910353660583496094e+00
3.291910588741302490e-01 3.147358655929565430e+00 -9.156227111816406250e+00
1.106084957718849182e-01 3.000034332275390625e+00 -1.045742797851562500e+01
5.651269912719726562e+00 2.802139997482299805e+00 -4.851326942443847656e+00
6.154163360595703125e+00 1.877081632614135742e+00 -6.080219745635986328e+00
4.695206642150878906e+00 2.676347017288208008e+00 -5.237156391143798828e+00
4.786623001098632812e+00 2.359469890594482422e+00 -5.944677829742431641e+00
6.615561008453369141e+00 3.775682449340820312e+00 -2.724416255950927734e+00
6.577300548553466797e+00 1.277956008911132812e+00 -6.419055461883544922e+00
5.701028823852539062e+00 1.654142737388610840e+00 -6.588725090026855469e+00
4.846381664276123047e+00 1.756708979606628418e+00 -7.019201278686523438e+00
2.731253385543823242e+00 2.837358474731445312e+00 -5.055838108062744141e+00
2.809791088104248047e+00 2.079522848129272461e+00 -7.353051185607910156e+00
2.023663282394409180e+00 2.323729276657104492e+00 -6.808135032653808594e+00
9.293974936008453369e-02 3.300263166427612305e+00 -6.269500732421875000e+00
2.691439688205718994e-01 2.957225799560546875e+00 -7.757101058959960938e+00
3.006466925144195557e-01 3.029639244079589844e+00 -8.135921478271484375e+00
-3.297429084777832031e+00 3.400009155273437500e+00 -2.584932327270507812e+00
-5.632677078247070312e+00 3.058724403381347656e+00 -7.733155250549316406e+00
-4.808617591857910156e+00 3.476902008056640625e+00 -7.636984825134277344e+00
-4.258701801300048828e+00 3.349594116210937500e+00 -6.674382686614990234e+00
-2.166492462158203125e+00 3.287788867950439453e+00 -2.309474498033523560e-01
-1.889476060867309570e+00 3.752488851547241211e+00 -1.354528188705444336e+00
-1.527978181838989258e+00 4.094416618347167969e+00 -2.468959569931030273e+00
-1.354438424110412598e+00 4.389533996582031250e+00 -3.693594455718994141e+00
-1.183881521224975586e+00 4.399900436401367188e+00 -4.986802101135253906e+00
-4.801724910736083984e+00 4.072645187377929688e+00 -8.506489753723144531e+00
-4.507450580596923828e+00 4.550105094909667969e+00 -9.026473045349121094e+00
-1.982905149459838867e+00 4.460830211639404297e+00 -7.511610031127929688e+00
-3.351711273193359375e+00 4.455545902252197266e+00 -8.332695960998535156e+00
-1.542383193969726562e+00 3.650784492492675781e+00 -1.119913578033447266e+01
-1.229716777801513672e+00 3.505849838256835938e+00 -1.106329917907714844e+01
-3.830228090286254883e+00 4.847936153411865234e+00 -1.070590114593505859e+01
-2.049243211746215820e+00 4.178307056427001953e+00 -9.851012229919433594e+00
-3.129254579544067383e-01 3.478788852691650391e+00 -9.966064453125000000e+00
-2.161028146743774414e+00 4.558881759643554688e+00 -6.120966434478759766e+00
5.298983573913574219e+00 3.452116966247558594e+00 2.400982618331909180e+00
6.062363147735595703e+00 3.383470535278320312e+00 1.820557832717895508e+00
1.961292743682861328e+00 7.000385522842407227e-01 -1.028479957580566406e+01
-5.182516574859619141e-01 2.793761491775512695e+00 -1.161509513854980469e+01
4.397442936897277832e-01 2.522610902786254883e+00 -1.076849937438964844e+01
