1.561262369155883789e+00 -4.937151432037353516e+00 -2.713618040084838867e+00
2.277867078781127930e+00 -4.789952278137207031e+00 -1.924145340919494629e+00
1.514981865882873535e+00 -4.796050071716308594e+00 -2.308441877365112305e+00
-5.068861961364746094e+00 -8.108787536621093750e+00 -7.822117328643798828e+00
-4.999337673187255859e+00 -8.062191009521484375e+00 -1.156788158416748047e+01
-4.185068607330322266e+00 -8.321189880371093750e+00 -9.419572830200195312e+00
-7.271006107330322266e+00 -7.468682765960693359e+00 -7.058823108673095703e+00
-7.775086402893066406e+00 -7.350954532623291016e+00 -7.967179775238037109e+00
-5.692383289337158203e+00 -8.129280090332031250e+00 -9.823556900024414062e+00
-6.220779418945312500e+00 -7.997818470001220703e+00 -9.061413764953613281e+00
-6.480329036712646484e+00 -7.345927238464355469e+00 -1.205457401275634766e+01
-8.410510063171386719e+00 -6.367512702941894531e+00 -1.057638931274414062e+01
-8.333387374877929688e+00 -6.191307067871093750e+00 -1.129482078552246094e+01
-9.642389297485351562e+00 -5.266944885253906250e+00 -8.362988471984863281e+00
-1.005105400085449219e+01 -4.324764728546142578e+00 -8.715946197509765625e+00
-9.587303161621093750e+00 -4.642868518829345703e+00 -1.086801242828369141e+01
-8.220229148864746094e+00 -6.690553188323974609e+00 -5.445444107055664062e+00
-9.067660331726074219e+00 -6.091961383819580078e+00 -4.930057048797607422e+00
-7.968250274658203125e+00 -5.745239734649658203e+00 -3.404428005218505859e+00
-8.496891975402832031e+00 -5.227687358856201172e+00 -2.226359128952026367e+00
-6.958469867706298828e+00 -5.440004825592041016e+00 -3.112436771392822266e+00
-2.594742774963378906e+00 -5.032173633575439453e+00 -1.548485398292541504e+00
-3.374934673309326172e+00 -4.883474826812744141e+00 -5.834047794342041016e-01
-1.441919565200805664e+00 -4.998406887054443359e+00 -2.380732148885726929e-01
-7.379734992980957031e+00 -3.212980270385742188e+00 2.311300516128540039e+00
-5.355872631072998047e+00 -3.513495683670043945e+00 1.278460502624511719e+00
-3.860965251922607422e+00 -5.068298339843750000e+00 -2.136982917785644531e+00
-7.304591655731201172e+00 -4.796114444732666016e+00 -1.626771092414855957e+00
-6.308038234710693359e+00 -5.166466236114501953e+00 -2.786744594573974609e+00
-3.739493608474731445e+00 -4.416047573089599609e+00 1.339444667100906372e-01
-4.768380641937255859e+00 -7.279002189636230469e+00 -5.294615745544433594e+00
-4.546117305755615234e+00 -6.497869014739990234e+00 -4.091044902801513672e+00
-2.280555009841918945e+00 -7.655738353729248047e+00 -6.416937828063964844e+00
-2.885190963745117188e+00 -7.167912960052490234e+00 -5.066867351531982422e+00
-2.214815616607666016e+00 -7.177805423736572266e+00 -5.298938274383544922e+00
-1.356707453727722168e+00 -6.802591800689697266e+00 -5.044225215911865234e+00
-2.780338764190673828e+00 -6.777426242828369141e+00 -4.439593791961669922e+00
-5.267924308776855469e+00 -6.850339889526367188e+00 -4.678950309753417969e+00
-6.153967380523681641e+00 -7.666884422302246094e+00 -6.741962909698486328e+00
-8.704698562622070312e+00 -6.651140213012695312e+00 -6.454758167266845703e+00
-1.417894244194030762e+00 -4.984333992004394531e+00 -1.836036920547485352e+00
-9.352471828460693359e-01 -5.046429157257080078e+00 -2.276735305786132812e+00
-2.242091655731201172e+00 -5.126420974731445312e+00 -2.023323297500610352e+00
-3.521642982959747314e-01 -5.093762874603271484e+00 -1.198687076568603516e+00
6.320571303367614746e-01 -4.627090454101562500e+00 -1.599095702171325684e+00
-8.152289986610412598e-01 -5.405555248260498047e+00 -3.020930051803588867e+00
-8.431879803538322449e-03 -5.502235412597656250e+00 -3.345461368560791016e+00
6.071836352348327637e-01 -4.770736694335937500e+00 -2.125837564468383789e+00
-9.515739440917968750e+00 -4.813449382781982422e+00 -2.044789552688598633e+00
-9.940084457397460938e+00 -4.890758514404296875e+00 -4.679807662963867188e+00
-9.351840972900390625e+00 -5.581218719482421875e+00 -3.830955982208251953e+00
-1.019614124298095703e+01 -3.759801149368286133e+00 -3.287949800491333008e+00
-1.031901454925537109e+01 -3.585747957229614258e+00 -4.715680122375488281e+00
-9.120367050170898438e+00 -4.087724208831787109e+00 3.090595901012420654e-01
-9.781580924987792969e+00 -4.174275398254394531e+00 -1.408481478691101074e+00
-9.820804595947265625e+00 -3.232084512710571289e+00 -2.799707651138305664e-01
-9.599336624145507812e+00 -2.927307367324829102e+00 9.023966789245605469e-01
-9.113348007202148438e+00 -2.722622394561767578e+00 2.167198896408081055e+00
-9.278697967529296875e+00 -1.630252361297607422e+00 1.269241690635681152e+00
-1.017348003387451172e+01 -2.695332527160644531e+00 -2.523581981658935547e+00
-1.009720611572265625e+01 -1.609541893005371094e+00 -2.652413845062255859e+00
-9.464442253112792969e+00 -1.293946862220764160e+00 -8.880378603935241699e-01
-7.936333656311035156e+00 -4.174377620220184326e-01 -6.472018957138061523e-01
-1.006282234191894531e+01 -4.635058403015136719e+00 -5.545324325561523438e+00
-1.034782409667968750e+01 -3.651394367218017578e+00 -5.425233364105224609e+00
-1.053381919860839844e+01 -2.257205724716186523e+00 -5.301622867584228516e+00
-1.059226417541503906e+01 -2.098167657852172852e+00 -5.871119976043701172e+00
-1.008329391479492188e+01 -6.577811241149902344e-01 -5.353506565093994141e+00
-1.059004116058349609e+01 -2.842950582504272461e+00 -7.960993766784667969e+00
-1.071154689788818359e+01 -1.947887659072875977e+00 -8.886778831481933594e+00
-1.060149860382080078e+01 -8.116313219070434570e-01 -8.516714096069335938e+00
-9.952292442321777344e+00 -3.302541375160217285e-01 -6.705312728881835938e+00
-8.382786750793457031e+00 -2.024493366479873657e-01 -2.253360986709594727e+00
-6.926386833190917969e+00 1.698164105415344238e+00 -3.687660694122314453e+00
-9.017084121704101562e+00 3.850457966327667236e-01 -6.202330589294433594e+00
-7.576754570007324219e+00 1.436969280242919922e+00 -4.988761425018310547e+00
1.316118621826171875e+01 -5.631427288055419922e+00 4.524322509765625000e+00
1.355556201934814453e+01 -6.253727436065673828e+00 7.843593955039978027e-01
1.304102897644042969e+01 -6.042086124420166016e+00 1.458084702491760254e+00
1.491952800750732422e+01 -5.988898754119873047e+00 1.957918405532836914e+00
1.477142047882080078e+01 -5.158222198486328125e+00 3.099566698074340820e+00
1.194579792022705078e+01 -5.708066940307617188e+00 2.730708122253417969e+00
4.373928070068359375e+00 -1.291680216789245605e+00 4.950012207031250000e+00
5.221763134002685547e+00 -1.064023017883300781e+00 6.066578388214111328e+00
6.649009704589843750e+00 -4.870901107788085938e+00 -1.667623281478881836e+00
8.912174224853515625e+00 -6.292041301727294922e+00 -1.242135763168334961e+00
8.121048927307128906e+00 -6.206772327423095703e+00 -1.084478139877319336e+00
7.447666168212890625e+00 -6.277561664581298828e+00 -4.985151290893554688e-01
2.554165840148925781e+00 -5.428871154785156250e+00 3.986590206623077393e-01
4.296682834625244141e+00 -4.717846870422363281e+00 -1.500760078430175781e+00
5.166620254516601562e+00 -5.116707801818847656e+00 -1.172219157218933105e+00
2.307992219924926758e+00 -4.299168109893798828e+00 -1.264561653137207031e+00
4.115241527557373047e+00 -4.746757507324218750e+00 -1.280072689056396484e+00
5.106471061706542969e+00 -5.584210872650146484e+00 2.136649191379547119e-01
5.803541660308837891e+00 -5.999688625335693359e+00 -6.132401227951049805e-01
3.096649885177612305e+00 -5.505834579467773438e+00 -5.923632979393005371e-01
9.442489624023437500e+00 -5.184536933898925781e+00 3.081367015838623047e+00
9.948997497558593750e+00 -4.941060066223144531e+00 4.950063705444335938e+00
9.917799949645996094e+00 -4.969741821289062500e+00 4.296233177185058594e+00
8.636503219604492188e+00 -4.210064888000488281e+00 5.400644779205322266e+00
8.924279212951660156e+00 -4.964602947235107422e+00 3.150851488113403320e+00
9.019981384277343750e+00 -5.911165714263916016e+00 1.424904465675354004e+00
8.680027008056640625e+00 -6.102515697479248047e+00 9.375621676445007324e-01
5.502978801727294922e+00 -1.389735341072082520e+00 4.089006900787353516e+00
6.160835266113281250e+00 -3.705148458480834961e+00 2.401944637298583984e+00
5.589729785919189453e+00 -3.975412368774414062e+00 1.871374130249023438e+00
4.510081768035888672e+00 -1.911722421646118164e+00 3.080284833908081055e+00
4.597929954528808594e+00 -1.533906340599060059e+00 3.749107837677001953e+00
6.887449264526367188e+00 -2.499725103378295898e+00 4.348352909088134766e+00
6.635988235473632812e+00 -2.098276376724243164e+00 5.593631267547607422e+00
6.540581703186035156e+00 -5.472766399383544922e+00 9.337593317031860352e-01
1.201930904388427734e+01 -4.659098625183105469e+00 6.082591533660888672e+00
1.381453418731689453e+01 -4.721004009246826172e+00 4.630205631256103516e+00
1.254237174987792969e+01 -3.707172870635986328e+00 4.991003036499023438e+00
1.346109771728515625e+01 -3.498995304107666016e+00 3.280550718307495117e+00
7.736445903778076172e+00 -3.151449918746948242e+00 6.806953907012939453e+00
7.289001941680908203e+00 -2.700161457061767578e+00 6.748074531555175781e+00
4.179275035858154297e+00 -6.847943067550659180e-01 6.790589809417724609e+00
9.554408073425292969e+00 -4.505871295928955078e+00 6.677025318145751953e+00
1.035475540161132812e+01 -3.319930553436279297e+00 6.855819702148437500e+00
1.070339107513427734e+01 -2.771240472793579102e+00 5.819807052612304688e+00
8.606712341308593750e+00 -1.822794437408447266e+00 6.672994613647460938e+00
8.963163375854492188e+00 -1.476930141448974609e+00 5.616500854492187500e+00
1.102664566040039062e+01 -2.498231410980224609e+00 4.682766914367675781e+00
1.135955905914306641e+01 -2.232381582260131836e+00 3.590012788772583008e+00
6.534143924713134766e+00 -1.706557273864746094e+00 6.436952590942382812e+00
7.684255123138427734e+00 -1.228661298751831055e+00 6.405873298645019531e+00
6.985774993896484375e+00 -2.530130445957183838e-01 5.779389858245849609e+00
6.231254577636718750e+00 -4.718725681304931641e-01 6.053751945495605469e+00
5.655828475952148438e+00 7.307983636856079102e-01 5.634945869445800781e+00
8.056118965148925781e+00 4.334414005279541016e-02 4.577223300933837891e+00
5.765983104705810547e+00 2.033822298049926758e+00 4.310473918914794922e+00
6.147845268249511719e+00 2.105213403701782227e+00 3.793770313262939453e+00
-2.136241912841796875e+00 -2.803811311721801758e+00 3.778741598129272461e+00
-1.525431513786315918e+00 -3.807554244995117188e+00 1.666398286819458008e+00
-1.478181004524230957e+00 -4.655762672424316406e+00 3.909092545509338379e-01
-1.623283505439758301e+00 -2.871926307678222656e+00 3.500642538070678711e+00
-2.540401816368103027e-01 -2.667622566223144531e+00 2.375213146209716797e+00
-5.072392463684082031e+00 -3.478438854217529297e+00 1.470363736152648926e+00
-4.360308647155761719e+00 -3.317536115646362305e+00 2.205174922943115234e+00
-5.806060314178466797e+00 -2.598999738693237305e+00 3.394074440002441406e+00
-5.279612541198730469e+00 -3.019708871841430664e+00 2.538072586059570312e+00
-4.096832752227783203e+00 -2.830243825912475586e+00 3.384481906890869141e+00
-2.760627508163452148e+00 -1.625553727149963379e+00 4.883581638336181641e+00
-5.654881000518798828e+00 -1.270931601524353027e+00 4.709088325500488281e+00
-5.351531982421875000e+00 -7.411894798278808594e-01 4.910072326660156250e+00
2.502204179763793945e+00 -1.764153003692626953e+00 3.666277408599853516e+00
1.350417256355285645e+00 -9.198139309883117676e-01 4.134642601013183594e+00
-7.375055551528930664e-02 -1.200188875198364258e+00 3.657797813415527344e+00
1.071671962738037109e+00 -3.529686033725738525e-01 4.676194667816162109e+00
2.465358018875122070e+00 -1.153041481971740723e+00 5.288918972015380859e+00
3.457750320434570312e+00 -7.446254491806030273e-01 6.639275550842285156e+00
1.095403432846069336e+00 7.244401574134826660e-01 5.412240028381347656e+00
-3.226991415023803711e+00 -1.394775986671447754e+00 5.012231826782226562e+00
-4.245718002319335938e+00 2.956600487232208252e-01 5.010654926300048828e+00
-2.751142978668212891e+00 5.588710308074951172e-01 5.134842872619628906e+00
-1.171539425849914551e+00 1.607174158096313477e+00 4.405607223510742188e+00
-3.889029026031494141e+00 1.015980362892150879e+00 4.048167705535888672e+00
-3.825025320053100586e+00 1.421127796173095703e+00 2.889793634414672852e+00
-1.796641796827316284e-01 -5.107563018798828125e+00 -8.125752955675125122e-02
2.953067719936370850e-01 -4.966838836669921875e+00 -1.176030188798904419e-01
8.140429854393005371e-01 -4.976531505584716797e+00 3.012888692319393158e-02
1.639223217964172363e+00 -3.815039396286010742e+00 1.413240551948547363e+00
1.481253623962402344e+00 -5.011171340942382812e+00 5.752167701721191406e-01
1.625661373138427734e+00 -3.775295734405517578e+00 -1.363857269287109375e+00
1.872336387634277344e+00 -2.645504474639892578e+00 2.350883007049560547e+00
2.281339645385742188e+00 1.366501927375793457e+00 5.548665523529052734e+00
2.871778011322021484e+00 2.387059450149536133e+00 4.236101627349853516e+00
2.605173110961914062e+00 2.938843011856079102e+00 3.025188922882080078e+00
-8.643993735313415527e-01 2.479799032211303711e+00 2.620997428894042969e+00
-6.682822704315185547e-01 1.940775632858276367e+00 4.184385776519775391e+00
5.688032507896423340e-01 2.540305376052856445e+00 3.251109361648559570e+00
-1.731936931610107422e+00 3.176511526107788086e+00 1.104451268911361694e-01
-7.586321830749511719e+00 -2.460860252380371094e+00 3.554828166961669922e+00
-7.329228878021240234e+00 -1.425957083702087402e+00 4.217354774475097656e+00
-7.960699558258056641e+00 -8.148404359817504883e-01 2.906858682632446289e+00
-6.812388420104980469e+00 -1.163023471832275391e+00 4.462957859039306641e+00
-7.016339778900146484e+00 -3.687503039836883545e-01 3.059957742691040039e+00
-6.419528484344482422e+00 1.885598748922348022e-01 1.420177578926086426e+00
-6.219159126281738281e+00 1.381860375404357910e-01 2.391057014465332031e+00
-6.923707962036132812e+00 2.294100821018218994e-01 -8.149008750915527344e-01
-3.745539903640747070e+00 1.650173068046569824e+00 1.846979260444641113e+00
-5.360435485839843750e+00 2.011559009552001953e+00 -1.994292020797729492e+00
-3.648108482360839844e+00 3.033570766448974609e+00 -1.669152736663818359e+00
3.350081205368041992e+00 5.145118236541748047e-01 6.457128047943115234e+00
2.970583677291870117e+00 1.615425348281860352e+00 5.364233970642089844e+00
3.825061321258544922e+00 2.006302118301391602e+00 4.845674037933349609e+00
4.535298824310302734e+00 2.590329885482788086e+00 3.814409732818603516e+00
3.880891561508178711e+00 3.126767396926879883e+00 2.990411281585693359e+00
7.764062404632568359e+00 -4.928943634033203125e+00 -3.958479881286621094e+00
2.377516746520996094e+00 -5.079342365264892578e+00 -3.052685499191284180e+00
5.496305465698242188e+00 -4.752788543701171875e+00 -2.522571086883544922e+00
6.322090148925781250e+00 -4.706192016601562500e+00 -2.968691825866699219e+00
3.033840417861938477e+00 -5.019692897796630859e+00 -2.934240818023681641e+00
2.090798854827880859e+00 -5.932951450347900391e+00 -5.250691413879394531e+00
2.626484870910644531e+00 -5.809772968292236328e+00 -6.252281665802001953e+00
3.890650987625122070e+00 -5.145410060882568359e+00 -5.597365856170654297e+00
5.924900054931640625e+00 -4.830272197723388672e+00 -3.729587554931640625e+00
7.160905838012695312e+00 -4.981799602508544922e+00 -4.066637516021728516e+00
2.443176984786987305e+00 -5.622309207916259766e+00 -8.458106040954589844e+00
8.323260307312011719e+00 -4.994420528411865234e+00 -6.005184650421142578e+00
3.299944639205932617e+00 -5.333572387695312500e+00 -7.115144252777099609e+00
3.713173627853393555e+00 -4.725403785705566406e+00 -7.898594856262207031e+00
6.290634632110595703e+00 -5.082381725311279297e+00 -5.376271724700927734e+00
7.410067081451416016e+00 -4.942521095275878906e+00 -6.328513622283935547e+00
5.879346370697021484e+00 -4.186783313751220703e+00 -7.250121116638183594e+00
7.536236763000488281e+00 -4.040605545043945312e+00 -7.365800857543945312e+00
5.589715003967285156e+00 -3.869816541671752930e+00 -7.627907276153564453e+00
5.159744262695312500e+00 -2.842785358428955078e+00 -8.642822265625000000e+00
5.233367919921875000e+00 -2.082861661911010742e+00 -8.895853996276855469e+00
-3.349451780319213867e+00 -7.970936298370361328e+00 -1.205596542358398438e+01
-3.131252527236938477e+00 -8.215115547180175781e+00 -1.051678848266601562e+01
-3.961316347122192383e+00 -7.544395446777343750e+00 -1.315931129455566406e+01
-1.581607103347778320e+00 -6.563952922821044922e+00 -1.324244785308837891e+01
-3.556436538696289062e+00 -6.335058689117431641e+00 -1.446004390716552734e+01
-3.374249696731567383e+00 -5.281767368316650391e+00 -1.519316387176513672e+01
-6.630824565887451172e+00 -6.538370132446289062e+00 -1.317215251922607422e+01
-7.072236061096191406e+00 -6.215184688568115234e+00 -1.319011497497558594e+01
-7.757876873016357422e+00 -5.235069274902343750e+00 -1.367708206176757812e+01
-5.719524860382080078e+00 -7.133145332336425781e+00 -1.307842063903808594e+01
-8.474161148071289062e+00 -5.368293285369873047e+00 -1.256548213958740234e+01
-7.363408565521240234e+00 -4.566536426544189453e+00 -1.457462882995605469e+01
-4.150588989257812500e+00 -5.536162376403808594e+00 -1.502943611145019531e+01
-5.995467662811279297e+00 -4.383886337280273438e+00 -1.525795650482177734e+01
-2.710718154907226562e+00 -5.388525962829589844e+00 -1.501451778411865234e+01
-2.176049470901489258e+00 -4.296163082122802734e+00 -1.537022209167480469e+01
-3.721774578094482422e+00 -3.717163801193237305e+00 -1.575303363800048828e+01
-2.789722681045532227e+00 -3.187492370605468750e+00 -1.571661663055419922e+01
-4.989540576934814453e+00 -2.650935411453247070e+00 -1.594036388397216797e+01
-3.920455932617187500e+00 -1.505795717239379883e+00 -1.593653964996337891e+01
-9.301030158996582031e+00 -4.443001747131347656e+00 -1.222208023071289062e+01
-8.934967994689941406e+00 -4.003119468688964844e+00 -1.344605636596679688e+01
-9.912173271179199219e+00 -2.864227056503295898e+00 -1.234673404693603516e+01
-1.040210914611816406e+01 -1.440185308456420898e+00 -1.151832962036132812e+01
-8.549010276794433594e+00 -3.351093530654907227e+00 -1.436095619201660156e+01
-7.691426277160644531e+00 -2.967147111892700195e+00 -1.519881057739257812e+01
-9.823020935058593750e+00 -9.267612695693969727e-01 -1.328290081024169922e+01
-9.375957489013671875e+00 -3.286888003349304199e-01 -1.420333576202392578e+01
-8.487351417541503906e+00 -9.528072476387023926e-01 -1.507303047180175781e+01
-7.135877609252929688e+00 1.596238911151885986e-01 -1.576934528350830078e+01
-7.628358364105224609e+00 8.127929568290710449e-01 -1.553558254241943359e+01
-1.521959662437438965e+00 -7.556329250335693359e+00 -6.888719558715820312e+00
-4.214040040969848633e-01 -7.156966209411621094e+00 -8.631880760192871094e+00
7.343798130750656128e-02 -6.570248603820800781e+00 -5.590256690979003906e+00
6.189001798629760742e-01 -6.686501979827880859e+00 -6.757240772247314453e+00
-2.399582266807556152e-01 -6.930839061737060547e+00 -9.610872268676757812e+00
-5.066284909844398499e-02 -5.895702838897705078e+00 -1.240226745605468750e+01
1.352889657020568848e+00 -6.390570163726806641e+00 -6.419169425964355469e+00
2.021245002746582031e+00 -5.953096389770507812e+00 -8.190937995910644531e+00
-7.601218819618225098e-01 -5.087626934051513672e+00 -1.430401325225830078e+01
1.024719357490539551e+00 -4.963534355163574219e+00 -1.243795967102050781e+01
-1.229740500450134277e+00 -3.740298032760620117e+00 -1.520328521728515625e+01
-1.920502483844757080e-01 -3.007699966430664062e+00 -1.485963821411132812e+01
1.960396885871887207e+00 -5.054005622863769531e+00 -1.069765186309814453e+01
-1.087437629699707031e+00 -2.405721902847290039e+00 -1.528216361999511719e+01
-1.307503938674926758e+00 -1.697597146034240723e+00 -1.534103965759277344e+01
2.142224073410034180e+00 -3.536950111389160156e+00 -1.149276447296142578e+01
8.848241567611694336e-01 -1.870418310165405273e+00 -1.348726749420166016e+01
7.970815300941467285e-01 -1.144696116447448730e+00 -1.333419036865234375e+01
-2.605673551559448242e+00 -1.779124379158020020e+00 -1.569994544982910156e+01
-2.675595521926879883e+00 -8.103985190391540527e-01 -1.564200687408447266e+01
-5.084666252136230469e+00 4.530256390571594238e-01 -1.588850975036621094e+01
-2.886734724044799805e+00 1.006455421447753906e+00 -1.536755847930908203e+01
-2.164666652679443359e+00 1.174131155014038086e+00 -1.512454223632812500e+01
-4.978900551795959473e-01 1.149341464042663574e+00 -1.389027404785156250e+01
-2.882510185241699219e+00 2.079236507415771484e+00 -1.503616809844970703e+01
-2.466277360916137695e+00 2.787911415100097656e+00 -1.464665222167968750e+01
2.704384565353393555e+00 -3.968831062316894531e+00 -1.033772373199462891e+01
3.520354270935058594e+00 -2.612281084060668945e+00 -1.011122989654541016e+01
3.012902736663818359e+00 -1.849401831626892090e+00 -1.085252285003662109e+01
9.645132422447204590e-01 -2.820086181163787842e-01 -1.281345844268798828e+01
1.483293056488037109e+00 5.303731188178062439e-03 -1.211036396026611328e+01
2.348978042602539062e+00 -2.199197113513946533e-01 -1.122660732269287109e+01
1.081916570663452148e+00 4.161488115787506104e-01 -1.233636379241943359e+01
-1.051283740997314453e+01 -9.670243263244628906e-01 -1.099333858489990234e+01
-9.970332145690917969e+00 6.827540397644042969e-01 -1.292030239105224609e+01
-1.030416870117187500e+01 -1.677538827061653137e-02 -1.048596668243408203e+01
-1.007295036315917969e+01 -1.211157590150833130e-01 -9.023487091064453125e+00
-9.726537704467773438e+00 5.421308279037475586e-01 -1.002596092224121094e+01
-9.964627265930175781e+00 9.209163188934326172e-01 -1.155127811431884766e+01
-9.434047698974609375e+00 2.030601263046264648e+00 -1.278435420989990234e+01
-8.820490837097167969e+00 1.395309209823608398e+00 -9.341414451599121094e+00
-8.417520523071289062e+00 2.395169734954833984e+00 -1.037510776519775391e+01
-8.199118614196777344e+00 1.155977368354797363e+00 -6.069660663604736328e+00
-7.961339950561523438e+00 1.592060089111328125e+00 -7.150558471679687500e+00
-8.283736228942871094e+00 1.879358530044555664e+00 -8.735989570617675781e+00
-7.900573253631591797e+00 2.546713590621948242e+00 -9.731219291687011719e+00
-6.296810150146484375e+00 2.695709228515625000e+00 -7.678713798522949219e+00
-6.213420867919921875e+00 3.004586935043334961e+00 -8.161955833435058594e+00
-8.636337280273437500e+00 2.200068473815917969e+00 -1.429207420349121094e+01
-8.036818504333496094e+00 2.227965831756591797e+00 -1.473244094848632812e+01
-7.637595653533935547e+00 3.438426494598388672e+00 -1.351341247558593750e+01
-6.655537605285644531e+00 4.261008739471435547e+00 -1.313779258728027344e+01
-6.100481986999511719e+00 1.893221378326416016e+00 -1.547653579711914062e+01
-5.844999790191650391e+00 2.182587146759033203e+00 -1.532753849029541016e+01
-5.171108245849609375e+00 3.964925765991210938e+00 -1.412240028381347656e+01
-4.615794658660888672e+00 3.958904743194580078e+00 -1.424966907501220703e+01
-5.868075847625732422e+00 3.767355442047119141e+00 -1.412577819824218750e+01
-8.274213790893554688e+00 3.280054569244384766e+00 -1.224761676788330078e+01
-6.242921352386474609e+00 4.409031867980957031e+00 -1.238173103332519531e+01
-5.557049274444580078e+00 4.378684997558593750e+00 -1.074394702911376953e+01
-3.389279127120971680e+00 4.231641292572021484e+00 -1.348894882202148438e+01
-3.171108245849609375e+00 4.293267726898193359e+00 -1.287088489532470703e+01
-5.220358848571777344e+00 4.431070327758789062e+00 -1.222039794921875000e+01
-4.469502925872802734e+00 4.632701396942138672e+00 -1.232682514190673828e+01
-3.216687202453613281e+00 4.683845996856689453e+00 -1.144386386871337891e+01
-4.958374977111816406e+00 4.783197402954101562e+00 -1.084894657135009766e+01
-3.795789003372192383e+00 4.890229701995849609e+00 -1.117233085632324219e+01
-6.640438079833984375e+00 3.679739236831665039e+00 -1.050178432464599609e+01
-5.932005405426025391e+00 3.620263338088989258e+00 -9.034817695617675781e+00
3.057701587677001953e+00 -1.926376819610595703e-01 -1.030088329315185547e+01
-1.381959319114685059e-01 1.527593612670898438e+00 -1.287808036804199219e+01
-2.114352226257324219e+00 3.219835042953491211e+00 -1.359536933898925781e+01
9.963341951370239258e-01 8.001001477241516113e-01 -1.168942546844482422e+01
-1.053701758384704590e+00 2.882900714874267578e+00 -1.233893966674804688e+01
-2.714142322540283203e+00 3.843873977661132812e+00 -1.327082824707031250e+01
-1.649925947189331055e+00 3.644751071929931641e+00 -1.187582969665527344e+01
1.144010829925537109e+01 -6.545323848724365234e+00 -3.363263368606567383e+00
1.333240604400634766e+01 -6.727884292602539062e+00 -1.704350948333740234e+00
1.117421913146972656e+01 -6.463723659515380859e+00 -8.285380005836486816e-01
1.098195171356201172e+01 -6.492817878723144531e+00 -2.585599422454833984e+00
1.435999393463134766e+01 -6.964715957641601562e+00 -5.003713607788085938e+00
1.199388790130615234e+01 -6.608450412750244141e+00 -3.963462829589843750e+00
1.270503044128417969e+01 -6.585929393768310547e+00 -5.457748413085937500e+00
1.315504741668701172e+01 -6.894046783447265625e+00 -3.648411035537719727e+00
1.563464641571044922e+01 -7.040172100067138672e+00 -3.573320388793945312e+00
1.606616401672363281e+01 -5.968052864074707031e+00 -4.156472682952880859e+00
1.625406455993652344e+01 -6.509799957275390625e+00 -1.143114566802978516e+00
1.638113403320312500e+01 -5.712413311004638672e+00 -2.023631334304809570e+00
1.458828163146972656e+01 -6.612844467163085938e+00 7.970823347568511963e-02
1.482365608215332031e+01 -6.970483303070068359e+00 -1.526032209396362305e+00
1.538275909423828125e+01 -6.258306026458740234e+00 9.993920326232910156e-01
1.480761814117431641e+01 -4.134509563446044922e+00 2.025548934936523438e+00
1.514949417114257812e+01 -4.247289180755615234e+00 9.173094630241394043e-01
1.433483791351318359e+01 -3.403939723968505859e+00 1.083776235580444336e+00
1.581528949737548828e+01 -4.925639629364013672e+00 -3.325054168701171875e+00
1.524591732025146484e+01 -4.063865184783935547e+00 -2.546840429306030273e+00
1.522538566589355469e+01 -3.984124660491943359e+00 -9.846297502517700195e-01
1.498271942138671875e+01 -3.643648386001586914e+00 -1.484498381614685059e+00
1.432620525360107422e+01 -2.890278577804565430e+00 -8.457974195480346680e-01
1.381575393676757812e+01 -6.749139785766601562e+00 -6.223517417907714844e+00
1.525703334808349609e+01 -5.952825069427490234e+00 -6.519661426544189453e+00
1.237425804138183594e+01 -6.455199241638183594e+00 -6.642950534820556641e+00
1.291773796081542969e+01 -5.914463996887207031e+00 -7.425403594970703125e+00
1.593198966979980469e+01 -5.856962203979492188e+00 -5.614535331726074219e+00
1.561785793304443359e+01 -5.091899871826171875e+00 -5.908124923706054688e+00
1.504474353790283203e+01 -4.421429634094238281e+00 -5.512512207031250000e+00
1.326052665710449219e+01 -5.521675586700439453e+00 -7.278870582580566406e+00
1.263222122192382812e+01 -4.967730522155761719e+00 -6.590259552001953125e+00
1.349412918090820312e+01 -4.482234954833984375e+00 -6.069305419921875000e+00
1.362087535858154297e+01 -3.389918327331542969e+00 -4.912743568420410156e+00
1.500848102569580078e+01 -3.738033294677734375e+00 -2.787267684936523438e+00
1.493070030212402344e+01 -3.753609657287597656e+00 -4.471047878265380859e+00
1.438014411926269531e+01 -2.905478239059448242e+00 -3.718792915344238281e+00
1.016573333740234375e+01 -6.029785156250000000e+00 -2.738723754882812500e+00
6.992512702941894531e+00 -4.782498359680175781e+00 -2.366373777389526367e+00
7.278117656707763672e+00 -4.859046936035156250e+00 -1.939963221549987793e+00
6.845362663269042969e+00 -4.717638015747070312e+00 -2.929288148880004883e+00
1.048697090148925781e+01 -6.317403316497802734e+00 -2.335004091262817383e+00
9.011926651000976562e+00 -5.555963993072509766e+00 -1.939376592636108398e+00
7.949076652526855469e+00 -5.126603126525878906e+00 -1.571735262870788574e+00
9.601638793945312500e+00 -5.550727367401123047e+00 -3.429569482803344727e+00
9.956016540527343750e+00 -5.563973903656005859e+00 -4.655060768127441406e+00
8.334638595581054688e+00 -5.008619308471679688e+00 -3.955538749694824219e+00
1.354895973205566406e+01 -2.218479871749877930e+00 1.754545047879219055e-02
1.216893959045410156e+01 -9.043310880661010742e-01 -9.912974238395690918e-01
1.096916770935058594e+01 -5.973983287811279297e+00 -5.485062599182128906e+00
1.103327369689941406e+01 -5.426669120788574219e+00 -6.017089366912841797e+00
9.599594116210937500e+00 -5.083789348602294922e+00 -5.190773010253906250e+00
1.172354698181152344e+01 -4.702952384948730469e+00 -6.153007984161376953e+00
9.186584472656250000e+00 -4.325148105621337891e+00 -6.404216766357421875e+00
1.040563964843750000e+01 -3.546747207641601562e+00 -5.849842071533203125e+00
1.247626590728759766e+01 -3.691741466522216797e+00 -5.425656318664550781e+00
1.065087795257568359e+01 -3.203845739364624023e+00 -5.642430305480957031e+00
1.067372989654541016e+01 -2.277385234832763672e+00 -5.224870204925537109e+00
8.545129776000976562e+00 -3.686062812805175781e+00 -7.019716262817382812e+00
9.054803848266601562e+00 -3.087617397308349609e+00 -6.552159309387207031e+00
8.055823326110839844e+00 -2.034447193145751953e+00 -6.895707130432128906e+00
1.040740203857421875e+01 -1.610591173171997070e+00 -5.086297988891601562e+00
8.258464813232421875e+00 -1.711253046989440918e+00 -6.626445293426513672e+00
8.751365661621093750e+00 -4.873055815696716309e-01 -5.828399658203125000e+00
7.283379077911376953e+00 -1.683803349733352661e-01 -6.908863067626953125e+00
1.327870941162109375e+01 -2.137799263000488281e+00 -4.020726680755615234e+00
1.345771121978759766e+01 -1.695502281188964844e+00 -1.890740513801574707e+00
1.321928405761718750e+01 -1.330762386322021484e+00 -3.107540130615234375e+00
1.239591979980468750e+01 -4.594940841197967529e-01 -2.184495210647583008e+00
1.206340217590332031e+01 -1.301137506961822510e-01 -2.800339698791503906e+00
1.241506290435791016e+01 -1.929167866706848145e+00 -4.321450233459472656e+00
1.121463680267333984e+01 -1.244488716125488281e+00 -4.449156761169433594e+00
1.150390338897705078e+01 -5.825697183609008789e-01 -3.832139730453491211e+00
1.016232585906982422e+01 1.514966130256652832e+00 -1.702527880668640137e+00
9.292656898498535156e+00 2.350965499877929688e+00 -2.853897333145141602e+00
9.334975242614746094e+00 2.290467739105224609e+00 -3.334390878677368164e+00
8.575194358825683594e+00 2.912245750427246094e+00 -2.348106384277343750e+00
1.021494674682617188e+01 -9.215973615646362305e-01 -4.979433059692382812e+00
1.065563392639160156e+01 2.902348041534423828e-01 -4.101570606231689453e+00
8.368016242980957031e+00 1.248496919870376587e-01 -5.845605850219726562e+00
7.014920711517333984e+00 9.791477918624877930e-01 -6.416943073272705078e+00
1.385441493988037109e+01 -3.519463062286376953e+00 2.638514757156372070e+00
1.241655635833740234e+01 -2.563578128814697266e+00 2.955931663513183594e+00
1.117144107818603516e+01 -1.016416430473327637e+00 1.472292900085449219e+00
1.136424064636230469e+01 -7.799562811851501465e-01 3.220787048339843750e-01
9.876049041748046875e+00 -6.436035037040710449e-01 3.178434371948242188e+00
8.791986465454101562e+00 7.705521583557128906e-01 2.655246734619140625e+00
9.335954666137695312e+00 4.583737254142761230e-01 2.120253801345825195e+00
7.285391330718994141e+00 1.858999013900756836e+00 3.015167236328125000e+00
7.141592979431152344e+00 2.576810598373413086e+00 1.874080896377563477e+00
9.716270446777343750e+00 7.393881678581237793e-01 3.885683715343475342e-01
9.995243072509765625e+00 1.199218511581420898e+00 -9.451193809509277344e-01
7.966232299804687500e+00 2.530763864517211914e+00 4.461441040039062500e-01
3.351852893829345703e+00 4.270853996276855469e+00 -3.424545228481292725e-01
6.216330051422119141e+00 3.510091304779052734e+00 2.978401780128479004e-01
5.481874942779541016e+00 4.033901691436767578e+00 -2.220026493072509766e+00
3.674195289611816406e+00 4.386035442352294922e+00 -6.794906854629516602e-01
2.849713087081909180e+00 3.819464445114135742e+00 -2.452509880065917969e+00
2.962786197662353516e+00 3.511308908462524414e+00 -3.324475288391113281e+00
-9.874550104141235352e-01 3.796361923217773438e+00 -7.649993300437927246e-01
2.149577856063842773e+00 3.145176887512207031e+00 -4.383451461791992188e+00
1.223513390868902206e-02 4.165307998657226562e+00 -3.142997741699218750e+00
3.079626262187957764e-01 3.711997985839843750e+00 -4.696996212005615234e+00
2.380988597869873047e+00 3.806962013244628906e+00 -2.564653396606445312e+00
5.102458000183105469e+00 -8.754301667213439941e-01 -8.891471862792968750e+00
2.943410158157348633e+00 3.078480362892150879e-01 -9.605412483215332031e+00
5.064373970031738281e+00 5.044338107109069824e-01 -8.108518600463867188e+00
3.642988920211791992e+00 5.606160759925842285e-01 -8.964555740356445312e+00
2.523783206939697266e+00 5.011887550354003906e-01 -9.798851966857910156e+00
1.546907305717468262e+00 1.849161982536315918e+00 -9.910984992980957031e+00
3.309852480888366699e-01 3.149646759033203125e+00 -9.156473159790039062e+00
1.124014258384704590e-01 3.002094745635986328e+00 -1.045755386352539062e+01
5.656677722930908203e+00 2.807964324951171875e+00 -4.852181434631347656e+00
6.159786701202392578e+00 1.884761810302734375e+00 -6.083710670471191406e+00
4.702028274536132812e+00 2.691102266311645508e+00 -5.241703033447265625e+00
4.800152778625488281e+00 2.384903907775878906e+00 -5.955096721649169922e+00
6.615404129028320312e+00 3.746006488800048828e+00 -2.713578224182128906e+00
6.584561824798583984e+00 1.278301239013671875e+00 -6.418968677520751953e+00
5.714282989501953125e+00 1.666047573089599609e+00 -6.597444057464599609e+00
4.862280368804931641e+00 1.777982354164123535e+00 -7.031272888183593750e+00
2.738026380538940430e+00 2.852243185043334961e+00 -5.059207439422607422e+00
2.817804574966430664e+00 2.089979171752929688e+00 -7.356204986572265625e+00
2.029168128967285156e+00 2.331161022186279297e+00 -6.809751510620117188e+00
9.554709494113922119e-02 3.303919076919555664e+00 -6.269836425781250000e+00
2.716225087642669678e-01 2.960299491882324219e+00 -7.757555484771728516e+00
3.034768998622894287e-01 3.032307147979736328e+00 -8.136569976806640625e+00
-3.297250032424926758e+00 3.399854898452758789e+00 -2.583541154861450195e+00
-5.633506774902343750e+00 3.066015958786010742e+00 -7.731323242187500000e+00
-4.808373451232910156e+00 3.483589649200439453e+00 -7.636065959930419922e+00
-4.256897449493408203e+00 3.352000474929809570e+00 -6.675252914428710938e+00
-2.168364286422729492e+00 3.288942098617553711e+00 -2.302552014589309692e-01
-1.890977859497070312e+00 3.754726409912109375e+00 -1.353063583374023438e+00
-1.526790976524353027e+00 4.100237369537353516e+00 -2.469708919525146484e+00
-1.353201270103454590e+00 4.395340442657470703e+00 -3.694983720779418945e+00
-1.181606173515319824e+00 4.402876853942871094e+00 -4.987412452697753906e+00
-4.800408840179443359e+00 4.078539848327636719e+00 -8.505498886108398438e+00
-4.506053924560546875e+00 4.555790424346923828e+00 -9.025180816650390625e+00
-1.981017112731933594e+00 4.464024066925048828e+00 -7.511812686920166016e+00
-3.350186824798583984e+00 4.458575248718261719e+00 -8.332554817199707031e+00
-1.541228055953979492e+00 3.652294158935546875e+00 -1.119874954223632812e+01
-1.228574752807617188e+00 3.507427930831909180e+00 -1.106288623809814453e+01
-3.828083276748657227e+00 4.853065490722656250e+00 -1.070532703399658203e+01
-2.047541856765747070e+00 4.181507110595703125e+00 -9.850824356079101562e+00
-3.112092316150665283e-01 3.481216907501220703e+00 -9.966072082519531250e+00
-2.158559799194335938e+00 4.562636375427246094e+00 -6.121712207794189453e+00
5.285422325134277344e+00 3.155509948730468750e+00 2.395722627639770508e+00
6.050828456878662109e+00 3.109642028808593750e+00 1.825901269912719727e+00
1.965622186660766602e+00 7.035470008850097656e-01 -1.028589057922363281e+01
-5.164869427680969238e-01 2.795396089553833008e+00 -1.161510848999023438e+01
4.422523379325866699e-01 2.524963140487670898e+00 -1.076882266998291016e+01
