1.561035633087158203e+00 -4.925949573516845703e+00 -2.717288017272949219e+00
2.278718709945678711e+00 -4.761097431182861328e+00 -1.930596947669982910e+00
1.514971613883972168e+00 -4.775521755218505859e+00 -2.313756942749023438e+00
-5.068966388702392578e+00 -8.108524322509765625e+00 -7.822103500366210938e+00
-4.999727725982666016e+00 -8.062191009521484375e+00 -1.156771278381347656e+01
-4.185116291046142578e+00 -8.321352958679199219e+00 -9.419501304626464844e+00
-7.271262168884277344e+00 -7.467859268188476562e+00 -7.058723449707031250e+00
-7.775298118591308594e+00 -7.350477218627929688e+00 -7.967025279998779297e+00
-5.692708015441894531e+00 -8.129221916198730469e+00 -9.823495864868164062e+00
-6.221033096313476562e+00 -7.997690677642822266e+00 -9.061223983764648438e+00
-6.480949401855468750e+00 -7.345266819000244141e+00 -1.205421257019042969e+01
-8.410848617553710938e+00 -6.366965293884277344e+00 -1.057576942443847656e+01
-8.333036422729492188e+00 -6.189171314239501953e+00 -1.129389953613281250e+01
-9.642335891723632812e+00 -5.266140937805175781e+00 -8.362833023071289062e+00
-1.005076980590820312e+01 -4.324380874633789062e+00 -8.715866088867187500e+00
-9.586769104003906250e+00 -4.642007827758789062e+00 -1.086715316772460938e+01
-8.220538139343261719e+00 -6.689847469329833984e+00 -5.445264339447021484e+00
-9.068130493164062500e+00 -6.090256690979003906e+00 -4.929849147796630859e+00
-7.968556404113769531e+00 -5.744544029235839844e+00 -3.404404878616333008e+00
-8.497631072998046875e+00 -5.226976871490478516e+00 -2.225981235504150391e+00
-6.958754539489746094e+00 -5.439920902252197266e+00 -3.111832857131958008e+00
-2.592962026596069336e+00 -5.028703689575195312e+00 -1.549363493919372559e+00
-3.372731447219848633e+00 -4.878654956817626953e+00 -5.836545825004577637e-01
-1.438581705093383789e+00 -4.986445903778076172e+00 -2.395564317703247070e-01
-7.378133773803710938e+00 -3.208997011184692383e+00 2.312889337539672852e+00
-5.355226516723632812e+00 -3.510202646255493164e+00 1.279551982879638672e+00
-3.860187768936157227e+00 -5.066368579864501953e+00 -2.137021780014038086e+00
-7.304630279541015625e+00 -4.796006679534912109e+00 -1.626423954963684082e+00
-6.307910442352294922e+00 -5.166214942932128906e+00 -2.786246061325073242e+00
-3.738212347030639648e+00 -4.410490512847900391e+00 1.349647343158721924e-01
-4.768109321594238281e+00 -7.278125286102294922e+00 -5.294676303863525391e+00
-4.545663356781005859e+00 -6.496808052062988281e+00 -4.090856552124023438e+00
-2.280464172363281250e+00 -7.654620647430419922e+00 -6.417000293731689453e+00
-2.884809732437133789e+00 -7.166491985321044922e+00 -5.067163467407226562e+00
-2.214631557464599609e+00 -7.176081657409667969e+00 -5.299239635467529297e+00
-1.356384038925170898e+00 -6.799432754516601562e+00 -5.044783592224121094e+00
-2.779627799987792969e+00 -6.775224208831787109e+00 -4.440139293670654297e+00
-5.267722129821777344e+00 -6.849765300750732422e+00 -4.678794860839843750e+00
-6.154018878936767578e+00 -7.666025638580322266e+00 -6.741865158081054688e+00
-8.705027580261230469e+00 -6.650267124176025391e+00 -6.454517364501953125e+00
-1.416399478912353516e+00 -4.977042675018310547e+00 -1.838384747505187988e+00
-9.342901110649108887e-01 -5.037092685699462891e+00 -2.279693841934204102e+00
-2.240641593933105469e+00 -5.121740341186523438e+00 -2.024804592132568359e+00
-3.491044342517852783e-01 -5.078484058380126953e+00 -1.200458645820617676e+00
6.316528320312500000e-01 -4.606050491333007812e+00 -1.601909995079040527e+00
-8.142393827438354492e-01 -5.400816440582275391e+00 -3.022207021713256836e+00
-7.582264021039009094e-03 -5.496766567230224609e+00 -3.346860885620117188e+00
6.078966259956359863e-01 -4.757347106933593750e+00 -2.129081487655639648e+00
-9.515828132629394531e+00 -4.811688899993896484e+00 -2.044095277786254883e+00
-9.940631866455078125e+00 -4.888133049011230469e+00 -4.679606437683105469e+00
-9.352174758911132812e+00 -5.578685283660888672e+00 -3.830938577651977539e+00
-1.019613075256347656e+01 -3.756361246109008789e+00 -3.287741661071777344e+00
-1.031943225860595703e+01 -3.583361387252807617e+00 -4.715964317321777344e+00
-9.119947433471679688e+00 -4.085470199584960938e+00 3.096923828125000000e-01
-9.781084060668945312e+00 -4.170964717864990234e+00 -1.408168077468872070e+00
-9.819230079650878906e+00 -3.229525804519653320e+00 -2.808246314525604248e-01
-9.598629951477050781e+00 -2.925637245178222656e+00 9.034572839736938477e-01
-9.111454963684082031e+00 -2.718475580215454102e+00 2.167870759963989258e+00
-9.279266357421875000e+00 -1.627391815185546875e+00 1.270756006240844727e+00
-1.017311859130859375e+01 -2.692393541336059570e+00 -2.523158311843872070e+00
-1.009807395935058594e+01 -1.606980800628662109e+00 -2.652840137481689453e+00
-9.464631080627441406e+00 -1.291276216506958008e+00 -8.878276944160461426e-01
-7.935927391052246094e+00 -4.180492162704467773e-01 -6.466094255447387695e-01
-1.006305694580078125e+01 -4.633568286895751953e+00 -5.545300483703613281e+00
-1.034727954864501953e+01 -3.650008201599121094e+00 -5.425778865814208984e+00
-1.053327369689941406e+01 -2.256298780441284180e+00 -5.302208423614501953e+00
-1.059065914154052734e+01 -2.097268104553222656e+00 -5.872784137725830078e+00
-1.008290576934814453e+01 -6.565944552421569824e-01 -5.354579448699951172e+00
-1.058941459655761719e+01 -2.842406988143920898e+00 -7.962534427642822266e+00
-1.071054267883300781e+01 -1.946268916130065918e+00 -8.888170242309570312e+00
-1.059988784790039062e+01 -8.103510141372680664e-01 -8.518406867980957031e+00
-9.950704574584960938e+00 -3.297298550605773926e-01 -6.707051753997802734e+00
-8.382853507995605469e+00 -2.016340792179107666e-01 -2.253830671310424805e+00
-6.926946640014648438e+00 1.701637983322143555e+00 -3.687622785568237305e+00
-9.015471458435058594e+00 3.864657580852508545e-01 -6.204545974731445312e+00
-7.575693130493164062e+00 1.439278364181518555e+00 -4.989949226379394531e+00
1.333194160461425781e+01 -4.724054336547851562e+00 4.124856948852539062e+00
1.357824039459228516e+01 -6.015394210815429688e+00 6.680065393447875977e-01
1.307626533508300781e+01 -5.726873397827148438e+00 1.298645853996276855e+00
1.495201778411865234e+01 -5.633495330810546875e+00 1.820025801658630371e+00
1.484718418121337891e+01 -4.582972526550292969e+00 2.842023611068725586e+00
1.201061534881591797e+01 -5.211822986602783203e+00 2.494192600250244141e+00
4.494274616241455078e+00 -8.945670127868652344e-01 4.827469825744628906e+00
5.408697605133056641e+00 -4.038453102111816406e-01 5.914938449859619141e+00
6.654881477355957031e+00 -4.802143573760986328e+00 -1.695881962776184082e+00
8.919350624084472656e+00 -6.218432903289794922e+00 -1.282073974609375000e+00
8.132430076599121094e+00 -6.131705284118652344e+00 -1.122241497039794922e+00
7.458827018737792969e+00 -6.206940174102783203e+00 -5.312206149101257324e-01
2.555199384689331055e+00 -5.409227371215820312e+00 4.027521014213562012e-01
4.296689510345458984e+00 -4.676494121551513672e+00 -1.513733625411987305e+00
5.170975208282470703e+00 -5.057740688323974609e+00 -1.192267060279846191e+00
2.306262493133544922e+00 -4.264659881591796875e+00 -1.269160151481628418e+00
4.115434646606445312e+00 -4.709328651428222656e+00 -1.290789127349853516e+00
5.112127304077148438e+00 -5.542630195617675781e+00 1.997712254524230957e-01
5.813515663146972656e+00 -5.935232639312744141e+00 -6.385936141014099121e-01
3.098628520965576172e+00 -5.471130371093750000e+00 -5.972727537155151367e-01
9.476199150085449219e+00 -4.986973762512207031e+00 2.952710628509521484e+00
1.015233325958251953e+01 -4.222238540649414062e+00 4.549388885498046875e+00
1.001942729949951172e+01 -4.575697898864746094e+00 4.065804004669189453e+00
8.846529006958007812e+00 -3.579277038574218750e+00 5.029674530029296875e+00
8.948375701904296875e+00 -4.818586826324462891e+00 3.055674314498901367e+00
9.035264968872070312e+00 -5.821892261505126953e+00 1.369541883468627930e+00
8.688617706298828125e+00 -6.038771152496337891e+00 8.997765183448791504e-01
5.564884662628173828e+00 -1.074295520782470703e+00 3.887467861175537109e+00
6.174987316131591797e+00 -3.602104425430297852e+00 2.348248004913330078e+00
5.596293449401855469e+00 -3.916941404342651367e+00 1.847191572189331055e+00
4.531956195831298828e+00 -1.817893266677856445e+00 3.027030706405639648e+00
4.651613235473632812e+00 -1.336650252342224121e+00 3.635257244110107422e+00
6.922231674194335938e+00 -2.235937356948852539e+00 4.173271656036376953e+00
6.790675163269042969e+00 -1.542401552200317383e+00 5.305039882659912109e+00
6.547626018524169922e+00 -5.410033226013183594e+00 9.078962206840515137e-01
1.232035255432128906e+01 -3.327368736267089844e+00 5.338393211364746094e+00
1.404228401184082031e+01 -3.831491470336914062e+00 4.227812767028808594e+00
1.292610931396484375e+01 -2.546012401580810547e+00 4.517836570739746094e+00
1.369417858123779297e+01 -2.752256393432617188e+00 2.922393083572387695e+00
8.038110733032226562e+00 -2.377655029296875000e+00 6.367168903350830078e+00
7.606103420257568359e+00 -1.939172983169555664e+00 6.353735446929931641e+00
4.393843173980712891e+00 -6.267538666725158691e-02 6.731506824493408203e+00
9.936085700988769531e+00 -3.313598394393920898e+00 5.975337028503417969e+00
1.068717575073242188e+01 -2.031728982925415039e+00 5.973959922790527344e+00
1.101739978790283203e+01 -1.648613929748535156e+00 5.135251045227050781e+00
8.871810913085937500e+00 -9.772648811340332031e-01 6.116782188415527344e+00
9.194515228271484375e+00 -6.127002835273742676e-01 5.193837165832519531e+00
1.130451107025146484e+01 -1.565748453140258789e+00 4.208969116210937500e+00
1.157370471954345703e+01 -1.447189092636108398e+00 3.248411417007446289e+00
6.824971675872802734e+00 -9.434930086135864258e-01 6.139640808105468750e+00
7.956360340118408203e+00 -3.873825371265411377e-01 6.105187892913818359e+00
7.226273536682128906e+00 5.763505697250366211e-01 5.668631553649902344e+00
6.437280654907226562e+00 3.395673632621765137e-01 5.992201805114746094e+00
5.815916061401367188e+00 1.484089136123657227e+00 5.629344463348388672e+00
8.248814582824707031e+00 8.095929622650146484e-01 4.360558509826660156e+00
5.864548683166503906e+00 2.599406719207763672e+00 4.232426166534423828e+00
6.235241413116455078e+00 2.597049236297607422e+00 3.713526248931884766e+00
-2.127166509628295898e+00 -2.782540798187255859e+00 3.772851467132568359e+00
-1.517732858657836914e+00 -3.784874439239501953e+00 1.661264657974243164e+00
-1.473962664604187012e+00 -4.639365673065185547e+00 3.872888386249542236e-01
-1.608196735382080078e+00 -2.840795516967773438e+00 3.495386600494384766e+00
-2.331069260835647583e-01 -2.644057035446166992e+00 2.377796173095703125e+00
-5.070938587188720703e+00 -3.475911378860473633e+00 1.472364783287048340e+00
-4.357624053955078125e+00 -3.311384439468383789e+00 2.205700874328613281e+00
-5.803225517272949219e+00 -2.591669797897338867e+00 3.394850492477416992e+00
-5.277508258819580078e+00 -3.012676000595092773e+00 2.538364410400390625e+00
-4.091837882995605469e+00 -2.818606376647949219e+00 3.382908105850219727e+00
-2.755057096481323242e+00 -1.612257480621337891e+00 4.880962371826171875e+00
-5.652242660522460938e+00 -1.263165712356567383e+00 4.711030960083007812e+00
-5.349303722381591797e+00 -7.325140833854675293e-01 4.912971496582031250e+00
2.579220294952392578e+00 -1.606781840324401855e+00 3.631467819213867188e+00
1.398117780685424805e+00 -8.161521553993225098e-01 4.126652717590332031e+00
-4.673777520656585693e-02 -1.161265134811401367e+00 3.660612344741821289e+00
1.111871123313903809e+00 -2.339197993278503418e-01 4.665322303771972656e+00
2.602323055267333984e+00 -8.467589616775512695e-01 5.234973907470703125e+00
3.638588666915893555e+00 -3.045761287212371826e-01 6.573985576629638672e+00
1.138530492782592773e+00 8.646515607833862305e-01 5.404433727264404297e+00
-3.223001241683959961e+00 -1.383050322532653809e+00 5.012286663055419922e+00
-4.243037700653076172e+00 3.052156567573547363e-01 5.011925220489501953e+00
-2.746560573577880859e+00 5.721442699432373047e-01 5.136742591857910156e+00
-1.167597651481628418e+00 1.628315329551696777e+00 4.408512592315673828e+00
-3.885961055755615234e+00 1.022035479545593262e+00 4.047628402709960938e+00
-3.822637081146240234e+00 1.423732161521911621e+00 2.889739274978637695e+00
-1.750000566244125366e-01 -5.092479705810546875e+00 -8.360745012760162354e-02
3.023926913738250732e-01 -4.948183059692382812e+00 -1.176338046789169312e-01
8.192793726921081543e-01 -4.949368476867675781e+00 3.247071430087089539e-02
1.655562758445739746e+00 -3.775192499160766602e+00 1.416540145874023438e+00
1.485802054405212402e+00 -4.980694770812988281e+00 5.819633603096008301e-01
1.622370958328247070e+00 -3.747934103012084961e+00 -1.369967818260192871e+00
1.906881809234619141e+00 -2.580164909362792969e+00 2.342387437820434570e+00
2.323724746704101562e+00 1.731835842132568359e+00 5.601154327392578125e+00
2.904338598251342773e+00 2.703058958053588867e+00 4.258937835693359375e+00
2.620357751846313477e+00 3.033251285552978516e+00 3.016129255294799805e+00
-8.604355454444885254e-01 2.491086959838867188e+00 2.618052482604980469e+00
-6.612823605537414551e-01 1.976747035980224609e+00 4.179463863372802734e+00
5.794833898544311523e-01 2.583627700805664062e+00 3.245480060577392578e+00
-1.729553699493408203e+00 3.177168607711791992e+00 1.085888072848320007e-01
-7.584369182586669922e+00 -2.456281661987304688e+00 3.556306123733520508e+00
-7.326998710632324219e+00 -1.421305775642395020e+00 4.218245983123779297e+00
-7.960155963897705078e+00 -8.110133409500122070e-01 2.907819747924804688e+00
-6.810262680053710938e+00 -1.157770872116088867e+00 4.464079856872558594e+00
-7.014972686767578125e+00 -3.647734522819519043e-01 3.061446905136108398e+00
-6.419296741485595703e+00 1.889174580574035645e-01 1.420549035072326660e+00
-6.218181610107421875e+00 1.405249536037445068e-01 2.391743659973144531e+00
-6.923903942108154297e+00 2.274686545133590698e-01 -8.149417638778686523e-01
-3.744073629379272461e+00 1.649189829826354980e+00 1.846148729324340820e+00
-5.362437248229980469e+00 2.016223907470703125e+00 -1.992992520332336426e+00
-3.648099422454833984e+00 3.036310911178588867e+00 -1.668641209602355957e+00
3.471058368682861328e+00 9.928798675537109375e-01 6.435657024383544922e+00
3.030833959579467773e+00 2.085570573806762695e+00 5.409006118774414062e+00
3.905534982681274414e+00 2.539990425109863281e+00 4.849805831909179688e+00
4.588946342468261719e+00 3.044793128967285156e+00 3.803370952606201172e+00
3.893479824066162109e+00 3.347552061080932617e+00 2.965640783309936523e+00
7.763487815856933594e+00 -4.875743389129638672e+00 -3.988858699798583984e+00
2.377470493316650391e+00 -5.064638614654541016e+00 -3.057686328887939453e+00
5.496668815612792969e+00 -4.713058948516845703e+00 -2.539457798004150391e+00
6.323091030120849609e+00 -4.663663864135742188e+00 -2.991984844207763672e+00
3.034247875213623047e+00 -4.998149871826171875e+00 -2.941875696182250977e+00
2.090932607650756836e+00 -5.926350116729736328e+00 -5.253393173217773438e+00
2.626779556274414062e+00 -5.805384635925292969e+00 -6.255475521087646484e+00
3.891175270080566406e+00 -5.138356208801269531e+00 -5.602352619171142578e+00
5.924831867218017578e+00 -4.805784225463867188e+00 -3.744929313659667969e+00
7.161355972290039062e+00 -4.943981170654296875e+00 -4.089445590972900391e+00
2.443030595779418945e+00 -5.620298385620117188e+00 -8.460085868835449219e+00
8.320293426513671875e+00 -4.957551479339599609e+00 -6.033916473388671875e+00
3.299861669540405273e+00 -5.329131603240966797e+00 -7.118995666503906250e+00
3.711759805679321289e+00 -4.720633506774902344e+00 -7.901916027069091797e+00
6.289799213409423828e+00 -5.065571784973144531e+00 -5.389735698699951172e+00
7.406629562377929688e+00 -4.921736717224121094e+00 -6.347010612487792969e+00
5.875561714172363281e+00 -4.171611309051513672e+00 -7.260411739349365234e+00
7.529180526733398438e+00 -4.021379947662353516e+00 -7.383559703826904297e+00
5.585507392883300781e+00 -3.859570980072021484e+00 -7.634682178497314453e+00
5.156516551971435547e+00 -2.836350917816162109e+00 -8.647113800048828125e+00
5.231224536895751953e+00 -2.078359127044677734e+00 -8.897550582885742188e+00
-3.349627733230590820e+00 -7.970852375030517578e+00 -1.205596542358398438e+01
-3.131251573562622070e+00 -8.215412139892578125e+00 -1.051677608489990234e+01
-3.961699247360229492e+00 -7.543896675109863281e+00 -1.315919208526611328e+01
-1.581987619400024414e+00 -6.563271045684814453e+00 -1.324224567413330078e+01
-3.557087659835815430e+00 -6.334219455718994141e+00 -1.445985603332519531e+01
-3.374952077865600586e+00 -5.280296325683593750e+00 -1.519257068634033203e+01
-6.631528854370117188e+00 -6.536686420440673828e+00 -1.317100429534912109e+01
-7.072211742401123047e+00 -6.212137222290039062e+00 -1.318817424774169922e+01
-7.758005619049072266e+00 -5.232145786285400391e+00 -1.367478561401367188e+01
-5.720061302185058594e+00 -7.132594585418701172e+00 -1.307797527313232422e+01
-8.473363876342773438e+00 -5.364832878112792969e+00 -1.256358337402343750e+01
-7.363955020904541016e+00 -4.564552783966064453e+00 -1.457362747192382812e+01
-4.151329994201660156e+00 -5.534602165222167969e+00 -1.502923107147216797e+01
-5.995842933654785156e+00 -4.381677627563476562e+00 -1.525745773315429688e+01
-2.711286783218383789e+00 -5.387535572052001953e+00 -1.501410865783691406e+01
-2.177047014236450195e+00 -4.295322895050048828e+00 -1.536941814422607422e+01
-3.722884178161621094e+00 -3.715161085128784180e+00 -1.575261878967285156e+01
-2.790325880050659180e+00 -3.186453580856323242e+00 -1.571614551544189453e+01
-4.989734649658203125e+00 -2.648652315139770508e+00 -1.594071006774902344e+01
-3.920584678649902344e+00 -1.503423333168029785e+00 -1.593649864196777344e+01
-9.299600601196289062e+00 -4.440885066986083984e+00 -1.222159099578857422e+01
-8.934011459350585938e+00 -4.001315116882324219e+00 -1.344535255432128906e+01
-9.911118507385253906e+00 -2.862996578216552734e+00 -1.234671592712402344e+01
-1.040017318725585938e+01 -1.438527584075927734e+00 -1.151998519897460938e+01
-8.548903465270996094e+00 -3.349016189575195312e+00 -1.436098957061767578e+01
-7.691797733306884766e+00 -2.966112852096557617e+00 -1.519837379455566406e+01
-9.820573806762695312e+00 -9.233334660530090332e-01 -1.328458404541015625e+01
-9.372896194458007812e+00 -3.258504271507263184e-01 -1.420652580261230469e+01
-8.486552238464355469e+00 -9.500543475151062012e-01 -1.507540225982666016e+01
-7.134480953216552734e+00 1.617222428321838379e-01 -1.577112579345703125e+01
-7.625689029693603516e+00 8.175238370895385742e-01 -1.553880119323730469e+01
-1.522317767143249512e+00 -7.552788257598876953e+00 -6.889404773712158203e+00
-4.212383925914764404e-01 -7.156200885772705078e+00 -8.632164955139160156e+00
7.386402040719985962e-02 -6.567898273468017578e+00 -5.590641021728515625e+00
6.190995573997497559e-01 -6.684714794158935547e+00 -6.757782459259033203e+00
-2.398208081722259521e-01 -6.930677890777587891e+00 -9.611112594604492188e+00
-5.089343339204788208e-02 -5.895494461059570312e+00 -1.240211677551269531e+01
1.352982759475708008e+00 -6.386914730072021484e+00 -6.420936584472656250e+00
2.021205663681030273e+00 -5.951142311096191406e+00 -8.192500114440917969e+00
-7.605243325233459473e-01 -5.087345600128173828e+00 -1.430395984649658203e+01
1.024269342422485352e+00 -4.963338375091552734e+00 -1.243821334838867188e+01
-1.230253458023071289e+00 -3.739966154098510742e+00 -1.520279407501220703e+01
-1.923717558383941650e-01 -3.007417678833007812e+00 -1.485972881317138672e+01
1.960137367248535156e+00 -5.053585529327392578e+00 -1.069855308532714844e+01
-1.087644815444946289e+00 -2.405164957046508789e+00 -1.528191661834716797e+01
-1.307383060455322266e+00 -1.697250604629516602e+00 -1.534077835083007812e+01
2.141630649566650391e+00 -3.536190986633300781e+00 -1.149348640441894531e+01
8.843047618865966797e-01 -1.869962096214294434e+00 -1.348723793029785156e+01
7.975087165832519531e-01 -1.144129395484924316e+00 -1.333496189117431641e+01
-2.605983257293701172e+00 -1.778150081634521484e+00 -1.569978427886962891e+01
-2.675227403640747070e+00 -8.089993000030517578e-01 -1.564246082305908203e+01
-5.084456920623779297e+00 4.547697603702545166e-01 -1.588897895812988281e+01
-2.886534452438354492e+00 1.008196473121643066e+00 -1.536752986907958984e+01
-2.163875102996826172e+00 1.175438642501831055e+00 -1.512546348571777344e+01
-4.973766803741455078e-01 1.150615572929382324e+00 -1.389131355285644531e+01
-2.881210088729858398e+00 2.080892324447631836e+00 -1.503630638122558594e+01
-2.464507818222045898e+00 2.789838552474975586e+00 -1.464778900146484375e+01
2.703940153121948242e+00 -3.967241048812866211e+00 -1.033913040161132812e+01
3.519090414047241211e+00 -2.608621835708618164e+00 -1.011450004577636719e+01
3.011980295181274414e+00 -1.846727013587951660e+00 -1.085465717315673828e+01
9.644400477409362793e-01 -2.804869711399078369e-01 -1.281462669372558594e+01
1.482878923416137695e+00 8.161406032741069794e-03 -1.211200618743896484e+01
2.348741054534912109e+00 -2.165208905935287476e-01 -1.122858238220214844e+01
1.081632137298583984e+00 4.183109104633331299e-01 -1.233783626556396484e+01
-1.051060485839843750e+01 -9.645958542823791504e-01 -1.099482154846191406e+01
-9.963463783264160156e+00 6.885202527046203613e-01 -1.292516517639160156e+01
-1.029973411560058594e+01 -1.353237498551607132e-02 -1.048905181884765625e+01
-1.007001495361328125e+01 -1.192507594823837280e-01 -9.026451110839843750e+00
-9.722664833068847656e+00 5.466191768646240234e-01 -1.003025150299072266e+01
-9.959615707397460938e+00 9.262395501136779785e-01 -1.155513191223144531e+01
-9.429016113281250000e+00 2.037719964981079102e+00 -1.278845024108886719e+01
-8.817909240722656250e+00 1.400037288665771484e+00 -9.345076560974121094e+00
-8.413205146789550781e+00 2.402746438980102539e+00 -1.037909603118896484e+01
-8.196604728698730469e+00 1.156227588653564453e+00 -6.072419643402099609e+00
-7.958141803741455078e+00 1.593180298805236816e+00 -7.154728412628173828e+00
-8.277667999267578125e+00 1.882139921188354492e+00 -8.742036819458007812e+00
-7.895304203033447266e+00 2.551959037780761719e+00 -9.736059188842773438e+00
-6.295713424682617188e+00 2.699495077133178711e+00 -7.681528568267822266e+00
-6.211658954620361328e+00 3.012181520462036133e+00 -8.165342330932617188e+00
-8.631302833557128906e+00 2.206994295120239258e+00 -1.429684925079345703e+01
-8.033370018005371094e+00 2.235521078109741211e+00 -1.473642444610595703e+01
-7.633678436279296875e+00 3.448753833770751953e+00 -1.351828098297119141e+01
-6.651993751525878906e+00 4.270560741424560547e+00 -1.314251899719238281e+01
-6.098829269409179688e+00 1.896926760673522949e+00 -1.547873497009277344e+01
-5.842841148376464844e+00 2.187174797058105469e+00 -1.533041000366210938e+01
-5.167757987976074219e+00 3.970614671707153320e+00 -1.412504673004150391e+01
-4.612698078155517578e+00 3.962522506713867188e+00 -1.425122928619384766e+01
-5.864644527435302734e+00 3.774892807006835938e+00 -1.412988090515136719e+01
-8.269748687744140625e+00 3.288852214813232422e+00 -1.225178241729736328e+01
-6.239690780639648438e+00 4.419267654418945312e+00 -1.238430023193359375e+01
-5.553159713745117188e+00 4.386031150817871094e+00 -1.074661636352539062e+01
-3.386449575424194336e+00 4.235226154327392578e+00 -1.349053859710693359e+01
-3.168514728546142578e+00 4.297797203063964844e+00 -1.287287139892578125e+01
-5.217217445373535156e+00 4.439311504364013672e+00 -1.222218894958496094e+01
-4.466034889221191406e+00 4.638586997985839844e+00 -1.232875633239746094e+01
-3.214894771575927734e+00 4.688844203948974609e+00 -1.144544219970703125e+01
-4.955536365509033203e+00 4.790625095367431641e+00 -1.085064792633056641e+01
-3.793288946151733398e+00 4.896116256713867188e+00 -1.117371082305908203e+01
-6.635482788085937500e+00 3.686282396316528320e+00 -1.050583267211914062e+01
-5.928444385528564453e+00 3.629285812377929688e+00 -9.037927627563476562e+00
3.057775497436523438e+00 -1.875634640455245972e-01 -1.030351734161376953e+01
-1.380742192268371582e-01 1.530024290084838867e+00 -1.287944030761718750e+01
-2.113079309463500977e+00 3.222710132598876953e+00 -1.359689140319824219e+01
9.963369369506835938e-01 8.038976192474365234e-01 -1.169076728820800781e+01
-1.052822589874267578e+00 2.886315107345581055e+00 -1.234070587158203125e+01
-2.711961269378662109e+00 3.847594976425170898e+00 -1.327259922027587891e+01
-1.648291587829589844e+00 3.649292230606079102e+00 -1.187771129608154297e+01
1.144039154052734375e+01 -6.465922355651855469e+00 -3.417850971221923828e+00
1.333809471130371094e+01 -6.593650817871093750e+00 -1.785888314247131348e+00
1.117910671234130859e+01 -6.422418594360351562e+00 -8.624758720397949219e-01
1.098498725891113281e+01 -6.420570373535156250e+00 -2.633645057678222656e+00
1.434826660156250000e+01 -6.892375946044921875e+00 -5.076440811157226562e+00
1.198917961120605469e+01 -6.525481700897216797e+00 -4.024312496185302734e+00
1.269428157806396484e+01 -6.508004665374755859e+00 -5.524447441101074219e+00
1.314947605133056641e+01 -6.811649322509765625e+00 -3.715383052825927734e+00
1.562650775909423828e+01 -6.960445880889892578e+00 -3.645849704742431641e+00
1.605394554138183594e+01 -5.903009891510009766e+00 -4.240797519683837891e+00
1.625672721862792969e+01 -6.404008388519287109e+00 -1.215504169464111328e+00
1.637832832336425781e+01 -5.628486156463623047e+00 -2.114533901214599609e+00
1.459607696533203125e+01 -6.443339347839355469e+00 -7.033891975879669189e-03
1.482347297668457031e+01 -6.860051155090332031e+00 -1.598329305648803711e+00
1.539478302001953125e+01 -6.061123371124267578e+00 9.048165678977966309e-01
1.486315155029296875e+01 -3.771556854248046875e+00 1.781934142112731934e+00
1.517984199523925781e+01 -4.042812347412109375e+00 7.511221170425415039e-01
1.439584350585937500e+01 -3.139512062072753906e+00 8.669583201408386230e-01
1.579547500610351562e+01 -4.862580299377441406e+00 -3.421124935150146484e+00
1.522623157501220703e+01 -3.989898443222045898e+00 -2.659086942672729492e+00
1.523123264312744141e+01 -3.874834299087524414e+00 -1.116370797157287598e+00
1.497082901000976562e+01 -3.556420564651489258e+00 -1.608735918998718262e+00
1.432153701782226562e+01 -2.761656761169433594e+00 -9.968565702438354492e-01
1.379799842834472656e+01 -6.685153484344482422e+00 -6.296953678131103516e+00
1.523765087127685547e+01 -5.895215034484863281e+00 -6.603957653045654297e+00
1.235699844360351562e+01 -6.392373561859130859e+00 -6.710476875305175781e+00
1.289519596099853516e+01 -5.859783172607421875e+00 -7.501687049865722656e+00
1.591972160339355469e+01 -5.796963691711425781e+00 -5.696725845336914062e+00
1.558823966979980469e+01 -5.039294242858886719e+00 -5.991842746734619141e+00
1.500938606262207031e+01 -4.378005027770996094e+00 -5.598543167114257812e+00
1.323958015441894531e+01 -5.465910434722900391e+00 -7.365324497222900391e+00
1.261018466949462891e+01 -4.912904262542724609e+00 -6.675206661224365234e+00
1.347170543670654297e+01 -4.429720401763916016e+00 -6.159515380859375000e+00
1.359235286712646484e+01 -3.341680288314819336e+00 -5.009608745574951172e+00
1.497743797302246094e+01 -3.678872585296630859e+00 -2.898388624191284180e+00
1.489188289642333984e+01 -3.708142042160034180e+00 -4.566303253173828125e+00
1.432756233215332031e+01 -2.869944334030151367e+00 -3.819081544876098633e+00
1.017225170135498047e+01 -5.947638034820556641e+00 -2.783072471618652344e+00
6.993917942047119141e+00 -4.721286296844482422e+00 -2.396574497222900391e+00
7.282954216003417969e+00 -4.786075592041015625e+00 -1.972897410392761230e+00
6.845558166503906250e+00 -4.670039176940917969e+00 -2.957054615020751953e+00
1.049177837371826172e+01 -6.243517398834228516e+00 -2.377960681915283203e+00
9.021789550781250000e+00 -5.475044250488281250e+00 -1.978560924530029297e+00
7.957341194152832031e+00 -5.047572135925292969e+00 -1.608770608901977539e+00
9.607476234436035156e+00 -5.469628334045410156e+00 -3.472712278366088867e+00
9.958937644958496094e+00 -5.484292030334472656e+00 -4.703036308288574219e+00
8.335392951965332031e+00 -4.941157341003417969e+00 -3.992453575134277344e+00
1.354003620147705078e+01 -2.075879573822021484e+00 -1.472672671079635620e-01
1.221860122680664062e+01 -6.945904493331909180e-01 -1.112612962722778320e+00
1.096452522277832031e+01 -5.897257328033447266e+00 -5.539823532104492188e+00
1.101994800567626953e+01 -5.366688251495361328e+00 -6.079477787017822266e+00
9.596288681030273438e+00 -5.022652626037597656e+00 -5.234735488891601562e+00
1.170754146575927734e+01 -4.652118206024169922e+00 -6.229905128479003906e+00
9.179224014282226562e+00 -4.285567760467529297e+00 -6.447321891784667969e+00
1.039758682250976562e+01 -3.503795623779296875e+00 -5.910017013549804688e+00
1.245928573608398438e+01 -3.644328355789184570e+00 -5.512603759765625000e+00
1.064403533935546875e+01 -3.160682439804077148e+00 -5.714914798736572266e+00
1.066619205474853516e+01 -2.237025737762451172e+00 -5.297442436218261719e+00
8.537350654602050781e+00 -3.660322189331054688e+00 -7.050341606140136719e+00
9.049389839172363281e+00 -3.056098699569702148e+00 -6.595511913299560547e+00
8.052221298217773438e+00 -2.018170118331909180e+00 -6.911805629730224609e+00
1.040175247192382812e+01 -1.576064825057983398e+00 -5.146033287048339844e+00
8.254264831542968750e+00 -1.687365770339965820e+00 -6.651865482330322266e+00
8.746496200561523438e+00 -4.637446403503417969e-01 -5.858732700347900391e+00
7.284630298614501953e+00 -1.504080295562744141e-01 -6.925277233123779297e+00
1.323416233062744141e+01 -2.102275848388671875e+00 -4.117274761199951172e+00
1.343064308166503906e+01 -1.605158805847167969e+00 -2.022473096847534180e+00
1.315489196777343750e+01 -1.308476328849792480e+00 -3.209407091140747070e+00
1.237370204925537109e+01 -3.835105597972869873e-01 -2.306980371475219727e+00
1.199929618835449219e+01 -1.115170419216156006e-01 -2.884629487991333008e+00
1.238704109191894531e+01 -1.889824151992797852e+00 -4.413730144500732422e+00
1.119117546081542969e+01 -1.209658861160278320e+00 -4.525304794311523438e+00
1.146151638031005859e+01 -5.599751472473144531e-01 -3.905757427215576172e+00
1.017755222320556641e+01 1.626472949981689453e+00 -1.783093929290771484e+00
9.279024124145507812e+00 2.409928083419799805e+00 -2.915301084518432617e+00
9.326440811157226562e+00 2.321940898895263672e+00 -3.373519182205200195e+00
8.572713851928710938e+00 2.971397876739501953e+00 -2.387889385223388672e+00
1.020371723175048828e+01 -8.938668370246887207e-01 -5.025210380554199219e+00
1.063025856018066406e+01 3.104786276817321777e-01 -4.141154766082763672e+00
8.369452476501464844e+00 1.439104825258255005e-01 -5.866209983825683594e+00
7.021302223205566406e+00 9.996420741081237793e-01 -6.436731338500976562e+00
1.399794960021972656e+01 -3.008933782577514648e+00 2.358809947967529297e+00
1.256244182586669922e+01 -1.981188535690307617e+00 2.688789606094360352e+00
1.131975078582763672e+01 -5.158096551895141602e-01 1.268755435943603516e+00
1.151539325714111328e+01 -3.679246306419372559e-01 1.812097132205963135e-01
1.005252456665039062e+01 4.415865242481231689e-02 2.886319637298583984e+00
8.921277999877929688e+00 1.336680531501770020e+00 2.489732265472412109e+00
9.503103256225585938e+00 1.012386441230773926e+00 1.944718003273010254e+00
7.383877754211425781e+00 2.364481925964355469e+00 2.897336721420288086e+00
7.192712783813476562e+00 2.969484329223632812e+00 1.786110758781433105e+00
9.889995574951171875e+00 1.190116882324218750e+00 2.691458463668823242e-01
1.010504436492919922e+01 1.523616075515747070e+00 -1.066136956214904785e+00
8.007252693176269531e+00 2.800633430480957031e+00 3.890134692192077637e-01
3.351192474365234375e+00 4.275187492370605469e+00 -3.524128794670104980e-01
6.236635684967041016e+00 3.675837039947509766e+00 2.728360891342163086e-01
5.480507850646972656e+00 4.058040618896484375e+00 -2.234802722930908203e+00
3.670718908309936523e+00 4.390675067901611328e+00 -6.919522285461425781e-01
2.848078012466430664e+00 3.826976299285888672e+00 -2.461821079254150391e+00
2.962704181671142578e+00 3.517515897750854492e+00 -3.331961631774902344e+00
-9.877415895462036133e-01 3.799719810485839844e+00 -7.641061544418334961e-01
2.150783061981201172e+00 3.150734186172485352e+00 -4.388501167297363281e+00
1.045154780149459839e-02 4.167735099792480469e+00 -3.143339157104492188e+00
3.079616129398345947e-01 3.715787172317504883e+00 -4.698076248168945312e+00
2.380957365036010742e+00 3.812588214874267578e+00 -2.568765163421630859e+00
5.101742267608642578e+00 -8.687865138053894043e-01 -8.894784927368164062e+00
2.944761991500854492e+00 3.145134150981903076e-01 -9.608662605285644531e+00
5.067589282989501953e+00 5.198519825935363770e-01 -8.118183135986328125e+00
3.645207405090332031e+00 5.709669589996337891e-01 -8.970245361328125000e+00
2.524787425994873047e+00 5.067085027694702148e-01 -9.801753997802734375e+00
1.547268748283386230e+00 1.853837013244628906e+00 -9.912987709045410156e+00
3.317967951297760010e-01 3.154066324234008789e+00 -9.158030509948730469e+00
1.128840520977973938e-01 3.006514072418212891e+00 -1.045898532867431641e+01
5.661094188690185547e+00 2.821974039077758789e+00 -4.859982967376708984e+00
6.167757987976074219e+00 1.900438666343688965e+00 -6.093342304229736328e+00
4.705761432647705078e+00 2.702655792236328125e+00 -5.248482704162597656e+00
4.804689407348632812e+00 2.403847217559814453e+00 -5.964291095733642578e+00
6.617413997650146484e+00 3.781464338302612305e+00 -2.728191852569580078e+00
6.591805934906005859e+00 1.298799753189086914e+00 -6.435115337371826172e+00
5.720098972320556641e+00 1.686732172966003418e+00 -6.609401226043701172e+00
4.867494583129882812e+00 1.798287630081176758e+00 -7.042082786560058594e+00
2.741195917129516602e+00 2.860544919967651367e+00 -5.064606666564941406e+00
2.819994449615478516e+00 2.098581790924072266e+00 -7.361156463623046875e+00
2.031683683395385742e+00 2.337449073791503906e+00 -6.812751770019531250e+00
9.629707038402557373e-02 3.308435916900634766e+00 -6.271097183227539062e+00
2.733309864997863770e-01 2.965237617492675781e+00 -7.758924007415771484e+00
3.043250143527984619e-01 3.037004947662353516e+00 -8.137868881225585938e+00
-3.297278404235839844e+00 3.401370763778686523e+00 -2.584367036819458008e+00
-5.633617401123046875e+00 3.071010828018188477e+00 -7.732885837554931641e+00
-4.808376312255859375e+00 3.490274667739868164e+00 -7.636143207550048828e+00
-4.258193492889404297e+00 3.356440782546997070e+00 -6.674282550811767578e+00
-2.168109655380249023e+00 3.289546489715576172e+00 -2.303799241781234741e-01
-1.890785574913024902e+00 3.757381200790405273e+00 -1.353662371635437012e+00
-1.528884649276733398e+00 4.104103565216064453e+00 -2.468130826950073242e+00
-1.353917121887207031e+00 4.401181697845458984e+00 -3.693332433700561523e+00
-1.181913971900939941e+00 4.407402515411376953e+00 -4.987162590026855469e+00
-4.799674034118652344e+00 4.086721420288085938e+00 -8.506042480468750000e+00
-4.503698825836181641e+00 4.563435077667236328e+00 -9.026078224182128906e+00
-1.979943752288818359e+00 4.468675613403320312e+00 -7.512074947357177734e+00
-3.349065065383911133e+00 4.464339733123779297e+00 -8.332683563232421875e+00
-1.539761662483215332e+00 3.657445192337036133e+00 -1.120042133331298828e+01
-1.227365136146545410e+00 3.512128829956054688e+00 -1.106455612182617188e+01
-3.826073169708251953e+00 4.859050750732421875e+00 -1.070649528503417969e+01
-2.046567201614379883e+00 4.186195850372314453e+00 -9.851606369018554688e+00
-3.105755746364593506e-01 3.485411882400512695e+00 -9.967226982116699219e+00
-2.158460378646850586e+00 4.567354679107666016e+00 -6.121087074279785156e+00
5.317945003509521484e+00 3.470347166061401367e+00 2.366222620010375977e+00
6.089710712432861328e+00 3.426360845565795898e+00 1.791558146476745605e+00
1.966259360313415527e+00 7.084279060363769531e-01 -1.028817272186279297e+01
-5.158743262290954590e-01 2.799525499343872070e+00 -1.161688423156738281e+01
4.424073100090026855e-01 2.529340028762817383e+00 -1.077041339874267578e+01
