1.558137536048889160e+00 -4.934573650360107422e+00 -2.710224628448486328e+00
2.272207736968994141e+00 -4.785671234130859375e+00 -1.914485573768615723e+00
1.512027978897094727e+00 -4.789714336395263672e+00 -2.302988290786743164e+00
-5.068959712982177734e+00 -8.108531951904296875e+00 -7.821935653686523438e+00
-4.999479293823242188e+00 -8.061394691467285156e+00 -1.156764984130859375e+01
-4.185114860534667969e+00 -8.320992469787597656e+00 -9.419469833374023438e+00
-7.271171092987060547e+00 -7.468508243560791016e+00 -7.058576107025146484e+00
-7.775269031524658203e+00 -7.350872039794921875e+00 -7.966863155364990234e+00
-5.692498683929443359e+00 -8.128703117370605469e+00 -9.823525428771972656e+00
-6.220943927764892578e+00 -7.997835636138916016e+00 -9.061158180236816406e+00
-6.480572223663330078e+00 -7.344638347625732422e+00 -1.205418395996093750e+01
-8.410805702209472656e+00 -6.366551399230957031e+00 -1.057516288757324219e+01
-8.333054542541503906e+00 -6.189055919647216797e+00 -1.129298210144042969e+01
-9.642933845520019531e+00 -5.267242431640625000e+00 -8.362287521362304688e+00
-1.005112648010253906e+01 -4.325215816497802734e+00 -8.715052604675292969e+00
-9.587355613708496094e+00 -4.643122196197509766e+00 -1.086614227294921875e+01
-8.220417022705078125e+00 -6.690509319305419922e+00 -5.445161342620849609e+00
-9.068047523498535156e+00 -6.092068672180175781e+00 -4.929582595825195312e+00
-7.968779563903808594e+00 -5.745439052581787109e+00 -3.403698444366455078e+00
-8.497978210449218750e+00 -5.227503299713134766e+00 -2.224244594573974609e+00
-6.959271430969238281e+00 -5.439294338226318359e+00 -3.111836433410644531e+00
-2.594567298889160156e+00 -5.026540756225585938e+00 -1.548168182373046875e+00
-3.374726057052612305e+00 -4.876954078674316406e+00 -5.836982131004333496e-01
-1.441698074340820312e+00 -4.985397815704345703e+00 -2.364546805620193481e-01
-7.379048347473144531e+00 -3.211821317672729492e+00 2.313188076019287109e+00
-5.356086254119873047e+00 -3.512285470962524414e+00 1.279611706733703613e+00
-3.861143112182617188e+00 -5.064685821533203125e+00 -2.137590169906616211e+00
-7.305338382720947266e+00 -4.793987751007080078e+00 -1.626273155212402344e+00
-6.308442115783691406e+00 -5.164633274078369141e+00 -2.787131547927856445e+00
-3.739118099212646484e+00 -4.410885810852050781e+00 1.346736103296279907e-01
-4.768478870391845703e+00 -7.278737545013427734e+00 -5.294164657592773438e+00
-4.546189785003662109e+00 -6.496726036071777344e+00 -4.090835571289062500e+00
-2.280872821807861328e+00 -7.654568195343017578e+00 -6.416260719299316406e+00
-2.885423660278320312e+00 -7.166846275329589844e+00 -5.066108703613281250e+00
-2.215622425079345703e+00 -7.175627708435058594e+00 -5.298084735870361328e+00
-1.357428193092346191e+00 -6.800309181213378906e+00 -5.042984962463378906e+00
-2.780213117599487305e+00 -6.775965213775634766e+00 -4.438824653625488281e+00
-5.268011569976806641e+00 -6.850230693817138672e+00 -4.678400993347167969e+00
-6.154020786285400391e+00 -7.666679859161376953e+00 -6.741649150848388672e+00
-8.705134391784667969e+00 -6.650903224945068359e+00 -6.454256057739257812e+00
-1.418676614761352539e+00 -4.976741790771484375e+00 -1.835340380668640137e+00
-9.362512230873107910e-01 -5.038770198822021484e+00 -2.275931358337402344e+00
-2.242686510086059570e+00 -5.121429443359375000e+00 -2.023074626922607422e+00
-3.521855175495147705e-01 -5.079779148101806641e+00 -1.196121454238891602e+00
6.307139992713928223e-01 -4.612964153289794922e+00 -1.596533179283142090e+00
-8.159010410308837891e-01 -5.402328014373779297e+00 -3.019315004348754883e+00
-9.776875376701354980e-03 -5.499243259429931641e+00 -3.343539714813232422e+00
6.057091951370239258e-01 -4.762856483459472656e+00 -2.123062372207641602e+00
-9.516329765319824219e+00 -4.812679767608642578e+00 -2.042882680892944336e+00
-9.940964698791503906e+00 -4.890774726867675781e+00 -4.678850650787353516e+00
-9.352422714233398438e+00 -5.580950736999511719e+00 -3.829747438430786133e+00
-1.019652652740478516e+01 -3.759232282638549805e+00 -3.285739183425903320e+00
-1.032274913787841797e+01 -3.586274862289428711e+00 -4.712247848510742188e+00
-9.119847297668457031e+00 -4.086151599884033203e+00 3.095647096633911133e-01
-9.782250404357910156e+00 -4.173194408416748047e+00 -1.406707167625427246e+00
-9.821549415588378906e+00 -3.230253696441650391e+00 -2.785997092723846436e-01
-9.599225044250488281e+00 -2.926137685775756836e+00 9.033389687538146973e-01
-9.112873077392578125e+00 -2.721998453140258789e+00 2.168025493621826172e+00
-9.279451370239257812e+00 -1.629925131797790527e+00 1.270054697990417480e+00
-1.017365646362304688e+01 -2.694221496582031250e+00 -2.522252082824707031e+00
-1.009801483154296875e+01 -1.608478426933288574e+00 -2.651184797286987305e+00
-9.465146064758300781e+00 -1.293244838714599609e+00 -8.872910737991333008e-01
-7.936426162719726562e+00 -4.185801148414611816e-01 -6.465859413146972656e-01
-1.006370735168457031e+01 -4.634922504425048828e+00 -5.544039249420166016e+00
-1.035030841827392578e+01 -3.652285814285278320e+00 -5.423003196716308594e+00
-1.053554439544677734e+01 -2.257557153701782227e+00 -5.299518108367919922e+00
-1.059238052368164062e+01 -2.099213361740112305e+00 -5.870388507843017578e+00
-1.008402347564697266e+01 -6.582666635513305664e-01 -5.353068351745605469e+00
-1.059091091156005859e+01 -2.844235897064208984e+00 -7.960511207580566406e+00
-1.071198940277099609e+01 -1.948640942573547363e+00 -8.887105941772460938e+00
-1.060241985321044922e+01 -8.140050172805786133e-01 -8.516618728637695312e+00
-9.952896118164062500e+00 -3.326735794544219971e-01 -6.705204486846923828e+00
-8.383270263671875000e+00 -2.022346705198287964e-01 -2.253146648406982422e+00
-6.926770687103271484e+00 1.701459050178527832e+00 -3.686812400817871094e+00
-9.015681266784667969e+00 3.833365738391876221e-01 -6.203006267547607422e+00
-7.575664043426513672e+00 1.437277674674987793e+00 -4.988951206207275391e+00
1.328245449066162109e+01 -4.666523933410644531e+00 4.240571975708007812e+00
1.356428241729736328e+01 -6.024874687194824219e+00 7.295941710472106934e-01
1.306104850769042969e+01 -5.771146774291992188e+00 1.380406618118286133e+00
1.493355655670166016e+01 -5.578369140625000000e+00 1.883036732673645020e+00
1.480396366119384766e+01 -4.519231796264648438e+00 2.924650669097900391e+00
1.199261474609375000e+01 -5.331454753875732422e+00 2.617199897766113281e+00
4.440272331237792969e+00 -9.460117220878601074e-01 4.874207019805908203e+00
5.323017120361328125e+00 -4.879028201103210449e-01 5.985703945159912109e+00
6.632599353790283203e+00 -4.860638618469238281e+00 -1.641903519630432129e+00
8.905865669250488281e+00 -6.258168697357177734e+00 -1.239568829536437988e+00
8.114200592041015625e+00 -6.184501647949218750e+00 -1.073569774627685547e+00
7.437861919403076172e+00 -6.267993927001953125e+00 -4.747449755668640137e-01
2.544030666351318359e+00 -5.420217037200927734e+00 4.194635450839996338e-01
4.285924434661865234e+00 -4.716489315032958984e+00 -1.480615258216857910e+00
5.152217864990234375e+00 -5.117568016052246094e+00 -1.141024708747863770e+00
2.305673599243164062e+00 -4.289740085601806641e+00 -1.251669406890869141e+00
4.106234550476074219e+00 -4.746160030364990234e+00 -1.261852741241455078e+00
5.094705104827880859e+00 -5.596354484558105469e+00 2.497272193431854248e-01
5.791633605957031250e+00 -5.998608112335205078e+00 -5.795292258262634277e-01
3.085078239440917969e+00 -5.500528812408447266e+00 -5.686988830566406250e-01
9.462743759155273438e+00 -5.028288364410400391e+00 3.013382673263549805e+00
1.009497451782226562e+01 -4.326545238494873047e+00 4.691057682037353516e+00
9.990950584411621094e+00 -4.630295276641845703e+00 4.154321670532226562e+00
8.806446075439453125e+00 -3.618007659912109375e+00 5.096607208251953125e+00
8.936168670654296875e+00 -4.850661277770996094e+00 3.099995851516723633e+00
9.026385307312011719e+00 -5.860095024108886719e+00 1.412612199783325195e+00
8.677940368652343750e+00 -6.080813884735107422e+00 9.436796307563781738e-01
5.527505397796630859e+00 -1.119341254234313965e+00 3.947440385818481445e+00
6.161648273468017578e+00 -3.628038406372070312e+00 2.377236366271972656e+00
5.586507797241210938e+00 -3.944264650344848633e+00 1.874840259552001953e+00
4.517533779144287109e+00 -1.841223716735839844e+00 3.053546428680419922e+00
4.622398853302001953e+00 -1.371576905250549316e+00 3.674610376358032227e+00
6.901302337646484375e+00 -2.266751050949096680e+00 4.216722965240478516e+00
6.714557170867919922e+00 -1.647681236267089844e+00 5.404448032379150391e+00
6.528806686401367188e+00 -5.462643146514892578e+00 9.604024887084960938e-01
1.221206283569335938e+01 -3.395605564117431641e+00 5.569351196289062500e+00
1.392379951477050781e+01 -3.749892711639404297e+00 4.270474433898925781e+00
1.275380897521972656e+01 -2.601953983306884766e+00 4.689015388488769531e+00
1.360403633117675781e+01 -2.678376436233520508e+00 3.031236886978149414e+00
7.912168502807617188e+00 -2.556448459625244141e+00 6.509242534637451172e+00
7.452125549316406250e+00 -2.133046388626098633e+00 6.496252536773681641e+00
4.305970668792724609e+00 -1.225259304046630859e-01 6.754453659057617188e+00
9.807044029235839844e+00 -3.570414543151855469e+00 6.216166019439697266e+00
1.051957702636718750e+01 -2.212893724441528320e+00 6.211590766906738281e+00
1.083960723876953125e+01 -1.739892721176147461e+00 5.443681240081787109e+00
8.708477973937988281e+00 -1.206470727920532227e+00 6.329948902130126953e+00
9.032235145568847656e+00 -7.864856719970703125e-01 5.423481941223144531e+00
1.115787792205810547e+01 -1.619105100631713867e+00 4.452246665954589844e+00
1.146969699859619141e+01 -1.464385628700256348e+00 3.409165382385253906e+00
6.666457176208496094e+00 -1.127622246742248535e+00 6.282058238983154297e+00
7.781940937042236328e+00 -6.199031472206115723e-01 6.288951873779296875e+00
7.073422431945800781e+00 3.993561863899230957e-01 5.809625625610351562e+00
6.322775363922119141e+00 1.912550926208496094e-01 6.109153270721435547e+00
5.761537075042724609e+00 1.400469779968261719e+00 5.697926998138427734e+00
8.081276893615722656e+00 5.965767502784729004e-01 4.498270988464355469e+00
5.831185817718505859e+00 2.582706928253173828e+00 4.333860397338867188e+00
6.183507919311523438e+00 2.546052455902099609e+00 3.797128438949584961e+00
-2.130371332168579102e+00 -2.777205228805541992e+00 3.771373987197875977e+00
-1.522341609001159668e+00 -3.777090311050415039e+00 1.660490632057189941e+00
-1.477686882019042969e+00 -4.636704921722412109e+00 3.905102014541625977e-01
-1.614731788635253906e+00 -2.829167127609252930e+00 3.492804050445556641e+00
-2.395866364240646362e-01 -2.633632183074951172e+00 2.379206657409667969e+00
-5.072444438934326172e+00 -3.476143598556518555e+00 1.471546411514282227e+00
-4.359404563903808594e+00 -3.311247110366821289e+00 2.205543279647827148e+00
-5.804620742797851562e+00 -2.593604803085327148e+00 3.394834756851196289e+00
-5.278865814208984375e+00 -3.016036987304687500e+00 2.538954496383666992e+00
-4.094121932983398438e+00 -2.818245172500610352e+00 3.383071899414062500e+00
-2.758012771606445312e+00 -1.609782338142395020e+00 4.879789829254150391e+00
-5.653754234313964844e+00 -1.263914942741394043e+00 4.710333347320556641e+00
-5.351037502288818359e+00 -7.337602972984313965e-01 4.911617755889892578e+00
2.550671100616455078e+00 -1.633382201194763184e+00 3.657005310058593750e+00
1.381577372550964355e+00 -8.260959386825561523e-01 4.140182971954345703e+00
-5.449990183115005493e-02 -1.158934116363525391e+00 3.663657188415527344e+00
1.096294283866882324e+00 -2.474568784236907959e-01 4.686814785003662109e+00
2.550734519958496094e+00 -8.929094076156616211e-01 5.279138565063476562e+00
3.571882963180541992e+00 -3.499791622161865234e-01 6.617126941680908203e+00
1.115206480026245117e+00 8.491994142532348633e-01 5.434928417205810547e+00
-3.225101709365844727e+00 -1.382790327072143555e+00 5.012709617614746094e+00
-4.244861602783203125e+00 3.047396540641784668e-01 5.011604785919189453e+00
-2.749482631683349609e+00 5.736876130104064941e-01 5.138771533966064453e+00
-1.171364426612854004e+00 1.627625703811645508e+00 4.413210391998291016e+00
-3.887304306030273438e+00 1.021701455116271973e+00 4.048123836517333984e+00
-3.824126482009887695e+00 1.424617886543273926e+00 2.889303445816040039e+00
-1.805288195610046387e-01 -5.088906764984130859e+00 -7.745731621980667114e-02
2.963936924934387207e-01 -4.946845531463623047e+00 -1.108445376157760620e-01
8.127749562263488770e-01 -4.957003116607666016e+00 4.349734261631965637e-02
1.646777629852294922e+00 -3.782950878143310547e+00 1.428363680839538574e+00
1.476159453392028809e+00 -4.990461826324462891e+00 5.960994958877563477e-01
1.624925732612609863e+00 -3.762614011764526367e+00 -1.361043095588684082e+00
1.894212484359741211e+00 -2.590552568435668945e+00 2.355114698410034180e+00
2.288104295730590820e+00 1.713795065879821777e+00 5.641715049743652344e+00
2.880124568939208984e+00 2.697745800018310547e+00 4.300133228302001953e+00
2.610475301742553711e+00 3.029895305633544922e+00 3.034689188003540039e+00
-8.621605038642883301e-01 2.488411664962768555e+00 2.621871471405029297e+00
-6.663584709167480469e-01 1.975296139717102051e+00 4.190934658050537109e+00
5.743852853775024414e-01 2.579267501831054688e+00 3.255176782608032227e+00
-1.730114340782165527e+00 3.175190210342407227e+00 1.102222278714179993e-01
-7.585341453552246094e+00 -2.459000349044799805e+00 3.556254863739013672e+00
-7.328496456146240234e+00 -1.423614978790283203e+00 4.218984127044677734e+00
-7.959856510162353516e+00 -8.144953250885009766e-01 2.907531976699829102e+00
-6.811944484710693359e+00 -1.158933997154235840e+00 4.463808536529541016e+00
-7.016085147857666016e+00 -3.668003976345062256e-01 3.060450315475463867e+00
-6.419410705566406250e+00 1.883932799100875854e-01 1.420347332954406738e+00
-6.219143867492675781e+00 1.397932469844818115e-01 2.391597032546997070e+00
-6.923852443695068359e+00 2.275012433528900146e-01 -8.147063255310058594e-01
-3.745026111602783203e+00 1.649526715278625488e+00 1.846525073051452637e+00
-5.362260341644287109e+00 2.014342546463012695e+00 -1.993277430534362793e+00
-3.646820783615112305e+00 3.032070875167846680e+00 -1.669778466224670410e+00
3.414472818374633789e+00 9.546691775321960449e-01 6.487301349639892578e+00
2.991852283477783203e+00 2.065477848052978516e+00 5.461983680725097656e+00
3.868066549301147461e+00 2.525844812393188477e+00 4.924244880676269531e+00
4.559701919555664062e+00 3.021750450134277344e+00 3.862636566162109375e+00
3.878865957260131836e+00 3.335914134979248047e+00 2.996695756912231445e+00
7.748599052429199219e+00 -4.901343345642089844e+00 -3.951256036758422852e+00
2.373817443847656250e+00 -5.080071926116943359e+00 -3.047646760940551758e+00
5.484876155853271484e+00 -4.746827125549316406e+00 -2.506725549697875977e+00
6.309448719024658203e+00 -4.693555831909179688e+00 -2.955731153488159180e+00
3.028142213821411133e+00 -5.021838188171386719e+00 -2.925602436065673828e+00
2.087991476058959961e+00 -5.932100772857666016e+00 -5.247978210449218750e+00
2.623045921325683594e+00 -5.807612419128417969e+00 -6.249978542327880859e+00
3.885641813278198242e+00 -5.141042709350585938e+00 -5.593800544738769531e+00
5.914792537689208984e+00 -4.818691730499267578e+00 -3.721902370452880859e+00
7.148212909698486328e+00 -4.962395668029785156e+00 -4.059011936187744141e+00
2.441819906234741211e+00 -5.621469974517822266e+00 -8.456476211547851562e+00
8.309470176696777344e+00 -4.971486091613769531e+00 -6.002380847930908203e+00
3.296638488769531250e+00 -5.330833435058593750e+00 -7.112646579742431641e+00
3.709956169128417969e+00 -4.722825050354003906e+00 -7.896407127380371094e+00
6.281731128692626953e+00 -5.070598125457763672e+00 -5.370177745819091797e+00
7.398210048675537109e+00 -4.928047180175781250e+00 -6.323658466339111328e+00
5.870356082916259766e+00 -4.176326751708984375e+00 -7.244244575500488281e+00
7.525169372558593750e+00 -4.030177116394042969e+00 -7.364868164062500000e+00
5.583023071289062500e+00 -3.863761663436889648e+00 -7.624464511871337891e+00
5.156740188598632812e+00 -2.841087818145751953e+00 -8.642946243286132812e+00
5.230974674224853516e+00 -2.082308292388916016e+00 -8.896853446960449219e+00
-3.349516153335571289e+00 -7.970315933227539062e+00 -1.205586242675781250e+01
-3.131285190582275391e+00 -8.214731216430664062e+00 -1.051668739318847656e+01
-3.961480379104614258e+00 -7.543599128723144531e+00 -1.315904426574707031e+01
-1.581907391548156738e+00 -6.563068389892578125e+00 -1.324205207824707031e+01
-3.557065963745117188e+00 -6.334250926971435547e+00 -1.445955944061279297e+01
-3.375470161437988281e+00 -5.280896663665771484e+00 -1.519194602966308594e+01
-6.631391048431396484e+00 -6.536456108093261719e+00 -1.317104721069335938e+01
-7.072089195251464844e+00 -6.212502002716064453e+00 -1.318780040740966797e+01
-7.758293151855468750e+00 -5.233398437500000000e+00 -1.367436981201171875e+01
-5.719887256622314453e+00 -7.132201194763183594e+00 -1.307788181304931641e+01
-8.473723411560058594e+00 -5.366216182708740234e+00 -1.256281852722167969e+01
-7.365204334259033203e+00 -4.565877437591552734e+00 -1.457285594940185547e+01
-4.151995658874511719e+00 -5.535067558288574219e+00 -1.502834224700927734e+01
-5.996714115142822266e+00 -4.383022785186767578e+00 -1.525707912445068359e+01
-2.711699247360229492e+00 -5.387596130371093750e+00 -1.501358032226562500e+01
-2.177473306655883789e+00 -4.295363426208496094e+00 -1.536915016174316406e+01
-3.723303318023681641e+00 -3.716301679611206055e+00 -1.575205516815185547e+01
-2.790591716766357422e+00 -3.187705516815185547e+00 -1.571559333801269531e+01
-4.990477085113525391e+00 -2.650378465652465820e+00 -1.594014072418212891e+01
-3.921518087387084961e+00 -1.505798101425170898e+00 -1.593517208099365234e+01
-9.301498413085937500e+00 -4.443008899688720703e+00 -1.222054862976074219e+01
-8.935193061828613281e+00 -4.003434658050537109e+00 -1.344444751739501953e+01
-9.911979675292968750e+00 -2.864021539688110352e+00 -1.234620380401611328e+01
-1.040227317810058594e+01 -1.440542340278625488e+00 -1.151846504211425781e+01
-8.550036430358886719e+00 -3.351069688796997070e+00 -1.435985374450683594e+01
-7.693085193634033203e+00 -2.967803239822387695e+00 -1.519732856750488281e+01
-9.822103500366210938e+00 -9.265460371971130371e-01 -1.328344345092773438e+01
-9.376402854919433594e+00 -3.295371830463409424e-01 -1.420411872863769531e+01
-8.488841056823730469e+00 -9.530588984489440918e-01 -1.507312488555908203e+01
-7.136354923248291016e+00 1.599413156509399414e-01 -1.576899051666259766e+01
-7.628032207489013672e+00 8.137098550796508789e-01 -1.553574752807617188e+01
-1.522456049919128418e+00 -7.555267333984375000e+00 -6.888186454772949219e+00
-4.213189780712127686e-01 -7.156506538391113281e+00 -8.631315231323242188e+00
7.259777188301086426e-02 -6.568207263946533203e+00 -5.589068412780761719e+00
6.185425519943237305e-01 -6.685186386108398438e+00 -6.756219863891601562e+00
-2.395865619182586670e-01 -6.930919170379638672e+00 -9.610677719116210938e+00
-5.075505748391151428e-02 -5.895408630371093750e+00 -1.240193748474121094e+01
1.351100564002990723e+00 -6.389461517333984375e+00 -6.417593955993652344e+00
2.019959688186645508e+00 -5.952134132385253906e+00 -8.189562797546386719e+00
-7.606691718101501465e-01 -5.087066650390625000e+00 -1.430350971221923828e+01
1.024583935737609863e+00 -4.963346958160400391e+00 -1.243766212463378906e+01
-1.230514883995056152e+00 -3.739706039428710938e+00 -1.520235824584960938e+01
-1.925710290670394897e-01 -3.007252454757690430e+00 -1.485913276672363281e+01
1.959871768951416016e+00 -5.053871631622314453e+00 -1.069684791564941406e+01
-1.088122248649597168e+00 -2.405478477478027344e+00 -1.528132534027099609e+01
-1.307687997817993164e+00 -1.697737455368041992e+00 -1.534082031250000000e+01
2.141444444656372070e+00 -3.536960124969482422e+00 -1.149243450164794922e+01
8.847437500953674316e-01 -1.870247602462768555e+00 -1.348724460601806641e+01
7.972482442855834961e-01 -1.144822835922241211e+00 -1.333484268188476562e+01
-2.606837511062622070e+00 -1.779864907264709473e+00 -1.569887638092041016e+01
-2.676582574844360352e+00 -8.111991882324218750e-01 -1.564083290100097656e+01
-5.085550785064697266e+00 4.532104730606079102e-01 -1.588807582855224609e+01
-2.887248516082763672e+00 1.006086468696594238e+00 -1.536697959899902344e+01
-2.165291309356689453e+00 1.173499226570129395e+00 -1.512413311004638672e+01
-4.985348880290985107e-01 1.148910999298095703e+00 -1.389016723632812500e+01
-2.882888317108154297e+00 2.078713893890380859e+00 -1.503626728057861328e+01
-2.466970205307006836e+00 2.787109375000000000e+00 -1.464651489257812500e+01
2.703188896179199219e+00 -3.968472003936767578e+00 -1.033700466156005859e+01
3.518913269042968750e+00 -2.612191677093505859e+00 -1.011212348937988281e+01
3.011126518249511719e+00 -1.849733710289001465e+00 -1.085294628143310547e+01
9.630878567695617676e-01 -2.824457883834838867e-01 -1.281316375732421875e+01
1.481099724769592285e+00 4.805829375982284546e-03 -1.210973930358886719e+01
2.346675157546997070e+00 -2.205390334129333496e-01 -1.122648811340332031e+01
1.079989671707153320e+00 4.156215488910675049e-01 -1.233561801910400391e+01
-1.051278114318847656e+01 -9.690904617309570312e-01 -1.099331378936767578e+01
-9.968380928039550781e+00 6.828832626342773438e-01 -1.292154979705810547e+01
-1.030301761627197266e+01 -2.008832804858684540e-02 -1.048647022247314453e+01
-1.007279968261718750e+01 -1.249751895666122437e-01 -9.024267196655273438e+00
-9.726325035095214844e+00 5.376188158988952637e-01 -1.002805423736572266e+01
-9.963628768920898438e+00 9.180941581726074219e-01 -1.155214977264404297e+01
-9.433743476867675781e+00 2.027281045913696289e+00 -1.278386211395263672e+01
-8.822098731994628906e+00 1.390306234359741211e+00 -9.342841148376464844e+00
-8.418173789978027344e+00 2.390845775604248047e+00 -1.037553119659423828e+01
-8.196401596069335938e+00 1.152896404266357422e+00 -6.071283817291259766e+00
-7.959265232086181641e+00 1.589874744415283203e+00 -7.152830600738525391e+00
-8.279940605163574219e+00 1.871678352355957031e+00 -8.740049362182617188e+00
-7.899881839752197266e+00 2.537475585937500000e+00 -9.733702659606933594e+00
-6.296866416931152344e+00 2.691623687744140625e+00 -7.679313659667968750e+00
-6.213608264923095703e+00 3.000640869140625000e+00 -8.163305282592773438e+00
-8.635622978210449219e+00 2.198768854141235352e+00 -1.429172992706298828e+01
-8.037478446960449219e+00 2.227802515029907227e+00 -1.473147773742675781e+01
-7.638361930847167969e+00 3.436954259872436523e+00 -1.351251029968261719e+01
-6.656583309173583984e+00 4.258726119995117188e+00 -1.313726520538330078e+01
-6.100896358489990234e+00 1.892922997474670410e+00 -1.547639560699462891e+01
-5.845704555511474609e+00 2.181818962097167969e+00 -1.532657814025878906e+01
-5.172576904296875000e+00 3.963608980178833008e+00 -1.412152671813964844e+01
-4.616604328155517578e+00 3.957922220230102539e+00 -1.424942493438720703e+01
-5.869568347930908203e+00 3.765543460845947266e+00 -1.412408256530761719e+01
-8.274955749511718750e+00 3.276862382888793945e+00 -1.224751949310302734e+01
-6.243970870971679688e+00 4.405545234680175781e+00 -1.238213920593261719e+01
-5.557843685150146484e+00 4.372050285339355469e+00 -1.074502944946289062e+01
-3.390241861343383789e+00 4.230888843536376953e+00 -1.348840332031250000e+01
-3.172247409820556641e+00 4.292929649353027344e+00 -1.287063121795654297e+01
-5.221263885498046875e+00 4.427161216735839844e+00 -1.222005558013916016e+01
-4.470732688903808594e+00 4.631135463714599609e+00 -1.232629299163818359e+01
-3.218528270721435547e+00 4.682917118072509766e+00 -1.144337272644042969e+01
-4.960516929626464844e+00 4.779605388641357422e+00 -1.084895706176757812e+01
-3.798092365264892578e+00 4.888489723205566406e+00 -1.117148494720458984e+01
-6.638745307922363281e+00 3.669103384017944336e+00 -1.050471782684326172e+01
-5.931244373321533203e+00 3.613787889480590820e+00 -9.037146568298339844e+00
3.054286718368530273e+00 -1.943974494934082031e-01 -1.030048370361328125e+01
-1.398750543594360352e-01 1.527198433876037598e+00 -1.287761974334716797e+01
-2.115488052368164062e+00 3.219502687454223633e+00 -1.359526062011718750e+01
9.934938549995422363e-01 7.990895509719848633e-01 -1.168872165679931641e+01
-1.055465579032897949e+00 2.882425546646118164e+00 -1.233862495422363281e+01
-2.715050697326660156e+00 3.843761444091796875e+00 -1.327069568634033203e+01
-1.651412487030029297e+00 3.644561767578125000e+00 -1.187557697296142578e+01
1.143098163604736328e+01 -6.476603507995605469e+00 -3.375204324722290039e+00
1.333093261718750000e+01 -6.585746288299560547e+00 -1.736310601234436035e+00
1.117396926879882812e+01 -6.434703826904296875e+00 -8.317311406135559082e-01
1.097492408752441406e+01 -6.437952518463134766e+00 -2.592788219451904297e+00
1.434282779693603516e+01 -6.882375717163085938e+00 -5.032100200653076172e+00
1.198184108734130859e+01 -6.529853820800781250e+00 -3.980555057525634766e+00
1.268603706359863281e+01 -6.508640289306640625e+00 -5.480416774749755859e+00
1.314437961578369141e+01 -6.804057121276855469e+00 -3.671390533447265625e+00
1.562226581573486328e+01 -6.940579414367675781e+00 -3.603103637695312500e+00
1.605241394042968750e+01 -5.882822990417480469e+00 -4.199487686157226562e+00
1.625110435485839844e+01 -6.374687194824218750e+00 -1.175454974174499512e+00
1.637293815612792969e+01 -5.597773075103759766e+00 -2.074527740478515625e+00
1.458985424041748047e+01 -6.421267032623291016e+00 4.335724934935569763e-02
1.481737804412841797e+01 -6.840467453002929688e+00 -1.553390622138977051e+00
1.538279628753662109e+01 -6.016574859619140625e+00 9.563544392585754395e-01
1.484367465972900391e+01 -3.701803684234619141e+00 1.855210423469543457e+00
1.516491317749023438e+01 -3.993663787841796875e+00 8.151541948318481445e-01
1.437941455841064453e+01 -3.080228328704833984e+00 9.412198066711425781e-01
1.578926753997802734e+01 -4.837217807769775391e+00 -3.380032777786254883e+00
1.522193050384521484e+01 -3.964006185531616211e+00 -2.614006042480468750e+00
1.522461700439453125e+01 -3.843168497085571289e+00 -1.065057039260864258e+00
1.496808052062988281e+01 -3.525508403778076172e+00 -1.562339901924133301e+00
1.431283473968505859e+01 -2.733595371246337891e+00 -9.475429654121398926e-01
1.378967952728271484e+01 -6.680158615112304688e+00 -6.252927780151367188e+00
1.522748565673828125e+01 -5.889134407043457031e+00 -6.559841632843017578e+00
1.234513950347900391e+01 -6.395711421966552734e+00 -6.665645599365234375e+00
1.288320446014404297e+01 -5.858089447021484375e+00 -7.454977035522460938e+00
1.591114234924316406e+01 -5.782483100891113281e+00 -5.656694889068603516e+00
1.557842540740966797e+01 -5.027480125427246094e+00 -5.951163291931152344e+00
1.500205421447753906e+01 -4.361780643463134766e+00 -5.559170246124267578e+00
1.322609996795654297e+01 -5.464139461517333984e+00 -7.317772865295410156e+00
1.259658336639404297e+01 -4.915098667144775391e+00 -6.626321792602539062e+00
1.345775032043457031e+01 -4.427302360534667969e+00 -6.111087799072265625e+00
1.358019542694091797e+01 -3.335668325424194336e+00 -4.963403701782226562e+00
1.497031688690185547e+01 -3.656963109970092773e+00 -2.854841709136962891e+00
1.488596725463867188e+01 -3.688806056976318359e+00 -4.526660442352294922e+00
1.432213306427001953e+01 -2.852748870849609375e+00 -3.778681516647338867e+00
1.015318202972412109e+01 -5.978773117065429688e+00 -2.738331079483032227e+00
6.976852416992187500e+00 -4.763307094573974609e+00 -2.350547790527343750e+00
7.261651515960693359e+00 -4.840476512908935547e+00 -1.921900749206542969e+00
6.831089019775390625e+00 -4.699012279510498047e+00 -2.916949748992919922e+00
1.047841644287109375e+01 -6.269261837005615234e+00 -2.337275743484497070e+00
9.000436782836914062e+00 -5.516532421112060547e+00 -1.931715011596679688e+00
7.935214996337890625e+00 -5.100732326507568359e+00 -1.558655619621276855e+00
9.586630821228027344e+00 -5.502986431121826172e+00 -3.427489280700683594e+00
9.942367553710937500e+00 -5.508209228515625000e+00 -4.658506393432617188e+00
8.317936897277832031e+00 -4.971613883972167969e+00 -3.950768470764160156e+00
1.351404953002929688e+01 -2.063441514968872070e+00 -9.848094731569290161e-02
1.217642116546630859e+01 -7.242373824119567871e-01 -1.065747141838073730e+00
1.095089244842529297e+01 -5.911694049835205078e+00 -5.496463775634765625e+00
1.100630474090576172e+01 -5.376781940460205078e+00 -6.034516334533691406e+00
9.580368041992187500e+00 -5.041431427001953125e+00 -5.192982673645019531e+00
1.169393444061279297e+01 -4.657659053802490234e+00 -6.180257797241210938e+00
9.166378021240234375e+00 -4.299591541290283203e+00 -6.408970832824707031e+00
1.038089084625244141e+01 -3.515862226486206055e+00 -5.863640785217285156e+00
1.244390678405761719e+01 -3.647412061691284180e+00 -5.463060379028320312e+00
1.062448310852050781e+01 -3.173555135726928711e+00 -5.663397789001464844e+00
1.064297866821289062e+01 -2.251130580902099609e+00 -5.243364334106445312e+00
8.531537055969238281e+00 -3.671632289886474609e+00 -7.024273395538330078e+00
9.035827636718750000e+00 -3.067741870880126953e+00 -6.560281753540039062e+00
8.046729087829589844e+00 -2.026243209838867188e+00 -6.898256778717041016e+00
1.037731075286865234e+01 -1.590863585472106934e+00 -5.097346782684326172e+00
8.242667198181152344e+00 -1.698735952377319336e+00 -6.629168033599853516e+00
8.731308937072753906e+00 -4.760507345199584961e-01 -5.832702159881591797e+00
7.273633956909179688e+00 -1.642259210348129272e-01 -6.909154891967773438e+00
1.322560310363769531e+01 -2.092915296554565430e+00 -4.076757907867431641e+00
1.342567443847656250e+01 -1.587060809135437012e+00 -1.979097604751586914e+00
1.315797042846679688e+01 -1.292527675628662109e+00 -3.173661708831787109e+00
1.236819744110107422e+01 -3.743111789226531982e-01 -2.267810344696044922e+00
1.201100921630859375e+01 -9.354695677757263184e-02 -2.859220504760742188e+00
1.237163639068603516e+01 -1.892506599426269531e+00 -4.365500450134277344e+00
1.117324066162109375e+01 -1.218164324760437012e+00 -4.478096008300781250e+00
1.145455074310302734e+01 -5.598455667495727539e-01 -3.869575023651123047e+00
1.017375755310058594e+01 1.612552404403686523e+00 -1.757335543632507324e+00
9.285296440124511719e+00 2.408531188964843750e+00 -2.898143053054809570e+00
9.327231407165527344e+00 2.321671009063720703e+00 -3.362414121627807617e+00
8.572489738464355469e+00 2.966281652450561523e+00 -2.374407052993774414e+00
1.018583297729492188e+01 -9.046432375907897949e-01 -4.989062786102294922e+00
1.062975502014160156e+01 3.114298582077026367e-01 -4.124111175537109375e+00
8.355886459350585938e+00 1.313063055276870728e-01 -5.847558498382568359e+00
7.007485389709472656e+00 9.835058450698852539e-01 -6.419989109039306641e+00
1.394955062866210938e+01 -2.927037239074707031e+00 2.445625305175781250e+00
1.249316978454589844e+01 -1.944274425506591797e+00 2.796125411987304688e+00
1.124743461608886719e+01 -5.406691431999206543e-01 1.373752355575561523e+00
1.144527626037597656e+01 -4.263026416301727295e-01 2.476927638053894043e-01
9.936022758483886719e+00 -5.816431343555450439e-02 3.043869733810424805e+00
8.817559242248535156e+00 1.211783528327941895e+00 2.595901727676391602e+00
9.413895606994628906e+00 9.251401424407958984e-01 2.040343046188354492e+00
7.300340652465820312e+00 2.259036302566528320e+00 2.985007047653198242e+00
7.122117042541503906e+00 2.844963312149047852e+00 1.835497975349426270e+00
9.830011367797851562e+00 1.123896360397338867e+00 3.333018720149993896e-01
1.005953025817871094e+01 1.468914747238159180e+00 -1.013229250907897949e+00
7.963409423828125000e+00 2.736110687255859375e+00 4.208512008190155029e-01
3.349733829498291016e+00 4.268142700195312500e+00 -3.490661084651947021e-01
6.222238063812255859e+00 3.657384157180786133e+00 2.944985926151275635e-01
5.477236270904541016e+00 4.050365924835205078e+00 -2.228823184967041016e+00
3.668223381042480469e+00 4.383409976959228516e+00 -6.869781017303466797e-01
2.844881534576416016e+00 3.815761566162109375e+00 -2.457511663436889648e+00
2.956394910812377930e+00 3.502611637115478516e+00 -3.326400041580200195e+00
-9.886944890022277832e-01 3.793363809585571289e+00 -7.636566162109375000e-01
2.143202543258666992e+00 3.133116006851196289e+00 -4.381514549255371094e+00
7.679033093154430389e-03 4.157125473022460938e+00 -3.142282724380493164e+00
3.041927516460418701e-01 3.704708576202392578e+00 -4.696290969848632812e+00
2.377449989318847656e+00 3.802814960479736328e+00 -2.566333770751953125e+00
5.098124980926513672e+00 -8.778489828109741211e-01 -8.891379356384277344e+00
2.937705278396606445e+00 3.022995889186859131e-01 -9.603606224060058594e+00
5.055721282958984375e+00 4.981027245521545410e-01 -8.104937553405761719e+00
3.636285543441772461e+00 5.540561676025390625e-01 -8.962448120117187500e+00
2.519229888916015625e+00 4.969305992126464844e-01 -9.797993659973144531e+00
1.543969273567199707e+00 1.846451997756958008e+00 -9.910028457641601562e+00
3.287375271320343018e-01 3.146744728088378906e+00 -9.155511856079101562e+00
1.105749830603599548e-01 3.000565528869628906e+00 -1.045689868927001953e+01
5.651323795318603516e+00 2.801865577697753906e+00 -4.851070880889892578e+00
6.155362606048583984e+00 1.878506898880004883e+00 -6.081333637237548828e+00
4.693825721740722656e+00 2.676038503646850586e+00 -5.235732078552246094e+00
4.786880016326904297e+00 2.362592935562133789e+00 -5.945235252380371094e+00
6.614722251892089844e+00 3.773087978363037109e+00 -2.722867727279663086e+00
6.577730178833007812e+00 1.279137492179870605e+00 -6.419118881225585938e+00
5.702487468719482422e+00 1.657440066337585449e+00 -6.590358257293701172e+00
4.848443984985351562e+00 1.760309338569641113e+00 -7.020817756652832031e+00
2.731171846389770508e+00 2.838277101516723633e+00 -5.055533885955810547e+00
2.809981107711791992e+00 2.079306125640869141e+00 -7.352548122406005859e+00
2.022469043731689453e+00 2.320088624954223633e+00 -6.807018756866455078e+00
9.159137308597564697e-02 3.298573732376098633e+00 -6.269035816192626953e+00
2.677600383758544922e-01 2.955289602279663086e+00 -7.756330966949462891e+00
2.998751997947692871e-01 3.027949571609497070e+00 -8.135223388671875000e+00
-3.296721220016479492e+00 3.397388935089111328e+00 -2.585130691528320312e+00
-5.634470462799072266e+00 3.059421777725219727e+00 -7.731583595275878906e+00
-4.809728622436523438e+00 3.480337858200073242e+00 -7.635676860809326172e+00
-4.259166240692138672e+00 3.351892232894897461e+00 -6.673885345458984375e+00
-2.166596889495849609e+00 3.284643650054931641e+00 -2.308697998523712158e-01
-1.890401959419250488e+00 3.749533414840698242e+00 -1.354095101356506348e+00
-1.529495954513549805e+00 4.091962814331054688e+00 -2.468457460403442383e+00
-1.355738043785095215e+00 4.387895107269287109e+00 -3.693171739578247070e+00
-1.184774875640869141e+00 4.398502349853515625e+00 -4.986376762390136719e+00
-4.802232742309570312e+00 4.075938701629638672e+00 -8.504926681518554688e+00
-4.507509231567382812e+00 4.552932739257812500e+00 -9.024826049804687500e+00
-1.982905268669128418e+00 4.462120056152343750e+00 -7.510754585266113281e+00
-3.351728200912475586e+00 4.457046508789062500e+00 -8.331783294677734375e+00
-1.542664289474487305e+00 3.651970386505126953e+00 -1.119865703582763672e+01
-1.230008602142333984e+00 3.506803512573242188e+00 -1.106284046173095703e+01
-3.830363273620605469e+00 4.850823402404785156e+00 -1.070466899871826172e+01
-2.049375772476196289e+00 4.179863929748535156e+00 -9.850292205810546875e+00
-3.129398822784423828e-01 3.479473829269409180e+00 -9.965624809265136719e+00
-2.161324739456176758e+00 4.559186935424804688e+00 -6.120215892791748047e+00
5.297491073608398438e+00 3.451652288436889648e+00 2.408666133880615234e+00
6.057163238525390625e+00 3.372838258743286133e+00 1.826414227485656738e+00
1.961676120758056641e+00 7.002989649772644043e-01 -1.028483963012695312e+01
-5.183665752410888672e-01 2.794838905334472656e+00 -1.161465549468994141e+01
4.398446977138519287e-01 2.523377418518066406e+00 -1.076794052124023438e+01
