1.565925717353820801e+00 -4.928391456604003906e+00 -2.722544193267822266e+00
2.286364793777465820e+00 -4.770352840423583984e+00 -1.941015243530273438e+00
1.521610498428344727e+00 -4.779981136322021484e+00 -2.321544408798217773e+00
-5.068896770477294922e+00 -8.108609199523925781e+00 -7.822198867797851562e+00
-4.999164581298828125e+00 -8.061807632446289062e+00 -1.156807041168212891e+01
-4.185039043426513672e+00 -8.321145057678222656e+00 -9.419630050659179688e+00
-7.271094322204589844e+00 -7.468915939331054688e+00 -7.058515548706054688e+00
-7.775259017944335938e+00 -7.350519657135009766e+00 -7.966837882995605469e+00
-5.692356586456298828e+00 -8.128479003906250000e+00 -9.823871612548828125e+00
-6.221058845520019531e+00 -7.997514724731445312e+00 -9.061525344848632812e+00
-6.479844570159912109e+00 -7.345160484313964844e+00 -1.205490779876708984e+01
-8.410014152526855469e+00 -6.367160797119140625e+00 -1.057600116729736328e+01
-8.332576751708984375e+00 -6.188827037811279297e+00 -1.129478168487548828e+01
-9.643643379211425781e+00 -5.268612861633300781e+00 -8.361705780029296875e+00
-1.005161857604980469e+01 -4.325190544128417969e+00 -8.716865539550781250e+00
-9.589179992675781250e+00 -4.642717838287353516e+00 -1.086731719970703125e+01
-8.219953536987304688e+00 -6.690804958343505859e+00 -5.445008277893066406e+00
-9.068194389343261719e+00 -6.091358184814453125e+00 -4.929560661315917969e+00
-7.967555999755859375e+00 -5.743819236755371094e+00 -3.404619216918945312e+00
-8.496365547180175781e+00 -5.226958274841308594e+00 -2.226106405258178711e+00
-6.957159042358398438e+00 -5.439403057098388672e+00 -3.112613916397094727e+00
-2.590778112411499023e+00 -5.028098583221435547e+00 -1.550558209419250488e+00
-3.371842384338378906e+00 -4.882647514343261719e+00 -5.835797190666198730e-01
-1.436224102973937988e+00 -4.987967491149902344e+00 -2.429987043142318726e-01
-7.377734184265136719e+00 -3.211340188980102539e+00 2.311939716339111328e+00
-5.354377269744873047e+00 -3.511502504348754883e+00 1.278505444526672363e+00
-3.858652114868164062e+00 -5.066794395446777344e+00 -2.137640476226806641e+00
-7.304076194763183594e+00 -4.796421527862548828e+00 -1.626477956771850586e+00
-6.306439876556396484e+00 -5.165951728820800781e+00 -2.786477088928222656e+00
-3.737969636917114258e+00 -4.415859699249267578e+00 1.353652924299240112e-01
-4.767586708068847656e+00 -7.277815341949462891e+00 -5.294990539550781250e+00
-4.544702529907226562e+00 -6.496483325958251953e+00 -4.091463565826416016e+00
-2.279453516006469727e+00 -7.654335021972656250e+00 -6.418004035949707031e+00
-2.883986473083496094e+00 -7.164612770080566406e+00 -5.068893909454345703e+00
-2.213319778442382812e+00 -7.175219058990478516e+00 -5.300662994384765625e+00
-1.354667425155639648e+00 -6.799216270446777344e+00 -5.047169685363769531e+00
-2.779019117355346680e+00 -6.772419452667236328e+00 -4.442155838012695312e+00
-5.267125606536865234e+00 -6.849939346313476562e+00 -4.678561210632324219e+00
-6.153891563415527344e+00 -7.666524887084960938e+00 -6.741810798645019531e+00
-8.705060958862304688e+00 -6.650945663452148438e+00 -6.454267978668212891e+00
-1.414059638977050781e+00 -4.975038528442382812e+00 -1.841455698013305664e+00
-9.311425685882568359e-01 -5.035679817199707031e+00 -2.283377170562744141e+00
-2.239086627960205078e+00 -5.119287967681884766e+00 -2.027268171310424805e+00
-3.453437685966491699e-01 -5.078735828399658203e+00 -1.207300782203674316e+00
6.398152112960815430e-01 -4.609876155853271484e+00 -1.608330488204956055e+00
-8.125987052917480469e-01 -5.395763874053955078e+00 -3.026975154876708984e+00
-5.105036776512861252e-03 -5.496645450592041016e+00 -3.349941492080688477e+00
6.125334501266479492e-01 -4.759019851684570312e+00 -2.133537769317626953e+00
-9.515679359436035156e+00 -4.813167095184326172e+00 -2.044054985046386719e+00
-9.941001892089843750e+00 -4.890176773071289062e+00 -4.681022167205810547e+00
-9.352087020874023438e+00 -5.580398559570312500e+00 -3.829947233200073242e+00
-1.019600009918212891e+01 -3.758261203765869141e+00 -3.289132833480834961e+00
-1.031857585906982422e+01 -3.583929538726806641e+00 -4.716928482055664062e+00
-9.119809150695800781e+00 -4.086733818054199219e+00 3.096176981925964355e-01
-9.781302452087402344e+00 -4.174322128295898438e+00 -1.407154917716979980e+00
-9.820514678955078125e+00 -3.229982137680053711e+00 -2.795948088169097900e-01
-9.598298072814941406e+00 -2.924576997756958008e+00 9.027571082115173340e-01
-9.111388206481933594e+00 -2.720489025115966797e+00 2.168286085128784180e+00
-9.278631210327148438e+00 -1.628403663635253906e+00 1.270556330680847168e+00
-1.017303371429443359e+01 -2.694461584091186523e+00 -2.523638963699340820e+00
-1.009781265258789062e+01 -1.607906937599182129e+00 -2.652429103851318359e+00
-9.464877128601074219e+00 -1.292324781417846680e+00 -8.874957561492919922e-01
-7.937053203582763672e+00 -4.178181290626525879e-01 -6.464123725891113281e-01
-1.006225872039794922e+01 -4.633482456207275391e+00 -5.546210765838623047e+00
-1.034616565704345703e+01 -3.649370670318603516e+00 -5.427190303802490234e+00
-1.053293228149414062e+01 -2.256295204162597656e+00 -5.302049160003662109e+00
-1.059037685394287109e+01 -2.096470832824707031e+00 -5.871841907501220703e+00
-1.008227825164794922e+01 -6.562670469284057617e-01 -5.354718208312988281e+00
-1.058908367156982422e+01 -2.842321157455444336e+00 -7.962436199188232422e+00
-1.070989131927490234e+01 -1.946466922760009766e+00 -8.888352394104003906e+00
-1.059857559204101562e+01 -8.112596273422241211e-01 -8.519301414489746094e+00
-9.949833869934082031e+00 -3.295279145240783691e-01 -6.708109378814697266e+00
-8.383278846740722656e+00 -2.019445449113845825e-01 -2.253496170043945312e+00
-6.926239967346191406e+00 1.700844883918762207e+00 -3.687155246734619141e+00
-9.015816688537597656e+00 3.879913687705993652e-01 -6.205619812011718750e+00
-7.575397014617919922e+00 1.439555168151855469e+00 -4.990348339080810547e+00
1.340658760070800781e+01 -4.685917854309082031e+00 4.069815635681152344e+00
1.359497928619384766e+01 -6.079106330871582031e+00 6.669957041740417480e-01
1.309994888305664062e+01 -5.789365768432617188e+00 1.307822585105895996e+00
1.499542045593261719e+01 -5.635628223419189453e+00 1.775880217552185059e+00
1.492183017730712891e+01 -4.570262908935546875e+00 2.771019935607910156e+00
1.204636096954345703e+01 -5.328915119171142578e+00 2.536148071289062500e+00
4.509572982788085938e+00 -9.243786334991455078e-01 4.796884536743164062e+00
5.436707973480224609e+00 -4.358967542648315430e-01 5.846828937530517578e+00
6.668728828430175781e+00 -4.843436241149902344e+00 -1.711469173431396484e+00
8.931306838989257812e+00 -6.261562347412109375e+00 -1.282958745956420898e+00
8.145299911499023438e+00 -6.172213077545166016e+00 -1.126390099525451660e+00
7.467448234558105469e+00 -6.243576526641845703e+00 -5.339744687080383301e-01
2.559078454971313477e+00 -5.414307594299316406e+00 3.960944712162017822e-01
4.309436321258544922e+00 -4.697339057922363281e+00 -1.532591462135314941e+00
5.186589717864990234e+00 -5.092311859130859375e+00 -1.214151620864868164e+00
2.318083763122558594e+00 -4.275365352630615234e+00 -1.284542918205261230e+00
4.128595352172851562e+00 -4.725331306457519531e+00 -1.310989141464233398e+00
5.120591163635253906e+00 -5.552492141723632812e+00 1.891097426414489746e-01
5.821626186370849609e+00 -5.968849182128906250e+00 -6.469378471374511719e-01
3.105761289596557617e+00 -5.481059551239013672e+00 -6.084969639778137207e-01
9.491693496704101562e+00 -5.029858112335205078e+00 2.972687244415283203e+00
1.017857360839843750e+01 -4.289200782775878906e+00 4.593126773834228516e+00
1.004021549224853516e+01 -4.626748085021972656e+00 4.092786312103271484e+00
8.864866256713867188e+00 -3.623363018035888672e+00 5.056252956390380859e+00
8.956665039062500000e+00 -4.850693225860595703e+00 3.071825504302978516e+00
9.043279647827148438e+00 -5.855694770812988281e+00 1.380042195320129395e+00
8.696303367614746094e+00 -6.071844577789306641e+00 9.042561650276184082e-01
5.580456256866455078e+00 -1.098877429962158203e+00 3.866091489791870117e+00
6.178548336029052734e+00 -3.619910717010498047e+00 2.346758842468261719e+00
5.602272033691406250e+00 -3.926419734954833984e+00 1.837895035743713379e+00
4.538577079772949219e+00 -1.831115365028381348e+00 3.015990018844604492e+00
4.661700248718261719e+00 -1.353720188140869141e+00 3.619046926498413086e+00
6.936977863311767578e+00 -2.258480310440063477e+00 4.171514987945556641e+00
6.812859535217285156e+00 -1.575044393539428711e+00 5.287006378173828125e+00
6.555215835571289062e+00 -5.432910919189453125e+00 9.057111144065856934e-01
1.237682628631591797e+01 -3.356025934219360352e+00 5.338317871093750000e+00
1.412779903411865234e+01 -3.765819072723388672e+00 4.092348098754882812e+00
1.302265453338623047e+01 -2.480602979660034180e+00 4.411107540130615234e+00
1.381200313568115234e+01 -2.650008678436279297e+00 2.828562974929809570e+00
8.066394805908203125e+00 -2.381792783737182617e+00 6.390162944793701172e+00
7.634844303131103516e+00 -1.942469358444213867e+00 6.351868152618408203e+00
4.436707496643066406e+00 -1.028851270675659180e-01 6.676595687866210938e+00
9.961073875427246094e+00 -3.435173034667968750e+00 6.057868957519531250e+00
1.070558166503906250e+01 -2.070919513702392578e+00 5.996799468994140625e+00
1.111140632629394531e+01 -1.619934558868408203e+00 5.023899078369140625e+00
8.939319610595703125e+00 -9.277691841125488281e-01 6.057518482208251953e+00
9.302062988281250000e+00 -5.974162220954895020e-01 5.075645923614501953e+00
1.143223476409912109e+01 -1.504450082778930664e+00 4.096057415008544922e+00
1.167747592926025391e+01 -1.371360540390014648e+00 3.152731657028198242e+00
6.858278274536132812e+00 -9.748904705047607422e-01 6.066397190093994141e+00
8.002221107482910156e+00 -4.470447599887847900e-01 5.976108551025390625e+00
7.240760803222656250e+00 4.461611509323120117e-01 5.466168403625488281e+00
6.466773509979248047e+00 2.483858168125152588e-01 5.834600925445556641e+00
5.848937988281250000e+00 1.448939561843872070e+00 5.568436622619628906e+00
8.276375770568847656e+00 7.476217746734619141e-01 4.223610401153564453e+00
5.911024093627929688e+00 2.634373903274536133e+00 4.224024772644042969e+00
6.283187866210937500e+00 2.628753900527954102e+00 3.692199468612670898e+00
-2.126815319061279297e+00 -2.786739587783813477e+00 3.769026279449462891e+00
-1.517486572265625000e+00 -3.787477970123291016e+00 1.657894372940063477e+00
-1.472386121749877930e+00 -4.641138076782226562e+00 3.846006691455841064e-01
-1.607702255249023438e+00 -2.845694780349731445e+00 3.491713285446166992e+00
-2.329841256141662598e-01 -2.644485473632812500e+00 2.372712850570678711e+00
-5.070513725280761719e+00 -3.477619647979736328e+00 1.471695899963378906e+00
-4.357139110565185547e+00 -3.314831256866455078e+00 2.204584121704101562e+00
-5.802689075469970703e+00 -2.594637870788574219e+00 3.393698215484619141e+00
-5.276942253112792969e+00 -3.016637086868286133e+00 2.537383317947387695e+00
-4.091067314147949219e+00 -2.822151899337768555e+00 3.380327463150024414e+00
-2.754421472549438477e+00 -1.614083647727966309e+00 4.875289916992187500e+00
-5.651123046875000000e+00 -1.264918923377990723e+00 4.708521366119384766e+00
-5.347432613372802734e+00 -7.340539693832397461e-01 4.909893035888671875e+00
2.585542678833007812e+00 -1.626053094863891602e+00 3.616588354110717773e+00
1.401511549949645996e+00 -8.418092131614685059e-01 4.117294788360595703e+00
-4.663077369332313538e-02 -1.171430468559265137e+00 3.656197786331176758e+00
1.118306756019592285e+00 -2.689636349678039551e-01 4.651297092437744141e+00
2.613677501678466797e+00 -8.978756070137023926e-01 5.224326610565185547e+00
3.664591312408447266e+00 -3.479671478271484375e-01 6.548665523529052734e+00
1.160734415054321289e+00 8.251351714134216309e-01 5.357042789459228516e+00
-3.220926284790039062e+00 -1.386041879653930664e+00 5.007437229156494141e+00
-4.239954948425292969e+00 3.041017651557922363e-01 5.007974624633789062e+00
-2.743073463439941406e+00 5.688672065734863281e-01 5.129221439361572266e+00
-1.159469723701477051e+00 1.615180611610412598e+00 4.394169807434082031e+00
-3.884545326232910156e+00 1.023270964622497559e+00 4.044678688049316406e+00
-3.823828697204589844e+00 1.427481293678283691e+00 2.888199329376220703e+00
-1.731825023889541626e-01 -5.089101314544677734e+00 -9.052361547946929932e-02
3.050649464130401611e-01 -4.947058200836181641e+00 -1.255480647087097168e-01
8.240675330162048340e-01 -4.953295707702636719e+00 2.411713451147079468e-02
1.657297968864440918e+00 -3.782252311706542969e+00 1.409682273864746094e+00
1.489006996154785156e+00 -4.988035678863525391e+00 5.752912759780883789e-01
1.632104516029357910e+00 -3.754313945770263672e+00 -1.373811364173889160e+00
1.908286094665527344e+00 -2.589530706405639648e+00 2.335449695587158203e+00
2.353931903839111328e+00 1.669196844100952148e+00 5.526236057281494141e+00
2.927272558212280273e+00 2.677909612655639648e+00 4.229862213134765625e+00
2.630532979965209961e+00 3.023296833038330078e+00 3.001718521118164062e+00
-8.572359681129455566e-01 2.485898017883300781e+00 2.612917900085449219e+00
-6.487395167350769043e-01 1.944292902946472168e+00 4.154139518737792969e+00
5.877286791801452637e-01 2.571504592895507812e+00 3.232659339904785156e+00
-1.729110121726989746e+00 3.175474405288696289e+00 1.072676703333854675e-01
-7.583812236785888672e+00 -2.457658052444458008e+00 3.554838895797729492e+00
-7.326986789703369141e+00 -1.422060132026672363e+00 4.218107700347900391e+00
-7.960888385772705078e+00 -8.115299940109252930e-01 2.908439397811889648e+00
-6.809795856475830078e+00 -1.159235835075378418e+00 4.462847709655761719e+00
-7.015419006347656250e+00 -3.658843338489532471e-01 3.060461282730102539e+00
-6.419511318206787109e+00 1.880334019660949707e-01 1.420515537261962891e+00
-6.218068122863769531e+00 1.391565352678298950e-01 2.391300439834594727e+00
-6.924035549163818359e+00 2.274904251098632812e-01 -8.148930668830871582e-01
-3.745687961578369141e+00 1.653533577919006348e+00 1.846043944358825684e+00
-5.361492156982421875e+00 2.015207052230834961e+00 -1.993363618850708008e+00
-3.648670911788940430e+00 3.034518241882324219e+00 -1.668531060218811035e+00
3.499336481094360352e+00 9.531297087669372559e-01 6.393055915832519531e+00
3.059126853942871094e+00 2.039680242538452148e+00 5.357368946075439453e+00
3.936797380447387695e+00 2.534194707870483398e+00 4.825930595397949219e+00
4.617100238800048828e+00 3.051472663879394531e+00 3.789313077926635742e+00
3.909696817398071289e+00 3.351284742355346680e+00 2.956671714782714844e+00
7.770663261413574219e+00 -4.910014152526855469e+00 -3.996907472610473633e+00
2.382477760314941406e+00 -5.070143222808837891e+00 -3.062767505645751953e+00
5.506034851074218750e+00 -4.736477375030517578e+00 -2.551931381225585938e+00
6.332268714904785156e+00 -4.693390369415283203e+00 -3.001004219055175781e+00
3.040097236633300781e+00 -5.007318973541259766e+00 -2.949102163314819336e+00
2.093382835388183594e+00 -5.929825305938720703e+00 -5.256428718566894531e+00
2.628777980804443359e+00 -5.809183597564697266e+00 -6.258358478546142578e+00
3.893853902816772461e+00 -5.143620491027832031e+00 -5.605584144592285156e+00
5.931268692016601562e+00 -4.822504997253417969e+00 -3.751901388168334961e+00
7.167627334594726562e+00 -4.969845771789550781e+00 -4.097351551055908203e+00
2.443625926971435547e+00 -5.621500015258789062e+00 -8.461609840393066406e+00
8.323479652404785156e+00 -4.980229854583740234e+00 -6.043969154357910156e+00
3.301351785659790039e+00 -5.332675933837890625e+00 -7.121255397796630859e+00
3.712810754776000977e+00 -4.723700046539306641e+00 -7.903741836547851562e+00
6.293146610260009766e+00 -5.079592704772949219e+00 -5.395614624023437500e+00
7.409296512603759766e+00 -4.935947418212890625e+00 -6.354591846466064453e+00
5.877755641937255859e+00 -4.181694507598876953e+00 -7.265088081359863281e+00
7.531825065612792969e+00 -4.032483100891113281e+00 -7.389862060546875000e+00
5.586967468261718750e+00 -3.865180969238281250e+00 -7.636889457702636719e+00
5.157599925994873047e+00 -2.838171482086181641e+00 -8.647742271423339844e+00
5.231746196746826172e+00 -2.078937292098999023e+00 -8.897584915161132812e+00
-3.349197149276733398e+00 -7.971044063568115234e+00 -1.205625534057617188e+01
-3.131116867065429688e+00 -8.215371131896972656e+00 -1.051698493957519531e+01
-3.961030244827270508e+00 -7.544125080108642578e+00 -1.315939044952392578e+01
-1.581650018692016602e+00 -6.563348770141601562e+00 -1.324212837219238281e+01
-3.556387662887573242e+00 -6.334627151489257812e+00 -1.446003150939941406e+01
-3.374219417572021484e+00 -5.280969142913818359e+00 -1.519305133819580078e+01
-6.630934238433837891e+00 -6.537791728973388672e+00 -1.317311477661132812e+01
-7.072432994842529297e+00 -6.214087963104248047e+00 -1.319104862213134766e+01
-7.757668972015380859e+00 -5.234023571014404297e+00 -1.367809200286865234e+01
-5.719337940216064453e+00 -7.132870674133300781e+00 -1.307897949218750000e+01
-8.473513603210449219e+00 -5.365836143493652344e+00 -1.256601142883300781e+01
-7.363134384155273438e+00 -4.565938472747802734e+00 -1.457600593566894531e+01
-4.150383472442626953e+00 -5.535242080688476562e+00 -1.502969455718994141e+01
-5.994750499725341797e+00 -4.382568359375000000e+00 -1.525903892517089844e+01
-2.710933446884155273e+00 -5.387852668762207031e+00 -1.501417636871337891e+01
-2.176157951354980469e+00 -4.295627593994140625e+00 -1.537035083770751953e+01
-3.721528530120849609e+00 -3.715956687927246094e+00 -1.575415611267089844e+01
-2.788904190063476562e+00 -3.187350034713745117e+00 -1.571751308441162109e+01
-4.988605976104736328e+00 -2.649363517761230469e+00 -1.594172954559326172e+01
-3.919080972671508789e+00 -1.504161357879638672e+00 -1.593752861022949219e+01
-9.300292968750000000e+00 -4.440625667572021484e+00 -1.222340393066406250e+01
-8.934010505676269531e+00 -4.002746582031250000e+00 -1.344873714447021484e+01
-9.911182403564453125e+00 -2.863384723663330078e+00 -1.234882640838623047e+01
-1.040028381347656250e+01 -1.438607573509216309e+00 -1.152154827117919922e+01
-8.547965049743652344e+00 -3.349849700927734375e+00 -1.436295986175537109e+01
-7.690943717956542969e+00 -2.967071533203125000e+00 -1.519953823089599609e+01
-9.820380210876464844e+00 -9.245259761810302734e-01 -1.328596878051757812e+01
-9.372103691101074219e+00 -3.260509967803955078e-01 -1.420743083953857422e+01
-8.485134124755859375e+00 -9.502519965171813965e-01 -1.507670688629150391e+01
-7.132931709289550781e+00 1.616745889186859131e-01 -1.577296257019042969e+01
-7.624185085296630859e+00 8.165383934974670410e-01 -1.554042434692382812e+01
-1.519739389419555664e+00 -7.556667804718017578e+00 -6.890520572662353516e+00
-4.203920364379882812e-01 -7.157292842864990234e+00 -8.632989883422851562e+00
7.523304969072341919e-02 -6.567312717437744141e+00 -5.592972755432128906e+00
6.197053790092468262e-01 -6.684691429138183594e+00 -6.758989810943603516e+00
-2.399410307407379150e-01 -6.931324005126953125e+00 -9.611298561096191406e+00
-5.081856623291969299e-02 -5.895494937896728516e+00 -1.240213489532470703e+01
1.353938937187194824e+00 -6.387454986572265625e+00 -6.423189640045166016e+00
2.021559953689575195e+00 -5.951571464538574219e+00 -8.194098472595214844e+00
-7.601268291473388672e-01 -5.087193965911865234e+00 -1.430398559570312500e+01
1.024473667144775391e+00 -4.963257312774658203e+00 -1.243849086761474609e+01
-1.229803562164306641e+00 -3.739623308181762695e+00 -1.520321941375732422e+01
-1.920377016067504883e-01 -3.007390975952148438e+00 -1.485963439941406250e+01
1.960372567176818848e+00 -5.053734302520751953e+00 -1.069929218292236328e+01
-1.086958527565002441e+00 -2.405299186706542969e+00 -1.528256225585937500e+01
-1.306557536125183105e+00 -1.697395920753479004e+00 -1.534190273284912109e+01
2.141667604446411133e+00 -3.536206960678100586e+00 -1.149354648590087891e+01
8.839051723480224609e-01 -1.870471119880676270e+00 -1.348682594299316406e+01
7.970704436302185059e-01 -1.144383311271667480e+00 -1.333472061157226562e+01
-2.604658365249633789e+00 -1.778635621070861816e+00 -1.570109462738037109e+01
-2.674482583999633789e+00 -8.091639280319213867e-01 -1.564371585845947266e+01
-5.082401275634765625e+00 4.551812708377838135e-01 -1.589111518859863281e+01
-2.884690046310424805e+00 1.008506774902343750e+00 -1.536949348449707031e+01
-2.163015604019165039e+00 1.174804091453552246e+00 -1.512646675109863281e+01
-4.964390993118286133e-01 1.150292038917541504e+00 -1.389218330383300781e+01
-2.880366325378417969e+00 2.080744504928588867e+00 -1.503723812103271484e+01
-2.463154554367065430e+00 2.789947986602783203e+00 -1.464961719512939453e+01
2.704159975051879883e+00 -3.967406749725341797e+00 -1.033980560302734375e+01
3.520427465438842773e+00 -2.608936071395874023e+00 -1.011531925201416016e+01
3.012938261032104492e+00 -1.846753478050231934e+00 -1.085500812530517578e+01
9.656952023506164551e-01 -2.804087698459625244e-01 -1.281544685363769531e+01
1.484319686889648438e+00 8.093997836112976074e-03 -1.211276054382324219e+01
2.350072383880615234e+00 -2.164919376373291016e-01 -1.122945022583007812e+01
1.083069562911987305e+00 4.184861481189727783e-01 -1.233888053894042969e+01
-1.050985717773437500e+01 -9.654936194419860840e-01 -1.099551391601562500e+01
-9.964086532592773438e+00 6.879817843437194824e-01 -1.292535209655761719e+01
-1.029876708984375000e+01 -1.467310264706611633e-02 -1.049012660980224609e+01
-1.006891155242919922e+01 -1.204481273889541626e-01 -9.027620315551757812e+00
-9.721507072448730469e+00 5.450005531311035156e-01 -1.003129100799560547e+01
-9.959393501281738281e+00 9.253134131431579590e-01 -1.155605411529541016e+01
-9.428302764892578125e+00 2.036328792572021484e+00 -1.278923034667968750e+01
-8.816864967346191406e+00 1.398736596107482910e+00 -9.346457481384277344e+00
-8.410817146301269531e+00 2.400937318801879883e+00 -1.038096332550048828e+01
-8.197067260742187500e+00 1.158661603927612305e+00 -6.073560714721679688e+00
-7.957363128662109375e+00 1.592784047126770020e+00 -7.155835628509521484e+00
-8.278006553649902344e+00 1.881756544113159180e+00 -8.743074417114257812e+00
-7.892401218414306641e+00 2.550629615783691406e+00 -9.738611221313476562e+00
-6.293833255767822266e+00 2.697707891464233398e+00 -7.683424472808837891e+00
-6.207899570465087891e+00 3.007080554962158203e+00 -8.168637275695800781e+00
-8.630975723266601562e+00 2.206467151641845703e+00 -1.429765319824218750e+01
-8.032613754272460938e+00 2.234714984893798828e+00 -1.473788070678710938e+01
-7.631119728088378906e+00 3.450072526931762695e+00 -1.352200889587402344e+01
-6.649186134338378906e+00 4.271261215209960938e+00 -1.314618301391601562e+01
-6.096849441528320312e+00 1.897101879119873047e+00 -1.548135280609130859e+01
-5.841101646423339844e+00 2.188198328018188477e+00 -1.533393287658691406e+01
-5.164817810058593750e+00 3.972462892532348633e+00 -1.412876987457275391e+01
-4.610347747802734375e+00 3.962792396545410156e+00 -1.425430679321289062e+01
-5.861677169799804688e+00 3.777222394943237305e+00 -1.413385581970214844e+01
-8.267627716064453125e+00 3.287766218185424805e+00 -1.225444507598876953e+01
-6.236225128173828125e+00 4.419470310211181641e+00 -1.238894939422607422e+01
-5.548002719879150391e+00 4.381950378417968750e+00 -1.075220489501953125e+01
-3.384094476699829102e+00 4.235887050628662109e+00 -1.349401664733886719e+01
-3.165628433227539062e+00 4.298785209655761719e+00 -1.287618064880371094e+01
-5.213712215423583984e+00 4.438764572143554688e+00 -1.222754287719726562e+01
-4.463212966918945312e+00 4.638879299163818359e+00 -1.233318710327148438e+01
-3.212045669555664062e+00 4.688608169555664062e+00 -1.144827365875244141e+01
-4.952096462249755859e+00 4.787611484527587891e+00 -1.085509204864501953e+01
-3.790315151214599609e+00 4.894839763641357422e+00 -1.117711448669433594e+01
-6.631175994873046875e+00 3.684669256210327148e+00 -1.050988388061523438e+01
-5.924363613128662109e+00 3.624399662017822266e+00 -9.041493415832519531e+00
3.060192108154296875e+00 -1.864667385816574097e-01 -1.030523490905761719e+01
-1.364437341690063477e-01 1.530393362045288086e+00 -1.288068294525146484e+01
-2.111163139343261719e+00 3.222964525222778320e+00 -1.359869575500488281e+01
9.982944130897521973e-01 8.042905330657958984e-01 -1.169204807281494141e+01
-1.050827622413635254e+00 2.886618375778198242e+00 -1.234228134155273438e+01
-2.709421396255493164e+00 3.848423004150390625e+00 -1.327531719207763672e+01
-1.645645380020141602e+00 3.649727106094360352e+00 -1.187991428375244141e+01
1.145094966888427734e+01 -6.503669261932373047e+00 -3.426094293594360352e+00
1.335208415985107422e+01 -6.630983352661132812e+00 -1.795960903167724609e+00
1.118724918365478516e+01 -6.446018218994140625e+00 -8.631200194358825684e-01
1.099655723571777344e+01 -6.456094264984130859e+00 -2.638248920440673828e+00
1.435726261138916016e+01 -6.918125629425048828e+00 -5.093392848968505859e+00
1.199863338470458984e+01 -6.562658309936523438e+00 -4.035068988800048828e+00
1.270230770111083984e+01 -6.540899753570556641e+00 -5.538307189941406250e+00
1.316070461273193359e+01 -6.839833259582519531e+00 -3.729275465011596680e+00
1.563925552368164062e+01 -6.980699539184570312e+00 -3.667673587799072266e+00
1.606585693359375000e+01 -5.920738220214843750e+00 -4.268354415893554688e+00
1.627710151672363281e+01 -6.415637969970703125e+00 -1.244410395622253418e+00
1.639362907409667969e+01 -5.640689373016357422e+00 -2.147623300552368164e+00
1.461800575256347656e+01 -6.479067325592041016e+00 -2.408323436975479126e-02
1.483971309661865234e+01 -6.885239601135253906e+00 -1.616736888885498047e+00
1.542393016815185547e+01 -6.073653697967529297e+00 8.707497119903564453e-01
1.493412113189697266e+01 -3.744903802871704102e+00 1.715000510215759277e+00
1.521390247344970703e+01 -4.046457767486572266e+00 7.001501321792602539e-01
1.445299816131591797e+01 -3.106487274169921875e+00 8.058422803878784180e-01
1.580607604980468750e+01 -4.874017238616943359e+00 -3.455097436904907227e+00
1.524008655548095703e+01 -3.997585535049438477e+00 -2.699666500091552734e+00
1.525450611114501953e+01 -3.883507013320922852e+00 -1.157323360443115234e+00
1.499167728424072266e+01 -3.564631223678588867e+00 -1.652193903923034668e+00
1.435030078887939453e+01 -2.757096767425537109e+00 -1.045654892921447754e+00
1.380447769165039062e+01 -6.712488651275634766e+00 -6.313686370849609375e+00
1.524273967742919922e+01 -5.922252655029296875e+00 -6.624534130096435547e+00
1.236268520355224609e+01 -6.424766540527343750e+00 -6.724190711975097656e+00
1.290089607238769531e+01 -5.889085769653320312e+00 -7.517550945281982422e+00
1.592555332183837891e+01 -5.819436550140380859e+00 -5.724061012268066406e+00
1.559403228759765625e+01 -5.061148166656494141e+00 -6.021345138549804688e+00
1.502019977569580078e+01 -4.392186164855957031e+00 -5.631915569305419922e+00
1.324203491210937500e+01 -5.492228031158447266e+00 -7.383349895477294922e+00
1.261445331573486328e+01 -4.940165042877197266e+00 -6.691554069519042969e+00
1.347481918334960938e+01 -4.450710773468017578e+00 -6.182322025299072266e+00
1.359729957580566406e+01 -3.358112812042236328e+00 -5.038544654846191406e+00
1.498885154724121094e+01 -3.689087629318237305e+00 -2.940431594848632812e+00
1.490295982360839844e+01 -3.717135429382324219e+00 -4.603274345397949219e+00
1.433744239807128906e+01 -2.878376245498657227e+00 -3.858025074005126953e+00
1.017932224273681641e+01 -5.993207454681396484e+00 -2.789056539535522461e+00
7.006296634674072266e+00 -4.756940841674804688e+00 -2.406988859176635742e+00
7.297087669372558594e+00 -4.822872638702392578e+00 -1.983264684677124023e+00
6.854804039001464844e+00 -4.702203273773193359e+00 -2.965675354003906250e+00
1.050220298767089844e+01 -6.281471729278564453e+00 -2.382799148559570312e+00
9.030981063842773438e+00 -5.523059844970703125e+00 -1.986142754554748535e+00
7.970213413238525391e+00 -5.091114044189453125e+00 -1.618509292602539062e+00
9.610989570617675781e+00 -5.518854141235351562e+00 -3.481004238128662109e+00
9.962851524353027344e+00 -5.529910087585449219e+00 -4.713051795959472656e+00
8.341156005859375000e+00 -4.982506275177001953e+00 -4.000585079193115234e+00
1.356253719329833984e+01 -2.073890447616577148e+00 -2.006167918443679810e-01
1.223027706146240234e+01 -7.024611830711364746e-01 -1.157595634460449219e+00
1.096917057037353516e+01 -5.937493801116943359e+00 -5.551596164703369141e+00
1.102413654327392578e+01 -5.400842189788818359e+00 -6.091901779174804688e+00
9.600033760070800781e+00 -5.057870864868164062e+00 -5.243691444396972656e+00
1.171036243438720703e+01 -4.677345752716064453e+00 -6.243642330169677734e+00
9.180467605590820312e+00 -4.307771682739257812e+00 -6.454319000244140625e+00
1.039828014373779297e+01 -3.525914430618286133e+00 -5.918611526489257812e+00
1.246131706237792969e+01 -3.663203001022338867e+00 -5.532401084899902344e+00
1.064386653900146484e+01 -3.180834293365478516e+00 -5.725077152252197266e+00
1.066450595855712891e+01 -2.254895687103271484e+00 -5.306070327758789062e+00
8.539492607116699219e+00 -3.673153877258300781e+00 -7.056626319885253906e+00
9.049097061157226562e+00 -3.071015596389770508e+00 -6.600257396697998047e+00
8.051768302917480469e+00 -2.025611639022827148e+00 -6.913075923919677734e+00
1.039865779876708984e+01 -1.593422532081604004e+00 -5.152698516845703125e+00
8.252168655395507812e+00 -1.698040008544921875e+00 -6.652890205383300781e+00
8.742730140686035156e+00 -4.739507436752319336e-01 -5.859568595886230469e+00
7.284180641174316406e+00 -1.537570804357528687e-01 -6.925776958465576172e+00
1.324049282073974609e+01 -2.111755132675170898e+00 -4.151046276092529297e+00
1.345026302337646484e+01 -1.606561660766601562e+00 -2.067114114761352539e+00
1.315556335449218750e+01 -1.320259332656860352e+00 -3.241864681243896484e+00
1.238202762603759766e+01 -3.822542428970336914e-01 -2.341357231140136719e+00
1.200275897979736328e+01 -1.115691140294075012e-01 -2.911557435989379883e+00
1.238832569122314453e+01 -1.900608658790588379e+00 -4.436676025390625000e+00
1.118811893463134766e+01 -1.223441481590270996e+00 -4.538734912872314453e+00
1.145876598358154297e+01 -5.696825385093688965e-01 -3.923708438873291016e+00
1.018779087066650391e+01 1.638148546218872070e+00 -1.801934242248535156e+00
9.287165641784667969e+00 2.422209739685058594e+00 -2.928691387176513672e+00
9.328239440917968750e+00 2.324938297271728516e+00 -3.382183790206909180e+00
8.576439857482910156e+00 2.978055715560913086e+00 -2.395574569702148438e+00
1.019974517822265625e+01 -9.063816070556640625e-01 -5.029011249542236328e+00
1.062776088714599609e+01 3.038208186626434326e-01 -4.150113105773925781e+00
8.368782043457031250e+00 1.396189928054809570e-01 -5.867616176605224609e+00
7.021178722381591797e+00 9.967669248580932617e-01 -6.436478614807128906e+00
1.410083293914794922e+01 -2.934472322463989258e+00 2.278709888458251953e+00
1.265690231323242188e+01 -1.910712242126464844e+00 2.611694574356079102e+00
1.138978481292724609e+01 -4.585945904254913330e-01 1.195279598236083984e+00
1.153801918029785156e+01 -3.646201491355895996e-01 1.262330412864685059e-01
1.015054607391357422e+01 1.107546240091323853e-01 2.807591438293457031e+00
8.989201545715332031e+00 1.392783164978027344e+00 2.434203386306762695e+00
9.583052635192871094e+00 1.074103593826293945e+00 1.886777400970458984e+00
7.441235065460205078e+00 2.403115510940551758e+00 2.863766431808471680e+00
7.220845222473144531e+00 2.985443592071533203e+00 1.764152288436889648e+00
9.938054084777832031e+00 1.232625842094421387e+00 2.268644422292709351e-01
1.013176441192626953e+01 1.541711568832397461e+00 -1.101865410804748535e+00
8.033520698547363281e+00 2.830018043518066406e+00 3.705128133296966553e-01
3.352823972702026367e+00 4.278351306915283203e+00 -3.530810773372650146e-01
6.255480766296386719e+00 3.709027290344238281e+00 2.710590064525604248e-01
5.484185218811035156e+00 4.069926261901855469e+00 -2.236901760101318359e+00
3.674009323120117188e+00 4.399426937103271484e+00 -6.922965645790100098e-01
2.850508451461791992e+00 3.833181858062744141e+00 -2.461662292480468750e+00
2.965809345245361328e+00 3.526731729507446289e+00 -3.332355022430419922e+00
-9.871762990951538086e-01 3.795667171478271484e+00 -7.658563852310180664e-01
2.153983116149902344e+00 3.158503293991088867e+00 -4.389871597290039062e+00
1.202525384724140167e-02 4.168085098266601562e+00 -3.144429922103881836e+00
3.100025951862335205e-01 3.716551780700683594e+00 -4.700082778930664062e+00
2.382598638534545898e+00 3.820593595504760742e+00 -2.569511651992797852e+00
5.103459358215332031e+00 -8.682926297187805176e-01 -8.896411895751953125e+00
2.948697566986083984e+00 3.179140090942382812e-01 -9.611620903015136719e+00
5.071677684783935547e+00 5.249195098876953125e-01 -8.121577262878417969e+00
3.650579214096069336e+00 5.766336321830749512e-01 -8.974028587341308594e+00
2.528343200683593750e+00 5.093477368354797363e-01 -9.803721427917480469e+00
1.549534797668457031e+00 1.854904174804687500e+00 -9.914294242858886719e+00
3.333277106285095215e-01 3.154112815856933594e+00 -9.159516334533691406e+00
1.150380745530128479e-01 3.006525039672851562e+00 -1.046053028106689453e+01
5.667902946472167969e+00 2.834114313125610352e+00 -4.864400863647460938e+00
6.175951480865478516e+00 1.911380290985107422e+00 -6.101049423217773438e+00
4.711795806884765625e+00 2.714464187622070312e+00 -5.253569602966308594e+00
4.812069892883300781e+00 2.417971134185791016e+00 -5.970850944519042969e+00
6.620266914367675781e+00 3.788969278335571289e+00 -2.731511116027832031e+00
6.594619274139404297e+00 1.300592660903930664e+00 -6.437011718750000000e+00
5.728144168853759766e+00 1.697967529296875000e+00 -6.616384983062744141e+00
4.875799179077148438e+00 1.811818242073059082e+00 -7.050531864166259766e+00
2.745693683624267578e+00 2.868465423583984375e+00 -5.066318988800048828e+00
2.824545860290527344e+00 2.104359388351440430e+00 -7.363895893096923828e+00
2.035324335098266602e+00 2.341091394424438477e+00 -6.814330577850341797e+00
9.847845882177352905e-02 3.308670520782470703e+00 -6.273004531860351562e+00
2.756482064723968506e-01 2.966523408889770508e+00 -7.760389804840087891e+00
3.063203692436218262e-01 3.037214756011962891e+00 -8.139513969421386719e+00
-3.296822786331176758e+00 3.400893926620483398e+00 -2.585206270217895508e+00
-5.629738807678222656e+00 3.066014528274536133e+00 -7.734564304351806641e+00
-4.804947853088378906e+00 3.485977649688720703e+00 -7.639173984527587891e+00
-4.256796836853027344e+00 3.353106498718261719e+00 -6.676017761230468750e+00
-2.167446136474609375e+00 3.288323402404785156e+00 -2.310573309659957886e-01
-1.890274882316589355e+00 3.756807565689086914e+00 -1.354657888412475586e+00
-1.527596473693847656e+00 4.101552009582519531e+00 -2.469573736190795898e+00
-1.352344632148742676e+00 4.397560119628906250e+00 -3.695539236068725586e+00
-1.180778980255126953e+00 4.405269622802734375e+00 -4.989455699920654297e+00
-4.795688152313232422e+00 4.082444667816162109e+00 -8.509887695312500000e+00
-4.500671386718750000e+00 4.561301231384277344e+00 -9.029328346252441406e+00
-1.979077935218811035e+00 4.466870307922363281e+00 -7.513689994812011719e+00
-3.346455812454223633e+00 4.462864875793457031e+00 -8.334812164306640625e+00
-1.537415862083435059e+00 3.657372474670410156e+00 -1.120247745513916016e+01
-1.225055456161499023e+00 3.512182950973510742e+00 -1.106635570526123047e+01
-3.822995662689208984e+00 4.858529567718505859e+00 -1.070983314514160156e+01
-2.044142007827758789e+00 4.185879230499267578e+00 -9.853810310363769531e+00
-3.087074160575866699e-01 3.485152006149291992e+00 -9.968776702880859375e+00
-2.157619476318359375e+00 4.563022136688232422e+00 -6.123036384582519531e+00
5.343543529510498047e+00 3.500065326690673828e+00 2.362072706222534180e+00
6.113934993743896484e+00 3.453550338745117188e+00 1.781998515129089355e+00
1.969065308570861816e+00 7.100349664688110352e-01 -1.028982925415039062e+01
-5.136651396751403809e-01 2.799631595611572266e+00 -1.161842155456542969e+01
4.447002410888671875e-01 2.529670000076293945e+00 -1.077196788787841797e+01
