1.560969948768615723e+00 -4.936522960662841797e+00 -2.713793754577636719e+00
2.277311325073242188e+00 -4.787124156951904297e+00 -1.924167752265930176e+00
1.514652252197265625e+00 -4.794102668762207031e+00 -2.308684349060058594e+00
-5.068942546844482422e+00 -8.108673095703125000e+00 -7.822240829467773438e+00
-4.999233245849609375e+00 -8.062185287475585938e+00 -1.156792259216308594e+01
-4.185073375701904297e+00 -8.321059226989746094e+00 -9.419576644897460938e+00
-7.271042346954345703e+00 -7.468749046325683594e+00 -7.058833122253417969e+00
-7.775063514709472656e+00 -7.350916385650634766e+00 -7.967184066772460938e+00
-5.692304134368896484e+00 -8.129157066345214844e+00 -9.823550224304199219e+00
-6.220814704895019531e+00 -7.997793197631835938e+00 -9.061450958251953125e+00
-6.480400562286376953e+00 -7.345669269561767578e+00 -1.205424594879150391e+01
-8.410751342773437500e+00 -6.367112159729003906e+00 -1.057547283172607422e+01
-8.333072662353515625e+00 -6.190350532531738281e+00 -1.129364967346191406e+01
-9.642618179321289062e+00 -5.266950607299804688e+00 -8.362558364868164062e+00
-1.005156326293945312e+01 -4.324947834014892578e+00 -8.714888572692871094e+00
-9.587747573852539062e+00 -4.643883228302001953e+00 -1.086649036407470703e+01
-8.220097541809082031e+00 -6.690827846527099609e+00 -5.445518970489501953e+00
-9.067518234252929688e+00 -6.092326641082763672e+00 -4.930264949798583984e+00
-7.968244552612304688e+00 -5.745904922485351562e+00 -3.404481887817382812e+00
-8.496886253356933594e+00 -5.228801250457763672e+00 -2.226157188415527344e+00
-6.958478450775146484e+00 -5.440625667572021484e+00 -3.112363815307617188e+00
-2.594113826751708984e+00 -5.031159400939941406e+00 -1.548587799072265625e+00
-3.374396085739135742e+00 -4.882760524749755859e+00 -5.832219719886779785e-01
-1.441267490386962891e+00 -4.996150016784667969e+00 -2.382412254810333252e-01
-7.379361629486083984e+00 -3.211934566497802734e+00 2.311259269714355469e+00
-5.355607509613037109e+00 -3.512683153152465820e+00 1.278310060501098633e+00
-3.860747575759887695e+00 -5.067967891693115234e+00 -2.136985301971435547e+00
-7.304488658905029297e+00 -4.796416282653808594e+00 -1.626698732376098633e+00
-6.308053970336914062e+00 -5.166881561279296875e+00 -2.786616563796997070e+00
-3.739103078842163086e+00 -4.415149688720703125e+00 1.340773552656173706e-01
-4.768141269683837891e+00 -7.279105186462402344e+00 -5.294752597808837891e+00
-4.545771598815917969e+00 -6.498160362243652344e+00 -4.091025352478027344e+00
-2.280340433120727539e+00 -7.655900478363037109e+00 -6.416983604431152344e+00
-2.884708404541015625e+00 -7.168036460876464844e+00 -5.067127227783203125e+00
-2.214391231536865234e+00 -7.177938938140869141e+00 -5.298998832702636719e+00
-1.356380224227905273e+00 -6.802565574645996094e+00 -5.044103622436523438e+00
-2.779897689819335938e+00 -6.777158737182617188e+00 -4.439868450164794922e+00
-5.267709255218505859e+00 -6.850386619567871094e+00 -4.679066658020019531e+00
-6.153957843780517578e+00 -7.666888713836669922e+00 -6.742021560668945312e+00
-8.704678535461425781e+00 -6.651120662689208984e+00 -6.454970359802246094e+00
-1.417406916618347168e+00 -4.982103824615478516e+00 -1.836316943168640137e+00
-9.350436329841613770e-01 -5.044034004211425781e+00 -2.277256488800048828e+00
-2.241822242736816406e+00 -5.124541759490966797e+00 -2.023627519607543945e+00
-3.514224588871002197e-01 -5.091469764709472656e+00 -1.198638200759887695e+00
6.322715282440185547e-01 -4.624991893768310547e+00 -1.598461151123046875e+00
-8.151229619979858398e-01 -5.404739856719970703e+00 -3.021050214767456055e+00
-8.435340598225593567e-03 -5.501793861389160156e+00 -3.345546960830688477e+00
6.072514653205871582e-01 -4.769283294677734375e+00 -2.125867605209350586e+00
-9.515350341796875000e+00 -4.814255714416503906e+00 -2.044291257858276367e+00
-9.939751625061035156e+00 -4.891151905059814453e+00 -4.679811954498291016e+00
-9.351716041564941406e+00 -5.582011222839355469e+00 -3.830920219421386719e+00
-1.019561195373535156e+01 -3.760498046875000000e+00 -3.287572622299194336e+00
-1.031960105895996094e+01 -3.586393117904663086e+00 -4.714803218841552734e+00
-9.119904518127441406e+00 -4.086942195892333984e+00 3.092215061187744141e-01
-9.780832290649414062e+00 -4.174323081970214844e+00 -1.408216238021850586e+00
-9.820250511169433594e+00 -3.231508493423461914e+00 -2.798715829849243164e-01
-9.599092483520507812e+00 -2.926428794860839844e+00 9.022560715675354004e-01
-9.113044738769531250e+00 -2.721561431884765625e+00 2.167126417160034180e+00
-9.279489517211914062e+00 -1.629526376724243164e+00 1.269387364387512207e+00
-1.017286872863769531e+01 -2.695306777954101562e+00 -2.523448228836059570e+00
-1.009775447845458984e+01 -1.609104871749877930e+00 -2.652298688888549805e+00
-9.464832305908203125e+00 -1.293575763702392578e+00 -8.881288766860961914e-01
-7.936473846435546875e+00 -4.202278256416320801e-01 -6.470795869827270508e-01
-1.006241416931152344e+01 -4.634918689727783203e+00 -5.545323848724365234e+00
-1.034784698486328125e+01 -3.651883125305175781e+00 -5.424046039581298828e+00
-1.053530693054199219e+01 -2.257834196090698242e+00 -5.300108432769775391e+00
-1.059313392639160156e+01 -2.098881959915161133e+00 -5.869847774505615234e+00
-1.008420658111572266e+01 -6.572114825248718262e-01 -5.353059291839599609e+00
-1.059080791473388672e+01 -2.843057632446289062e+00 -7.960670948028564453e+00
-1.071225070953369141e+01 -1.947810649871826172e+00 -8.885998725891113281e+00
-1.060314941406250000e+01 -8.121956586837768555e-01 -8.515696525573730469e+00
-9.953619956970214844e+00 -3.297621905803680420e-01 -6.704224586486816406e+00
-8.383015632629394531e+00 -2.026697397232055664e-01 -2.253568172454833984e+00
-6.927367210388183594e+00 1.704002022743225098e+00 -3.686084270477294922e+00
-9.017177581787109375e+00 3.876206278800964355e-01 -6.202181816101074219e+00
-7.577485561370849609e+00 1.442666172981262207e+00 -4.987235069274902344e+00
1.318725490570068359e+01 -5.324422359466552734e+00 4.464591979980468750e+00
1.355520343780517578e+01 -6.194285392761230469e+00 7.816061377525329590e-01
1.303974723815917969e+01 -5.989078521728515625e+00 1.450460672378540039e+00
1.491633510589599609e+01 -5.857967376708984375e+00 1.954196453094482422e+00
1.475611305236816406e+01 -4.918170452117919922e+00 3.053888559341430664e+00
1.194750881195068359e+01 -5.601955413818359375e+00 2.708170652389526367e+00
4.382618427276611328e+00 -1.216924428939819336e+00 4.928184986114501953e+00
5.233253002166748047e+00 -9.311444759368896484e-01 6.025400638580322266e+00
6.647052288055419922e+00 -4.872639656066894531e+00 -1.664445519447326660e+00
8.911122322082519531e+00 -6.282479286193847656e+00 -1.238684058189392090e+00
8.122195243835449219e+00 -6.201051235198974609e+00 -1.079565167427062988e+00
7.446502208709716797e+00 -6.276869297027587891e+00 -4.903246462345123291e-01
2.551991224288940430e+00 -5.428944110870361328e+00 4.040533006191253662e-01
4.294409275054931641e+00 -4.718417644500732422e+00 -1.498055458068847656e+00
5.165266513824462891e+00 -5.120460510253906250e+00 -1.168184399604797363e+00
2.306870698928833008e+00 -4.296690940856933594e+00 -1.261913299560546875e+00
4.114507675170898438e+00 -4.746706008911132812e+00 -1.278678297996520996e+00
5.104493618011474609e+00 -5.585519313812255859e+00 2.201998978853225708e-01
5.800961971282958984e+00 -6.001092910766601562e+00 -6.048623919486999512e-01
3.093988895416259766e+00 -5.503961086273193359e+00 -5.885940790176391602e-01
9.437402725219726562e+00 -5.150691032409667969e+00 3.076890945434570312e+00
9.960247039794921875e+00 -4.801659584045410156e+00 4.933520793914794922e+00
9.916450500488281250e+00 -4.899053573608398438e+00 4.287513732910156250e+00
8.633609771728515625e+00 -4.144298076629638672e+00 5.413096427917480469e+00
8.916970252990722656e+00 -4.950290679931640625e+00 3.153038501739501953e+00
9.017511367797851562e+00 -5.901689052581787109e+00 1.428204178810119629e+00
8.678779602050781250e+00 -6.101941585540771484e+00 9.429916143417358398e-01
5.505746364593505859e+00 -1.337908625602722168e+00 4.064773082733154297e+00
6.160312652587890625e+00 -3.690156936645507812e+00 2.402378082275390625e+00
5.589239120483398438e+00 -3.970637559890747070e+00 1.873452901840209961e+00
4.510640621185302734e+00 -1.899894952774047852e+00 3.075641393661499023e+00
4.600325107574462891e+00 -1.503562569618225098e+00 3.733459234237670898e+00
6.883433341979980469e+00 -2.463048458099365234e+00 4.345775604248046875e+00
6.643040180206298828e+00 -2.000741243362426758e+00 5.583350658416748047e+00
6.534376144409179688e+00 -5.478488445281982422e+00 9.475047588348388672e-01
1.204758930206298828e+01 -4.287499427795410156e+00 5.988695621490478516e+00
1.381780624389648438e+01 -4.434243679046630859e+00 4.521102428436279297e+00
1.256741714477539062e+01 -3.351149320602416992e+00 4.917998790740966797e+00
1.345647621154785156e+01 -3.274575233459472656e+00 3.211228609085083008e+00
7.746512413024902344e+00 -3.019784688949584961e+00 6.812557220458984375e+00
7.293940544128417969e+00 -2.566776752471923828e+00 6.759284973144531250e+00
4.199320316314697266e+00 -5.807124972343444824e-01 6.795537948608398438e+00
9.597134590148925781e+00 -4.291306018829345703e+00 6.660197257995605469e+00
1.037431907653808594e+01 -3.032218933105468750e+00 6.857964515686035156e+00
1.068092346191406250e+01 -2.559266328811645508e+00 5.808041572570800781e+00
8.604699134826660156e+00 -1.625478506088256836e+00 6.789471626281738281e+00
8.950937271118164062e+00 -1.311012506484985352e+00 5.660425662994384766e+00
1.099738693237304688e+01 -2.325845241546630859e+00 4.648471832275390625e+00
1.134990119934082031e+01 -2.037598371505737305e+00 3.572424411773681641e+00
6.541487216949462891e+00 -1.563411116600036621e+00 6.433466911315917969e+00
7.679554462432861328e+00 -1.059294939041137695e+00 6.493248462677001953e+00
6.991471290588378906e+00 -9.576472640037536621e-02 5.853904724121093750e+00
6.240484237670898438e+00 -3.390011787414550781e-01 6.049180984497070312e+00
5.677562236785888672e+00 8.942332863807678223e-01 5.706327438354492188e+00
8.044412612915039062e+00 1.653766036033630371e-01 4.610120773315429688e+00
5.780809879302978516e+00 2.174910068511962891e+00 4.366503238677978516e+00
6.150536537170410156e+00 2.214425325393676758e+00 3.834078073501586914e+00
-2.134949207305908203e+00 -2.800031185150146484e+00 3.776467084884643555e+00
-1.524590015411376953e+00 -3.803598165512084961e+00 1.665753364562988281e+00
-1.477849125862121582e+00 -4.653025627136230469e+00 3.910213112831115723e-01
-1.621255874633789062e+00 -2.865682601928710938e+00 3.497888326644897461e+00
-2.512919902801513672e-01 -2.662415742874145508e+00 2.374268531799316406e+00
-5.072034835815429688e+00 -3.477538108825683594e+00 1.470052957534790039e+00
-4.359917163848876953e+00 -3.316072225570678711e+00 2.205015897750854492e+00
-5.805828094482421875e+00 -2.597519874572753906e+00 3.394106626510620117e+00
-5.279478549957275391e+00 -3.018460750579833984e+00 2.537747383117675781e+00
-4.096471786499023438e+00 -2.828149318695068359e+00 3.384123802185058594e+00
-2.760340452194213867e+00 -1.625097990036010742e+00 4.883322715759277344e+00
-5.654921531677246094e+00 -1.269772052764892578e+00 4.709594249725341797e+00
-5.351485729217529297e+00 -7.399261593818664551e-01 4.910568714141845703e+00
2.510202646255493164e+00 -1.740551710128784180e+00 3.660697221755981445e+00
1.356896400451660156e+00 -9.042581319808959961e-01 4.131970405578613281e+00
-7.052256911993026733e-02 -1.193480491638183594e+00 3.656544923782348633e+00
1.078568220138549805e+00 -3.334815502166748047e-01 4.670159339904785156e+00
2.482153415679931641e+00 -1.101892948150634766e+00 5.281729221343994141e+00
3.479308605194091797e+00 -6.653193235397338867e-01 6.629847526550292969e+00
1.101356506347656250e+00 7.464366555213928223e-01 5.406285285949707031e+00
-3.226891040802001953e+00 -1.392957687377929688e+00 5.013146400451660156e+00
-4.245189666748046875e+00 2.966646552085876465e-01 5.010807037353515625e+00
-2.750002861022949219e+00 5.613671541213989258e-01 5.135725975036621094e+00
-1.171038389205932617e+00 1.612783074378967285e+00 4.407948017120361328e+00
-3.888025522232055664e+00 1.015593409538269043e+00 4.047684669494628906e+00
-3.824220418930053711e+00 1.419425487518310547e+00 2.889196872711181641e+00
-1.796243637800216675e-01 -5.104337692260742188e+00 -8.081174641847610474e-02
2.954897284507751465e-01 -4.963868618011474609e+00 -1.163930073380470276e-01
8.130503296852111816e-01 -4.974151611328125000e+00 3.101089596748352051e-02
1.640137553215026855e+00 -3.809637546539306641e+00 1.413842201232910156e+00
1.479587674140930176e+00 -5.007738113403320312e+00 5.775291919708251953e-01
1.625879883766174316e+00 -3.772736072540283203e+00 -1.359162926673889160e+00
1.876088023185729980e+00 -2.636349201202392578e+00 2.349305629730224609e+00
2.276843786239624023e+00 1.439279794692993164e+00 5.581256866455078125e+00
2.871376991271972656e+00 2.464611768722534180e+00 4.269134521484375000e+00
2.605371236801147461e+00 2.957451343536376953e+00 3.033149719238281250e+00
-8.631260395050048828e-01 2.480266571044921875e+00 2.618929147720336914e+00
-6.650793552398681641e-01 1.943255066871643066e+00 4.180138587951660156e+00
5.704053044319152832e-01 2.548812627792358398e+00 3.252267599105834961e+00
-1.730613470077514648e+00 3.176236152648925781e+00 1.097199618816375732e-01
-7.586044311523437500e+00 -2.459629058837890625e+00 3.554953813552856445e+00
-7.329451560974121094e+00 -1.424766898155212402e+00 4.218201160430908203e+00
-7.961609840393066406e+00 -8.136605024337768555e-01 2.907631158828735352e+00
-6.812601089477539062e+00 -1.161854386329650879e+00 4.463936805725097656e+00
-7.016697883605957031e+00 -3.685930967330932617e-01 3.060502052307128906e+00
-6.419697761535644531e+00 1.869059354066848755e-01 1.420212864875793457e+00
-6.219124317169189453e+00 1.376375705003738403e-01 2.391262054443359375e+00
-6.923350811004638672e+00 2.247796356678009033e-01 -8.151321411132812500e-01
-3.745113134384155273e+00 1.648823618888854980e+00 1.846195816993713379e+00
-5.362798690795898438e+00 2.015789031982421875e+00 -1.992164134979248047e+00
-3.647995948791503906e+00 3.034717082977294922e+00 -1.669215321540832520e+00
3.359519720077514648e+00 6.057223081588745117e-01 6.475440979003906250e+00
2.970321178436279297e+00 1.732317209243774414e+00 5.417945861816406250e+00
3.831187009811401367e+00 2.136901378631591797e+00 4.902116775512695312e+00
4.537484169006347656e+00 2.690411806106567383e+00 3.853080034255981445e+00
3.878767728805541992e+00 3.168736934661865234e+00 3.002912759780883789e+00
7.760313034057617188e+00 -4.929190635681152344e+00 -3.955258846282958984e+00
2.376887083053588867e+00 -5.079311370849609375e+00 -3.052374362945556641e+00
5.494406223297119141e+00 -4.753256797790527344e+00 -2.520322084426879883e+00
6.320240974426269531e+00 -4.705580234527587891e+00 -2.966540098190307617e+00
3.033066034317016602e+00 -5.020036220550537109e+00 -2.932969093322753906e+00
2.090169191360473633e+00 -5.933481216430664062e+00 -5.250640392303466797e+00
2.625840187072753906e+00 -5.810140609741210938e+00 -6.252315044403076172e+00
3.889484405517578125e+00 -5.144469261169433594e+00 -5.596638679504394531e+00
5.922707080841064453e+00 -4.828451633453369141e+00 -3.727957248687744141e+00
7.157603740692138672e+00 -4.981113910675048828e+00 -4.064007759094238281e+00
2.442822694778442383e+00 -5.622565746307373047e+00 -8.457940101623535156e+00
8.320008277893066406e+00 -4.994667530059814453e+00 -6.002916812896728516e+00
3.299372673034667969e+00 -5.333697795867919922e+00 -7.114984512329101562e+00
3.712459802627563477e+00 -4.725566387176513672e+00 -7.898347854614257812e+00
6.288469791412353516e+00 -5.082135200500488281e+00 -5.374459266662597656e+00
7.406630992889404297e+00 -4.940645694732666016e+00 -6.326017379760742188e+00
5.877101898193359375e+00 -4.185789585113525391e+00 -7.248298645019531250e+00
7.533233165740966797e+00 -4.040636062622070312e+00 -7.363369464874267578e+00
5.588369846343994141e+00 -3.869436740875244141e+00 -7.626980304718017578e+00
5.159026622772216797e+00 -2.842819929122924805e+00 -8.642696380615234375e+00
5.233200550079345703e+00 -2.083526134490966797e+00 -8.896880149841308594e+00
-3.349222898483276367e+00 -7.971059799194335938e+00 -1.205589389801025391e+01
-3.131145238876342773e+00 -8.215195655822753906e+00 -1.051668167114257812e+01
-3.961189270019531250e+00 -7.544522285461425781e+00 -1.315925502777099609e+01
-1.581600427627563477e+00 -6.563870429992675781e+00 -1.324229145050048828e+01
-3.556589365005493164e+00 -6.335349559783935547e+00 -1.445999717712402344e+01
-3.374998569488525391e+00 -5.281957149505615234e+00 -1.519254016876220703e+01
-6.631494522094726562e+00 -6.537930965423583984e+00 -1.317138481140136719e+01
-7.072496414184570312e+00 -6.214481353759765625e+00 -1.318912792205810547e+01
-7.758960723876953125e+00 -5.234935283660888672e+00 -1.367611789703369141e+01
-5.719736576080322266e+00 -7.133114814758300781e+00 -1.307815647125244141e+01
-8.473891258239746094e+00 -5.367210865020751953e+00 -1.256401920318603516e+01
-7.364667892456054688e+00 -4.566911220550537109e+00 -1.457392311096191406e+01
-4.151233673095703125e+00 -5.536085605621337891e+00 -1.502911949157714844e+01
-5.996194839477539062e+00 -4.382620334625244141e+00 -1.525695610046386719e+01
-2.711131811141967773e+00 -5.388991832733154297e+00 -1.501413536071777344e+01
-2.176992416381835938e+00 -4.296749591827392578e+00 -1.536997318267822266e+01
-3.722764253616333008e+00 -3.716929912567138672e+00 -1.575239753723144531e+01
-2.790155410766601562e+00 -3.188381671905517578e+00 -1.571578025817871094e+01
-4.990320205688476562e+00 -2.650245666503906250e+00 -1.594001293182373047e+01
-3.921351671218872070e+00 -1.505681753158569336e+00 -1.593531417846679688e+01
-9.301465034484863281e+00 -4.444130897521972656e+00 -1.222108268737792969e+01
-8.935338973999023438e+00 -4.004782676696777344e+00 -1.344546127319335938e+01
-9.912174224853515625e+00 -2.865853786468505859e+00 -1.234661102294921875e+01
-1.040188980102539062e+01 -1.440958619117736816e+00 -1.151940536499023438e+01
-8.550157546997070312e+00 -3.352556467056274414e+00 -1.436060333251953125e+01
-7.692988395690917969e+00 -2.968987226486206055e+00 -1.519776248931884766e+01
-9.823047637939453125e+00 -9.271776080131530762e-01 -1.328296279907226562e+01
-9.376706123352050781e+00 -3.298998475074768066e-01 -1.420408630371093750e+01
-8.488511085510253906e+00 -9.543884992599487305e-01 -1.507285881042480469e+01
-7.135766029357910156e+00 1.576938182115554810e-01 -1.576958847045898438e+01
-7.628085136413574219e+00 8.106701374053955078e-01 -1.553682041168212891e+01
-1.521763443946838379e+00 -7.556840896606445312e+00 -6.888589382171630859e+00
-4.211283922195434570e-01 -7.157297611236572266e+00 -8.632011413574218750e+00
7.368113845586776733e-02 -6.570361137390136719e+00 -5.590270042419433594e+00
6.192766427993774414e-01 -6.687107563018798828e+00 -6.757355690002441406e+00
-2.399410903453826904e-01 -6.930805683135986328e+00 -9.610906600952148438e+00
-5.069996416568756104e-02 -5.895603656768798828e+00 -1.240207386016845703e+01
1.352796435356140137e+00 -6.391335487365722656e+00 -6.419451713562011719e+00
2.021219491958618164e+00 -5.953484535217285156e+00 -8.191099166870117188e+00
-7.603009343147277832e-01 -5.087938785552978516e+00 -1.430381679534912109e+01
1.024689316749572754e+00 -4.963528156280517578e+00 -1.243800640106201172e+01
-1.230219602584838867e+00 -3.740837574005126953e+00 -1.520291805267333984e+01
-1.923441886901855469e-01 -3.008050203323364258e+00 -1.485954475402832031e+01
1.960411787033081055e+00 -5.054237842559814453e+00 -1.069776344299316406e+01
-1.087954521179199219e+00 -2.406300783157348633e+00 -1.528156661987304688e+01
-1.307614207267761230e+00 -1.698281288146972656e+00 -1.534078216552734375e+01
2.141801595687866211e+00 -3.536934137344360352e+00 -1.149264335632324219e+01
8.846781849861145020e-01 -1.870683431625366211e+00 -1.348719787597656250e+01
7.973834276199340820e-01 -1.144938230514526367e+00 -1.333492279052734375e+01
-2.606260776519775391e+00 -1.779891490936279297e+00 -1.569949054718017578e+01
-2.676316976547241211e+00 -8.110437989234924316e-01 -1.564123630523681641e+01
-5.085409641265869141e+00 4.521791338920593262e-01 -1.588868045806884766e+01
-2.887369155883789062e+00 1.006053328514099121e+00 -1.536693477630615234e+01
-2.164974451065063477e+00 1.173792362213134766e+00 -1.512442970275878906e+01
-4.982080161571502686e-01 1.148604512214660645e+00 -1.389007186889648438e+01
-2.882699251174926758e+00 2.078736543655395508e+00 -1.503598785400390625e+01
-2.466454982757568359e+00 2.787061691284179688e+00 -1.464655303955078125e+01
2.704008340835571289e+00 -3.968877315521240234e+00 -1.033762550354003906e+01
3.520104169845581055e+00 -2.612565279006958008e+00 -1.011185073852539062e+01
3.012295246124267578e+00 -1.849760055541992188e+00 -1.085305213928222656e+01
9.638167023658752441e-01 -2.827928662300109863e-01 -1.281342411041259766e+01
1.482629656791687012e+00 4.646536428481340408e-03 -1.211042690277099609e+01
2.348491668701171875e+00 -2.205651700496673584e-01 -1.122685050964355469e+01
1.080968022346496582e+00 4.150289595127105713e-01 -1.233625507354736328e+01
-1.051282501220703125e+01 -9.683194160461425781e-01 -1.099220561981201172e+01
-9.969721794128417969e+00 6.819292306900024414e-01 -1.292155647277832031e+01
-1.030477809906005859e+01 -1.849051564931869507e-02 -1.048608303070068359e+01
-1.007501697540283203e+01 -1.220431029796600342e-01 -9.023282051086425781e+00
-9.727998733520507812e+00 5.403275489807128906e-01 -1.002698898315429688e+01
-9.965354919433593750e+00 9.197757244110107422e-01 -1.155149841308593750e+01
-9.435487747192382812e+00 2.029061794281005859e+00 -1.278326034545898438e+01
-8.821675300598144531e+00 1.392010569572448730e+00 -9.342435836791992188e+00
-8.416893959045410156e+00 2.390592098236083984e+00 -1.037608623504638672e+01
-8.198813438415527344e+00 1.158572554588317871e+00 -6.069900989532470703e+00
-7.960158348083496094e+00 1.590624928474426270e+00 -7.152026653289794922e+00
-8.281170845031738281e+00 1.874150395393371582e+00 -8.739058494567871094e+00
-7.898678779602050781e+00 2.539650917053222656e+00 -9.733975410461425781e+00
-6.297209739685058594e+00 2.695604562759399414e+00 -7.679317474365234375e+00
-6.213604450225830078e+00 3.003788709640502930e+00 -8.162792205810546875e+00
-8.635324478149414062e+00 2.198095560073852539e+00 -1.429359245300292969e+01
-8.037373542785644531e+00 2.224499464035034180e+00 -1.473204708099365234e+01
-7.637916564941406250e+00 3.434520244598388672e+00 -1.351261329650878906e+01
-6.658137798309326172e+00 4.257383346557617188e+00 -1.313907623291015625e+01
-6.100946903228759766e+00 1.891095280647277832e+00 -1.547678947448730469e+01
-5.845797061920166016e+00 2.181099891662597656e+00 -1.532800674438476562e+01
-5.172450065612792969e+00 3.963918685913085938e+00 -1.412260437011718750e+01
-4.616281986236572266e+00 3.957512378692626953e+00 -1.424939346313476562e+01
-5.869377136230468750e+00 3.765432834625244141e+00 -1.412607002258300781e+01
-8.273965835571289062e+00 3.275472640991210938e+00 -1.224790477752685547e+01
-6.243636131286621094e+00 4.406841754913330078e+00 -1.238246536254882812e+01
-5.556412220001220703e+00 4.373411178588867188e+00 -1.074561309814453125e+01
-3.389475345611572266e+00 4.230346202850341797e+00 -1.348814582824707031e+01
-3.171689987182617188e+00 4.291624546051025391e+00 -1.287056064605712891e+01
-5.220860481262207031e+00 4.428370952606201172e+00 -1.222080898284912109e+01
-4.470077037811279297e+00 4.629871368408203125e+00 -1.232690906524658203e+01
-3.218044996261596680e+00 4.681447505950927734e+00 -1.144386863708496094e+01
-4.959223270416259766e+00 4.778865337371826172e+00 -1.084991264343261719e+01
-3.797428607940673828e+00 4.886914253234863281e+00 -1.117252254486083984e+01
-6.639413356781005859e+00 3.673944711685180664e+00 -1.050403594970703125e+01
-5.931640148162841797e+00 3.616913557052612305e+00 -9.036108016967773438e+00
3.056427955627441406e+00 -1.948820501565933228e-01 -1.030065441131591797e+01
-1.392706185579299927e-01 1.526131749153137207e+00 -1.287775897979736328e+01
-2.114963293075561523e+00 3.218740463256835938e+00 -1.359519290924072266e+01
9.951490163803100586e-01 7.983179092407226562e-01 -1.168873023986816406e+01
-1.054706931114196777e+00 2.881750106811523438e+00 -1.233851718902587891e+01
-2.714556694030761719e+00 3.842861413955688477e+00 -1.327046489715576172e+01
-1.651010036468505859e+00 3.643681764602661133e+00 -1.187524509429931641e+01
1.143896865844726562e+01 -6.536037921905517578e+00 -3.359942436218261719e+00
1.333336448669433594e+01 -6.690762042999267578e+00 -1.704122781753540039e+00
1.117508220672607422e+01 -6.462017536163330078e+00 -8.254737854003906250e-01
1.098050594329833984e+01 -6.485936164855957031e+00 -2.582117557525634766e+00
1.435911369323730469e+01 -6.945530414581298828e+00 -5.004927635192871094e+00
1.199351787567138672e+01 -6.594160079956054688e+00 -3.962512969970703125e+00
1.270301437377929688e+01 -6.568921089172363281e+00 -5.457592010498046875e+00
1.315550994873046875e+01 -6.873692035675048828e+00 -3.648131132125854492e+00
1.563404560089111328e+01 -7.009838581085205078e+00 -3.575254440307617188e+00
1.606508827209472656e+01 -5.940122127532958984e+00 -4.164288997650146484e+00
1.625451278686523438e+01 -6.466766834259033203e+00 -1.144781351089477539e+00
1.637959480285644531e+01 -5.672873020172119141e+00 -2.033047199249267578e+00
1.458846950531005859e+01 -6.557085514068603516e+00 7.891814410686492920e-02
1.482299137115478516e+01 -6.932923793792724609e+00 -1.525156736373901367e+00
1.538040256500244141e+01 -6.185026645660400391e+00 9.989027380943298340e-01
1.480204772949218750e+01 -3.990625619888305664e+00 1.977216958999633789e+00
1.515177345275878906e+01 -4.167754173278808594e+00 8.930117487907409668e-01
1.434171104431152344e+01 -3.304609775543212891e+00 1.043289184570312500e+00
1.580941772460937500e+01 -4.896162509918212891e+00 -3.336185455322265625e+00
1.523990058898925781e+01 -4.026726245880126953e+00 -2.563010215759277344e+00
1.522620296478271484e+01 -3.937615156173706055e+00 -1.005450606346130371e+00
1.498048782348632812e+01 -3.601776123046875000e+00 -1.504115343093872070e+00
1.432636356353759766e+01 -2.839063882827758789e+00 -8.707065582275390625e-01
1.381257629394531250e+01 -6.732278823852539062e+00 -6.224684715270996094e+00
1.525230121612548828e+01 -5.933863639831542969e+00 -6.524857997894287109e+00
1.237090969085693359e+01 -6.447581768035888672e+00 -6.642767906188964844e+00
1.291257572174072266e+01 -5.904811859130859375e+00 -7.426858901977539062e+00
1.592616653442382812e+01 -5.832732200622558594e+00 -5.620967864990234375e+00
1.561248111724853516e+01 -5.068775177001953125e+00 -5.917753219604492188e+00
1.504062747955322266e+01 -4.396243572235107422e+00 -5.524950981140136719e+00
1.325347042083740234e+01 -5.508597373962402344e+00 -7.283683776855468750e+00
1.262454986572265625e+01 -4.959435462951660156e+00 -6.592784404754638672e+00
1.348817253112792969e+01 -4.467208862304687500e+00 -6.074816226959228516e+00
1.361290550231933594e+01 -3.373978614807128906e+00 -4.921499252319335938e+00
1.499995899200439453e+01 -3.710008382797241211e+00 -2.801943302154541016e+00
1.492414951324462891e+01 -3.726076126098632812e+00 -4.484511852264404297e+00
1.436518096923828125e+01 -2.887395381927490234e+00 -3.732182502746582031e+00
1.016290760040283203e+01 -6.023158073425292969e+00 -2.733649730682373047e+00
6.989408969879150391e+00 -4.781819343566894531e+00 -2.363906860351562500e+00
7.275661468505859375e+00 -4.859003543853759766e+00 -1.936620473861694336e+00
6.842561244964599609e+00 -4.716570377349853516e+00 -2.926513910293579102e+00
1.048439502716064453e+01 -6.311937808990478516e+00 -2.330642461776733398e+00
9.011387825012207031e+00 -5.549851417541503906e+00 -1.935502290725708008e+00
7.947820663452148438e+00 -5.120551109313964844e+00 -1.570047020912170410e+00
9.597168922424316406e+00 -5.549140453338623047e+00 -3.426164865493774414e+00
9.953774452209472656e+00 -5.558073043823242188e+00 -4.653839111328125000e+00
8.329819679260253906e+00 -5.008314609527587891e+00 -3.952395915985107422e+00
1.353994655609130859e+01 -2.170750617980957031e+00 -1.155981142073869705e-02
1.217065811157226562e+01 -8.591293692588806152e-01 -1.001716732978820801e+00
1.096501541137695312e+01 -5.966342926025390625e+00 -5.483348846435546875e+00
1.102836227416992188e+01 -5.423402309417724609e+00 -6.015195846557617188e+00
9.595564842224121094e+00 -5.078596115112304688e+00 -5.187310695648193359e+00
1.171693420410156250e+01 -4.699712753295898438e+00 -6.151864528656005859e+00
9.180694580078125000e+00 -4.325466632843017578e+00 -6.401120185852050781e+00
1.039941883087158203e+01 -3.546037435531616211e+00 -5.848353385925292969e+00
1.246885490417480469e+01 -3.681563138961791992e+00 -5.429581642150878906e+00
1.064405727386474609e+01 -3.202028274536132812e+00 -5.641510009765625000e+00
1.066381168365478516e+01 -2.276466846466064453e+00 -5.221983432769775391e+00
8.541435241699218750e+00 -3.686527729034423828e+00 -7.017314910888671875e+00
9.048470497131347656e+00 -3.087428092956542969e+00 -6.548604965209960938e+00
8.052434921264648438e+00 -2.035279989242553711e+00 -6.893547058105468750e+00
1.039744663238525391e+01 -1.611631035804748535e+00 -5.082708358764648438e+00
8.251283645629882812e+00 -1.711142539978027344e+00 -6.622305870056152344e+00
8.743968009948730469e+00 -4.881064891815185547e-01 -5.825346469879150391e+00
7.278885364532470703e+00 -1.693138927221298218e-01 -6.905552864074707031e+00
1.326387214660644531e+01 -2.124780416488647461e+00 -4.031111717224121094e+00
1.345343875885009766e+01 -1.660501122474670410e+00 -1.909968733787536621e+00
1.320281505584716797e+01 -1.317190051078796387e+00 -3.119960069656372070e+00
1.239212226867675781e+01 -4.297304153442382812e-01 -2.200596332550048828e+00
1.205209922790527344e+01 -1.152643039822578430e-01 -2.810930967330932617e+00
1.240111446380615234e+01 -1.921363592147827148e+00 -4.326013565063476562e+00
1.120108127593994141e+01 -1.241670370101928711e+00 -4.450421810150146484e+00
1.148897457122802734e+01 -5.783854126930236816e-01 -3.835566282272338867e+00
1.016670894622802734e+01 1.542703866958618164e+00 -1.711269021034240723e+00
9.292100906372070312e+00 2.365977525711059570e+00 -2.860821485519409180e+00
9.334155082702636719e+00 2.300640106201171875e+00 -3.339078187942504883e+00
8.575542449951171875e+00 2.925829648971557617e+00 -2.352321863174438477e+00
1.020439434051513672e+01 -9.211308956146240234e-01 -4.976356029510498047e+00
1.065005111694335938e+01 2.953152656555175781e-01 -4.105679988861083984e+00
8.363948822021484375e+00 1.240630969405174255e-01 -5.843362808227539062e+00
7.011815547943115234e+00 9.779466390609741211e-01 -6.416811466217041016e+00
1.386080837249755859e+01 -3.350181341171264648e+00 2.583708763122558594e+00
1.240485668182373047e+01 -2.385967254638671875e+00 2.926848649978637695e+00
1.117694473266601562e+01 -8.996981382369995117e-01 1.470736980438232422e+00
1.137899589538574219e+01 -6.964164972305297852e-01 3.146101236343383789e-01
9.863561630249023438e+00 -5.224444866180419922e-01 3.189972162246704102e+00
8.780344009399414062e+00 8.659304976463317871e-01 2.672220706939697266e+00
9.335500717163085938e+00 5.588045120239257812e-01 2.135931491851806641e+00
7.272741794586181641e+00 1.942390084266662598e+00 3.036438465118408203e+00
7.133646011352539062e+00 2.648264169692993164e+00 1.886785149574279785e+00
9.734342575073242188e+00 8.250743746757507324e-01 3.942683935165405273e-01
1.000693225860595703e+01 1.261099815368652344e+00 -9.492925405502319336e-01
7.965922355651855469e+00 2.584105014801025391e+00 4.564693570137023926e-01
3.351737022399902344e+00 4.269176959991455078e+00 -3.431594669818878174e-01
6.215305328369140625e+00 3.532985687255859375e+00 2.996268868446350098e-01
5.480292797088623047e+00 4.033639907836914062e+00 -2.220724582672119141e+00
3.672257661819458008e+00 4.381427288055419922e+00 -6.814332008361816406e-01
2.847170829772949219e+00 3.817263126373291016e+00 -2.454462289810180664e+00
2.959202051162719727e+00 3.505315542221069336e+00 -3.324878931045532227e+00
-9.886615872383117676e-01 3.796955585479736328e+00 -7.634130120277404785e-01
2.146341323852539062e+00 3.137895822525024414e+00 -4.382135391235351562e+00
9.380688890814781189e-03 4.157755851745605469e+00 -3.142538785934448242e+00
3.064042329788208008e-01 3.707297086715698242e+00 -4.696970939636230469e+00
2.379609823226928711e+00 3.803906440734863281e+00 -2.563971757888793945e+00
5.100417137145996094e+00 -8.780862092971801758e-01 -8.890972137451171875e+00
2.940809965133666992e+00 3.026711046695709229e-01 -9.604479789733886719e+00
5.061268806457519531e+00 4.992399811744689941e-01 -8.105704307556152344e+00
3.640615940093994141e+00 5.555748343467712402e-01 -8.963430404663085938e+00
2.521617889404296875e+00 4.967166781425476074e-01 -9.797872543334960938e+00
1.545341014862060547e+00 1.845969557762145996e+00 -9.909590721130371094e+00
3.293687999248504639e-01 3.145976781845092773e+00 -9.155606269836425781e+00
1.108336895704269409e-01 2.999221563339233398e+00 -1.045635890960693359e+01
5.654587268829345703e+00 2.803843736648559570e+00 -4.851545333862304688e+00
6.157654285430908203e+00 1.879689455032348633e+00 -6.081005096435546875e+00
4.699511051177978516e+00 2.683665752410888672e+00 -5.239656925201416016e+00
4.793757438659667969e+00 2.373445987701416016e+00 -5.950088977813720703e+00
6.615166664123535156e+00 3.751513957977294922e+00 -2.714347600936889648e+00
6.581839561462402344e+00 1.275949120521545410e+00 -6.417715549468994141e+00
5.708060264587402344e+00 1.659510731697082520e+00 -6.592154502868652344e+00
4.856554031372070312e+00 1.770230770111083984e+00 -7.026572704315185547e+00
2.734096527099609375e+00 2.843096494674682617e+00 -5.056398868560791016e+00
2.813738822937011719e+00 2.081065416336059570e+00 -7.353210926055908203e+00
2.026218175888061523e+00 2.324561119079589844e+00 -6.807924270629882812e+00
9.371468424797058105e-02 3.300355434417724609e+00 -6.269543647766113281e+00
2.704086005687713623e-01 2.957513093948364258e+00 -7.756725311279296875e+00
3.018550276756286621e-01 3.029287099838256836e+00 -8.135536193847656250e+00
-3.297454833984375000e+00 3.399686098098754883e+00 -2.584341526031494141e+00
-5.633631229400634766e+00 3.064216852188110352e+00 -7.731834411621093750e+00
-4.808156013488769531e+00 3.481453418731689453e+00 -7.636545658111572266e+00
-4.258581161499023438e+00 3.353117465972900391e+00 -6.674273490905761719e+00
-2.167414188385009766e+00 3.286339998245239258e+00 -2.308209687471389771e-01
-1.890415668487548828e+00 3.751843929290771484e+00 -1.354044675827026367e+00
-1.528392672538757324e+00 4.094597339630126953e+00 -2.468860149383544922e+00
-1.353728413581848145e+00 4.390375614166259766e+00 -3.693774700164794922e+00
-1.182800054550170898e+00 4.400039672851562500e+00 -4.987123489379882812e+00
-4.800985813140869141e+00 4.075881958007812500e+00 -8.505932807922363281e+00
-4.506725788116455078e+00 4.552187919616699219e+00 -9.025854110717773438e+00
-1.981338739395141602e+00 4.463455677032470703e+00 -7.511425018310546875e+00
-3.351067781448364258e+00 4.457616329193115234e+00 -8.332087516784667969e+00
-1.542464733123779297e+00 3.650469064712524414e+00 -1.119862079620361328e+01
-1.229865074157714844e+00 3.505048036575317383e+00 -1.106250572204589844e+01
-3.829679965972900391e+00 4.849056720733642578e+00 -1.070573043823242188e+01
-2.049268960952758789e+00 4.178546428680419922e+00 -9.850439071655273438e+00
-3.131321668624877930e-01 3.477815389633178711e+00 -9.965383529663085938e+00
-2.159042596817016602e+00 4.562021255493164062e+00 -6.121056079864501953e+00
5.285375118255615234e+00 3.215012311935424805e+00 2.413589954376220703e+00
6.046257972717285156e+00 3.156865358352661133e+00 1.838156223297119141e+00
1.964024662971496582e+00 7.003712058067321777e-01 -1.028478717803955078e+01
-5.178028345108032227e-01 2.793662548065185547e+00 -1.161433696746826172e+01
4.405407309532165527e-01 2.522417545318603516e+00 -1.076745319366455078e+01
