1.549041032791137695e+00 -4.930487155914306641e+00 -2.714749097824096680e+00
2.261305570602416992e+00 -4.776947498321533203e+00 -1.925098776817321777e+00
1.500970363616943359e+00 -4.785887241363525391e+00 -2.309815645217895508e+00
-5.069066524505615234e+00 -8.108567237854003906e+00 -7.822517395019531250e+00
-4.998599529266357422e+00 -8.061847686767578125e+00 -1.156858539581298828e+01
-4.184856414794921875e+00 -8.320989608764648438e+00 -9.419912338256835938e+00
-7.271107673645019531e+00 -7.468395233154296875e+00 -7.059212207794189453e+00
-7.774962902069091797e+00 -7.350782871246337891e+00 -7.967515945434570312e+00
-5.691570758819580078e+00 -8.128539085388183594e+00 -9.824259757995605469e+00
-6.220414638519287109e+00 -7.997016906738281250e+00 -9.062034606933593750e+00
-6.479240417480468750e+00 -7.345012187957763672e+00 -1.205509757995605469e+01
-8.409961700439453125e+00 -6.366515159606933594e+00 -1.057635402679443359e+01
-8.331762313842773438e+00 -6.189392089843750000e+00 -1.129486083984375000e+01
-9.642310142517089844e+00 -5.267442703247070312e+00 -8.363358497619628906e+00
-1.005075645446777344e+01 -4.325721263885498047e+00 -8.716508865356445312e+00
-9.586855888366699219e+00 -4.643959999084472656e+00 -1.086814689636230469e+01
-8.220359802246093750e+00 -6.690408706665039062e+00 -5.445703506469726562e+00
-9.067854881286621094e+00 -6.091632843017578125e+00 -4.930461406707763672e+00
-7.968692302703857422e+00 -5.744994640350341797e+00 -3.405113220214843750e+00
-8.497514724731445312e+00 -5.228020191192626953e+00 -2.226715326309204102e+00
-6.959041595458984375e+00 -5.440306186676025391e+00 -3.112662076950073242e+00
-2.597037792205810547e+00 -5.032777786254882812e+00 -1.548188328742980957e+00
-3.376302719116210938e+00 -4.882898807525634766e+00 -5.831952095031738281e-01
-1.444445610046386719e+00 -4.996543407440185547e+00 -2.377821952104568481e-01
-7.378957748413085938e+00 -3.210476636886596680e+00 2.309791803359985352e+00
-5.355689048767089844e+00 -3.512163162231445312e+00 1.277524471282958984e+00
-3.862629890441894531e+00 -5.068918228149414062e+00 -2.136922359466552734e+00
-7.304874897003173828e+00 -4.796175003051757812e+00 -1.626964330673217773e+00
-6.308982849121093750e+00 -5.167070865631103516e+00 -2.786782741546630859e+00
-3.739900350570678711e+00 -4.414755344390869141e+00 1.337127238512039185e-01
-4.769037723541259766e+00 -7.279114246368408203e+00 -5.294865131378173828e+00
-4.547175407409667969e+00 -6.498591899871826172e+00 -4.091017723083496094e+00
-2.281485795974731445e+00 -7.655688762664794922e+00 -6.417108535766601562e+00
-2.886479377746582031e+00 -7.167878150939941406e+00 -5.067199707031250000e+00
-2.216574668884277344e+00 -7.177621364593505859e+00 -5.299121379852294922e+00
-1.359854936599731445e+00 -6.801360607147216797e+00 -5.044493675231933594e+00
-2.782196760177612305e+00 -6.777348518371582031e+00 -4.439865112304687500e+00
-5.268549442291259766e+00 -6.850796222686767578e+00 -4.678959846496582031e+00
-6.154369354248046875e+00 -7.666806221008300781e+00 -6.742264747619628906e+00
-8.704730987548828125e+00 -6.650963783264160156e+00 -6.454973697662353516e+00
-1.422874689102172852e+00 -4.983226776123046875e+00 -1.835743784904479980e+00
-9.417703747749328613e-01 -5.043518543243408203e+00 -2.276801586151123047e+00
-2.245967626571655273e+00 -5.126403808593750000e+00 -2.023247957229614258e+00
-3.585302233695983887e-01 -5.090128421783447266e+00 -1.198364615440368652e+00
6.212397217750549316e-01 -4.620560169219970703e+00 -1.598653793334960938e+00
-8.203410506248474121e-01 -5.402740955352783203e+00 -3.021543502807617188e+00
-1.487625017762184143e-02 -5.498988151550292969e+00 -3.346363782882690430e+00
5.970714688301086426e-01 -4.764406681060791016e+00 -2.126624107360839844e+00
-9.516012191772460938e+00 -4.813056945800781250e+00 -2.045097589492797852e+00
-9.940538406372070312e+00 -4.890728473663330078e+00 -4.680484771728515625e+00
-9.352278709411621094e+00 -5.581000328063964844e+00 -3.831583738327026367e+00
-1.019625282287597656e+01 -3.759459972381591797e+00 -3.288505077362060547e+00
-1.031946182250976562e+01 -3.586094856262207031e+00 -4.716071605682373047e+00
-9.120245933532714844e+00 -4.086624622344970703e+00 3.087909221649169922e-01
-9.781395912170410156e+00 -4.173505783081054688e+00 -1.408769965171813965e+00
-9.820337295532226562e+00 -3.230557441711425781e+00 -2.806682586669921875e-01
-9.599051475524902344e+00 -2.925427675247192383e+00 9.015222191810607910e-01
-9.112472534179687500e+00 -2.719881296157836914e+00 2.166008710861206055e+00
-9.278902053833007812e+00 -1.628430843353271484e+00 1.268282771110534668e+00
-1.017319965362548828e+01 -2.694376945495605469e+00 -2.524298191070556641e+00
-1.009766101837158203e+01 -1.608487248420715332e+00 -2.653052330017089844e+00
-9.464608192443847656e+00 -1.292362451553344727e+00 -8.889573216438293457e-01
-7.937005519866943359e+00 -4.161084592342376709e-01 -6.468830108642578125e-01
-1.006297874450683594e+01 -4.635383605957031250e+00 -5.545850276947021484e+00
-1.034755325317382812e+01 -3.652518749237060547e+00 -5.425298690795898438e+00
-1.053318595886230469e+01 -2.258636713027954102e+00 -5.301718711853027344e+00
-1.059063911437988281e+01 -2.100149869918823242e+00 -5.872005462646484375e+00
-1.008324813842773438e+01 -6.583297848701477051e-01 -5.353813171386718750e+00
-1.058952331542968750e+01 -2.844506978988647461e+00 -7.962216854095458984e+00
-1.071162128448486328e+01 -1.948819398880004883e+00 -8.887403488159179688e+00
-1.060178375244140625e+01 -8.139076828956604004e-01 -8.516804695129394531e+00
-9.951935768127441406e+00 -3.325039148330688477e-01 -6.705476284027099609e+00
-8.383258819580078125e+00 -2.014938592910766602e-01 -2.253526449203491211e+00
-6.925398349761962891e+00 1.699550986289978027e+00 -3.688667774200439453e+00
-9.016918182373046875e+00 3.847651481628417969e-01 -6.202620506286621094e+00
-7.576673984527587891e+00 1.439837694168090820e+00 -4.988569736480712891e+00
1.321755790710449219e+01 -5.556788444519042969e+00 4.453844070434570312e+00
1.349841022491455078e+01 -6.063571929931640625e+00 7.194668054580688477e-01
1.302369499206542969e+01 -5.943827152252197266e+00 1.411862254142761230e+00
1.490059185028076172e+01 -5.804074764251708984e+00 1.867612838745117188e+00
1.472978019714355469e+01 -5.058933734893798828e+00 3.050065517425537109e+00
1.195207405090332031e+01 -5.645763874053955078e+00 2.686558723449707031e+00
4.432495117187500000e+00 -1.131179690361022949e+00 4.870070934295654297e+00
5.313632011413574219e+00 -7.766804695129394531e-01 5.999320030212402344e+00
6.609833240509033203e+00 -4.826701164245605469e+00 -1.668852448463439941e+00
8.863356590270996094e+00 -6.224767684936523438e+00 -1.250663876533508301e+00
8.084187507629394531e+00 -6.152376651763916016e+00 -1.094034433364868164e+00
7.422735214233398438e+00 -6.241472721099853516e+00 -5.093200206756591797e-01
2.546424865722656250e+00 -5.424566268920898438e+00 4.032713472843170166e-01
4.271166801452636719e+00 -4.698000431060791016e+00 -1.500403523445129395e+00
5.139558792114257812e+00 -5.088703632354736328e+00 -1.175506949424743652e+00
2.291344165802001953e+00 -4.285817623138427734e+00 -1.264313578605651855e+00
4.094513416290283203e+00 -4.728176116943359375e+00 -1.281165957450866699e+00
5.095142364501953125e+00 -5.566384315490722656e+00 2.086235582828521729e-01
5.782764911651611328e+00 -5.967917442321777344e+00 -6.218889355659484863e-01
3.082576036453247070e+00 -5.491427421569824219e+00 -5.921297073364257812e-01
9.440686225891113281e+00 -5.135962963104248047e+00 3.028739929199218750e+00
1.000924491882324219e+01 -4.691018104553222656e+00 4.780837059020996094e+00
9.942173004150390625e+00 -4.847747802734375000e+00 4.200203418731689453e+00
8.712756156921386719e+00 -3.949990749359130859e+00 5.212296962738037109e+00
8.920477867126464844e+00 -4.921473026275634766e+00 3.106148958206176758e+00
9.006863594055175781e+00 -5.886017322540283203e+00 1.401887655258178711e+00
8.655868530273437500e+00 -6.073090553283691406e+00 9.237989783287048340e-01
5.533770084381103516e+00 -1.237447381019592285e+00 3.974633216857910156e+00
6.163787364959716797e+00 -3.657205104827880859e+00 2.370483875274658203e+00
5.587920665740966797e+00 -3.950561285018920898e+00 1.857482314109802246e+00
4.516949176788330078e+00 -1.873367905616760254e+00 3.044663190841674805e+00
4.621037006378173828e+00 -1.448859095573425293e+00 3.679416894912719727e+00
6.906565666198730469e+00 -2.372497558593750000e+00 4.248542308807373047e+00
6.722213268280029297e+00 -1.814431309700012207e+00 5.439248561859130859e+00
6.526020050048828125e+00 -5.445142269134521484e+00 9.243471026420593262e-01
1.210096549987792969e+01 -4.223711490631103516e+00 5.807598114013671875e+00
1.377815151214599609e+01 -4.613780021667480469e+00 4.463095664978027344e+00
1.259688186645507812e+01 -3.418747425079345703e+00 4.793851852416992188e+00
1.345241641998291016e+01 -3.313115358352661133e+00 3.168734312057495117e+00
7.887680053710937500e+00 -2.757063388824462891e+00 6.541585445404052734e+00
7.463988304138183594e+00 -2.310922622680664062e+00 6.536369800567626953e+00
4.262882232666015625e+00 -4.321550726890563965e-01 6.710240840911865234e+00
9.707271575927734375e+00 -4.009335517883300781e+00 6.336840629577636719e+00
1.048803615570068359e+01 -2.713380336761474609e+00 6.373384475708007812e+00
1.080539226531982422e+01 -2.359668016433715820e+00 5.414174079895019531e+00
8.753261566162109375e+00 -1.364536285400390625e+00 6.364084720611572266e+00
9.076700210571289062e+00 -1.084715247154235840e+00 5.413767814636230469e+00
1.113316631317138672e+01 -2.123790740966796875e+00 4.471443653106689453e+00
1.147383975982666016e+01 -1.807957768440246582e+00 3.508213758468627930e+00
6.690855026245117188e+00 -1.318581461906433105e+00 6.312352180480957031e+00
7.834478378295898438e+00 -7.747992873191833496e-01 6.312646865844726562e+00
7.109607219696044922e+00 1.724711954593658447e-01 5.780830860137939453e+00
6.326779842376708984e+00 -7.636424154043197632e-02 6.077217102050781250e+00
5.727800846099853516e+00 1.016736865043640137e+00 5.578835487365722656e+00
8.156507492065429688e+00 3.902353942394256592e-01 4.493827819824218750e+00
5.788403511047363281e+00 2.153562068939208984e+00 4.173352241516113281e+00
6.201074123382568359e+00 2.293856620788574219e+00 3.733275175094604492e+00
-2.133111000061035156e+00 -2.799449682235717773e+00 3.776717662811279297e+00
-1.524697780609130859e+00 -3.802177429199218750e+00 1.664383411407470703e+00
-1.479675173759460449e+00 -4.652404785156250000e+00 3.904426097869873047e-01
-1.619483709335327148e+00 -2.863648176193237305e+00 3.496191263198852539e+00
-2.493700385093688965e-01 -2.660857439041137695e+00 2.370997905731201172e+00
-5.072059631347656250e+00 -3.477027893066406250e+00 1.469633579254150391e+00
-4.359743595123291016e+00 -3.315600395202636719e+00 2.204242467880249023e+00
-5.804132938385009766e+00 -2.593028068542480469e+00 3.389246225357055664e+00
-5.278599262237548828e+00 -3.017036676406860352e+00 2.535972595214843750e+00
-4.094810485839843750e+00 -2.826816082000732422e+00 3.382491111755371094e+00
-2.758218050003051758e+00 -1.623791575431823730e+00 4.887285232543945312e+00
-5.651666164398193359e+00 -1.261572241783142090e+00 4.698433876037597656e+00
-5.347206592559814453e+00 -7.336079478263854980e-01 4.896760940551757812e+00
2.532616853713989258e+00 -1.710991024971008301e+00 3.628226518630981445e+00
1.365548372268676758e+00 -8.927610516548156738e-01 4.111171722412109375e+00
-6.839118897914886475e-02 -1.190730810165405273e+00 3.650140523910522461e+00
1.083559513092041016e+00 -3.259291946887969971e-01 4.646913528442382812e+00
2.519871711730957031e+00 -1.068211078643798828e+00 5.225530624389648438e+00
3.541691541671752930e+00 -5.971713066101074219e-01 6.537341594696044922e+00
1.115578889846801758e+00 7.574151754379272461e-01 5.372701168060302734e+00
-3.224980831146240234e+00 -1.392012238502502441e+00 5.011866092681884766e+00
-4.241800308227539062e+00 3.002398014068603516e-01 4.999169349670410156e+00
-2.749542951583862305e+00 5.640706419944763184e-01 5.133286476135253906e+00
-1.169682621955871582e+00 1.613645315170288086e+00 4.402771949768066406e+00
-3.886422157287597656e+00 1.018950939178466797e+00 4.043164253234863281e+00
-3.824009418487548828e+00 1.422994375228881836e+00 2.886339902877807617e+00
-1.827925443649291992e-01 -5.104631900787353516e+00 -8.120754361152648926e-02
2.907894551753997803e-01 -4.962572574615478516e+00 -1.168424412608146667e-01
8.061814904212951660e-01 -4.970033168792724609e+00 3.043286502361297607e-02
1.640215873718261719e+00 -3.803941726684570312e+00 1.409223794937133789e+00
1.474647998809814453e+00 -5.003681659698486328e+00 5.768763422966003418e-01
1.611891031265258789e+00 -3.766113519668579102e+00 -1.363023400306701660e+00
1.883441448211669922e+00 -2.624465942382812500e+00 2.335678339004516602e+00
2.307202816009521484e+00 1.452467322349548340e+00 5.469782352447509766e+00
2.881757497787475586e+00 2.431835174560546875e+00 4.160952091217041016e+00
2.601870059967041016e+00 2.940430879592895508e+00 2.981793880462646484e+00
-8.656446933746337891e-01 2.482297658920288086e+00 2.614161491394042969e+00
-6.654196381568908691e-01 1.947881817817687988e+00 4.170921802520751953e+00
5.681264400482177734e-01 2.553134202957153320e+00 3.234764099121093750e+00
-1.729889631271362305e+00 3.172441244125366211e+00 1.079135984182357788e-01
-7.584544181823730469e+00 -2.456729888916015625e+00 3.552091121673583984e+00
-7.327076911926269531e+00 -1.420374751091003418e+00 4.212988853454589844e+00
-7.960677623748779297e+00 -8.113395571708679199e-01 2.904887676239013672e+00
-6.809567928314208984e+00 -1.156226873397827148e+00 4.455742359161376953e+00
-7.016206264495849609e+00 -3.646040558815002441e-01 3.055716276168823242e+00
-6.420197486877441406e+00 1.897574663162231445e-01 1.418706417083740234e+00
-6.219092845916748047e+00 1.398804485797882080e-01 2.388128995895385742e+00
-6.925705432891845703e+00 2.306241840124130249e-01 -8.139399290084838867e-01
-3.745218038558959961e+00 1.649524211883544922e+00 1.844730377197265625e+00
-5.361305713653564453e+00 2.013355016708374023e+00 -1.994255661964416504e+00
-3.646075725555419922e+00 3.031608819961547852e+00 -1.670238256454467773e+00
3.414330244064331055e+00 6.363812685012817383e-01 6.289971828460693359e+00
2.998307466506958008e+00 1.701075196266174316e+00 5.242757797241210938e+00
3.847462415695190430e+00 2.058666706085205078e+00 4.693727016448974609e+00
4.538422584533691406e+00 2.574821472167968750e+00 3.672173023223876953e+00
3.876475572586059570e+00 3.090994834899902344e+00 2.904835224151611328e+00
7.700887203216552734e+00 -4.865042209625244141e+00 -3.961653709411621094e+00
2.363713264465332031e+00 -5.071376800537109375e+00 -3.053447723388671875e+00
5.463776588439941406e+00 -4.723575592041015625e+00 -2.521836757659912109e+00
6.279216289520263672e+00 -4.663585662841796875e+00 -2.967372655868530273e+00
3.014710187911987305e+00 -5.008919715881347656e+00 -2.934621810913085938e+00
2.081553220748901367e+00 -5.928865909576416016e+00 -5.251256942749023438e+00
2.614171981811523438e+00 -5.804320335388183594e+00 -6.252772808074951172e+00
3.872165679931640625e+00 -5.135794162750244141e+00 -5.596536159515380859e+00
5.887577533721923828e+00 -4.804092884063720703e+00 -3.727982044219970703e+00
7.109715938568115234e+00 -4.937567710876464844e+00 -4.067228317260742188e+00
2.437545537948608398e+00 -5.619663715362548828e+00 -8.458876609802246094e+00
8.255808830261230469e+00 -4.974213123321533203e+00 -6.009936809539794922e+00
3.285769224166870117e+00 -5.326556205749511719e+00 -7.114812850952148438e+00
3.699562788009643555e+00 -4.719486236572265625e+00 -7.898561954498291016e+00
6.253181934356689453e+00 -5.064491748809814453e+00 -5.375916004180908203e+00
7.358923435211181641e+00 -4.933238506317138672e+00 -6.333413600921630859e+00
5.844814300537109375e+00 -4.174645423889160156e+00 -7.252020835876464844e+00
7.491386890411376953e+00 -4.035203456878662109e+00 -7.372482776641845703e+00
5.566298007965087891e+00 -3.859575986862182617e+00 -7.628592014312744141e+00
5.146524429321289062e+00 -2.833558559417724609e+00 -8.643096923828125000e+00
5.228502273559570312e+00 -2.078903198242187500e+00 -8.898608207702636719e+00
-3.348760604858398438e+00 -7.970951557159423828e+00 -1.205650043487548828e+01
-3.130880117416381836e+00 -8.215217590332031250e+00 -1.051703834533691406e+01
-3.960679054260253906e+00 -7.544374465942382812e+00 -1.316013526916503906e+01
-1.580835700035095215e+00 -6.564674377441406250e+00 -1.324321937561035156e+01
-3.556219100952148438e+00 -6.334724426269531250e+00 -1.446086597442626953e+01
-3.373645782470703125e+00 -5.282604694366455078e+00 -1.519511222839355469e+01
-6.630023956298828125e+00 -6.537375926971435547e+00 -1.317208766937255859e+01
-7.070452690124511719e+00 -6.213178157806396484e+00 -1.318993186950683594e+01
-7.756054401397705078e+00 -5.233064174652099609e+00 -1.367658519744873047e+01
-5.718939304351806641e+00 -7.133500576019287109e+00 -1.307940578460693359e+01
-8.471985816955566406e+00 -5.366316318511962891e+00 -1.256542396545410156e+01
-7.361918449401855469e+00 -4.566269874572753906e+00 -1.457576751708984375e+01
-4.150414466857910156e+00 -5.535841941833496094e+00 -1.503067016601562500e+01
-5.995021343231201172e+00 -4.383107662200927734e+00 -1.525797843933105469e+01
-2.710068225860595703e+00 -5.389701843261718750e+00 -1.501606273651123047e+01
-2.174095153808593750e+00 -4.299173355102539062e+00 -1.537426280975341797e+01
-3.720757961273193359e+00 -3.718423366546630859e+00 -1.575607395172119141e+01
-2.787812471389770508e+00 -3.191777467727661133e+00 -1.572199916839599609e+01
-4.988000392913818359e+00 -2.650913000106811523e+00 -1.594405841827392578e+01
-3.918857336044311523e+00 -1.506429791450500488e+00 -1.593995666503906250e+01
-9.298666000366210938e+00 -4.443656921386718750e+00 -1.222281837463378906e+01
-8.932711601257324219e+00 -4.004601478576660156e+00 -1.344705295562744141e+01
-9.909886360168457031e+00 -2.866517543792724609e+00 -1.234869861602783203e+01
-1.040123271942138672e+01 -1.442661762237548828e+00 -1.152090358734130859e+01
-8.547795295715332031e+00 -3.351821899414062500e+00 -1.436252880096435547e+01
-7.690611362457275391e+00 -2.968001127243041992e+00 -1.519999313354492188e+01
-9.820872306823730469e+00 -9.295350313186645508e-01 -1.328557109832763672e+01
-9.375353813171386719e+00 -3.326293826103210449e-01 -1.420487785339355469e+01
-8.487290382385253906e+00 -9.546086192131042480e-01 -1.507537841796875000e+01
-7.135164737701416016e+00 1.576066315174102783e-01 -1.577134227752685547e+01
-7.627256393432617188e+00 8.100259304046630859e-01 -1.553743553161621094e+01
-1.523501634597778320e+00 -7.555637359619140625e+00 -6.888971805572509766e+00
-4.228738546371459961e-01 -7.155826091766357422e+00 -8.632222175598144531e+00
6.982482969760894775e-02 -6.568352699279785156e+00 -5.590883731842041016e+00
6.163734197616577148e-01 -6.684976100921630859e+00 -6.757927894592285156e+00
-2.408342957496643066e-01 -6.930232048034667969e+00 -9.611145019531250000e+00
-5.048274248838424683e-02 -5.895959377288818359e+00 -1.240259838104248047e+01
1.347514867782592773e+00 -6.389058589935302734e+00 -6.420123577117919922e+00
2.016846656799316406e+00 -5.951997756958007812e+00 -8.191875457763671875e+00
-7.590927481651306152e-01 -5.089271545410156250e+00 -1.430533123016357422e+01
1.024532198905944824e+00 -4.963237762451171875e+00 -1.243835926055908203e+01
-1.228018045425415039e+00 -3.743245124816894531e+00 -1.520626354217529297e+01
-1.912005990743637085e-01 -3.009400367736816406e+00 -1.486097431182861328e+01
1.959502816200256348e+00 -5.052999019622802734e+00 -1.069899368286132812e+01
-1.086500763893127441e+00 -2.408793926239013672e+00 -1.528400325775146484e+01
-1.306178331375122070e+00 -1.701179027557373047e+00 -1.534368896484375000e+01
2.140886545181274414e+00 -3.535682439804077148e+00 -1.149359035491943359e+01
8.844921588897705078e-01 -1.870633244514465332e+00 -1.348781394958496094e+01
7.966664433479309082e-01 -1.144946455955505371e+00 -1.333531093597412109e+01
-2.602866172790527344e+00 -1.782833337783813477e+00 -1.570631790161132812e+01
-2.673033952713012695e+00 -8.120282292366027832e-01 -1.564701747894287109e+01
-5.083873271942138672e+00 4.526841342449188232e-01 -1.589097976684570312e+01
-2.885863542556762695e+00 1.006041169166564941e+00 -1.537059593200683594e+01
-2.164799690246582031e+00 1.173361182212829590e+00 -1.512635326385498047e+01
-4.987901449203491211e-01 1.148993015289306641e+00 -1.389168262481689453e+01
-2.882522106170654297e+00 2.078726291656494141e+00 -1.503776550292968750e+01
-2.467074155807495117e+00 2.787281751632690430e+00 -1.464841938018798828e+01
2.700413942337036133e+00 -3.965833425521850586e+00 -1.033814430236816406e+01
3.515331983566284180e+00 -2.607215881347656250e+00 -1.011393547058105469e+01
3.010781049728393555e+00 -1.845754265785217285e+00 -1.085528278350830078e+01
9.633867144584655762e-01 -2.816674113273620605e-01 -1.281539916992187500e+01
1.481771349906921387e+00 7.432744838297367096e-03 -1.211317157745361328e+01
2.347704172134399414e+00 -2.168962061405181885e-01 -1.123012542724609375e+01
1.080126643180847168e+00 4.171954989433288574e-01 -1.233873271942138672e+01
-1.051189327239990234e+01 -9.697873592376708984e-01 -1.099385643005371094e+01
-9.967912673950195312e+00 6.800238490104675293e-01 -1.292245960235595703e+01
-1.030401134490966797e+01 -1.895195804536342621e-02 -1.048646068572998047e+01
-1.007316780090332031e+01 -1.240276992321014404e-01 -9.024127960205078125e+00
-9.727294921875000000e+00 5.389352440834045410e-01 -1.002731895446777344e+01
-9.964631080627441406e+00 9.183694720268249512e-01 -1.155231666564941406e+01
-9.434929847717285156e+00 2.026720285415649414e+00 -1.278527736663818359e+01
-8.821938514709472656e+00 1.391945958137512207e+00 -9.342216491699218750e+00
-8.417735099792480469e+00 2.391364097595214844e+00 -1.037610149383544922e+01
-8.198871612548828125e+00 1.156447291374206543e+00 -6.070318698883056641e+00
-7.959748744964599609e+00 1.587798237800598145e+00 -7.152681350708007812e+00
-8.281718254089355469e+00 1.873340964317321777e+00 -8.739188194274902344e+00
-7.899814128875732422e+00 2.541056394577026367e+00 -9.733287811279296875e+00
-6.298024177551269531e+00 2.696885108947753906e+00 -7.679285526275634766e+00
-6.213393688201904297e+00 3.002679109573364258e+00 -8.163653373718261719e+00
-8.634966850280761719e+00 2.194072484970092773e+00 -1.429238986968994141e+01
-8.036308288574218750e+00 2.223684787750244141e+00 -1.473261928558349609e+01
-7.637803554534912109e+00 3.432688474655151367e+00 -1.351356315612792969e+01
-6.656824111938476562e+00 4.254150390625000000e+00 -1.313953876495361328e+01
-6.100141048431396484e+00 1.891417384147644043e+00 -1.547739791870117188e+01
-5.845568180084228516e+00 2.179980039596557617e+00 -1.532749176025390625e+01
-5.172231197357177734e+00 3.962139606475830078e+00 -1.412285137176513672e+01
-4.616883754730224609e+00 3.957067489624023438e+00 -1.425039863586425781e+01
-5.868674278259277344e+00 3.763545274734497070e+00 -1.412570190429687500e+01
-8.274465560913085938e+00 3.275135278701782227e+00 -1.224863529205322266e+01
-6.244655609130859375e+00 4.406928062438964844e+00 -1.238314056396484375e+01
-5.556832313537597656e+00 4.373019218444824219e+00 -1.074636173248291016e+01
-3.390654802322387695e+00 4.230728149414062500e+00 -1.349019622802734375e+01
-3.172449588775634766e+00 4.292741775512695312e+00 -1.287268543243408203e+01
-5.221614837646484375e+00 4.428410053253173828e+00 -1.222165203094482422e+01
-4.470902919769287109e+00 4.631065368652343750e+00 -1.232842540740966797e+01
-3.218515634536743164e+00 4.682774066925048828e+00 -1.144559955596923828e+01
-4.959727764129638672e+00 4.779938220977783203e+00 -1.085065746307373047e+01
-3.797342538833618164e+00 4.888282299041748047e+00 -1.117376708984375000e+01
-6.640922546386718750e+00 3.674977064132690430e+00 -1.050385951995849609e+01
-5.931412696838378906e+00 3.616296768188476562e+00 -9.036985397338867188e+00
3.056784391403198242e+00 -1.887137591838836670e-01 -1.030604934692382812e+01
-1.397918760776519775e-01 1.528264284133911133e+00 -1.288022136688232422e+01
-2.115330934524536133e+00 3.220208883285522461e+00 -1.359747123718261719e+01
9.948734641075134277e-01 8.022689819335937500e-01 -1.169204425811767578e+01
-1.054970860481262207e+00 2.883795499801635742e+00 -1.234125518798828125e+01
-2.715213537216186523e+00 3.843935489654541016e+00 -1.327290821075439453e+01
-1.651194810867309570e+00 3.645365238189697266e+00 -1.187790012359619141e+01
1.132575321197509766e+01 -6.475015640258789062e+00 -3.379679679870605469e+00
1.323624038696289062e+01 -6.520482063293457031e+00 -1.770274162292480469e+00
1.113179683685302734e+01 -6.404747962951660156e+00 -8.462433815002441406e-01
1.089040565490722656e+01 -6.404948234558105469e+00 -2.597606658935546875e+00
1.417949771881103516e+01 -6.899205207824707031e+00 -5.045807361602783203e+00
1.185669612884521484e+01 -6.548643112182617188e+00 -3.989506483078002930e+00
1.254005432128906250e+01 -6.543106555938720703e+00 -5.495890140533447266e+00
1.301495456695556641e+01 -6.810641288757324219e+00 -3.678940534591674805e+00
1.548238182067871094e+01 -6.868658065795898438e+00 -3.629709482192993164e+00
1.586254215240478516e+01 -5.834623336791992188e+00 -4.221398830413818359e+00
1.615271759033203125e+01 -6.248761177062988281e+00 -1.232472062110900879e+00
1.624600601196289062e+01 -5.480746746063232422e+00 -2.110736370086669922e+00
1.450681877136230469e+01 -6.280604362487792969e+00 -1.786881685256958008e-02
1.471601963043212891e+01 -6.705732345581054688e+00 -1.599518418312072754e+00
1.528859233856201172e+01 -5.956183433532714844e+00 8.969445228576660156e-01
1.472923851013183594e+01 -3.957407236099243164e+00 2.001802682876586914e+00
1.511712169647216797e+01 -4.001444816589355469e+00 8.650246262550354004e-01
1.432639503479003906e+01 -3.151488542556762695e+00 1.054672956466674805e+00
1.561729049682617188e+01 -4.807717323303222656e+00 -3.387649774551391602e+00
1.507168674468994141e+01 -3.949271678924560547e+00 -2.596426486968994141e+00
1.514882659912109375e+01 -3.781634807586669922e+00 -1.039360642433166504e+00
1.482827949523925781e+01 -3.539588451385498047e+00 -1.534190177917480469e+00
1.417035293579101562e+01 -2.816086530685424805e+00 -8.769639134407043457e-01
1.361665439605712891e+01 -6.726556777954101562e+00 -6.276704311370849609e+00
1.502714729309082031e+01 -5.917664051055908203e+00 -6.579699039459228516e+00
1.218813228607177734e+01 -6.438516139984130859e+00 -6.685622215270996094e+00
1.271178627014160156e+01 -5.905206203460693359e+00 -7.487685680389404297e+00
1.562828636169433594e+01 -5.750834941864013672e+00 -5.657329559326171875e+00
1.525654697418212891e+01 -5.064343452453613281e+00 -5.933956146240234375e+00
1.467413806915283203e+01 -4.460403442382812500e+00 -5.521573543548583984e+00
1.304189205169677734e+01 -5.503600597381591797e+00 -7.351582050323486328e+00
1.242270278930664062e+01 -4.958945751190185547e+00 -6.656890392303466797e+00
1.324427604675292969e+01 -4.495240211486816406e+00 -6.114947795867919922e+00
1.335968971252441406e+01 -3.424554109573364258e+00 -4.942396163940429688e+00
1.473541450500488281e+01 -3.755764722824096680e+00 -2.809748411178588867e+00
1.456401062011718750e+01 -3.818128108978271484e+00 -4.485893726348876953e+00
1.404854011535644531e+01 -3.007635831832885742e+00 -3.726549148559570312e+00
1.007670688629150391e+01 -5.952304363250732422e+00 -2.740596532821655273e+00
6.943481445312500000e+00 -4.722915172576904297e+00 -2.365234613418579102e+00
7.230398178100585938e+00 -4.803987503051757812e+00 -1.940078735351562500e+00
6.793728828430175781e+00 -4.663423538208007812e+00 -2.927535057067871094e+00
1.040596866607666016e+01 -6.230333805084228516e+00 -2.338182687759399414e+00
8.947613716125488281e+00 -5.489117145538330078e+00 -1.939200162887573242e+00
7.896114826202392578e+00 -5.069337368011474609e+00 -1.573517203330993652e+00
9.519215583801269531e+00 -5.479064941406250000e+00 -3.435088872909545898e+00
9.850066184997558594e+00 -5.503828525543212891e+00 -4.666621685028076172e+00
8.259281158447265625e+00 -4.938397407531738281e+00 -3.959386348724365234e+00
1.343125534057617188e+01 -2.151243686676025391e+00 -1.560817286372184753e-02
1.213384342193603516e+01 -8.063686490058898926e-01 -1.027139782905578613e+00
1.083254623413085938e+01 -5.925770282745361328e+00 -5.504423618316650391e+00
1.087731838226318359e+01 -5.400350093841552734e+00 -6.048359870910644531e+00
9.496292114257812500e+00 -5.038804531097412109e+00 -5.195228099822998047e+00
1.155535888671875000e+01 -4.692012310028076172e+00 -6.202079296112060547e+00
9.092403411865234375e+00 -4.308369636535644531e+00 -6.413746356964111328e+00
1.027998352050781250e+01 -3.527486324310302734e+00 -5.865438938140869141e+00
1.228515911102294922e+01 -3.696272611618041992e+00 -5.462896823883056641e+00
1.051740837097167969e+01 -3.193475484848022461e+00 -5.663775920867919922e+00
1.056450748443603516e+01 -2.266821622848510742e+00 -5.256993770599365234e+00
8.487504005432128906e+00 -3.680008888244628906e+00 -7.031125545501708984e+00
8.976531028747558594e+00 -3.075312376022338867e+00 -6.564211845397949219e+00
8.032467842102050781e+00 -2.023784160614013672e+00 -6.907362937927246094e+00
1.033717060089111328e+01 -1.589554667472839355e+00 -5.124300956726074219e+00
8.226447105407714844e+00 -1.694577574729919434e+00 -6.643525123596191406e+00
8.722001075744628906e+00 -4.686874151229858398e-01 -5.850982189178466797e+00
7.272624015808105469e+00 -1.562503129243850708e-01 -6.919879913330078125e+00
1.305021953582763672e+01 -2.199325323104858398e+00 -4.038475513458251953e+00
1.330230522155761719e+01 -1.679752349853515625e+00 -1.933467507362365723e+00
1.310057067871093750e+01 -1.355935096740722656e+00 -3.173284053802490234e+00
1.226784420013427734e+01 -5.211169719696044922e-01 -2.243535280227661133e+00
1.199772548675537109e+01 -1.490032523870468140e-01 -2.852545499801635742e+00
1.227566051483154297e+01 -1.941349864006042480e+00 -4.363348960876464844e+00
1.112557792663574219e+01 -1.224856495857238770e+00 -4.505367755889892578e+00
1.143955993652343750e+01 -5.636395215988159180e-01 -3.901722908020019531e+00
1.013142967224121094e+01 1.517603397369384766e+00 -1.745440959930419922e+00
9.278531074523925781e+00 2.358953952789306641e+00 -2.887210369110107422e+00
9.332618713378906250e+00 2.308424711227416992e+00 -3.360991716384887695e+00
8.575014114379882812e+00 2.928011417388916016e+00 -2.369216918945312500e+00
1.017514038085937500e+01 -8.978303074836730957e-01 -5.017743110656738281e+00
1.063152980804443359e+01 3.099833130836486816e-01 -4.143194198608398438e+00
8.354047775268554688e+00 1.376035660505294800e-01 -5.857805252075195312e+00
7.011191368103027344e+00 9.925298690795898438e-01 -6.431097030639648438e+00
1.384815979003906250e+01 -3.303798198699951172e+00 2.596364259719848633e+00
1.246076107025146484e+01 -2.285021543502807617e+00 2.908341169357299805e+00
1.128570842742919922e+01 -6.901526451110839844e-01 1.440333247184753418e+00
1.143242549896240234e+01 -5.558974742889404297e-01 2.923220098018646240e-01
9.970268249511718750e+00 -3.243459463119506836e-01 3.072900772094726562e+00
8.879444122314453125e+00 1.043137669563293457e+00 2.614171743392944336e+00
9.441238403320312500e+00 7.510634064674377441e-01 2.073991775512695312e+00
7.374427795410156250e+00 2.121110916137695312e+00 2.983653783798217773e+00
7.185743331909179688e+00 2.760982036590576172e+00 1.840152025222778320e+00
9.805718421936035156e+00 9.713496565818786621e-01 3.557873070240020752e-01
1.000573062896728516e+01 1.308349251747131348e+00 -9.996925592422485352e-01
8.018589019775390625e+00 2.696693897247314453e+00 4.330646693706512451e-01
3.348771572113037109e+00 4.268290996551513672e+00 -3.489015400409698486e-01
6.217847347259521484e+00 3.525501966476440430e+00 2.700801789760589600e-01
5.471571922302246094e+00 4.014678478240966797e+00 -2.228198528289794922e+00
3.667060375213623047e+00 4.377135276794433594e+00 -6.875483989715576172e-01
2.843970775604248047e+00 3.806413888931274414e+00 -2.457042455673217773e+00
2.957347393035888672e+00 3.500637054443359375e+00 -3.329075813293457031e+00
-9.878524541854858398e-01 3.791298866271972656e+00 -7.653746008872985840e-01
2.145989179611206055e+00 3.137026548385620117e+00 -4.386256694793701172e+00
8.698886260390281677e-03 4.155759811401367188e+00 -3.143440961837768555e+00
3.062368333339691162e-01 3.706765651702880859e+00 -4.698670387268066406e+00
2.377184152603149414e+00 3.797857284545898438e+00 -2.566089391708374023e+00
5.099537372589111328e+00 -8.717092275619506836e-01 -8.897245407104492188e+00
2.943963289260864258e+00 3.128148019313812256e-01 -9.612586975097656250e+00
5.062317371368408203e+00 5.134173035621643066e-01 -8.118454933166503906e+00
3.643550157546997070e+00 5.673191547393798828e-01 -8.973288536071777344e+00
2.524127006530761719e+00 5.052082538604736328e-01 -9.804707527160644531e+00
1.546356320381164551e+00 1.852098345756530762e+00 -9.914870262145996094e+00
3.302114307880401611e-01 3.150886297225952148e+00 -9.159202575683593750e+00
1.113130226731300354e-01 3.003880739212036133e+00 -1.046017551422119141e+01
5.655888557434082031e+00 2.807271957397460938e+00 -4.859616279602050781e+00
6.162114143371582031e+00 1.891268491744995117e+00 -6.092221736907958984e+00
4.700722217559814453e+00 2.692413568496704102e+00 -5.248036861419677734e+00
4.797878742218017578e+00 2.389702796936035156e+00 -5.962623596191406250e+00
6.607079505920410156e+00 3.732940196990966797e+00 -2.720008134841918945e+00
6.584065914154052734e+00 1.291296839714050293e+00 -6.431470394134521484e+00
5.713147163391113281e+00 1.676819086074829102e+00 -6.608014583587646484e+00
4.860954761505126953e+00 1.787127733230590820e+00 -7.040762901306152344e+00
2.735860586166381836e+00 2.847921609878540039e+00 -5.062333106994628906e+00
2.816540956497192383e+00 2.092594385147094727e+00 -7.362596035003662109e+00
2.028254985809326172e+00 2.330126047134399414e+00 -6.813282966613769531e+00
9.486782550811767578e-02 3.302529335021972656e+00 -6.272346496582031250e+00
2.712459266185760498e-01 2.960841655731201172e+00 -7.760314941406250000e+00
3.025960624217987061e-01 3.032965660095214844e+00 -8.139161109924316406e+00
-3.296296834945678711e+00 3.396359920501708984e+00 -2.585368156433105469e+00
-5.632853984832763672e+00 3.062479734420776367e+00 -7.732759952545166016e+00
-4.808336257934570312e+00 3.480781316757202148e+00 -7.636992454528808594e+00
-4.258646011352539062e+00 3.349328994750976562e+00 -6.674765110015869141e+00
-2.166445016860961914e+00 3.282919645309448242e+00 -2.316305190324783325e-01
-1.889221668243408203e+00 3.748392820358276367e+00 -1.355115890502929688e+00
-1.528104543685913086e+00 4.091291904449462891e+00 -2.469533205032348633e+00
-1.353942513465881348e+00 4.390826702117919922e+00 -3.694177627563476562e+00
-1.183048725128173828e+00 4.400534629821777344e+00 -4.988088607788085938e+00
-4.801021099090576172e+00 4.076632976531982422e+00 -8.506814956665039062e+00
-4.506739139556884766e+00 4.553489685058593750e+00 -9.026593208312988281e+00
-1.982238411903381348e+00 4.462082386016845703e+00 -7.512673854827880859e+00
-3.351493835449218750e+00 4.455923080444335938e+00 -8.333241462707519531e+00
-1.542530894279479980e+00 3.652899742126464844e+00 -1.120084476470947266e+01
-1.229873061180114746e+00 3.508285999298095703e+00 -1.106511497497558594e+01
-3.829721927642822266e+00 4.850894451141357422e+00 -1.070674037933349609e+01
-2.049079656600952148e+00 4.180547237396240234e+00 -9.852082252502441406e+00
-3.126970529556274414e-01 3.481734752655029297e+00 -9.968010902404785156e+00
-2.160122871398925781e+00 4.558007240295410156e+00 -6.122199535369873047e+00
5.282066345214843750e+00 3.135438680648803711e+00 2.310155868530273438e+00
6.058552265167236328e+00 3.156096220016479492e+00 1.778577566146850586e+00
1.965830087661743164e+00 7.073167562484741211e-01 -1.029054355621337891e+01
-5.176593661308288574e-01 2.797169685363769531e+00 -1.161774539947509766e+01
4.411609470844268799e-01 2.527440309524536133e+00 -1.077190113067626953e+01
