1.561123251914978027e+00 -4.927927017211914062e+00 -2.716640472412109375e+00
2.278281450271606445e+00 -4.767035007476806641e+00 -1.929284811019897461e+00
1.515385150909423828e+00 -4.779337406158447266e+00 -2.312597036361694336e+00
-5.068784713745117188e+00 -8.108411788940429688e+00 -7.822312355041503906e+00
-4.999135494232177734e+00 -8.060861587524414062e+00 -1.156793308258056641e+01
-4.184916973114013672e+00 -8.320662498474121094e+00 -9.419677734375000000e+00
-7.270952701568603516e+00 -7.468552112579345703e+00 -7.058825969696044922e+00
-7.775159358978271484e+00 -7.350939273834228516e+00 -7.967116355895996094e+00
-5.692269802093505859e+00 -8.128120422363281250e+00 -9.823817253112792969e+00
-6.220602512359619141e+00 -7.997382164001464844e+00 -9.061388969421386719e+00
-6.480113029479980469e+00 -7.344292163848876953e+00 -1.205435943603515625e+01
-8.410822868347167969e+00 -6.367325305938720703e+00 -1.057574939727783203e+01
-8.332762718200683594e+00 -6.190013408660888672e+00 -1.129379558563232422e+01
-9.642525672912597656e+00 -5.266870021820068359e+00 -8.362843513488769531e+00
-1.005095481872558594e+01 -4.324906826019287109e+00 -8.715944290161132812e+00
-9.587357521057128906e+00 -4.643021106719970703e+00 -1.086760902404785156e+01
-8.220228195190429688e+00 -6.690371990203857422e+00 -5.445116043090820312e+00
-9.067804336547851562e+00 -6.091351032257080078e+00 -4.929499626159667969e+00
-7.968323707580566406e+00 -5.744434833526611328e+00 -3.403816223144531250e+00
-8.496874809265136719e+00 -5.226719379425048828e+00 -2.225087404251098633e+00
-6.958208560943603516e+00 -5.439582824707031250e+00 -3.111888408660888672e+00
-2.592969179153442383e+00 -5.029116630554199219e+00 -1.548449993133544922e+00
-3.373094797134399414e+00 -4.881113529205322266e+00 -5.823372006416320801e-01
-1.438634037971496582e+00 -4.987110137939453125e+00 -2.400616854429244995e-01
-7.378337383270263672e+00 -3.208746433258056641e+00 2.311583995819091797e+00
-5.354685783386230469e+00 -3.510710716247558594e+00 1.279559850692749023e+00
-3.859910488128662109e+00 -5.066997051239013672e+00 -2.136581897735595703e+00
-7.304322242736816406e+00 -4.796288490295410156e+00 -1.626232862472534180e+00
-6.307449340820312500e+00 -5.166056156158447266e+00 -2.786182880401611328e+00
-3.737776279449462891e+00 -4.413570404052734375e+00 1.363110244274139404e-01
-4.767737865447998047e+00 -7.278526782989501953e+00 -5.294723987579345703e+00
-4.545229434967041016e+00 -6.497144699096679688e+00 -4.090918064117431641e+00
-2.280194759368896484e+00 -7.655944347381591797e+00 -6.416874885559082031e+00
-2.884388923645019531e+00 -7.166983604431152344e+00 -5.067167282104492188e+00
-2.214229106903076172e+00 -7.177512645721435547e+00 -5.299084663391113281e+00
-1.355495333671569824e+00 -6.801533699035644531e+00 -5.044878959655761719e+00
-2.779322624206542969e+00 -6.775587558746337891e+00 -4.440022468566894531e+00
-5.267395973205566406e+00 -6.849869728088378906e+00 -4.678841114044189453e+00
-6.153643131256103516e+00 -7.666595935821533203e+00 -6.741834163665771484e+00
-8.704812049865722656e+00 -6.650956153869628906e+00 -6.454582214355468750e+00
-1.416782736778259277e+00 -4.976732730865478516e+00 -1.838189721107482910e+00
-9.345157146453857422e-01 -5.037262439727783203e+00 -2.279712915420532227e+00
-2.241043090820312500e+00 -5.121370315551757812e+00 -2.024676322937011719e+00
-3.496571481227874756e-01 -5.079066753387451172e+00 -1.201247096061706543e+00
6.317929625511169434e-01 -4.608261108398437500e+00 -1.602976918220520020e+00
-8.140174150466918945e-01 -5.401358604431152344e+00 -3.022457361221313477e+00
-7.434780709445476532e-03 -5.497811794281005859e+00 -3.346501588821411133e+00
6.078841686248779297e-01 -4.758342266082763672e+00 -2.129430055618286133e+00
-9.515737533569335938e+00 -4.813003063201904297e+00 -2.043265819549560547e+00
-9.941260337829589844e+00 -4.890914916992187500e+00 -4.679282665252685547e+00
-9.352273941040039062e+00 -5.580847263336181641e+00 -3.829708099365234375e+00
-1.019689846038818359e+01 -3.759973049163818359e+00 -3.287727355957031250e+00
-1.032043743133544922e+01 -3.585910797119140625e+00 -4.715048313140869141e+00
-9.119918823242187500e+00 -4.084614753723144531e+00 3.101072311401367188e-01
-9.781164169311523438e+00 -4.173027992248535156e+00 -1.406844615936279297e+00
-9.820095062255859375e+00 -3.228873014450073242e+00 -2.787058055400848389e-01
-9.597755432128906250e+00 -2.923914909362792969e+00 9.034959077835083008e-01
-9.112516403198242188e+00 -2.719006538391113281e+00 2.168871641159057617e+00
-9.278892517089843750e+00 -1.627480745315551758e+00 1.270754575729370117e+00
-1.017409896850585938e+01 -2.693870067596435547e+00 -2.522502660751342773e+00
-1.009774112701416016e+01 -1.607745528221130371e+00 -2.652120590209960938e+00
-9.465037345886230469e+00 -1.291538834571838379e+00 -8.874071240425109863e-01
-7.936645507812500000e+00 -4.167690873146057129e-01 -6.458847522735595703e-01
-1.006296634674072266e+01 -4.634161472320556641e+00 -5.544987201690673828e+00
-1.034821033477783203e+01 -3.651145696640014648e+00 -5.424399375915527344e+00
-1.053402614593505859e+01 -2.257649660110473633e+00 -5.301253318786621094e+00
-1.059097576141357422e+01 -2.098494291305541992e+00 -5.871994972229003906e+00
-1.008297061920166016e+01 -6.577231884002685547e-01 -5.353853225708007812e+00
-1.058970546722412109e+01 -2.842880487442016602e+00 -7.962076187133789062e+00
-1.071157264709472656e+01 -1.946467041969299316e+00 -8.887634277343750000e+00
-1.060098266601562500e+01 -8.108595609664916992e-01 -8.517559051513671875e+00
-9.951313018798828125e+00 -3.302297294139862061e-01 -6.706148624420166016e+00
-8.383758544921875000e+00 -2.015402615070343018e-01 -2.252654314041137695e+00
-6.926949024200439453e+00 1.702250361442565918e+00 -3.686908245086669922e+00
-9.016763687133789062e+00 3.870646953582763672e-01 -6.202497482299804688e+00
-7.575336456298828125e+00 1.440101146697998047e+00 -4.988931179046630859e+00
1.333378982543945312e+01 -4.715705871582031250e+00 4.132059574127197266e+00
1.357515144348144531e+01 -6.021370887756347656e+00 6.701011061668395996e-01
1.307319450378417969e+01 -5.746903896331787109e+00 1.310119271278381348e+00
1.494930934906005859e+01 -5.633577346801757812e+00 1.826482295989990234e+00
1.484928989410400391e+01 -4.584038734436035156e+00 2.841657638549804688e+00
1.200903320312500000e+01 -5.259641170501708984e+00 2.518227577209472656e+00
4.488759994506835938e+00 -9.041726589202880859e-01 4.831255912780761719e+00
5.401645183563232422e+00 -4.150427579879760742e-01 5.916975021362304688e+00
6.650071144104003906e+00 -4.814731597900390625e+00 -1.686000585556030273e+00
8.916342735290527344e+00 -6.234498500823974609e+00 -1.274065375328063965e+00
8.128293991088867188e+00 -6.147186756134033203e+00 -1.112258791923522949e+00
7.453940391540527344e+00 -6.222843170166015625e+00 -5.209267735481262207e-01
2.554199934005737305e+00 -5.412382602691650391e+00 4.038319289684295654e-01
4.294961452484130859e+00 -4.685238361358642578e+00 -1.511677622795104980e+00
5.167902469635009766e+00 -5.074410915374755859e+00 -1.185022473335266113e+00
2.307672262191772461e+00 -4.269903659820556641e+00 -1.270066022872924805e+00
4.114002227783203125e+00 -4.717370986938476562e+00 -1.289656281471252441e+00
5.109553813934326172e+00 -5.551295280456542969e+00 2.058273255825042725e-01
5.809345722198486328e+00 -5.947980403900146484e+00 -6.292525529861450195e-01
3.097175836563110352e+00 -5.477478504180908203e+00 -5.959154963493347168e-01
9.473864555358886719e+00 -5.007493972778320312e+00 2.968036890029907227e+00
1.015173530578613281e+01 -4.248254299163818359e+00 4.575196266174316406e+00
1.001874351501464844e+01 -4.596155166625976562e+00 4.084456920623779297e+00
8.845278739929199219e+00 -3.585358619689941406e+00 5.036990165710449219e+00
8.946085929870605469e+00 -4.836041450500488281e+00 3.070542097091674805e+00
9.032195091247558594e+00 -5.844247817993164062e+00 1.384058117866516113e+00
8.685156822204589844e+00 -6.058656215667724609e+00 9.116695523262023926e-01
5.561562061309814453e+00 -1.079400420188903809e+00 3.891246318817138672e+00
6.171944618225097656e+00 -3.605737447738647461e+00 2.354139089584350586e+00
5.596616744995117188e+00 -3.919591665267944336e+00 1.850243091583251953e+00
4.530437469482421875e+00 -1.821959495544433594e+00 3.029268026351928711e+00
4.648560523986816406e+00 -1.342403531074523926e+00 3.639100313186645508e+00
6.923472404479980469e+00 -2.235258579254150391e+00 4.176766872406005859e+00
6.787055492401123047e+00 -1.552640914916992188e+00 5.311603069305419922e+00
6.543864727020263672e+00 -5.420704841613769531e+00 9.178224205970764160e-01
1.232329368591308594e+01 -3.352266311645507812e+00 5.373490333557128906e+00
1.404113388061523438e+01 -3.835226297378540039e+00 4.223152637481689453e+00
1.289932346343994141e+01 -2.554211139678955078e+00 4.520058155059814453e+00
1.369154739379882812e+01 -2.739516973495483398e+00 2.924637556076049805e+00
8.037900924682617188e+00 -2.383100032806396484e+00 6.371099472045898438e+00
7.603528022766113281e+00 -1.946941256523132324e+00 6.361333370208740234e+00
4.392415046691894531e+00 -7.720246911048889160e-02 6.728849411010742188e+00
9.933206558227539062e+00 -3.332156181335449219e+00 5.994765758514404297e+00
1.068821334838867188e+01 -2.048570156097412109e+00 6.003120422363281250e+00
1.102116489410400391e+01 -1.650143861770629883e+00 5.152571678161621094e+00
8.878793716430664062e+00 -9.750862121582031250e-01 6.119263648986816406e+00
9.190870285034179688e+00 -6.237662434577941895e-01 5.204701900482177734e+00
1.129517459869384766e+01 -1.571420907974243164e+00 4.219831466674804688e+00
1.156102371215820312e+01 -1.444441318511962891e+00 3.251927137374877930e+00
6.816613197326660156e+00 -9.534745216369628906e-01 6.146827697753906250e+00
7.945075511932373047e+00 -4.073422551155090332e-01 6.111704826354980469e+00
7.203803062438964844e+00 5.423538684844970703e-01 5.663656711578369141e+00
6.430994510650634766e+00 3.158238232135772705e-01 5.982811927795410156e+00
5.811421394348144531e+00 1.467172861099243164e+00 5.634422302246093750e+00
8.230795860290527344e+00 7.746195793151855469e-01 4.372249603271484375e+00
5.864563465118408203e+00 2.593411922454833984e+00 4.242455005645751953e+00
6.238308429718017578e+00 2.594965696334838867e+00 3.720950841903686523e+00
-2.127430438995361328e+00 -2.785335540771484375e+00 3.772646188735961914e+00
-1.518053531646728516e+00 -3.789770603179931641e+00 1.664340496063232422e+00
-1.473009467124938965e+00 -4.641024589538574219e+00 3.883016407489776611e-01
-1.608809471130371094e+00 -2.842404603958129883e+00 3.496613264083862305e+00
-2.349632084369659424e-01 -2.641718149185180664e+00 2.378441333770751953e+00
-5.070507526397705078e+00 -3.477125406265258789e+00 1.472479581832885742e+00
-4.358094692230224609e+00 -3.314125537872314453e+00 2.207380056381225586e+00
-5.803651809692382812e+00 -2.592025279998779297e+00 3.395437002182006836e+00
-5.277803897857666016e+00 -3.014185667037963867e+00 2.538812160491943359e+00
-4.092703819274902344e+00 -2.821610927581787109e+00 3.384156942367553711e+00
-2.756761550903320312e+00 -1.613863945007324219e+00 4.880242824554443359e+00
-5.652772903442382812e+00 -1.262602090835571289e+00 4.710545539855957031e+00
-5.349301815032958984e+00 -7.307820320129394531e-01 4.913154125213623047e+00
2.575909137725830078e+00 -1.613369703292846680e+00 3.633570671081542969e+00
1.395990490913391113e+00 -8.186274170875549316e-01 4.126781940460205078e+00
-4.723254963755607605e-02 -1.163439273834228516e+00 3.662177801132202148e+00
1.110111474990844727e+00 -2.377585470676422119e-01 4.666343688964843750e+00
2.596144914627075195e+00 -8.619228601455688477e-01 5.240371704101562500e+00
3.633947849273681641e+00 -3.189512491226196289e-01 6.578071117401123047e+00
1.138293266296386719e+00 8.601123094558715820e-01 5.403616905212402344e+00
-3.223190069198608398e+00 -1.385089159011840820e+00 5.012169361114501953e+00
-4.242387294769287109e+00 3.044436573982238770e-01 5.011264801025390625e+00
-2.747676849365234375e+00 5.704114437103271484e-01 5.136571884155273438e+00
-1.167531728744506836e+00 1.627807140350341797e+00 4.410960197448730469e+00
-3.885738611221313477e+00 1.018877863883972168e+00 4.046935558319091797e+00
-3.822096586227416992e+00 1.422818660736083984e+00 2.888942718505859375e+00
-1.752484887838363647e-01 -5.093132495880126953e+00 -8.503174781799316406e-02
3.012733459472656250e-01 -4.948816776275634766e+00 -1.187780797481536865e-01
8.183175325393676758e-01 -4.952968120574951172e+00 3.113140724599361420e-02
1.653396844863891602e+00 -3.778410911560058594e+00 1.416342496871948242e+00
1.484552145004272461e+00 -4.984560012817382812e+00 5.820649266242980957e-01
1.622730731964111328e+00 -3.751215934753417969e+00 -1.367926239967346191e+00
1.904533386230468750e+00 -2.584110498428344727e+00 2.342850685119628906e+00
2.322459459304809570e+00 1.719394922256469727e+00 5.598748683929443359e+00
2.903884649276733398e+00 2.693983554840087891e+00 4.258015155792236328e+00
2.618640184402465820e+00 3.032003879547119141e+00 3.016612052917480469e+00
-8.601065278053283691e-01 2.489990949630737305e+00 2.619361639022827148e+00
-6.611586213111877441e-01 1.975820779800415039e+00 4.184409141540527344e+00
5.792196989059448242e-01 2.581109523773193359e+00 3.247575759887695312e+00
-1.729582548141479492e+00 3.176509618759155273e+00 1.091250330209732056e-01
-7.584427833557128906e+00 -2.455947875976562500e+00 3.556446790695190430e+00
-7.327955245971679688e+00 -1.420349597930908203e+00 4.218980312347412109e+00
-7.960672855377197266e+00 -8.095939159393310547e-01 2.909451723098754883e+00
-6.810966014862060547e+00 -1.156870603561401367e+00 4.464699745178222656e+00
-7.015955448150634766e+00 -3.642346262931823730e-01 3.061665773391723633e+00
-6.419518947601318359e+00 1.890931725502014160e-01 1.420869827270507812e+00
-6.218629360198974609e+00 1.399553418159484863e-01 2.391611814498901367e+00
-6.924293994903564453e+00 2.282603532075881958e-01 -8.140571117401123047e-01
-3.743564605712890625e+00 1.649044513702392578e+00 1.845950365066528320e+00
-5.363579750061035156e+00 2.016425371170043945e+00 -1.992287993431091309e+00
-3.647283792495727539e+00 3.035320520401000977e+00 -1.669025659561157227e+00
3.469330549240112305e+00 9.771708846092224121e-01 6.433793067932128906e+00
3.029968500137329102e+00 2.066056251525878906e+00 5.403593540191650391e+00
3.903537988662719727e+00 2.522215843200683594e+00 4.848130702972412109e+00
4.588906764984130859e+00 3.031552791595458984e+00 3.804323911666870117e+00
3.893111228942871094e+00 3.343009471893310547e+00 2.967689037322998047e+00
7.761190414428710938e+00 -4.882505893707275391e+00 -3.981697797775268555e+00
2.377260923385620117e+00 -5.068296909332275391e+00 -3.056715250015258789e+00
5.494926452636718750e+00 -4.720506191253662109e+00 -2.535485744476318359e+00
6.321168899536132812e+00 -4.671249866485595703e+00 -2.985224485397338867e+00
3.033612966537475586e+00 -5.002748489379882812e+00 -2.940618991851806641e+00
2.090867519378662109e+00 -5.928246021270751953e+00 -5.252779006958007812e+00
2.626488924026489258e+00 -5.806791305541992188e+00 -6.254788875579833984e+00
3.890796661376953125e+00 -5.140481472015380859e+00 -5.601245880126953125e+00
5.924004554748535156e+00 -4.808901786804199219e+00 -3.741279602050781250e+00
7.159418582916259766e+00 -4.948189258575439453e+00 -4.084000587463378906e+00
2.442725658416748047e+00 -5.620752811431884766e+00 -8.459653854370117188e+00
8.319658279418945312e+00 -4.963245868682861328e+00 -6.029664039611816406e+00
3.299692153930664062e+00 -5.330543994903564453e+00 -7.118206024169921875e+00
3.712226867675781250e+00 -4.722104549407958984e+00 -7.901360988616943359e+00
6.289278507232666016e+00 -5.068355083465576172e+00 -5.386278629302978516e+00
7.406499385833740234e+00 -4.925549507141113281e+00 -6.343722343444824219e+00
5.875170707702636719e+00 -4.174751758575439453e+00 -7.257730007171630859e+00
7.529765129089355469e+00 -4.025031089782714844e+00 -7.381260871887207031e+00
5.586015224456787109e+00 -3.861232042312622070e+00 -7.632771015167236328e+00
5.157710075378417969e+00 -2.837430238723754883e+00 -8.646456718444824219e+00
5.232231140136718750e+00 -2.078715085983276367e+00 -8.897442817687988281e+00
-3.349225521087646484e+00 -7.970446586608886719e+00 -1.205611419677734375e+01
-3.131020784378051758e+00 -8.214920043945312500e+00 -1.051689624786376953e+01
-3.961280584335327148e+00 -7.543159484863281250e+00 -1.315925693511962891e+01
-1.581934571266174316e+00 -6.562774658203125000e+00 -1.324213123321533203e+01
-3.556864023208618164e+00 -6.333512783050537109e+00 -1.445961666107177734e+01
-3.375265598297119141e+00 -5.280011653900146484e+00 -1.519206619262695312e+01
-6.631315708160400391e+00 -6.536793231964111328e+00 -1.317158985137939453e+01
-7.072144031524658203e+00 -6.213061809539794922e+00 -1.318885040283203125e+01
-7.757654666900634766e+00 -5.232778072357177734e+00 -1.367527675628662109e+01
-5.719545841217041016e+00 -7.131750106811523438e+00 -1.307814884185791016e+01
-8.473269462585449219e+00 -5.366035461425781250e+00 -1.256395339965820312e+01
-7.363691329956054688e+00 -4.564660072326660156e+00 -1.457341957092285156e+01
-4.151292800903320312e+00 -5.533524990081787109e+00 -1.502795982360839844e+01
-5.996011734008789062e+00 -4.381447315216064453e+00 -1.525683784484863281e+01
-2.711613893508911133e+00 -5.387173652648925781e+00 -1.501354503631591797e+01
-2.177219390869140625e+00 -4.294911861419677734e+00 -1.536933326721191406e+01
-3.722955942153930664e+00 -3.715046882629394531e+00 -1.575217533111572266e+01
-2.790156602859497070e+00 -3.186360120773315430e+00 -1.571605491638183594e+01
-4.989580154418945312e+00 -2.648414134979248047e+00 -1.593975734710693359e+01
-3.920519828796386719e+00 -1.503516316413879395e+00 -1.593648338317871094e+01
-9.300993919372558594e+00 -4.442981719970703125e+00 -1.222168731689453125e+01
-8.934710502624511719e+00 -4.001822471618652344e+00 -1.344571208953857422e+01
-9.911243438720703125e+00 -2.862894535064697266e+00 -1.234733295440673828e+01
-1.040128231048583984e+01 -1.438006401062011719e+00 -1.151982116699218750e+01
-8.549118041992187500e+00 -3.348902225494384766e+00 -1.436069869995117188e+01
-7.692143917083740234e+00 -2.966597318649291992e+00 -1.519782066345214844e+01
-9.820721626281738281e+00 -9.227675199508666992e-01 -1.328387641906738281e+01
-9.373304367065429688e+00 -3.256709575653076172e-01 -1.420612716674804688e+01
-8.486862182617187500e+00 -9.505687952041625977e-01 -1.507477283477783203e+01
-7.134560585021972656e+00 1.614289283752441406e-01 -1.577030181884765625e+01
-7.626307010650634766e+00 8.159869909286499023e-01 -1.553762245178222656e+01
-1.520630002021789551e+00 -7.557600021362304688e+00 -6.888754844665527344e+00
-4.206308424472808838e-01 -7.157344818115234375e+00 -8.632316589355468750e+00
7.450330257415771484e-02 -6.568943977355957031e+00 -5.591085910797119141e+00
6.199905276298522949e-01 -6.685552120208740234e+00 -6.758234024047851562e+00
-2.394401133060455322e-01 -6.931197166442871094e+00 -9.611132621765136719e+00
-5.070065334439277649e-02 -5.895231246948242188e+00 -1.240220260620117188e+01
1.353322386741638184e+00 -6.388103008270263672e+00 -6.420664787292480469e+00
2.021489858627319336e+00 -5.951636314392089844e+00 -8.192186355590820312e+00
-7.605339884757995605e-01 -5.087218284606933594e+00 -1.430397605895996094e+01
1.024332284927368164e+00 -4.963133335113525391e+00 -1.243817234039306641e+01
-1.230285048484802246e+00 -3.739763498306274414e+00 -1.520311546325683594e+01
-1.923042535781860352e-01 -3.007426977157592773e+00 -1.485968303680419922e+01
1.959690809249877930e+00 -5.053062438964843750e+00 -1.069833850860595703e+01
-1.087831139564514160e+00 -2.405171394348144531e+00 -1.528244113922119141e+01
-1.307349920272827148e+00 -1.697120308876037598e+00 -1.534162330627441406e+01
2.141612291336059570e+00 -3.536159992218017578e+00 -1.149334812164306641e+01
8.843705654144287109e-01 -1.869964003562927246e+00 -1.348725128173828125e+01
7.973225116729736328e-01 -1.144237875938415527e+00 -1.333497238159179688e+01
-2.606120824813842773e+00 -1.777989268302917480e+00 -1.569942855834960938e+01
-2.675671339035034180e+00 -8.090103864669799805e-01 -1.564179039001464844e+01
-5.084043979644775391e+00 4.555813670158386230e-01 -1.589023208618164062e+01
-2.886495351791381836e+00 1.007821440696716309e+00 -1.536690902709960938e+01
-2.164126873016357422e+00 1.175320744514465332e+00 -1.512556076049804688e+01
-4.975998699665069580e-01 1.150302410125732422e+00 -1.389089202880859375e+01
-2.881404399871826172e+00 2.080582380294799805e+00 -1.503618907928466797e+01
-2.464885950088500977e+00 2.789741992950439453e+00 -1.464771747589111328e+01
2.703535318374633789e+00 -3.967407226562500000e+00 -1.033874893188476562e+01
3.519873857498168945e+00 -2.609219312667846680e+00 -1.011433219909667969e+01
3.012338161468505859e+00 -1.847478628158569336e+00 -1.085466957092285156e+01
9.639191627502441406e-01 -2.811435461044311523e-01 -1.281406784057617188e+01
1.482443690299987793e+00 6.995323579758405685e-03 -1.211162567138671875e+01
2.348425388336181641e+00 -2.177346795797348022e-01 -1.122826290130615234e+01
1.081103920936584473e+00 4.175581932067871094e-01 -1.233752918243408203e+01
-1.051137161254882812e+01 -9.645754098892211914e-01 -1.099440002441406250e+01
-9.965176582336425781e+00 6.895516514778137207e-01 -1.292476463317871094e+01
-1.030094146728515625e+01 -1.372961327433586121e-02 -1.048813819885253906e+01
-1.007060813903808594e+01 -1.198062151670455933e-01 -9.025814056396484375e+00
-9.723203659057617188e+00 5.449736118316650391e-01 -1.002985572814941406e+01
-9.961194038391113281e+00 9.253210425376892090e-01 -1.155425643920898438e+01
-9.429409027099609375e+00 2.036426544189453125e+00 -1.278780460357666016e+01
-8.819468498229980469e+00 1.396394371986389160e+00 -9.344962120056152344e+00
-8.413417816162109375e+00 2.401389837265014648e+00 -1.037850666046142578e+01
-8.197491645812988281e+00 1.157097101211547852e+00 -6.071384429931640625e+00
-7.958851814270019531e+00 1.588512539863586426e+00 -7.154492378234863281e+00
-8.279561996459960938e+00 1.877986311912536621e+00 -8.741333961486816406e+00
-7.896092414855957031e+00 2.548831462860107422e+00 -9.735989570617675781e+00
-6.296686172485351562e+00 2.698726415634155273e+00 -7.681201934814453125e+00
-6.212111473083496094e+00 3.008933067321777344e+00 -8.164586067199707031e+00
-8.631655693054199219e+00 2.206284999847412109e+00 -1.429632091522216797e+01
-8.033715248107910156e+00 2.233707666397094727e+00 -1.473635673522949219e+01
-7.633826255798339844e+00 3.446635484695434570e+00 -1.351789665222167969e+01
-6.652302265167236328e+00 4.267629623413085938e+00 -1.314233398437500000e+01
-6.098533630371093750e+00 1.896874785423278809e+00 -1.547933006286621094e+01
-5.842869281768798828e+00 2.186753273010253906e+00 -1.533060169219970703e+01
-5.168305397033691406e+00 3.969017505645751953e+00 -1.412540626525878906e+01
-4.613142967224121094e+00 3.962136745452880859e+00 -1.425201797485351562e+01
-5.865107536315917969e+00 3.773026704788208008e+00 -1.412939643859863281e+01
-8.270881652832031250e+00 3.286417722702026367e+00 -1.225142383575439453e+01
-6.239942073822021484e+00 4.416639328002929688e+00 -1.238486480712890625e+01
-5.553142547607421875e+00 4.383144855499267578e+00 -1.074742221832275391e+01
-3.386754751205444336e+00 4.235409259796142578e+00 -1.349083137512207031e+01
-3.168819427490234375e+00 4.297431468963623047e+00 -1.287290573120117188e+01
-5.217377662658691406e+00 4.436903953552246094e+00 -1.222326850891113281e+01
-4.466552257537841797e+00 4.637699127197265625e+00 -1.232943344116210938e+01
-3.214881658554077148e+00 4.687994956970214844e+00 -1.144550991058349609e+01
-4.955482006072998047e+00 4.788329601287841797e+00 -1.085111141204833984e+01
-3.793312072753906250e+00 4.894861698150634766e+00 -1.117370223999023438e+01
-6.636224269866943359e+00 3.684049606323242188e+00 -1.050570297241210938e+01
-5.929192066192626953e+00 3.625527381896972656e+00 -9.038387298583984375e+00
3.057639837265014648e+00 -1.884556114673614502e-01 -1.030334377288818359e+01
-1.385636925697326660e-01 1.529278755187988281e+00 -1.287915039062500000e+01
-2.113362312316894531e+00 3.222421884536743164e+00 -1.359645271301269531e+01
9.957511425018310547e-01 8.024546504020690918e-01 -1.169050693511962891e+01
-1.053390502929687500e+00 2.885308504104614258e+00 -1.234024143218994141e+01
-2.712246894836425781e+00 3.847350120544433594e+00 -1.327250766754150391e+01
-1.648561120033264160e+00 3.648390769958496094e+00 -1.187747192382812500e+01
1.143922901153564453e+01 -6.472302913665771484e+00 -3.414167165756225586e+00
1.333794784545898438e+01 -6.597474575042724609e+00 -1.783924698829650879e+00
1.117706489562988281e+01 -6.428878784179687500e+00 -8.594385981559753418e-01
1.098333835601806641e+01 -6.431401252746582031e+00 -2.630510807037353516e+00
1.434725284576416016e+01 -6.893360614776611328e+00 -5.074326992034912109e+00
1.198868751525878906e+01 -6.531404018402099609e+00 -4.020808696746826172e+00
1.269306182861328125e+01 -6.512510299682617188e+00 -5.521062850952148438e+00
1.314914131164550781e+01 -6.813459396362304688e+00 -3.713116407394409180e+00
1.562735271453857422e+01 -6.961631774902343750e+00 -3.646529674530029297e+00
1.605851173400878906e+01 -5.903692245483398438e+00 -4.242511749267578125e+00
1.625902938842773438e+01 -6.405024528503417969e+00 -1.217514991760253906e+00
1.638011360168457031e+01 -5.627761840820312500e+00 -2.116517305374145508e+00
1.459733963012695312e+01 -6.446470737457275391e+00 -5.147404968738555908e-03
1.482381248474121094e+01 -6.863775730133056641e+00 -1.597572922706604004e+00
1.539806270599365234e+01 -6.063370704650878906e+00 9.074994921684265137e-01
1.487046241760253906e+01 -3.763702154159545898e+00 1.782685518264770508e+00
1.518199348449707031e+01 -4.040672779083251953e+00 7.532021999359130859e-01
1.440309429168701172e+01 -3.129085302352905273e+00 8.690484166145324707e-01
1.579549694061279297e+01 -4.862556934356689453e+00 -3.421849012374877930e+00
1.522670364379882812e+01 -3.989246368408203125e+00 -2.660225152969360352e+00
1.523261165618896484e+01 -3.877054452896118164e+00 -1.114835262298583984e+00
1.497169494628906250e+01 -3.555392265319824219e+00 -1.609349131584167480e+00
1.432388114929199219e+01 -2.757858991622924805e+00 -9.983848929405212402e-01
1.379737567901611328e+01 -6.687591075897216797e+00 -6.294550418853759766e+00
1.523732852935791016e+01 -5.898716449737548828e+00 -6.603707313537597656e+00
1.235376548767089844e+01 -6.397028923034667969e+00 -6.705585479736328125e+00
1.289229583740234375e+01 -5.863618373870849609e+00 -7.497986793518066406e+00
1.591933917999267578e+01 -5.799187183380126953e+00 -5.699997425079345703e+00
1.558909416198730469e+01 -5.040959835052490234e+00 -5.993089199066162109e+00
1.501102638244628906e+01 -4.379570484161376953e+00 -5.599601268768310547e+00
1.323654556274414062e+01 -5.469328880310058594e+00 -7.363059520721435547e+00
1.260980033874511719e+01 -4.915632247924804688e+00 -6.671726226806640625e+00
1.347124958038330078e+01 -4.432731151580810547e+00 -6.157263278961181641e+00
1.359274482727050781e+01 -3.343573808670043945e+00 -5.009678363800048828e+00
1.497572898864746094e+01 -3.678759098052978516e+00 -2.899313449859619141e+00
1.489245033264160156e+01 -3.708250999450683594e+00 -4.567595958709716797e+00
1.432837200164794922e+01 -2.870414018630981445e+00 -3.821185827255249023e+00
1.016549110412597656e+01 -5.965878963470458984e+00 -2.774814367294311523e+00
6.992630481719970703e+00 -4.729515075683593750e+00 -2.387963294982910156e+00
7.280205249786376953e+00 -4.799079895019531250e+00 -1.963428974151611328e+00
6.843604087829589844e+00 -4.676339626312255859e+00 -2.948594093322753906e+00
1.048863506317138672e+01 -6.257488727569580078e+00 -2.373533248901367188e+00
9.016526222229003906e+00 -5.491430282592773438e+00 -1.968933701515197754e+00
7.953752994537353516e+00 -5.064559459686279297e+00 -1.599641919136047363e+00
9.599029541015625000e+00 -5.489873409271240234e+00 -3.463352918624877930e+00
9.951854705810546875e+00 -5.500163555145263672e+00 -4.697259902954101562e+00
8.331472396850585938e+00 -4.953210830688476562e+00 -3.983865499496459961e+00
1.353887081146240234e+01 -2.075240135192871094e+00 -1.494888961315155029e-01
1.221696758270263672e+01 -6.993815302848815918e-01 -1.111660242080688477e+00
1.095902252197265625e+01 -5.909109592437744141e+00 -5.535665512084960938e+00
1.101803779602050781e+01 -5.373360157012939453e+00 -6.072959423065185547e+00
9.594158172607421875e+00 -5.030387401580810547e+00 -5.227464675903320312e+00
1.170680046081542969e+01 -4.656348705291748047e+00 -6.225188255310058594e+00
9.178179740905761719e+00 -4.291291236877441406e+00 -6.442171096801757812e+00
1.039510250091552734e+01 -3.508440732955932617e+00 -5.904060363769531250e+00
1.245911979675292969e+01 -3.646923542022705078e+00 -5.510848999023437500e+00
1.064320945739746094e+01 -3.165033817291259766e+00 -5.711647987365722656e+00
1.066653347015380859e+01 -2.239689588546752930e+00 -5.294843196868896484e+00
8.537996292114257812e+00 -3.664350748062133789e+00 -7.047902584075927734e+00
9.049307823181152344e+00 -3.059317588806152344e+00 -6.592309951782226562e+00
8.053067207336425781e+00 -2.021182775497436523e+00 -6.911715030670166016e+00
1.040093040466308594e+01 -1.578683495521545410e+00 -5.143468856811523438e+00
8.254096984863281250e+00 -1.690392017364501953e+00 -6.651408195495605469e+00
8.745398521423339844e+00 -4.657273888587951660e-01 -5.857591152191162109e+00
7.282055854797363281e+00 -1.532354950904846191e-01 -6.922630786895751953e+00
1.323588752746582031e+01 -2.102439403533935547e+00 -4.118651390075683594e+00
1.343319892883300781e+01 -1.604743599891662598e+00 -2.023593425750732422e+00
1.315599536895751953e+01 -1.309821724891662598e+00 -3.211236715316772461e+00
1.237399959564208984e+01 -3.830986618995666504e-01 -2.306245088577270508e+00
1.200167465209960938e+01 -1.093356013298034668e-01 -2.884655475616455078e+00
1.238809776306152344e+01 -1.890987038612365723e+00 -4.414028167724609375e+00
1.119087409973144531e+01 -1.211851954460144043e+00 -4.524638175964355469e+00
1.146216297149658203e+01 -5.612881183624267578e-01 -3.904331922531127930e+00
1.017888927459716797e+01 1.626342654228210449e+00 -1.781306862831115723e+00
9.281193733215332031e+00 2.411100387573242188e+00 -2.914577245712280273e+00
9.326711654663085938e+00 2.321580886840820312e+00 -3.373421907424926758e+00
8.572854042053222656e+00 2.970951080322265625e+00 -2.386363983154296875e+00
1.020470905303955078e+01 -8.943109512329101562e-01 -5.024924755096435547e+00
1.063075065612792969e+01 3.099069297313690186e-01 -4.140951156616210938e+00
8.366821289062500000e+00 1.417676061391830444e-01 -5.863766670227050781e+00
7.018261432647705078e+00 9.970273375511169434e-01 -6.433619976043701172e+00
1.400268459320068359e+01 -2.994305133819580078e+00 2.357475280761718750e+00
1.256099891662597656e+01 -1.977199554443359375e+00 2.688038587570190430e+00
1.132476234436035156e+01 -5.118016600608825684e-01 1.265295743942260742e+00
1.150655746459960938e+01 -3.864574432373046875e-01 1.793696880340576172e-01
1.005269622802734375e+01 4.026688635349273682e-02 2.901408672332763672e+00
8.924803733825683594e+00 1.340702533721923828e+00 2.498600482940673828e+00
9.508460998535156250e+00 1.011942028999328613e+00 1.949546813964843750e+00
7.387279510498046875e+00 2.367594718933105469e+00 2.905511856079101562e+00
7.196743965148925781e+00 2.971927881240844727e+00 1.790336370468139648e+00
9.884884834289550781e+00 1.181302905082702637e+00 2.678664028644561768e-01
1.010028553009033203e+01 1.512215375900268555e+00 -1.063926935195922852e+00
8.006873130798339844e+00 2.800008773803710938e+00 3.899266421794891357e-01
3.350488185882568359e+00 4.274514198303222656e+00 -3.510222136974334717e-01
6.236234188079833984e+00 3.673864126205444336e+00 2.745298147201538086e-01
5.479431629180908203e+00 4.057665348052978516e+00 -2.233425140380859375e+00
3.670502185821533203e+00 4.390274524688720703e+00 -6.906526684761047363e-01
2.847833156585693359e+00 3.825206756591796875e+00 -2.460056066513061523e+00
2.962484836578369141e+00 3.517990112304687500e+00 -3.331598997116088867e+00
-9.873234629631042480e-01 3.796613216400146484e+00 -7.644056081771850586e-01
2.150786161422729492e+00 3.151138544082641602e+00 -4.387674331665039062e+00
1.019724924117326736e-02 4.164023876190185547e+00 -3.143258810043334961e+00
3.082184493541717529e-01 3.714522600173950195e+00 -4.698528766632080078e+00
2.380947828292846680e+00 3.812031745910644531e+00 -2.568487405776977539e+00
5.101561069488525391e+00 -8.698679208755493164e-01 -8.894313812255859375e+00
2.943995952606201172e+00 3.133099079132080078e-01 -9.608080863952636719e+00
5.065762042999267578e+00 5.173944234848022461e-01 -8.115911483764648438e+00
3.644258975982666016e+00 5.697537660598754883e-01 -8.968934059143066406e+00
2.524213790893554688e+00 5.053490400314331055e-01 -9.801397323608398438e+00
1.546962022781372070e+00 1.852837204933166504e+00 -9.912853240966796875e+00
3.315829336643218994e-01 3.153228998184204102e+00 -9.158054351806640625e+00
1.130163818597793579e-01 3.005555152893066406e+00 -1.045922946929931641e+01
5.661587238311767578e+00 2.822897434234619141e+00 -4.859626770019531250e+00
6.167053222656250000e+00 1.900331974029541016e+00 -6.091922760009765625e+00
4.705754280090332031e+00 2.703181505203247070e+00 -5.249116420745849609e+00
4.803797245025634766e+00 2.402515411376953125e+00 -5.963169097900390625e+00
6.617089271545410156e+00 3.780354022979736328e+00 -2.727905035018920898e+00
6.588756084442138672e+00 1.296700477600097656e+00 -6.431318283081054688e+00
5.717740058898925781e+00 1.683011889457702637e+00 -6.605440139770507812e+00
4.865116596221923828e+00 1.794877409934997559e+00 -7.039664268493652344e+00
2.741003751754760742e+00 2.860054492950439453e+00 -5.063556671142578125e+00
2.819112300872802734e+00 2.097557067871093750e+00 -7.360498428344726562e+00
2.031132459640502930e+00 2.336680650711059570e+00 -6.812666416168212891e+00
9.675020724534988403e-02 3.308182954788208008e+00 -6.271448612213134766e+00
2.733206450939178467e-01 2.964997291564941406e+00 -7.758947372436523438e+00
3.042458593845367432e-01 3.036560773849487305e+00 -8.137957572937011719e+00
-3.296206474304199219e+00 3.399168491363525391e+00 -2.585403680801391602e+00
-5.632970333099365234e+00 3.069790601730346680e+00 -7.732654571533203125e+00
-4.808268547058105469e+00 3.490497112274169922e+00 -7.635773658752441406e+00
-4.257952213287353516e+00 3.355160236358642578e+00 -6.675033092498779297e+00
-2.167086839675903320e+00 3.287434816360473633e+00 -2.310543805360794067e-01
-1.890572547912597656e+00 3.756262302398681641e+00 -1.354137420654296875e+00
-1.527626872062683105e+00 4.099918842315673828e+00 -2.468881130218505859e+00
-1.353618860244750977e+00 4.398102760314941406e+00 -3.693910598754882812e+00
-1.182365536689758301e+00 4.405697345733642578e+00 -4.987593173980712891e+00
-4.799255847930908203e+00 4.084995269775390625e+00 -8.506267547607421875e+00
-4.503547191619873047e+00 4.561448574066162109e+00 -9.026491165161132812e+00
-1.980450272560119629e+00 4.466305732727050781e+00 -7.511915683746337891e+00
-3.348778724670410156e+00 4.463459014892578125e+00 -8.332774162292480469e+00
-1.539716482162475586e+00 3.656513690948486328e+00 -1.120050525665283203e+01
-1.227342724800109863e+00 3.511225938796997070e+00 -1.106481552124023438e+01
-3.825888633728027344e+00 4.857686519622802734e+00 -1.070670318603515625e+01
-2.046531915664672852e+00 4.184856414794921875e+00 -9.851636886596679688e+00
-3.106227219104766846e-01 3.484434604644775391e+00 -9.967562675476074219e+00
-2.158949613571166992e+00 4.563025474548339844e+00 -6.121498584747314453e+00
5.319445610046386719e+00 3.469325065612792969e+00 2.370183467864990234e+00
6.089291095733642578e+00 3.422909498214721680e+00 1.794410943984985352e+00
1.965654611587524414e+00 7.071051597595214844e-01 -1.028778362274169922e+01
-5.162224173545837402e-01 2.798224687576293945e+00 -1.161661815643310547e+01
4.423269033432006836e-01 2.528177976608276367e+00 -1.077041530609130859e+01
