1.562940478324890137e+00 -4.934159755706787109e+00 -2.717362642288208008e+00
2.280719995498657227e+00 -4.781891822814941406e+00 -1.930893063545227051e+00
1.518017411231994629e+00 -4.788237571716308594e+00 -2.314132213592529297e+00
-5.068891525268554688e+00 -8.108632087707519531e+00 -7.822116851806640625e+00
-4.999428272247314453e+00 -8.061762809753417969e+00 -1.156811809539794922e+01
-4.184979915618896484e+00 -8.320258140563964844e+00 -9.419840812683105469e+00
-7.270937442779541016e+00 -7.468688488006591797e+00 -7.058020114898681641e+00
-7.775227069854736328e+00 -7.351293087005615234e+00 -7.966475009918212891e+00
-5.692531585693359375e+00 -8.129080772399902344e+00 -9.823425292968750000e+00
-6.220905303955078125e+00 -7.998164176940917969e+00 -9.060813903808593750e+00
-6.480430126190185547e+00 -7.345509529113769531e+00 -1.205428886413574219e+01
-8.411170959472656250e+00 -6.366320610046386719e+00 -1.057427024841308594e+01
-8.333559989929199219e+00 -6.189651012420654297e+00 -1.129338455200195312e+01
-9.644017219543457031e+00 -5.269621372222900391e+00 -8.360328674316406250e+00
-1.005352592468261719e+01 -4.328100681304931641e+00 -8.713955879211425781e+00
-9.589936256408691406e+00 -4.645416259765625000e+00 -1.086615753173828125e+01
-8.220056533813476562e+00 -6.690832614898681641e+00 -5.445054531097412109e+00
-9.067612648010253906e+00 -6.092256546020507812e+00 -4.929422855377197266e+00
-7.968877792358398438e+00 -5.746175765991210938e+00 -3.404067039489746094e+00
-8.497012138366699219e+00 -5.228327751159667969e+00 -2.225805521011352539e+00
-6.958275794982910156e+00 -5.440191745758056641e+00 -3.112215518951416016e+00
-2.592178583145141602e+00 -5.026947498321533203e+00 -1.551580071449279785e+00
-3.372154235839843750e+00 -4.879829883575439453e+00 -5.839421153068542480e-01
-1.437693119049072266e+00 -4.985550880432128906e+00 -2.429191321134567261e-01
-7.377999782562255859e+00 -3.212822437286376953e+00 2.311782360076904297e+00
-5.354441165924072266e+00 -3.511713027954101562e+00 1.277981042861938477e+00
-3.859849929809570312e+00 -5.066488742828369141e+00 -2.138043880462646484e+00
-7.304405689239501953e+00 -4.796393394470214844e+00 -1.626668214797973633e+00
-6.307303428649902344e+00 -5.166690349578857422e+00 -2.787174940109252930e+00
-3.738424062728881836e+00 -4.414691925048828125e+00 1.341479867696762085e-01
-4.767910480499267578e+00 -7.278747081756591797e+00 -5.295000553131103516e+00
-4.545114517211914062e+00 -6.497362613677978516e+00 -4.091545104980468750e+00
-2.280156850814819336e+00 -7.656194686889648438e+00 -6.417673587799072266e+00
-2.884249210357666016e+00 -7.167186737060546875e+00 -5.068462848663330078e+00
-2.214432716369628906e+00 -7.178254127502441406e+00 -5.300361156463623047e+00
-1.355376482009887695e+00 -6.802009582519531250e+00 -5.045375823974609375e+00
-2.779181003570556641e+00 -6.776034355163574219e+00 -4.441565513610839844e+00
-5.267312526702880859e+00 -6.850755214691162109e+00 -4.678943634033203125e+00
-6.153628349304199219e+00 -7.666703224182128906e+00 -6.741868019104003906e+00
-8.705147743225097656e+00 -6.652675628662109375e+00 -6.454040527343750000e+00
-1.415433764457702637e+00 -4.974840641021728516e+00 -1.841369271278381348e+00
-9.328843951225280762e-01 -5.037517547607421875e+00 -2.281899213790893555e+00
-2.239987134933471680e+00 -5.119361877441406250e+00 -2.027631998062133789e+00
-3.479307889938354492e-01 -5.081231117248535156e+00 -1.204206228256225586e+00
6.378867030143737793e-01 -4.617053031921386719e+00 -1.604286313056945801e+00
-8.129001259803771973e-01 -5.403676986694335938e+00 -3.023202419281005859e+00
-6.676904391497373581e-03 -5.500582695007324219e+00 -3.347264289855957031e+00
6.099594831466674805e-01 -4.762896060943603516e+00 -2.130812883377075195e+00
-9.515443801879882812e+00 -4.812520027160644531e+00 -2.044122219085693359e+00
-9.940266609191894531e+00 -4.891105651855468750e+00 -4.679278373718261719e+00
-9.352985382080078125e+00 -5.581823825836181641e+00 -3.829850673675537109e+00
-1.019640541076660156e+01 -3.759528398513793945e+00 -3.285763740539550781e+00
-1.032144832611083984e+01 -3.587023735046386719e+00 -4.714036464691162109e+00
-9.119846343994140625e+00 -4.087540626525878906e+00 3.100755214691162109e-01
-9.781010627746582031e+00 -4.174826145172119141e+00 -1.406672835350036621e+00
-9.820401191711425781e+00 -3.231668472290039062e+00 -2.783941030502319336e-01
-9.598527908325195312e+00 -2.926857471466064453e+00 9.040979146957397461e-01
-9.111900329589843750e+00 -2.722374677658081055e+00 2.167803764343261719e+00
-9.278545379638671875e+00 -1.630099058151245117e+00 1.270468711853027344e+00
-1.017247676849365234e+01 -2.694872617721557617e+00 -2.523477554321289062e+00
-1.009647178649902344e+01 -1.609169721603393555e+00 -2.652595520019531250e+00
-9.463712692260742188e+00 -1.294089674949645996e+00 -8.879383206367492676e-01
-7.936231136322021484e+00 -4.186200797557830811e-01 -6.465207338333129883e-01
-1.006243419647216797e+01 -4.635091781616210938e+00 -5.544675350189208984e+00
-1.034989643096923828e+01 -3.653393507003784180e+00 -5.421566486358642578e+00
-1.053556442260742188e+01 -2.259018421173095703e+00 -5.300482749938964844e+00
-1.059363746643066406e+01 -2.100478410720825195e+00 -5.870657444000244141e+00
-1.008342933654785156e+01 -6.588711738586425781e-01 -5.354106426239013672e+00
-1.059158706665039062e+01 -2.845857381820678711e+00 -7.960955142974853516e+00
-1.071167659759521484e+01 -1.949043631553649902e+00 -8.886458396911621094e+00
-1.060043811798095703e+01 -8.147798180580139160e-01 -8.517333030700683594e+00
-9.950741767883300781e+00 -3.331044614315032959e-01 -6.706117153167724609e+00
-8.383307456970214844e+00 -2.025881856679916382e-01 -2.253622531890869141e+00
-6.927378654479980469e+00 1.702192306518554688e+00 -3.687516212463378906e+00
-9.015735626220703125e+00 3.855372369289398193e-01 -6.203652381896972656e+00
-7.577141284942626953e+00 1.440078377723693848e+00 -4.989453315734863281e+00
1.338372802734375000e+01 -4.718803405761718750e+00 4.099158763885498047e+00
1.358995437622070312e+01 -6.086166858673095703e+00 6.786973476409912109e-01
1.309467983245849609e+01 -5.815481662750244141e+00 1.324326395988464355e+00
1.498991775512695312e+01 -5.639000415802001953e+00 1.788396596908569336e+00
1.490750122070312500e+01 -4.577560424804687500e+00 2.784794092178344727e+00
1.203847789764404297e+01 -5.354484558105468750e+00 2.551628589630126953e+00
4.495436191558837891e+00 -9.493256807327270508e-01 4.794496536254882812e+00
5.412524223327636719e+00 -4.850608110427856445e-01 5.843204021453857422e+00
6.653528690338134766e+00 -4.858434200286865234e+00 -1.684458971023559570e+00
8.922187805175781250e+00 -6.271091461181640625e+00 -1.269739389419555664e+00
8.133086204528808594e+00 -6.188392639160156250e+00 -1.108722090721130371e+00
7.457829475402832031e+00 -6.261232852935791016e+00 -5.126250982284545898e-01
2.551967620849609375e+00 -5.420616149902343750e+00 4.065051972866058350e-01
4.297218322753906250e+00 -4.717248916625976562e+00 -1.508699417114257812e+00
5.170147895812988281e+00 -5.113627910614013672e+00 -1.180436491966247559e+00
2.313096284866333008e+00 -4.290239334106445312e+00 -1.270381689071655273e+00
4.117555141448974609e+00 -4.743625164031982422e+00 -1.286320090293884277e+00
5.110541343688964844e+00 -5.574286937713623047e+00 2.136331945657730103e-01
5.808016777038574219e+00 -5.991788387298583984e+00 -6.218202710151672363e-01
3.097106933593750000e+00 -5.496537685394287109e+00 -5.874348878860473633e-01
9.485804557800292969e+00 -5.043182373046875000e+00 2.980958700180053711e+00
1.017196655273437500e+01 -4.303054332733154297e+00 4.601552009582519531e+00
1.003358364105224609e+01 -4.637815475463867188e+00 4.100469589233398438e+00
8.861421585083007812e+00 -3.632235527038574219e+00 5.053362369537353516e+00
8.952796936035156250e+00 -4.865135192871093750e+00 3.080349206924438477e+00
9.037356376647949219e+00 -5.865599155426025391e+00 1.388466119766235352e+00
8.689855575561523438e+00 -6.083413124084472656e+00 9.159405231475830078e-01
5.571582317352294922e+00 -1.105360746383666992e+00 3.860244035720825195e+00
6.178975582122802734e+00 -3.622187376022338867e+00 2.344628334045410156e+00
5.599384784698486328e+00 -3.933245182037353516e+00 1.843779563903808594e+00
4.535016059875488281e+00 -1.836530804634094238e+00 3.014760971069335938e+00
4.654109954833984375e+00 -1.362385272979736328e+00 3.617031335830688477e+00
6.937149047851562500e+00 -2.260329008102416992e+00 4.162950515747070312e+00
6.806203365325927734e+00 -1.583743810653686523e+00 5.275364875793457031e+00
6.547652244567871094e+00 -5.446260452270507812e+00 9.198846817016601562e-01
1.236685180664062500e+01 -3.367727756500244141e+00 5.347660541534423828e+00
1.410987949371337891e+01 -3.779601335525512695e+00 4.087593555450439453e+00
1.297706604003906250e+01 -2.540241718292236328e+00 4.438549041748046875e+00
1.377572822570800781e+01 -2.666929006576538086e+00 2.844477653503417969e+00
8.054913520812988281e+00 -2.402783632278442383e+00 6.376993656158447266e+00
7.616394042968750000e+00 -1.965279340744018555e+00 6.340150833129882812e+00
4.416260719299316406e+00 -1.503723114728927612e-01 6.669197082519531250e+00
9.946189880371093750e+00 -3.468511343002319336e+00 6.073423385620117188e+00
1.069833564758300781e+01 -2.095794200897216797e+00 5.999917984008789062e+00
1.105463886260986328e+01 -1.686860561370849609e+00 5.090431690216064453e+00
8.907656669616699219e+00 -9.620662927627563477e-01 6.074357986450195312e+00
9.225893974304199219e+00 -6.370475292205810547e-01 5.148890972137451172e+00
1.136337471008300781e+01 -1.545669913291931152e+00 4.166109085083007812e+00
1.162777137756347656e+01 -1.397903323173522949e+00 3.207668066024780273e+00
6.824172973632812500e+00 -1.012016296386718750e+00 6.072358131408691406e+00
7.954196929931640625e+00 -5.048168897628784180e-01 6.001719474792480469e+00
7.181746006011962891e+00 3.872820436954498291e-01 5.507023811340332031e+00
6.433294773101806641e+00 2.006423771381378174e-01 5.825675487518310547e+00
5.823703765869140625e+00 1.397663354873657227e+00 5.573818683624267578e+00
8.219784736633300781e+00 6.949321627616882324e-01 4.279963970184326172e+00
5.888612270355224609e+00 2.603783369064331055e+00 4.244114398956298828e+00
6.260648250579833984e+00 2.602898120880126953e+00 3.712969779968261719e+00
-2.127672672271728516e+00 -2.789622545242309570e+00 3.771714210510253906e+00
-1.519724488258361816e+00 -3.788131952285766602e+00 1.658886671066284180e+00
-1.474752902984619141e+00 -4.639300823211669922e+00 3.846990168094635010e-01
-1.611167788505554199e+00 -2.847807645797729492e+00 3.493048191070556641e+00
-2.359149605035781860e-01 -2.646059989929199219e+00 2.373735189437866211e+00
-5.070539951324462891e+00 -3.475942134857177734e+00 1.469641447067260742e+00
-4.357306480407714844e+00 -3.313541889190673828e+00 2.204098939895629883e+00
-5.803193092346191406e+00 -2.597621679306030273e+00 3.393934488296508789e+00
-5.276930809020996094e+00 -3.017981290817260742e+00 2.537906885147094727e+00
-4.091784477233886719e+00 -2.824555873870849609e+00 3.381736516952514648e+00
-2.755209445953369141e+00 -1.616984605789184570e+00 4.878373622894287109e+00
-5.651452541351318359e+00 -1.268181800842285156e+00 4.708996295928955078e+00
-5.347901821136474609e+00 -7.370409965515136719e-01 4.909297466278076172e+00
2.576539516448974609e+00 -1.633296728134155273e+00 3.616504192352294922e+00
1.394736766815185547e+00 -8.463116884231567383e-01 4.120062351226806641e+00
-5.039657279849052429e-02 -1.172926664352416992e+00 3.658353805541992188e+00
1.110881447792053223e+00 -2.775131464004516602e-01 4.660705089569091797e+00
2.599563837051391602e+00 -9.165627956390380859e-01 5.225443840026855469e+00
3.646603345870971680e+00 -3.804001212120056152e-01 6.548750400543212891e+00
1.146001219749450684e+00 8.184744119644165039e-01 5.383592605590820312e+00
-3.222116470336914062e+00 -1.388540863990783691e+00 5.009078025817871094e+00
-4.241860389709472656e+00 3.000316917896270752e-01 5.010018348693847656e+00
-2.744376182556152344e+00 5.651476383209228516e-01 5.131275653839111328e+00
-1.160789847373962402e+00 1.610598444938659668e+00 4.394384860992431641e+00
-3.885297775268554688e+00 1.018348217010498047e+00 4.046438694000244141e+00
-3.823951482772827148e+00 1.424506306648254395e+00 2.888592958450317383e+00
-1.747287511825561523e-01 -5.088503360748291016e+00 -8.812130987644195557e-02
3.012335002422332764e-01 -4.947780132293701172e+00 -1.225023567676544189e-01
8.183744549751281738e-01 -4.960214138031005859e+00 3.001387789845466614e-02
1.652515053749084473e+00 -3.784575700759887695e+00 1.411338210105895996e+00
1.482820391654968262e+00 -4.991322040557861328e+00 5.804034471511840820e-01
1.631365299224853516e+00 -3.765880584716796875e+00 -1.365278124809265137e+00
1.903871536254882812e+00 -2.591184854507446289e+00 2.333057165145874023e+00
2.340927362442016602e+00 1.642607569694519043e+00 5.539108276367187500e+00
2.917783498764038086e+00 2.656630992889404297e+00 4.230998516082763672e+00
2.626702785491943359e+00 3.019265890121459961e+00 3.005142688751220703e+00
-8.578808307647705078e-01 2.480587244033813477e+00 2.612469196319580078e+00
-6.508973836898803711e-01 1.939772129058837891e+00 4.155126094818115234e+00
5.863363742828369141e-01 2.560040235519409180e+00 3.232704401016235352e+00
-1.729655504226684570e+00 3.174672126770019531e+00 1.084457337856292725e-01
-7.584186553955078125e+00 -2.461626052856445312e+00 3.555415630340576172e+00
-7.326767921447753906e+00 -1.426776409149169922e+00 4.217051982879638672e+00
-7.959212779998779297e+00 -8.157279491424560547e-01 2.907660245895385742e+00
-6.809780120849609375e+00 -1.162744641304016113e+00 4.462261676788330078e+00
-7.013334274291992188e+00 -3.699033558368682861e-01 3.059603214263916016e+00
-6.419722080230712891e+00 1.880937665700912476e-01 1.420099496841430664e+00
-6.218736171722412109e+00 1.389898210763931274e-01 2.391226530075073242e+00
-6.924257278442382812e+00 2.279631942510604858e-01 -8.150940537452697754e-01
-3.746138572692871094e+00 1.652649760246276855e+00 1.846928954124450684e+00
-5.362112045288085938e+00 2.015746116638183594e+00 -1.993426799774169922e+00
-3.651081085205078125e+00 3.036295890808105469e+00 -1.666209578514099121e+00
3.485482215881347656e+00 9.124287366867065430e-01 6.391267299652099609e+00
3.043785095214843750e+00 2.008442163467407227e+00 5.365161418914794922e+00
3.918568372726440430e+00 2.506559848785400391e+00 4.839216709136962891e+00
4.602705001831054688e+00 3.029661655426025391e+00 3.801879405975341797e+00
3.902618885040283203e+00 3.340553045272827148e+00 2.963058233261108398e+00
7.763215541839599609e+00 -4.912872791290283203e+00 -3.981399536132812500e+00
2.378952741622924805e+00 -5.077196598052978516e+00 -3.056235313415527344e+00
5.497864723205566406e+00 -4.748562335968017578e+00 -2.532258987426757812e+00
6.323758125305175781e+00 -4.698792934417724609e+00 -2.983626365661621094e+00
3.035299062728881836e+00 -5.017085552215576172e+00 -2.939211368560791016e+00
2.091490507125854492e+00 -5.933428764343261719e+00 -5.252761840820312500e+00
2.626489400863647461e+00 -5.809858798980712891e+00 -6.254817485809326172e+00
3.890100240707397461e+00 -5.142658710479736328e+00 -5.601045131683349609e+00
5.925046920776367188e+00 -4.823196887969970703e+00 -3.740681886672973633e+00
7.160537242889404297e+00 -4.970794200897216797e+00 -4.084367275238037109e+00
2.442531108856201172e+00 -5.621471881866455078e+00 -8.459533691406250000e+00
8.317340850830078125e+00 -4.979683399200439453e+00 -6.030996799468994141e+00
3.299073219299316406e+00 -5.332455158233642578e+00 -7.118165493011474609e+00
3.711038351058959961e+00 -4.723324775695800781e+00 -7.901058673858642578e+00
6.288383483886718750e+00 -5.076729774475097656e+00 -5.387001037597656250e+00
7.404829978942871094e+00 -4.934628486633300781e+00 -6.343822479248046875e+00
5.873821735382080078e+00 -4.180150508880615234e+00 -7.258164882659912109e+00
7.527571678161621094e+00 -4.032938957214355469e+00 -7.381555080413818359e+00
5.584557056427001953e+00 -3.864293336868286133e+00 -7.632559776306152344e+00
5.155980587005615234e+00 -2.838073015213012695e+00 -8.644849777221679688e+00
5.231693744659423828e+00 -2.078693628311157227e+00 -8.896883010864257812e+00
-3.349513053894042969e+00 -7.970263004302978516e+00 -1.205628871917724609e+01
-3.131592273712158203e+00 -8.214304924011230469e+00 -1.051714611053466797e+01
-3.961317062377929688e+00 -7.543900966644287109e+00 -1.315950679779052734e+01
-1.581990838050842285e+00 -6.563220024108886719e+00 -1.324213790893554688e+01
-3.556966543197631836e+00 -6.334349155426025391e+00 -1.445953083038330078e+01
-3.375511169433593750e+00 -5.281273841857910156e+00 -1.519159317016601562e+01
-6.630909919738769531e+00 -6.538512706756591797e+00 -1.317146015167236328e+01
-7.072586536407470703e+00 -6.214807033538818359e+00 -1.318884277343750000e+01
-7.758852958679199219e+00 -5.234863758087158203e+00 -1.367552661895751953e+01
-5.719523429870605469e+00 -7.132799625396728516e+00 -1.307821273803710938e+01
-8.474654197692871094e+00 -5.367183208465576172e+00 -1.256425666809082031e+01
-7.364482402801513672e+00 -4.566601276397705078e+00 -1.457349205017089844e+01
-4.151460647583007812e+00 -5.535118579864501953e+00 -1.502821731567382812e+01
-5.996177196502685547e+00 -4.382938861846923828e+00 -1.525642013549804688e+01
-2.711804866790771484e+00 -5.387873649597167969e+00 -1.501315689086914062e+01
-2.177537918090820312e+00 -4.295671463012695312e+00 -1.536876583099365234e+01
-3.723418474197387695e+00 -3.715779066085815430e+00 -1.575131225585937500e+01
-2.790711879730224609e+00 -3.186765670776367188e+00 -1.571525573730468750e+01
-4.990048885345458984e+00 -2.649283647537231445e+00 -1.593918418884277344e+01
-3.921097755432128906e+00 -1.504204750061035156e+00 -1.593499565124511719e+01
-9.302536010742187500e+00 -4.443598747253417969e+00 -1.222094154357910156e+01
-8.935177803039550781e+00 -4.002710819244384766e+00 -1.344573211669921875e+01
-9.912733078002929688e+00 -2.864796876907348633e+00 -1.234638404846191406e+01
-1.040198898315429688e+01 -1.439478993415832520e+00 -1.151950836181640625e+01
-8.549007415771484375e+00 -3.350151300430297852e+00 -1.436012554168701172e+01
-7.692105770111083984e+00 -2.967290639877319336e+00 -1.519737148284912109e+01
-9.822113037109375000e+00 -9.252091646194458008e-01 -1.328421401977539062e+01
-9.374554634094238281e+00 -3.272368609905242920e-01 -1.420466518402099609e+01
-8.486706733703613281e+00 -9.506444931030273438e-01 -1.507413291931152344e+01
-7.135542392730712891e+00 1.605860292911529541e-01 -1.577011489868164062e+01
-7.627096176147460938e+00 8.151289224624633789e-01 -1.553602790832519531e+01
-1.521673321723937988e+00 -7.557373046875000000e+00 -6.888508319854736328e+00
-4.210864901542663574e-01 -7.157846927642822266e+00 -8.632199287414550781e+00
7.480412721633911133e-02 -6.569478034973144531e+00 -5.591758728027343750e+00
6.197183132171630859e-01 -6.686603069305419922e+00 -6.758635044097900391e+00
-2.399978041648864746e-01 -6.930890083312988281e+00 -9.610999107360839844e+00
-5.095941945910453796e-02 -5.895195484161376953e+00 -1.240204048156738281e+01
1.353376746177673340e+00 -6.391362190246582031e+00 -6.420876979827880859e+00
2.020998477935791016e+00 -5.952736377716064453e+00 -8.192248344421386719e+00
-7.604532837867736816e-01 -5.087173461914062500e+00 -1.430373573303222656e+01
1.024503111839294434e+00 -4.963145256042480469e+00 -1.243823719024658203e+01
-1.230655074119567871e+00 -3.740011215209960938e+00 -1.520267295837402344e+01
-1.925245970487594604e-01 -3.007396221160888672e+00 -1.485976028442382812e+01
1.960019826889038086e+00 -5.053277015686035156e+00 -1.069840049743652344e+01
-1.088713169097900391e+00 -2.405749082565307617e+00 -1.528170871734619141e+01
-1.308114647865295410e+00 -1.697739839553833008e+00 -1.534090709686279297e+01
2.141452074050903320e+00 -3.536129236221313477e+00 -1.149314594268798828e+01
8.843571543693542480e-01 -1.870392918586730957e+00 -1.348740100860595703e+01
7.968002557754516602e-01 -1.144382715225219727e+00 -1.333446025848388672e+01
-2.606610774993896484e+00 -1.778780817985534668e+00 -1.569925403594970703e+01
-2.675916671752929688e+00 -8.095358014106750488e-01 -1.564143943786621094e+01
-5.084770679473876953e+00 4.542247056961059570e-01 -1.588853740692138672e+01
-2.886637449264526367e+00 1.007386326789855957e+00 -1.536767005920410156e+01
-2.164478540420532227e+00 1.174805879592895508e+00 -1.512487792968750000e+01
-4.976642429828643799e-01 1.150081872940063477e+00 -1.389099979400634766e+01
-2.882118940353393555e+00 2.080119371414184570e+00 -1.503587532043457031e+01
-2.465326070785522461e+00 2.789240121841430664e+00 -1.464780139923095703e+01
2.703281879425048828e+00 -3.967289447784423828e+00 -1.033845901489257812e+01
3.519328832626342773e+00 -2.608697175979614258e+00 -1.011340045928955078e+01
3.012726783752441406e+00 -1.846645832061767578e+00 -1.085425376892089844e+01
9.645045399665832520e-01 -2.806946635246276855e-01 -1.281444454193115234e+01
1.483007907867431641e+00 7.695628330111503601e-03 -1.211189937591552734e+01
2.349199295043945312e+00 -2.168816477060317993e-01 -1.122871589660644531e+01
1.081497669219970703e+00 4.181411862373352051e-01 -1.233750247955322266e+01
-1.051211738586425781e+01 -9.670943617820739746e-01 -1.099326801300048828e+01
-9.966865539550781250e+00 6.863564252853393555e-01 -1.292248535156250000e+01
-1.030143356323242188e+01 -1.604184322059154510e-02 -1.048695468902587891e+01
-1.007122516632080078e+01 -1.219294592738151550e-01 -9.024871826171875000e+00
-9.724259376525878906e+00 5.443959832191467285e-01 -1.002815818786621094e+01
-9.962119102478027344e+00 9.248000979423522949e-01 -1.155304527282714844e+01
-9.431280136108398438e+00 2.035016775131225586e+00 -1.278599262237548828e+01
-8.819317817687988281e+00 1.397090315818786621e+00 -9.343672752380371094e+00
-8.414403915405273438e+00 2.400774717330932617e+00 -1.037714958190917969e+01
-8.198090553283691406e+00 1.156696081161499023e+00 -6.072138786315917969e+00
-7.960536956787109375e+00 1.592987775802612305e+00 -7.152477264404296875e+00
-8.281753540039062500e+00 1.879655003547668457e+00 -8.739647865295410156e+00
-7.897018909454345703e+00 2.549618959426879883e+00 -9.734079360961914062e+00
-6.296335220336914062e+00 2.697690486907958984e+00 -7.680096626281738281e+00
-6.212001800537109375e+00 3.008400201797485352e+00 -8.163679122924804688e+00
-8.633769989013671875e+00 2.203269958496093750e+00 -1.429318809509277344e+01
-8.035881996154785156e+00 2.232325553894042969e+00 -1.473336887359619141e+01
-7.635881423950195312e+00 3.445860147476196289e+00 -1.351550197601318359e+01
-6.653665542602539062e+00 4.265611648559570312e+00 -1.313981819152832031e+01
-6.100246906280517578e+00 1.895646691322326660e+00 -1.547721290588378906e+01
-5.844708919525146484e+00 2.185249567031860352e+00 -1.532821083068847656e+01
-5.169211864471435547e+00 3.968591928482055664e+00 -1.412349987030029297e+01
-4.614040374755859375e+00 3.961378574371337891e+00 -1.425075340270996094e+01
-5.865544795989990234e+00 3.772413730621337891e+00 -1.412711811065673828e+01
-8.271924972534179688e+00 3.286341667175292969e+00 -1.224950408935546875e+01
-6.240653514862060547e+00 4.417107105255126953e+00 -1.238379573822021484e+01
-5.552811622619628906e+00 4.381402492523193359e+00 -1.074709987640380859e+01
-3.387516975402832031e+00 4.234510421752929688e+00 -1.349046611785888672e+01
-3.169799566268920898e+00 4.296963691711425781e+00 -1.287245178222656250e+01
-5.217836856842041016e+00 4.436636924743652344e+00 -1.222205924987792969e+01
-4.466870307922363281e+00 4.637313842773437500e+00 -1.232874393463134766e+01
-3.215856790542602539e+00 4.687610626220703125e+00 -1.144472980499267578e+01
-4.956556320190429688e+00 4.787722110748291016e+00 -1.085017299652099609e+01
-3.794042825698852539e+00 4.894547939300537109e+00 -1.117301940917968750e+01
-6.637323379516601562e+00 3.684612751007080078e+00 -1.050420475006103516e+01
-5.930676937103271484e+00 3.626292943954467773e+00 -9.035699844360351562e+00
3.059297561645507812e+00 -1.868045777082443237e-01 -1.030486965179443359e+01
-1.382553428411483765e-01 1.529732465744018555e+00 -1.287926673889160156e+01
-2.113491296768188477e+00 3.222162246704101562e+00 -1.359687423706054688e+01
9.962697029113769531e-01 8.033954501152038574e-01 -1.169079494476318359e+01
-1.053222179412841797e+00 2.885790348052978516e+00 -1.234034729003906250e+01
-2.712598562240600586e+00 3.846899271011352539e+00 -1.327274036407470703e+01
-1.649133205413818359e+00 3.648533105850219727e+00 -1.187731170654296875e+01
1.144527816772460938e+01 -6.506431102752685547e+00 -3.416020631790161133e+00
1.334741306304931641e+01 -6.632347106933593750e+00 -1.785969614982604980e+00
1.118254852294921875e+01 -6.450285911560058594e+00 -8.554012179374694824e-01
1.099009799957275391e+01 -6.461620330810546875e+00 -2.629401683807373047e+00
1.435348224639892578e+01 -6.918565750122070312e+00 -5.082993507385253906e+00
1.199465465545654297e+01 -6.561497211456298828e+00 -4.023664474487304688e+00
1.269794845581054688e+01 -6.540738582611083984e+00 -5.526579856872558594e+00
1.315643310546875000e+01 -6.841104507446289062e+00 -3.718508005142211914e+00
1.563673782348632812e+01 -6.978892803192138672e+00 -3.658684730529785156e+00
1.606669807434082031e+01 -5.917742729187011719e+00 -4.260446071624755859e+00
1.627231597900390625e+01 -6.414307594299316406e+00 -1.235904335975646973e+00
1.639251136779785156e+01 -5.638963699340820312e+00 -2.139872550964355469e+00
1.461326599121093750e+01 -6.477379322052001953e+00 -1.470728963613510132e-02
1.483575725555419922e+01 -6.883751392364501953e+00 -1.607708811759948730e+00
1.541921329498291016e+01 -6.072916507720947266e+00 8.811091780662536621e-01
1.492595767974853516e+01 -3.747438430786132812e+00 1.729691505432128906e+00
1.521567726135253906e+01 -4.044223785400390625e+00 7.144353389739990234e-01
1.444960212707519531e+01 -3.104726076126098633e+00 8.166143894195556641e-01
1.580653572082519531e+01 -4.871839046478271484e+00 -3.447607994079589844e+00
1.524322605133056641e+01 -3.995963096618652344e+00 -2.689574241638183594e+00
1.525841999053955078e+01 -3.880167961120605469e+00 -1.147921323776245117e+00
1.499421596527099609e+01 -3.559262990951538086e+00 -1.641457915306091309e+00
1.435345840454101562e+01 -2.755451917648315430e+00 -1.034917354583740234e+00
1.379993057250976562e+01 -6.714085578918457031e+00 -6.303286552429199219e+00
1.523768234252929688e+01 -5.921949386596679688e+00 -6.613935947418212891e+00
1.235535049438476562e+01 -6.425771713256835938e+00 -6.711332798004150391e+00
1.289183044433593750e+01 -5.890917778015136719e+00 -7.504914760589599609e+00
1.592109966278076172e+01 -5.819631576538085938e+00 -5.714492321014404297e+00
1.559390354156494141e+01 -5.060455322265625000e+00 -6.012665271759033203e+00
1.501924324035644531e+01 -4.389850139617919922e+00 -5.624392986297607422e+00
1.323474884033203125e+01 -5.495750427246093750e+00 -7.371176242828369141e+00
1.260789299011230469e+01 -4.939777851104736328e+00 -6.680088520050048828e+00
1.347161388397216797e+01 -4.450907707214355469e+00 -6.171897411346435547e+00
1.359583854675292969e+01 -3.357056617736816406e+00 -5.028385639190673828e+00
1.498980426788330078e+01 -3.684981584548950195e+00 -2.929981708526611328e+00
1.490335083007812500e+01 -3.714636564254760742e+00 -4.595376968383789062e+00
1.433917903900146484e+01 -2.874854326248168945e+00 -3.850522041320800781e+00
1.017064666748046875e+01 -5.997616767883300781e+00 -2.775756359100341797e+00
6.994884967803955078e+00 -4.767626762390136719e+00 -2.386137247085571289e+00
7.282056808471679688e+00 -4.840543270111083984e+00 -1.960993647575378418e+00
6.846289634704589844e+00 -4.706946849822998047e+00 -2.947373390197753906e+00
1.049415588378906250e+01 -6.288807868957519531e+00 -2.371325731277465820e+00
9.018978118896484375e+00 -5.532030582427978516e+00 -1.968458294868469238e+00
7.956610202789306641e+00 -5.104051113128662109e+00 -1.595762729644775391e+00
9.602586746215820312e+00 -5.521995544433593750e+00 -3.465504884719848633e+00
9.955986976623535156e+00 -5.530477046966552734e+00 -4.699288845062255859e+00
8.333581924438476562e+00 -4.985748767852783203e+00 -3.985204458236694336e+00
1.356163215637207031e+01 -2.070415019989013672e+00 -1.857218593358993530e-01
1.223149204254150391e+01 -7.003080248832702637e-01 -1.143221020698547363e+00
1.096307086944580078e+01 -5.938178539276123047e+00 -5.538966178894042969e+00
1.101777076721191406e+01 -5.400904655456542969e+00 -6.077955722808837891e+00
9.593142509460449219e+00 -5.058482170104980469e+00 -5.230164051055908203e+00
1.170445823669433594e+01 -4.679836273193359375e+00 -6.230794429779052734e+00
9.174703598022460938e+00 -4.308638572692871094e+00 -6.441424846649169922e+00
1.039235019683837891e+01 -3.526441097259521484e+00 -5.904735088348388672e+00
1.245865440368652344e+01 -3.660643100738525391e+00 -5.523242473602294922e+00
1.063872528076171875e+01 -3.181028604507446289e+00 -5.711416721343994141e+00
1.065959548950195312e+01 -2.254581451416015625e+00 -5.295266151428222656e+00
8.535288810729980469e+00 -3.674417495727539062e+00 -7.046873569488525391e+00
9.044201850891113281e+00 -3.071989774703979492e+00 -6.590093135833740234e+00
8.050536155700683594e+00 -2.025133609771728516e+00 -6.910554885864257812e+00
1.039420604705810547e+01 -1.592343449592590332e+00 -5.143977165222167969e+00
8.250527381896972656e+00 -1.696756958961486816e+00 -6.649529457092285156e+00
8.740126609802246094e+00 -4.732207953929901123e-01 -5.854276180267333984e+00
7.280425071716308594e+00 -1.552257090806961060e-01 -6.920446872711181641e+00
1.323954677581787109e+01 -2.110995292663574219e+00 -4.142516136169433594e+00
1.345082569122314453e+01 -1.604820609092712402e+00 -2.056184768676757812e+00
1.315900325775146484e+01 -1.317544460296630859e+00 -3.234929561614990234e+00
1.238703536987304688e+01 -3.795360624790191650e-01 -2.332181453704833984e+00
1.200794219970703125e+01 -1.087708324193954468e-01 -2.905520200729370117e+00
1.238635158538818359e+01 -1.900597333908081055e+00 -4.427665710449218750e+00
1.118713283538818359e+01 -1.222852587699890137e+00 -4.531778812408447266e+00
1.146050262451171875e+01 -5.695096850395202637e-01 -3.916543006896972656e+00
1.019305706024169922e+01 1.640567183494567871e+00 -1.795402169227600098e+00
9.290037155151367188e+00 2.421829462051391602e+00 -2.926043033599853516e+00
9.328818321228027344e+00 2.324355363845825195e+00 -3.379030704498291016e+00
8.577982902526855469e+00 2.979971408843994141e+00 -2.391080617904663086e+00
1.019726562500000000e+01 -9.054369330406188965e-01 -5.023133754730224609e+00
1.062800693511962891e+01 3.032632470130920410e-01 -4.146053314208984375e+00
8.362869262695312500e+00 1.364085823297500610e-01 -5.860337257385253906e+00
7.016239643096923828e+00 9.929329752922058105e-01 -6.430816650390625000e+00
1.408070087432861328e+01 -2.934742450714111328e+00 2.290941715240478516e+00
1.262967014312744141e+01 -1.924595475196838379e+00 2.637107133865356445e+00
1.137210273742675781e+01 -4.595729708671569824e-01 1.233334302902221680e+00
1.153693199157714844e+01 -3.593924045562744141e-01 1.494984626770019531e-01
1.010708522796630859e+01 9.235663712024688721e-02 2.868166923522949219e+00
8.962561607360839844e+00 1.383653879165649414e+00 2.480110406875610352e+00
9.559400558471679688e+00 1.067374944686889648e+00 1.926773905754089355e+00
7.415360450744628906e+00 2.385835409164428711e+00 2.894926071166992188e+00
7.201978206634521484e+00 2.967382669448852539e+00 1.777862906455993652e+00
9.927008628845214844e+00 1.227560997009277344e+00 2.502670586109161377e-01
1.013198661804199219e+01 1.540312290191650391e+00 -1.086345553398132324e+00
8.021403312683105469e+00 2.816752910614013672e+00 3.813771009445190430e-01
3.351263523101806641e+00 4.274183273315429688e+00 -3.525839745998382568e-01
6.247994422912597656e+00 3.700897216796875000e+00 2.762719392776489258e-01
5.481971263885498047e+00 4.064395904541015625e+00 -2.234702348709106445e+00
3.670894861221313477e+00 4.392645359039306641e+00 -6.910415887832641602e-01
2.847467184066772461e+00 3.822487354278564453e+00 -2.460088729858398438e+00
2.964021682739257812e+00 3.517914295196533203e+00 -3.331476211547851562e+00
-9.875497221946716309e-01 3.795529842376708984e+00 -7.647530436515808105e-01
2.152800083160400391e+00 3.151489496231079102e+00 -4.388723373413085938e+00
1.043279934674501419e-02 4.163219928741455078e+00 -3.143391847610473633e+00
3.087888360023498535e-01 3.712335586547851562e+00 -4.699041843414306641e+00
2.381196022033691406e+00 3.810978412628173828e+00 -2.568368673324584961e+00
5.103093624114990234e+00 -8.679968118667602539e-01 -8.895786285400390625e+00
2.946831703186035156e+00 3.162715137004852295e-01 -9.609807014465332031e+00
5.069043159484863281e+00 5.230824351310729980e-01 -8.118518829345703125e+00
3.647926568984985352e+00 5.745155215263366699e-01 -8.972019195556640625e+00
2.526027917861938477e+00 5.072392821311950684e-01 -9.802198410034179688e+00
1.547677397727966309e+00 1.853561043739318848e+00 -9.913282394409179688e+00
3.320300877094268799e-01 3.153393745422363281e+00 -9.158330917358398438e+00
1.129079982638359070e-01 3.006106615066528320e+00 -1.045887565612792969e+01
5.665088176727294922e+00 2.828920602798461914e+00 -4.862062931060791016e+00
6.174696445465087891e+00 1.909577608108520508e+00 -6.099379539489746094e+00
4.709216594696044922e+00 2.710866451263427734e+00 -5.252570629119873047e+00
4.810607910156250000e+00 2.415810108184814453e+00 -5.968583583831787109e+00
6.619430065155029297e+00 3.787892580032348633e+00 -2.729285955429077148e+00
6.591380119323730469e+00 1.298423647880554199e+00 -6.434089183807373047e+00
5.725638866424560547e+00 1.697069764137268066e+00 -6.614627838134765625e+00
4.873102664947509766e+00 1.808645606040954590e+00 -7.048147201538085938e+00
2.743363142013549805e+00 2.863289594650268555e+00 -5.066061973571777344e+00
2.822659015655517578e+00 2.102164268493652344e+00 -7.363002300262451172e+00
2.033808469772338867e+00 2.338484764099121094e+00 -6.813628196716308594e+00
9.731902927160263062e-02 3.306642055511474609e+00 -6.272220134735107422e+00
2.743284404277801514e-01 2.963790178298950195e+00 -7.759634494781494141e+00
3.048727214336395264e-01 3.036313533782958984e+00 -8.138475418090820312e+00
-3.300166606903076172e+00 3.400126218795776367e+00 -2.583790779113769531e+00
-5.631464481353759766e+00 3.066969633102416992e+00 -7.733586311340332031e+00
-4.808699131011962891e+00 3.488476991653442383e+00 -7.636803627014160156e+00
-4.257851600646972656e+00 3.354596376419067383e+00 -6.675399780273437500e+00
-2.168765068054199219e+00 3.289616584777832031e+00 -2.299246490001678467e-01
-1.892778038978576660e+00 3.759095668792724609e+00 -1.352770328521728516e+00
-1.529304504394531250e+00 4.097493171691894531e+00 -2.469273090362548828e+00
-1.353518486022949219e+00 4.392809391021728516e+00 -3.695034265518188477e+00
-1.181572675704956055e+00 4.403091907501220703e+00 -4.987663269042968750e+00
-4.800484180450439453e+00 4.084601879119873047e+00 -8.505058288574218750e+00
-4.504647731781005859e+00 4.561295509338378906e+00 -9.025059700012207031e+00
-1.980653166770935059e+00 4.465720653533935547e+00 -7.511328220367431641e+00
-3.349857807159423828e+00 4.462835788726806641e+00 -8.332080841064453125e+00
-1.540478110313415527e+00 3.656556844711303711e+00 -1.119998264312744141e+01
-1.227656960487365723e+00 3.511726379394531250e+00 -1.106426429748535156e+01
-3.826937913894653320e+00 4.857490539550781250e+00 -1.070589923858642578e+01
-2.047528028488159180e+00 4.184673309326171875e+00 -9.851016044616699219e+00
-3.107841908931732178e-01 3.484839916229248047e+00 -9.967068672180175781e+00
-2.158684730529785156e+00 4.564033031463623047e+00 -6.120762348175048828e+00
5.334843158721923828e+00 3.494431972503662109e+00 2.374958992004394531e+00
6.102276325225830078e+00 3.440687179565429688e+00 1.792518734931945801e+00
1.966698288917541504e+00 7.083609104156494141e-01 -1.028844928741455078e+01
-5.160532593727111816e-01 2.798948049545288086e+00 -1.161657524108886719e+01
4.425041973590850830e-01 2.528957128524780273e+00 -1.077044200897216797e+01
