1.561205267906188965e+00 -4.937152862548828125e+00 -2.713626623153686523e+00
2.278083086013793945e+00 -4.788144588470458984e+00 -1.924491047859191895e+00
1.515119791030883789e+00 -4.794542789459228516e+00 -2.308825969696044922e+00
-5.068981647491455078e+00 -8.108447074890136719e+00 -7.822422504425048828e+00
-4.999324321746826172e+00 -8.062079429626464844e+00 -1.156797885894775391e+01
-4.185030937194824219e+00 -8.321194648742675781e+00 -9.419692993164062500e+00
-7.271194934844970703e+00 -7.468560218811035156e+00 -7.059186935424804688e+00
-7.775106430053710938e+00 -7.350778102874755859e+00 -7.967461585998535156e+00
-5.692326068878173828e+00 -8.129239082336425781e+00 -9.823815345764160156e+00
-6.220751285552978516e+00 -7.997642517089843750e+00 -9.061851501464843750e+00
-6.480591773986816406e+00 -7.346054077148437500e+00 -1.205459499359130859e+01
-8.410460472106933594e+00 -6.367550373077392578e+00 -1.057622528076171875e+01
-8.332859039306640625e+00 -6.190808296203613281e+00 -1.129408168792724609e+01
-9.642351150512695312e+00 -5.266295909881591797e+00 -8.363202095031738281e+00
-1.005162811279296875e+01 -4.325074672698974609e+00 -8.715021133422851562e+00
-9.587637901306152344e+00 -4.644639968872070312e+00 -1.086748123168945312e+01
-8.220193862915039062e+00 -6.690342426300048828e+00 -5.445832252502441406e+00
-9.067420959472656250e+00 -6.091447353363037109e+00 -4.930765628814697266e+00
-7.968338966369628906e+00 -5.745102405548095703e+00 -3.405169010162353516e+00
-8.497084617614746094e+00 -5.228386402130126953e+00 -2.226811647415161133e+00
-6.958446025848388672e+00 -5.440306186676025391e+00 -3.112839460372924805e+00
-2.594379186630249023e+00 -5.031971454620361328e+00 -1.549176812171936035e+00
-3.374655485153198242e+00 -4.882567405700683594e+00 -5.839600563049316406e-01
-1.442062377929687500e+00 -4.996890068054199219e+00 -2.383957803249359131e-01
-7.379601478576660156e+00 -3.213324069976806641e+00 2.311225891113281250e+00
-5.356036663055419922e+00 -3.513343095779418945e+00 1.278298497200012207e+00
-3.860649347305297852e+00 -5.068409442901611328e+00 -2.137501716613769531e+00
-7.304477214813232422e+00 -4.796487331390380859e+00 -1.626979827880859375e+00
-6.307828903198242188e+00 -5.166969299316406250e+00 -2.787055015563964844e+00
-3.739711284637451172e+00 -4.415407180786132812e+00 1.336089819669723511e-01
-4.768326759338378906e+00 -7.279034137725830078e+00 -5.294942378997802734e+00
-4.545776367187500000e+00 -6.498339176177978516e+00 -4.091426849365234375e+00
-2.280442953109741211e+00 -7.655982971191406250e+00 -6.417073249816894531e+00
-2.884889125823974609e+00 -7.168114662170410156e+00 -5.067284107208251953e+00
-2.214587211608886719e+00 -7.178017616271972656e+00 -5.299176692962646484e+00
-1.356234073638916016e+00 -6.803012847900390625e+00 -5.044265270233154297e+00
-2.779868841171264648e+00 -6.777503967285156250e+00 -4.440069675445556641e+00
-5.267852306365966797e+00 -6.850573062896728516e+00 -4.679179668426513672e+00
-6.154137134552001953e+00 -7.666779518127441406e+00 -6.742263793945312500e+00
-8.704753875732421875e+00 -6.650793075561523438e+00 -6.455275535583496094e+00
-1.417340397834777832e+00 -4.983754158020019531e+00 -1.836474537849426270e+00
-9.348005652427673340e-01 -5.045966148376464844e+00 -2.277140855789184570e+00
-2.241584062576293945e+00 -5.126134872436523438e+00 -2.023895978927612305e+00
-3.520970046520233154e-01 -5.091687202453613281e+00 -1.198492646217346191e+00
6.323614716529846191e-01 -4.625062942504882812e+00 -1.599601984024047852e+00
-8.146415948867797852e-01 -5.405690193176269531e+00 -3.021234512329101562e+00
-8.071980439126491547e-03 -5.502473354339599609e+00 -3.345346689224243164e+00
6.074950695037841797e-01 -4.770177364349365234e+00 -2.125872611999511719e+00
-9.515437126159667969e+00 -4.813920021057128906e+00 -2.045032978057861328e+00
-9.939367294311523438e+00 -4.890464305877685547e+00 -4.680495262145996094e+00
-9.351867675781250000e+00 -5.581341266632080078e+00 -3.831610918045043945e+00
-1.019566631317138672e+01 -3.760075092315673828e+00 -3.288157939910888672e+00
-1.031988525390625000e+01 -3.586506366729736328e+00 -4.715452194213867188e+00
-9.119915962219238281e+00 -4.087952136993408203e+00 3.089378476142883301e-01
-9.780786514282226562e+00 -4.174731731414794922e+00 -1.408727407455444336e+00
-9.820244789123535156e+00 -3.232327938079833984e+00 -2.801964879035949707e-01
-9.598892211914062500e+00 -2.927732706069946289e+00 9.021346569061279297e-01
-9.112941741943359375e+00 -2.723016023635864258e+00 2.167016744613647461e+00
-9.278512954711914062e+00 -1.630683898925781250e+00 1.269160985946655273e+00
-1.017244625091552734e+01 -2.695505857467651367e+00 -2.523827075958251953e+00
-1.009682750701904297e+01 -1.609455108642578125e+00 -2.652567148208618164e+00
-9.464131355285644531e+00 -1.293888568878173828e+00 -8.882707357406616211e-01
-7.937029361724853516e+00 -4.170536696910858154e-01 -6.470250487327575684e-01
-1.006238174438476562e+01 -4.635015487670898438e+00 -5.545692443847656250e+00
-1.034810924530029297e+01 -3.652794361114501953e+00 -5.424856185913085938e+00
-1.053246498107910156e+01 -2.259411573410034180e+00 -5.301627159118652344e+00
-1.059173679351806641e+01 -2.100222110748291016e+00 -5.870657920837402344e+00
-1.008405590057373047e+01 -6.579764485359191895e-01 -5.352880954742431641e+00
-1.059036159515380859e+01 -2.843924760818481445e+00 -7.960976600646972656e+00
-1.071321487426757812e+01 -1.948579192161560059e+00 -8.886203765869140625e+00
-1.060421943664550781e+01 -8.126600980758666992e-01 -8.515599250793457031e+00
-9.954236984252929688e+00 -3.306578099727630615e-01 -6.704248905181884766e+00
-8.382781982421875000e+00 -2.020124346017837524e-01 -2.253691911697387695e+00
-6.926637172698974609e+00 1.700816035270690918e+00 -3.686523199081420898e+00
-9.017664909362792969e+00 3.861602544784545898e-01 -6.202144145965576172e+00
-7.576662540435791016e+00 1.439117193222045898e+00 -4.987801074981689453e+00
1.317460727691650391e+01 -5.522715568542480469e+00 4.512067317962646484e+00
1.355908012390136719e+01 -6.233670711517333984e+00 7.843026518821716309e-01
1.304398155212402344e+01 -6.016425609588623047e+00 1.454593777656555176e+00
1.492962074279785156e+01 -5.947684764862060547e+00 1.957247257232666016e+00
1.477600479125976562e+01 -5.081000328063964844e+00 3.079993724822998047e+00
1.194713973999023438e+01 -5.660544395446777344e+00 2.722547769546508789e+00
4.376587867736816406e+00 -1.277927875518798828e+00 4.941156387329101562e+00
5.224251747131347656e+00 -1.034136176109313965e+00 6.053884983062744141e+00
6.649410247802734375e+00 -4.879889488220214844e+00 -1.664830207824707031e+00
8.913040161132812500e+00 -6.301143646240234375e+00 -1.238259315490722656e+00
8.123402595520019531e+00 -6.216315746307373047e+00 -1.080928325653076172e+00
7.449536800384521484e+00 -6.285505771636962891e+00 -4.928336143493652344e-01
2.553200721740722656e+00 -5.429581165313720703e+00 4.018355607986450195e-01
4.295516967773437500e+00 -4.721761703491210938e+00 -1.497820138931274414e+00
5.166779518127441406e+00 -5.120273113250732422e+00 -1.168667793273925781e+00
2.308656454086303711e+00 -4.297414779663085938e+00 -1.267676115036010742e+00
4.115895748138427734e+00 -4.747000217437744141e+00 -1.279422760009765625e+00
5.106098651885986328e+00 -5.585290908813476562e+00 2.164258807897567749e-01
5.803743839263916016e+00 -6.003233909606933594e+00 -6.089102625846862793e-01
3.095155000686645508e+00 -5.504036426544189453e+00 -5.900832414627075195e-01
9.438489913940429688e+00 -5.174136161804199219e+00 3.084160566329956055e+00
9.941064834594726562e+00 -4.924441337585449219e+00 4.959915637969970703e+00
9.908074378967285156e+00 -4.983136177062988281e+00 4.308750152587890625e+00
8.631112098693847656e+00 -4.194660186767578125e+00 5.406633853912353516e+00
8.915403366088867188e+00 -4.973488807678222656e+00 3.160584449768066406e+00
9.017419815063476562e+00 -5.915666103363037109e+00 1.429952621459960938e+00
8.680247306823730469e+00 -6.107592582702636719e+00 9.411354660987854004e-01
5.501885890960693359e+00 -1.376261711120605469e+00 4.075287818908691406e+00
6.161874771118164062e+00 -3.698936939239501953e+00 2.399100542068481445e+00
5.589955806732177734e+00 -3.974779844284057617e+00 1.871204495429992676e+00
4.509673595428466797e+00 -1.910476803779602051e+00 3.076878070831298828e+00
4.598384380340576172e+00 -1.529925227165222168e+00 3.741852521896362305e+00
6.884912967681884766e+00 -2.492993116378784180e+00 4.346698284149169922e+00
6.640080928802490234e+00 -2.068608522415161133e+00 5.582376003265380859e+00
6.540672779083251953e+00 -5.474155902862548828e+00 9.374781250953674316e-01
1.201436519622802734e+01 -4.526346206665039062e+00 6.065226554870605469e+00
1.381514739990234375e+01 -4.631609916687011719e+00 4.602182865142822266e+00
1.254164791107177734e+01 -3.576417922973632812e+00 4.983799934387207031e+00
1.345346069335937500e+01 -3.433713436126708984e+00 3.265563964843750000e+00
7.734832763671875000e+00 -3.111940860748291016e+00 6.807906627655029297e+00
7.290077686309814453e+00 -2.654348373413085938e+00 6.740812778472900391e+00
4.186722755432128906e+00 -6.581372022628784180e-01 6.784256935119628906e+00
9.554396629333496094e+00 -4.456982135772705078e+00 6.684889316558837891e+00
1.034808921813964844e+01 -3.266710996627807617e+00 6.865087032318115234e+00
1.070423507690429688e+01 -2.699820280075073242e+00 5.838608264923095703e+00
8.614791870117187500e+00 -1.747773408889770508e+00 6.723695755004882812e+00
8.971964836120605469e+00 -1.416957974433898926e+00 5.639864444732666016e+00
1.102477931976318359e+01 -2.450947999954223633e+00 4.688735008239746094e+00
1.134299087524414062e+01 -2.179759502410888672e+00 3.593655109405517578e+00
6.543952941894531250e+00 -1.659876108169555664e+00 6.414402961730957031e+00
7.694964885711669922e+00 -1.180229783058166504e+00 6.389172077178955078e+00
6.997190475463867188e+00 -2.062610387802124023e-01 5.791520118713378906e+00
6.233380794525146484e+00 -4.416349530220031738e-01 6.035823345184326172e+00
5.657266139984130859e+00 7.635497450828552246e-01 5.672597408294677734e+00
8.055805206298828125e+00 7.367849349975585938e-02 4.586962223052978516e+00
5.768325805664062500e+00 2.074925661087036133e+00 4.345804214477539062e+00
6.153163433074951172e+00 2.137359619140625000e+00 3.816510677337646484e+00
-2.135504722595214844e+00 -2.802484035491943359e+00 3.776538133621215820e+00
-1.525456786155700684e+00 -3.805382490158081055e+00 1.664607286453247070e+00
-1.478484630584716797e+00 -4.653832912445068359e+00 3.900891542434692383e-01
-1.622533321380615234e+00 -2.869427680969238281e+00 3.497119665145874023e+00
-2.530017495155334473e-01 -2.666627407073974609e+00 2.372575521469116211e+00
-5.072621345520019531e+00 -3.477935552597045898e+00 1.470168948173522949e+00
-4.360422611236572266e+00 -3.317188024520874023e+00 2.204766035079956055e+00
-5.805910110473632812e+00 -2.599072456359863281e+00 3.393663167953491211e+00
-5.279769420623779297e+00 -3.019694805145263672e+00 2.537848949432373047e+00
-4.096487522125244141e+00 -2.829792499542236328e+00 3.383474826812744141e+00
-2.760211229324340820e+00 -1.625368595123291016e+00 4.883004665374755859e+00
-5.654636383056640625e+00 -1.270848035812377930e+00 4.708477020263671875e+00
-5.351031780242919922e+00 -7.410630583763122559e-01 4.909676074981689453e+00
2.504833698272705078e+00 -1.760795593261718750e+00 3.660047769546508789e+00
1.353452205657958984e+00 -9.194813370704650879e-01 4.127775669097900391e+00
-7.309500128030776978e-02 -1.199530482292175293e+00 3.653732776641845703e+00
1.075283288955688477e+00 -3.547636866569519043e-01 4.663023471832275391e+00
2.470319509506225586e+00 -1.148121356964111328e+00 5.279829978942871094e+00
3.464073657989501953e+00 -7.335805892944335938e-01 6.632581710815429688e+00
1.101169347763061523e+00 7.187582850456237793e-01 5.393226623535156250e+00
-3.226746082305908203e+00 -1.394701361656188965e+00 5.012256145477294922e+00
-4.245131492614746094e+00 2.958055734634399414e-01 5.010561466217041016e+00
-2.751424551010131836e+00 5.589784979820251465e-01 5.135413646697998047e+00
-1.171190142631530762e+00 1.604220628738403320e+00 4.402200698852539062e+00
-3.888757228851318359e+00 1.015617012977600098e+00 4.047544002532958984e+00
-3.824883222579956055e+00 1.420327663421630859e+00 2.889206171035766602e+00
-1.801688820123672485e-01 -5.105724811553955078e+00 -8.133205771446228027e-02
2.952708601951599121e-01 -4.965128898620605469e+00 -1.182986125349998474e-01
8.134604692459106445e-01 -4.975798130035400391e+00 2.745776064693927765e-02
1.639005422592163086e+00 -3.814496278762817383e+00 1.411396145820617676e+00
1.479670047760009766e+00 -5.011331081390380859e+00 5.747610926628112793e-01
1.625740647315979004e+00 -3.773067951202392578e+00 -1.365705609321594238e+00
1.873397231101989746e+00 -2.644035100936889648e+00 2.347525596618652344e+00
2.275676250457763672e+00 1.370086789131164551e+00 5.546804904937744141e+00
2.870528697967529297e+00 2.383719682693481445e+00 4.234273910522460938e+00
2.604283094406127930e+00 2.935907602310180664e+00 3.023161649703979492e+00
-8.649580478668212891e-01 2.477982521057128906e+00 2.618485927581787109e+00
-6.679071784019470215e-01 1.935874342918395996e+00 4.178410053253173828e+00
5.680318474769592285e-01 2.539136409759521484e+00 3.249304771423339844e+00
-1.730225086212158203e+00 3.174145460128784180e+00 1.083457246422767639e-01
-7.586083889007568359e+00 -2.461443901062011719e+00 3.554772615432739258e+00
-7.328973293304443359e+00 -1.426584005355834961e+00 4.217254161834716797e+00
-7.960491180419921875e+00 -8.157923817634582520e-01 2.906979322433471680e+00
-6.812018871307373047e+00 -1.163609981536865234e+00 4.462597370147705078e+00
-7.016287326812744141e+00 -3.692543208599090576e-01 3.059960842132568359e+00
-6.420461177825927734e+00 1.889188140630722046e-01 1.420008063316345215e+00
-6.219517707824707031e+00 1.383626312017440796e-01 2.390838861465454102e+00
-6.925226211547851562e+00 2.324698269367218018e-01 -8.152911067008972168e-01
-3.745259523391723633e+00 1.649342417716979980e+00 1.846263051033020020e+00
-5.362055301666259766e+00 2.015199184417724609e+00 -1.993052363395690918e+00
-3.646260261535644531e+00 3.032837390899658203e+00 -1.670190811157226562e+00
3.340923786163330078e+00 5.268266201019287109e-01 6.467967033386230469e+00
2.962451457977294922e+00 1.625080585479736328e+00 5.373315811157226562e+00
3.823255300521850586e+00 2.044413328170776367e+00 4.875787734985351562e+00
4.534562587738037109e+00 2.606966733932495117e+00 3.827780961990356445e+00
3.878027915954589844e+00 3.120271444320678711e+00 2.989399194717407227e+00
7.762370109558105469e+00 -4.936658859252929688e+00 -3.955505371093750000e+00
2.377218484878540039e+00 -5.080037593841552734e+00 -3.052223443984985352e+00
5.496107101440429688e+00 -4.757348060607910156e+00 -2.520009040832519531e+00
6.322405815124511719e+00 -4.712597370147705078e+00 -2.966702222824096680e+00
3.033549785614013672e+00 -5.021324634552001953e+00 -2.933080434799194336e+00
2.090556621551513672e+00 -5.934429168701171875e+00 -5.250643253326416016e+00
2.626460552215576172e+00 -5.811886787414550781e+00 -6.252388477325439453e+00
3.890321493148803711e+00 -5.146300315856933594e+00 -5.596691608428955078e+00
5.924113273620605469e+00 -4.833099842071533203e+00 -3.727932453155517578e+00
7.159256935119628906e+00 -4.987553596496582031e+00 -4.064128398895263672e+00
2.443199157714843750e+00 -5.623084545135498047e+00 -8.457846641540527344e+00
8.320213317871093750e+00 -4.998931884765625000e+00 -6.001370429992675781e+00
3.300145864486694336e+00 -5.335262775421142578e+00 -7.115026473999023438e+00
3.713051080703735352e+00 -4.726113319396972656e+00 -7.898039817810058594e+00
6.289335727691650391e+00 -5.085678100585937500e+00 -5.374314308166503906e+00
7.407795906066894531e+00 -4.945948123931884766e+00 -6.325629234313964844e+00
5.878468036651611328e+00 -4.188129425048828125e+00 -7.248199939727783203e+00
7.535767555236816406e+00 -4.042802333831787109e+00 -7.363308429718017578e+00
5.589752674102783203e+00 -3.870737552642822266e+00 -7.626520156860351562e+00
5.160056591033935547e+00 -2.843647241592407227e+00 -8.642411231994628906e+00
5.233865737915039062e+00 -2.083952665328979492e+00 -8.896682739257812500e+00
-3.349304676055908203e+00 -7.970736503601074219e+00 -1.205605983734130859e+01
-3.131131887435913086e+00 -8.215022087097167969e+00 -1.051682662963867188e+01
-3.961364030838012695e+00 -7.544163227081298828e+00 -1.315924453735351562e+01
-1.581643700599670410e+00 -6.563458919525146484e+00 -1.324244213104248047e+01
-3.556710243225097656e+00 -6.335012435913085938e+00 -1.446005916595458984e+01
-3.374941110610961914e+00 -5.281553268432617188e+00 -1.519280433654785156e+01
-6.631753444671630859e+00 -6.538684368133544922e+00 -1.317198848724365234e+01
-7.072829246520996094e+00 -6.215260505676269531e+00 -1.318963813781738281e+01
-7.759181976318359375e+00 -5.236384868621826172e+00 -1.367653465270996094e+01
-5.719925403594970703e+00 -7.133079528808593750e+00 -1.307827663421630859e+01
-8.474014282226562500e+00 -5.368006229400634766e+00 -1.256424903869628906e+01
-7.364451885223388672e+00 -4.569112300872802734e+00 -1.457561683654785156e+01
-4.150858402252197266e+00 -5.536306858062744141e+00 -1.502950859069824219e+01
-5.996131896972656250e+00 -4.384206295013427734e+00 -1.525822830200195312e+01
-2.711457729339599609e+00 -5.388442516326904297e+00 -1.501389503479003906e+01
-2.177018165588378906e+00 -4.296464443206787109e+00 -1.536966800689697266e+01
-3.722795963287353516e+00 -3.717212677001953125e+00 -1.575306987762451172e+01
-2.790621519088745117e+00 -3.188179254531860352e+00 -1.571574687957763672e+01
-4.990139007568359375e+00 -2.650783538818359375e+00 -1.594095134735107422e+01
-3.921143531799316406e+00 -1.505725741386413574e+00 -1.593682670593261719e+01
-9.300997734069824219e+00 -4.444489479064941406e+00 -1.222188186645507812e+01
-8.934688568115234375e+00 -4.003242969512939453e+00 -1.344578075408935547e+01
-9.911664009094238281e+00 -2.865593433380126953e+00 -1.234661293029785156e+01
-1.040147113800048828e+01 -1.441015362739562988e+00 -1.151918411254882812e+01
-8.549638748168945312e+00 -3.352140426635742188e+00 -1.436133289337158203e+01
-7.692296504974365234e+00 -2.968842983245849609e+00 -1.519824600219726562e+01
-9.822847366333007812e+00 -9.272355437278747559e-01 -1.328293895721435547e+01
-9.376722335815429688e+00 -3.306643366813659668e-01 -1.420449829101562500e+01
-8.488167762756347656e+00 -9.541231393814086914e-01 -1.507396221160888672e+01
-7.136188507080078125e+00 1.587436944246292114e-01 -1.576905536651611328e+01
-7.628317356109619141e+00 8.126822113990783691e-01 -1.553498649597167969e+01
-1.521719336509704590e+00 -7.556960105895996094e+00 -6.888687133789062500e+00
-4.209038019180297852e-01 -7.157499790191650391e+00 -8.631972312927246094e+00
7.375376671552658081e-02 -6.570530891418457031e+00 -5.590252399444580078e+00
6.193256974220275879e-01 -6.686932086944580078e+00 -6.757374763488769531e+00
-2.396902889013290405e-01 -6.931182861328125000e+00 -9.610958099365234375e+00
-5.054411664605140686e-02 -5.895557880401611328e+00 -1.240215206146240234e+01
1.352837681770324707e+00 -6.391636371612548828e+00 -6.419433116912841797e+00
2.021177768707275391e+00 -5.953843116760253906e+00 -8.191014289855957031e+00
-7.602405548095703125e-01 -5.087852478027343750e+00 -1.430386543273925781e+01
1.024852752685546875e+00 -4.963513851165771484e+00 -1.243786716461181641e+01
-1.230224132537841797e+00 -3.740718603134155273e+00 -1.520270538330078125e+01
-1.926113665103912354e-01 -3.007771492004394531e+00 -1.485910224914550781e+01
1.960430383682250977e+00 -5.054303646087646484e+00 -1.069746398925781250e+01
-1.088120460510253906e+00 -2.406291246414184570e+00 -1.528220176696777344e+01
-1.306403994560241699e+00 -1.698052167892456055e+00 -1.534337139129638672e+01
2.141885995864868164e+00 -3.537118673324584961e+00 -1.149261188507080078e+01
8.844622969627380371e-01 -1.870810270309448242e+00 -1.348693370819091797e+01
7.974507212638854980e-01 -1.144685506820678711e+00 -1.333471679687500000e+01
-2.606773614883422852e+00 -1.779747128486633301e+00 -1.569874191284179688e+01
-2.676747083663940430e+00 -8.107680678367614746e-01 -1.564130401611328125e+01
-5.085079193115234375e+00 4.530787765979766846e-01 -1.588959789276123047e+01
-2.887230157852172852e+00 1.006410479545593262e+00 -1.536653423309326172e+01
-2.164857387542724609e+00 1.173917412757873535e+00 -1.512435150146484375e+01
-4.979260265827178955e-01 1.148829817771911621e+00 -1.389013004302978516e+01
-2.882577657699584961e+00 2.078918218612670898e+00 -1.503564357757568359e+01
-2.466385841369628906e+00 2.787236690521240234e+00 -1.464648056030273438e+01
2.704170227050781250e+00 -3.969189882278442383e+00 -1.033752250671386719e+01
3.521380662918090820e+00 -2.613376379013061523e+00 -1.011256217956542969e+01
3.010993480682373047e+00 -1.850247502326965332e+00 -1.085115528106689453e+01
9.644507169723510742e-01 -2.827238738536834717e-01 -1.281347751617431641e+01
1.483157157897949219e+00 4.637411795556545258e-03 -1.211045360565185547e+01
2.348826408386230469e+00 -2.207293361425399780e-01 -1.122671890258789062e+01
1.081462264060974121e+00 4.151295721530914307e-01 -1.233616542816162109e+01
-1.051418113708496094e+01 -9.680844545364379883e-01 -1.099198818206787109e+01
-9.968666076660156250e+00 6.817032694816589355e-01 -1.292151927947998047e+01
-1.030436515808105469e+01 -1.892923377454280853e-02 -1.048645305633544922e+01
-1.007373523712158203e+01 -1.245182454586029053e-01 -9.023592948913574219e+00
-9.727189064025878906e+00 5.392487049102783203e-01 -1.002709197998046875e+01
-9.965147972106933594e+00 9.189938902854919434e-01 -1.155190563201904297e+01
-9.434386253356933594e+00 2.027564525604248047e+00 -1.278467464447021484e+01
-8.821424484252929688e+00 1.392202377319335938e+00 -9.342244148254394531e+00
-8.416910171508789062e+00 2.392110109329223633e+00 -1.037560367584228516e+01
-8.197651863098144531e+00 1.156190633773803711e+00 -6.070729255676269531e+00
-7.959308624267578125e+00 1.586050271987915039e+00 -7.153006076812744141e+00
-8.280488014221191406e+00 1.872930169105529785e+00 -8.739178657531738281e+00
-7.897660255432128906e+00 2.540532350540161133e+00 -9.733548164367675781e+00
-6.297418594360351562e+00 2.694447040557861328e+00 -7.679078578948974609e+00
-6.213218212127685547e+00 3.002919197082519531e+00 -8.162707328796386719e+00
-8.636731147766113281e+00 2.199903488159179688e+00 -1.429199123382568359e+01
-8.037438392639160156e+00 2.227890729904174805e+00 -1.473119831085205078e+01
-7.638004302978515625e+00 3.437691211700439453e+00 -1.351273632049560547e+01
-6.657135009765625000e+00 4.261582851409912109e+00 -1.313735961914062500e+01
-6.100617885589599609e+00 1.891661643981933594e+00 -1.547490882873535156e+01
-5.845276832580566406e+00 2.181860208511352539e+00 -1.532701778411865234e+01
-5.171597003936767578e+00 3.964416503906250000e+00 -1.412201690673828125e+01
-4.615968704223632812e+00 3.957955837249755859e+00 -1.424923992156982422e+01
-5.868642330169677734e+00 3.767165184020996094e+00 -1.412533092498779297e+01
-8.274053573608398438e+00 3.277241468429565430e+00 -1.224779415130615234e+01
-6.243177890777587891e+00 4.408637046813964844e+00 -1.238183403015136719e+01
-5.556071281433105469e+00 4.376103878021240234e+00 -1.074477386474609375e+01
-3.389835834503173828e+00 4.230464935302734375e+00 -1.348852348327636719e+01
-3.171503067016601562e+00 4.292258262634277344e+00 -1.287077808380126953e+01
-5.220244407653808594e+00 4.429908752441406250e+00 -1.222037982940673828e+01
-4.469665527343750000e+00 4.631920814514160156e+00 -1.232685661315917969e+01
-3.217275142669677734e+00 4.682740211486816406e+00 -1.144361305236816406e+01
-4.958925724029541016e+00 4.781895160675048828e+00 -1.084889507293701172e+01
-3.796250820159912109e+00 4.889499187469482422e+00 -1.117198085784912109e+01
-6.638804435729980469e+00 3.675734519958496094e+00 -1.050321769714355469e+01
-5.930768966674804688e+00 3.617817163467407227e+00 -9.035830497741699219e+00
3.057083129882812500e+00 -1.943134069442749023e-01 -1.030098342895507812e+01
-1.388226151466369629e-01 1.526165127754211426e+00 -1.287778663635253906e+01
-2.114805698394775391e+00 3.218945741653442383e+00 -1.359512615203857422e+01
9.957010149955749512e-01 7.985899448394775391e-01 -1.168908405303955078e+01
-1.054547786712646484e+00 2.881449937820434570e+00 -1.233850765228271484e+01
-2.714543104171752930e+00 3.843015432357788086e+00 -1.327065086364746094e+01
-1.650476455688476562e+00 3.643726110458374023e+00 -1.187559795379638672e+01
1.144065284729003906e+01 -6.548028945922851562e+00 -3.359454870223999023e+00
1.333439064025878906e+01 -6.716649055480957031e+00 -1.702666044235229492e+00
1.117646121978759766e+01 -6.467747211456298828e+00 -8.253771662712097168e-01
1.098281288146972656e+01 -6.493357181549072266e+00 -2.581855535507202148e+00
1.436199283599853516e+01 -6.959118843078613281e+00 -5.002565860748291016e+00
1.199453544616699219e+01 -6.609710693359375000e+00 -3.960201025009155273e+00
1.270584964752197266e+01 -6.584458827972412109e+00 -5.455612659454345703e+00
1.315688991546630859e+01 -6.888631820678710938e+00 -3.646478176116943359e+00
1.563588619232177734e+01 -7.029506206512451172e+00 -3.573125123977661133e+00
1.606844329833984375e+01 -5.956363677978515625e+00 -4.157150745391845703e+00
1.625486373901367188e+01 -6.492399215698242188e+00 -1.144117116928100586e+00
1.638286972045898438e+01 -5.695147514343261719e+00 -2.025313138961791992e+00
1.459352970123291016e+01 -6.591783046722412109e+00 7.941260188817977905e-02
1.482495498657226562e+01 -6.955259799957275391e+00 -1.526283383369445801e+00
1.538746166229248047e+01 -6.227903366088867188e+00 9.969020485877990723e-01
1.480859375000000000e+01 -4.083643913269042969e+00 2.011193275451660156e+00
1.515707302093505859e+01 -4.215629100799560547e+00 9.107378721237182617e-01
1.434247684478759766e+01 -3.368076086044311523e+00 1.075389504432678223e+00
1.581320381164550781e+01 -4.911407947540283203e+00 -3.326946258544921875e+00
1.524666309356689453e+01 -4.046819686889648438e+00 -2.549847602844238281e+00
1.523021125793457031e+01 -3.964730739593505859e+00 -9.901636838912963867e-01
1.498708057403564453e+01 -3.624114036560058594e+00 -1.489711761474609375e+00
1.433350181579589844e+01 -2.866705179214477539e+00 -8.491741418838500977e-01
1.381661510467529297e+01 -6.745353698730468750e+00 -6.222437858581542969e+00
1.525635719299316406e+01 -5.947220325469970703e+00 -6.519245624542236328e+00
1.237420940399169922e+01 -6.455222606658935547e+00 -6.639831542968750000e+00
1.291702365875244141e+01 -5.912415027618408203e+00 -7.423592567443847656e+00
1.593232917785644531e+01 -5.847957611083984375e+00 -5.615363597869873047e+00
1.561611175537109375e+01 -5.083090782165527344e+00 -5.909640789031982422e+00
1.504191970825195312e+01 -4.413461208343505859e+00 -5.513877391815185547e+00
1.325807857513427734e+01 -5.517803668975830078e+00 -7.278712749481201172e+00
1.262970542907714844e+01 -4.967256546020507812e+00 -6.588016510009765625e+00
1.349220943450927734e+01 -4.478609085083007812e+00 -6.067472934722900391e+00
1.361810302734375000e+01 -3.384549617767333984e+00 -4.912739753723144531e+00
1.500639343261718750e+01 -3.726105928421020508e+00 -2.790082693099975586e+00
1.492733287811279297e+01 -3.743284225463867188e+00 -4.473566055297851562e+00
1.437520694732666016e+01 -2.897921085357666016e+00 -3.719631671905517578e+00
1.016468811035156250e+01 -6.035216331481933594e+00 -2.735633134841918945e+00
6.991805076599121094e+00 -4.792005062103271484e+00 -2.363926649093627930e+00
7.278347969055175781e+00 -4.870227813720703125e+00 -1.937547206878662109e+00
6.845069885253906250e+00 -4.724468708038330078e+00 -2.926651477813720703e+00
1.048692893981933594e+01 -6.321419239044189453e+00 -2.332223415374755859e+00
9.011355400085449219e+00 -5.566940784454345703e+00 -1.936536908149719238e+00
7.950558185577392578e+00 -5.136705398559570312e+00 -1.570469856262207031e+00
9.598786354064941406e+00 -5.559300899505615234e+00 -3.425948143005371094e+00
9.956396102905273438e+00 -5.567700386047363281e+00 -4.651921749114990234e+00
8.331564903259277344e+00 -5.016676902770996094e+00 -3.951443910598754883e+00
1.354761314392089844e+01 -2.205251216888427734e+00 1.154964696615934372e-02
1.217212772369384766e+01 -8.887327313423156738e-01 -9.867912530899047852e-01
1.096874237060546875e+01 -5.977278232574462891e+00 -5.482423305511474609e+00
1.103090667724609375e+01 -5.429907798767089844e+00 -6.013444900512695312e+00
9.595967292785644531e+00 -5.088001251220703125e+00 -5.186038970947265625e+00
1.172146224975585938e+01 -4.706743717193603516e+00 -6.146393299102783203e+00
9.182692527770996094e+00 -4.330194473266601562e+00 -6.398787498474121094e+00
1.040126037597656250e+01 -3.552848100662231445e+00 -5.841237068176269531e+00
1.247308444976806641e+01 -3.691010475158691406e+00 -5.422611713409423828e+00
1.064682483673095703e+01 -3.208953619003295898e+00 -5.634655952453613281e+00
1.067096519470214844e+01 -2.279834985733032227e+00 -5.219967842102050781e+00
8.543736457824707031e+00 -3.689948797225952148e+00 -7.015684604644775391e+00
9.051068305969238281e+00 -3.092576742172241211e+00 -6.545930385589599609e+00
8.053958892822265625e+00 -2.038744688034057617e+00 -6.892566680908203125e+00
1.040365695953369141e+01 -1.615941286087036133e+00 -5.082538604736328125e+00
8.254756927490234375e+00 -1.713168144226074219e+00 -6.623410224914550781e+00
8.746893882751464844e+00 -4.916881322860717773e-01 -5.823851108551025391e+00
7.279984951019287109e+00 -1.716569960117340088e-01 -6.905329704284667969e+00
1.327459144592285156e+01 -2.132233142852783203e+00 -4.021073341369628906e+00
1.345757579803466797e+01 -1.682220339775085449e+00 -1.891710400581359863e+00
1.321532726287841797e+01 -1.324126601219177246e+00 -3.108177900314331055e+00
1.239799785614013672e+01 -4.487219452857971191e-01 -2.186250448226928711e+00
1.206106376647949219e+01 -1.232153475284576416e-01 -2.801376819610595703e+00
1.240755844116210938e+01 -1.929538846015930176e+00 -4.316837310791015625e+00
1.120962333679199219e+01 -1.246020793914794922e+00 -4.446217060089111328e+00
1.149771499633789062e+01 -5.824326276779174805e-01 -3.829788208007812500e+00
1.016446018218994141e+01 1.524136781692504883e+00 -1.702375531196594238e+00
9.293154716491699219e+00 2.353593587875366211e+00 -2.853708028793334961e+00
9.335515022277832031e+00 2.293971776962280273e+00 -3.335134506225585938e+00
8.576284408569335938e+00 2.918129444122314453e+00 -2.348024606704711914e+00
1.020810127258300781e+01 -9.252133965492248535e-01 -4.973350048065185547e+00
1.065473461151123047e+01 2.914164066314697266e-01 -4.102035045623779297e+00
8.365401268005371094e+00 1.205368116497993469e-01 -5.842122077941894531e+00
7.012808799743652344e+00 9.745932221412658691e-01 -6.414924144744873047e+00
1.385852241516113281e+01 -3.459668636322021484e+00 2.628492832183837891e+00
1.241055011749267578e+01 -2.517955064773559570e+00 2.943690061569213867e+00
1.117424964904785156e+01 -9.714574813842773438e-01 1.489366292953491211e+00
1.136997890472412109e+01 -7.564648985862731934e-01 3.260315656661987305e-01
9.879939079284667969e+00 -5.988514423370361328e-01 3.192076444625854492e+00
8.782738685607910156e+00 7.758429050445556641e-01 2.663158178329467773e+00
9.330899238586425781e+00 4.841622412204742432e-01 2.129410028457641602e+00
7.278772354125976562e+00 1.872096896171569824e+00 3.026707410812377930e+00
7.133257865905761719e+00 2.587922334671020508e+00 1.881863474845886230e+00
9.718784332275390625e+00 7.616008520126342773e-01 3.969434499740600586e-01
9.997749328613281250e+00 1.213773012161254883e+00 -9.397619962692260742e-01
7.964396476745605469e+00 2.546913146972656250e+00 4.514533579349517822e-01
3.351760149002075195e+00 4.270745277404785156e+00 -3.412056863307952881e-01
6.214704036712646484e+00 3.512218952178955078e+00 2.980341911315917969e-01
5.478999614715576172e+00 4.032486915588378906e+00 -2.218799352645874023e+00
3.673012733459472656e+00 4.386110782623291016e+00 -6.788275241851806641e-01
2.848275184631347656e+00 3.816285848617553711e+00 -2.452005147933959961e+00
2.960355758666992188e+00 3.506741046905517578e+00 -3.324123620986938477e+00
-9.870942831039428711e-01 3.791495323181152344e+00 -7.654588818550109863e-01
2.147873640060424805e+00 3.143119573593139648e+00 -4.382545471191406250e+00
1.060133427381515503e-02 4.165738582611083984e+00 -3.141966104507446289e+00
3.066127002239227295e-01 3.711879968643188477e+00 -4.697028636932373047e+00
2.379566431045532227e+00 3.805160760879516602e+00 -2.564154863357543945e+00
5.102456092834472656e+00 -8.779575228691101074e-01 -8.891654968261718750e+00
2.943126201629638672e+00 3.047541081905364990e-01 -9.605734825134277344e+00
5.062679767608642578e+00 5.001680850982666016e-01 -8.106547355651855469e+00
3.642963886260986328e+00 5.584930777549743652e-01 -8.965138435363769531e+00
2.523434877395629883e+00 4.988130927085876465e-01 -9.799296379089355469e+00
1.546271562576293945e+00 1.847025513648986816e+00 -9.910649299621582031e+00
3.303170800209045410e-01 3.147343635559082031e+00 -9.156158447265625000e+00
1.120850443840026855e-01 3.000186920166015625e+00 -1.045712471008300781e+01
5.654348373413085938e+00 2.799606561660766602e+00 -4.850885391235351562e+00
6.158957481384277344e+00 1.873915433883666992e+00 -6.081123828887939453e+00
4.701321125030517578e+00 2.686080217361450195e+00 -5.241450786590576172e+00
4.798083305358886719e+00 2.377242565155029297e+00 -5.952386856079101562e+00
6.613495826721191406e+00 3.745347738265991211e+00 -2.713539838790893555e+00
6.582083225250244141e+00 1.273223400115966797e+00 -6.416161060333251953e+00
5.710366725921630859e+00 1.659244775772094727e+00 -6.593781948089599609e+00
4.858892440795898438e+00 1.771900296211242676e+00 -7.028663635253906250e+00
2.737217187881469727e+00 2.847884893417358398e+00 -5.057124614715576172e+00
2.815517663955688477e+00 2.084284543991088867e+00 -7.354692459106445312e+00
2.027754783630371094e+00 2.327512025833129883e+00 -6.808698654174804688e+00
9.505648910999298096e-02 3.303361892700195312e+00 -6.269628047943115234e+00
2.710698544979095459e-01 2.958618164062500000e+00 -7.756164550781250000e+00
3.022308647632598877e-01 3.030328512191772461e+00 -8.135583877563476562e+00
-3.296425342559814453e+00 3.398288011550903320e+00 -2.585291385650634766e+00
-5.633243560791015625e+00 3.064443588256835938e+00 -7.731817245483398438e+00
-4.808080196380615234e+00 3.483261585235595703e+00 -7.636323928833007812e+00
-4.258051395416259766e+00 3.352859973907470703e+00 -6.674640178680419922e+00
-2.167185068130493164e+00 3.285070180892944336e+00 -2.321426272392272949e-01
-1.888706326484680176e+00 3.749237060546875000e+00 -1.356231808662414551e+00
-1.527672529220581055e+00 4.100407123565673828e+00 -2.468786716461181641e+00
-1.353233695030212402e+00 4.397954463958740234e+00 -3.693956375122070312e+00
-1.182304620742797852e+00 4.403343200683593750e+00 -4.987870216369628906e+00
-4.800020694732666016e+00 4.077525138854980469e+00 -8.506174087524414062e+00
-4.505838394165039062e+00 4.554934024810791016e+00 -9.025079727172851562e+00
-1.981250286102294922e+00 4.462819576263427734e+00 -7.511395931243896484e+00
-3.350142002105712891e+00 4.458768367767333984e+00 -8.332285881042480469e+00
-1.541326165199279785e+00 3.651825904846191406e+00 -1.119853019714355469e+01
-1.228567957878112793e+00 3.506438970565795898e+00 -1.106261539459228516e+01
-3.828619003295898438e+00 4.852236747741699219e+00 -1.070494079589843750e+01
-2.048068523406982422e+00 4.180250644683837891e+00 -9.850614547729492188e+00
-3.118151426315307617e-01 3.479246616363525391e+00 -9.965723991394042969e+00
-2.159410715103149414e+00 4.562618255615234375e+00 -6.121149063110351562e+00
5.283771991729736328e+00 3.165154695510864258e+00 2.402129650115966797e+00
6.044908046722412109e+00 3.112255096435546875e+00 1.831202149391174316e+00
1.965108990669250488e+00 7.015132308006286621e-01 -1.028583431243896484e+01
-5.170636177062988281e-01 2.793989896774291992e+00 -1.161470317840576172e+01
4.415538907051086426e-01 2.523014783859252930e+00 -1.076841640472412109e+01
