1.559058785438537598e+00 -4.938040256500244141e+00 -2.711328268051147461e+00
2.273420572280883789e+00 -4.795766353607177734e+00 -1.915345788002014160e+00
1.512953400611877441e+00 -4.795496463775634766e+00 -2.304447174072265625e+00
-5.068983078002929688e+00 -8.108464241027832031e+00 -7.822041034698486328e+00
-4.999237537384033203e+00 -8.062099456787109375e+00 -1.156749439239501953e+01
-4.185094833374023438e+00 -8.321598052978515625e+00 -9.419507980346679688e+00
-7.271177291870117188e+00 -7.468239307403564453e+00 -7.058576107025146484e+00
-7.775262832641601562e+00 -7.350725650787353516e+00 -7.966877937316894531e+00
-5.692220687866210938e+00 -8.129018783569335938e+00 -9.823254585266113281e+00
-6.220749855041503906e+00 -7.997281074523925781e+00 -9.061207771301269531e+00
-6.480427742004394531e+00 -7.345646381378173828e+00 -1.205374908447265625e+01
-8.411203384399414062e+00 -6.367114543914794922e+00 -1.057497310638427734e+01
-8.333901405334472656e+00 -6.190483093261718750e+00 -1.129305171966552734e+01
-9.644665718078613281e+00 -5.268406867980957031e+00 -8.361283302307128906e+00
-1.005408954620361328e+01 -4.327266693115234375e+00 -8.715421676635742188e+00
-9.589322090148925781e+00 -4.644884109497070312e+00 -1.086646556854248047e+01
-8.220651626586914062e+00 -6.690320491790771484e+00 -5.444635868072509766e+00
-9.068125724792480469e+00 -6.091618061065673828e+00 -4.928923130035400391e+00
-7.968928337097167969e+00 -5.743240833282470703e+00 -3.403915405273437500e+00
-8.497770309448242188e+00 -5.227235317230224609e+00 -2.224961042404174805e+00
-6.958755970001220703e+00 -5.438561916351318359e+00 -3.112473249435424805e+00
-2.593486070632934570e+00 -5.026474475860595703e+00 -1.548476457595825195e+00
-3.374262094497680664e+00 -4.877537727355957031e+00 -5.832187533378601074e-01
-1.441034793853759766e+00 -4.985911369323730469e+00 -2.380003482103347778e-01
-7.379332065582275391e+00 -3.210439205169677734e+00 2.312446594238281250e+00
-5.355985641479492188e+00 -3.512607574462890625e+00 1.279463410377502441e+00
-3.860207080841064453e+00 -5.065162658691406250e+00 -2.137086153030395508e+00
-7.305145740509033203e+00 -4.793526649475097656e+00 -1.626802086830139160e+00
-6.307911872863769531e+00 -5.164313793182373047e+00 -2.786941528320312500e+00
-3.740102767944335938e+00 -4.415483474731445312e+00 1.362976282835006714e-01
-4.768298149108886719e+00 -7.278613567352294922e+00 -5.294473648071289062e+00
-4.545668601989746094e+00 -6.496579170227050781e+00 -4.090950489044189453e+00
-2.280607700347900391e+00 -7.655353546142578125e+00 -6.417245864868164062e+00
-2.884871482849121094e+00 -7.167279720306396484e+00 -5.066816806793212891e+00
-2.214646100997924805e+00 -7.177198410034179688e+00 -5.299065113067626953e+00
-1.356934070587158203e+00 -6.802247524261474609e+00 -5.043792724609375000e+00
-2.779885053634643555e+00 -6.776475429534912109e+00 -4.439332962036132812e+00
-5.267697811126708984e+00 -6.849184513092041016e+00 -4.679117679595947266e+00
-6.154025554656982422e+00 -7.666276454925537109e+00 -6.741899967193603516e+00
-8.705421447753906250e+00 -6.651303768157958984e+00 -6.453942775726318359e+00
-1.417359709739685059e+00 -4.978068828582763672e+00 -1.836045622825622559e+00
-9.351854920387268066e-01 -5.041017532348632812e+00 -2.276197433471679688e+00
-2.241507291793823242e+00 -5.121821880340576172e+00 -2.024016857147216797e+00
-3.509201109409332275e-01 -5.081221103668212891e+00 -1.196672081947326660e+00
6.334776282310485840e-01 -4.618707180023193359e+00 -1.596683621406555176e+00
-8.153278827667236328e-01 -5.403941631317138672e+00 -3.019865512847900391e+00
-9.095849469304084778e-03 -5.501352310180664062e+00 -3.344516992568969727e+00
6.064950227737426758e-01 -4.766524791717529297e+00 -2.123844861984252930e+00
-9.516166687011718750e+00 -4.812690258026123047e+00 -2.043713808059692383e+00
-9.940990447998046875e+00 -4.890254974365234375e+00 -4.678687095642089844e+00
-9.353117942810058594e+00 -5.580239295959472656e+00 -3.829492330551147461e+00
-1.019617080688476562e+01 -3.759047985076904297e+00 -3.285975456237792969e+00
-1.031967163085937500e+01 -3.586425781250000000e+00 -4.715294837951660156e+00
-9.120304107666015625e+00 -4.085357666015625000e+00 3.103295862674713135e-01
-9.782750129699707031e+00 -4.172562599182128906e+00 -1.405440568923950195e+00
-9.819866180419921875e+00 -3.229280233383178711e+00 -2.789510786533355713e-01
-9.599267959594726562e+00 -2.926027297973632812e+00 9.033057689666748047e-01
-9.112345695495605469e+00 -2.720516920089721680e+00 2.168309926986694336e+00
-9.278966903686523438e+00 -1.628548979759216309e+00 1.270363807678222656e+00
-1.017414569854736328e+01 -2.693684339523315430e+00 -2.521588325500488281e+00
-1.009803676605224609e+01 -1.608154177665710449e+00 -2.651501655578613281e+00
-9.464776992797851562e+00 -1.290955543518066406e+00 -8.872496485710144043e-01
-7.936864376068115234e+00 -4.175604581832885742e-01 -6.464842557907104492e-01
-1.006334686279296875e+01 -4.635441303253173828e+00 -5.544284343719482422e+00
-1.034772300720214844e+01 -3.652100324630737305e+00 -5.424160480499267578e+00
-1.053347778320312500e+01 -2.258441686630249023e+00 -5.301333427429199219e+00
-1.059225463867187500e+01 -2.100555658340454102e+00 -5.871302604675292969e+00
-1.008404731750488281e+01 -6.588388085365295410e-01 -5.353372573852539062e+00
-1.059176349639892578e+01 -2.845975160598754883e+00 -7.961884498596191406e+00
-1.071341705322265625e+01 -1.949356913566589355e+00 -8.886421203613281250e+00
-1.060323619842529297e+01 -8.141233325004577637e-01 -8.515662193298339844e+00
-9.953515052795410156e+00 -3.332646787166595459e-01 -6.704433441162109375e+00
-8.382833480834960938e+00 -2.016110122203826904e-01 -2.253572702407836914e+00
-6.927749633789062500e+00 1.702885508537292480e+00 -3.686493396759033203e+00
-9.017694473266601562e+00 3.838478922843933105e-01 -6.201991558074951172e+00
-7.576704978942871094e+00 1.438365101814270020e+00 -4.987601757049560547e+00
1.328669738769531250e+01 -4.692615032196044922e+00 4.224046707153320312e+00
1.356592941284179688e+01 -6.036592006683349609e+00 7.216894626617431641e-01
1.306367206573486328e+01 -5.788020610809326172e+00 1.372994303703308105e+00
1.493785190582275391e+01 -5.588490486145019531e+00 1.863731741905212402e+00
1.481239891052246094e+01 -4.537229537963867188e+00 2.894955635070800781e+00
1.199549579620361328e+01 -5.342625617980957031e+00 2.606600522994995117e+00
4.445263385772705078e+00 -9.512993097305297852e-01 4.859845161437988281e+00
5.333480358123779297e+00 -4.868763983249664307e-01 5.950921535491943359e+00
6.633767127990722656e+00 -4.881652832031250000e+00 -1.646823406219482422e+00
8.906070709228515625e+00 -6.266810894012451172e+00 -1.239880561828613281e+00
8.114274024963378906e+00 -6.199722290039062500e+00 -1.071004509925842285e+00
7.439278602600097656e+00 -6.285792350769042969e+00 -4.736928939819335938e-01
2.542813062667846680e+00 -5.427186012268066406e+00 4.231877326965332031e-01
4.285290241241455078e+00 -4.739679336547851562e+00 -1.479738354682922363e+00
5.153243064880371094e+00 -5.142907142639160156e+00 -1.146145462989807129e+00
2.306022644042968750e+00 -4.303862094879150391e+00 -1.252429723739624023e+00
4.106793403625488281e+00 -4.772477626800537109e+00 -1.256891012191772461e+00
5.094597339630126953e+00 -5.612579822540283203e+00 2.501031458377838135e-01
5.789758682250976562e+00 -6.024194240570068359e+00 -5.768919587135314941e-01
3.085051774978637695e+00 -5.520941734313964844e+00 -5.658439397811889648e-01
9.464631080627441406e+00 -5.038380146026611328e+00 3.009979486465454102e+00
1.009737300872802734e+01 -4.329393386840820312e+00 4.677706241607666016e+00
9.992898941040039062e+00 -4.638066768646240234e+00 4.146454334259033203e+00
8.806265830993652344e+00 -3.617575168609619141e+00 5.088956356048583984e+00
8.936443328857421875e+00 -4.854310989379882812e+00 3.096299409866333008e+00
9.026842117309570312e+00 -5.867456436157226562e+00 1.413037061691284180e+00
8.679128646850585938e+00 -6.091516494750976562e+00 9.453626275062561035e-01
5.528625011444091797e+00 -1.127050399780273438e+00 3.932106018066406250e+00
6.161447525024414062e+00 -3.632924079895019531e+00 2.372054338455200195e+00
5.586903572082519531e+00 -3.950813055038452148e+00 1.870891809463500977e+00
4.517847537994384766e+00 -1.844614386558532715e+00 3.047373294830322266e+00
4.624118804931640625e+00 -1.374617934226989746e+00 3.665226459503173828e+00
6.901499748229980469e+00 -2.270756721496582031e+00 4.206538677215576172e+00
6.719850063323974609e+00 -1.648096680641174316e+00 5.380747318267822266e+00
6.531158924102783203e+00 -5.476203918457031250e+00 9.621442556381225586e-01
1.221405696868896484e+01 -3.402873516082763672e+00 5.535568237304687500e+00
1.393957519531250000e+01 -3.778281211853027344e+00 4.232775211334228516e+00
1.276061916351318359e+01 -2.629523754119873047e+00 4.660731315612792969e+00
1.361617088317871094e+01 -2.691862583160400391e+00 3.007700204849243164e+00
7.917348861694335938e+00 -2.551445960998535156e+00 6.498401165008544922e+00
7.461528301239013672e+00 -2.125061035156250000e+00 6.469665050506591797e+00
4.326745510101318359e+00 -1.292311847209930420e-01 6.745404243469238281e+00
9.825185775756835938e+00 -3.546828031539916992e+00 6.190944671630859375e+00
1.052742767333984375e+01 -2.202459335327148438e+00 6.184879302978515625e+00
1.085129833221435547e+01 -1.783997058868408203e+00 5.375128269195556641e+00
8.703166961669921875e+00 -1.194801926612854004e+00 6.314079761505126953e+00
9.044066429138183594e+00 -8.102458715438842773e-01 5.375519275665283203e+00
1.116174125671386719e+01 -1.658286333084106445e+00 4.411771774291992188e+00
1.147147846221923828e+01 -1.476752996444702148e+00 3.391934633255004883e+00
6.684741973876953125e+00 -1.122702598571777344e+00 6.232522010803222656e+00
7.797174930572509766e+00 -6.175060868263244629e-01 6.244354248046875000e+00
7.084371566772460938e+00 3.866915106773376465e-01 5.758220672607421875e+00
6.343921661376953125e+00 1.849732697010040283e-01 6.039431571960449219e+00
5.764983177185058594e+00 1.393217563629150391e+00 5.678522586822509766e+00
8.084614753723144531e+00 5.803946256637573242e-01 4.459837913513183594e+00
5.833673000335693359e+00 2.575430631637573242e+00 4.321199417114257812e+00
6.189098834991455078e+00 2.540831327438354492e+00 3.786190032958984375e+00
-2.130560159683227539e+00 -2.780760049819946289e+00 3.770899295806884766e+00
-1.523178696632385254e+00 -3.779933691024780273e+00 1.659028410911560059e+00
-1.478114008903503418e+00 -4.636672973632812500e+00 3.896776735782623291e-01
-1.614329695701599121e+00 -2.834451198577880859e+00 3.492015361785888672e+00
-2.391443848609924316e-01 -2.635358572006225586e+00 2.377951383590698242e+00
-5.072646141052246094e+00 -3.478389501571655273e+00 1.472087264060974121e+00
-4.359817504882812500e+00 -3.313661575317382812e+00 2.205974578857421875e+00
-5.805021762847900391e+00 -2.593638658523559570e+00 3.394302845001220703e+00
-5.279027938842773438e+00 -3.015682697296142578e+00 2.538473367691040039e+00
-4.094357013702392578e+00 -2.818892002105712891e+00 3.382299423217773438e+00
-2.758383035659790039e+00 -1.609412193298339844e+00 4.877854347229003906e+00
-5.654017448425292969e+00 -1.265357375144958496e+00 4.710756301879882812e+00
-5.351614475250244141e+00 -7.352545857429504395e-01 4.911844730377197266e+00
2.552263259887695312e+00 -1.635840892791748047e+00 3.651612997055053711e+00
1.382351994514465332e+00 -8.285002708435058594e-01 4.140979766845703125e+00
-5.238662660121917725e-02 -1.161098480224609375e+00 3.665400028228759766e+00
1.094740390777587891e+00 -2.509782016277313232e-01 4.690333366394042969e+00
2.556152820587158203e+00 -8.988438844680786133e-01 5.272270202636718750e+00
3.584362268447875977e+00 -3.597295880317687988e-01 6.606714248657226562e+00
1.112673759460449219e+00 8.467746973037719727e-01 5.445377826690673828e+00
-3.225513935089111328e+00 -1.382894277572631836e+00 5.011914253234863281e+00
-4.246234893798828125e+00 3.042238950729370117e-01 5.012431144714355469e+00
-2.751835107803344727e+00 5.730133652687072754e-01 5.141341209411621094e+00
-1.173539280891418457e+00 1.631047487258911133e+00 4.415030002593994141e+00
-3.888775110244750977e+00 1.022682905197143555e+00 4.049828529357910156e+00
-3.823931217193603516e+00 1.426140189170837402e+00 2.891146898269653320e+00
-1.795071512460708618e-01 -5.087435245513916016e+00 -8.085874468088150024e-02
2.973694503307342529e-01 -4.945688724517822266e+00 -1.138998791575431824e-01
8.111069798469543457e-01 -4.961034297943115234e+00 4.270197451114654541e-02
1.646487474441528320e+00 -3.786891222000122070e+00 1.428177475929260254e+00
1.474678754806518555e+00 -4.995556354522705078e+00 5.969351530075073242e-01
1.629821419715881348e+00 -3.772032022476196289e+00 -1.354630589485168457e+00
1.894988179206848145e+00 -2.592417716979980469e+00 2.352549076080322266e+00
2.290642976760864258e+00 1.695198774337768555e+00 5.633641242980957031e+00
2.881719827651977539e+00 2.679753303527832031e+00 4.290289402008056641e+00
2.610662937164306641e+00 3.022171974182128906e+00 3.029761791229248047e+00
-8.629404902458190918e-01 2.490294456481933594e+00 2.622573614120483398e+00
-6.680880188941955566e-01 1.978784441947937012e+00 4.192979335784912109e+00
5.726480484008789062e-01 2.578916072845458984e+00 3.255849599838256836e+00
-1.730177164077758789e+00 3.175101280212402344e+00 1.092374548316001892e-01
-7.585383415222167969e+00 -2.457942724227905273e+00 3.556008577346801758e+00
-7.328488349914550781e+00 -1.422678232192993164e+00 4.218955039978027344e+00
-7.960628509521484375e+00 -8.118701577186584473e-01 2.908509492874145508e+00
-6.811632156372070312e+00 -1.158990383148193359e+00 4.463860511779785156e+00
-7.016331195831298828e+00 -3.659730255603790283e-01 3.061613798141479492e+00
-6.419787883758544922e+00 1.889417916536331177e-01 1.421076059341430664e+00
-6.218986988067626953e+00 1.397340446710586548e-01 2.392080545425415039e+00
-6.924475669860839844e+00 2.276417613029479980e-01 -8.147341609001159668e-01
-3.744361877441406250e+00 1.650166153907775879e+00 1.846909165382385254e+00
-5.363959312438964844e+00 2.015832185745239258e+00 -1.992071151733398438e+00
-3.647998809814453125e+00 3.029213666915893555e+00 -1.670777440071105957e+00
3.423464536666870117e+00 9.397283792495727539e-01 6.473386764526367188e+00
2.995136976242065430e+00 2.045590162277221680e+00 5.447578430175781250e+00
3.869408130645751953e+00 2.512566089630126953e+00 4.910903930664062500e+00
4.560998916625976562e+00 3.014770507812500000e+00 3.855019330978393555e+00
3.879285573959350586e+00 3.328743934631347656e+00 2.992496967315673828e+00
7.749366283416748047e+00 -4.907596111297607422e+00 -3.953312635421752930e+00
2.374648094177246094e+00 -5.084531784057617188e+00 -3.048743724822998047e+00
5.485366821289062500e+00 -4.759548187255859375e+00 -2.508467435836791992e+00
6.309894084930419922e+00 -4.702861309051513672e+00 -2.957218170166015625e+00
3.028754949569702148e+00 -5.029098987579345703e+00 -2.926718235015869141e+00
2.088536500930786133e+00 -5.935154914855957031e+00 -5.249042034149169922e+00
2.623629570007324219e+00 -5.809663295745849609e+00 -6.250954627990722656e+00
3.885661602020263672e+00 -5.142176628112792969e+00 -5.594891548156738281e+00
5.915497303009033203e+00 -4.823833465576171875e+00 -3.722760438919067383e+00
7.148886203765869141e+00 -4.967731475830078125e+00 -4.060885429382324219e+00
2.441278457641601562e+00 -5.621711730957031250e+00 -8.457193374633789062e+00
8.309368133544921875e+00 -4.974295616149902344e+00 -6.004489898681640625e+00
3.296165704727172852e+00 -5.331933498382568359e+00 -7.113606929779052734e+00
3.708970546722412109e+00 -4.723513603210449219e+00 -7.897112846374511719e+00
6.281745910644531250e+00 -5.074054718017578125e+00 -5.371815204620361328e+00
7.398193836212158203e+00 -4.931025505065917969e+00 -6.324950218200683594e+00
5.869788169860839844e+00 -4.177924156188964844e+00 -7.245740890502929688e+00
7.523535728454589844e+00 -4.030775070190429688e+00 -7.364847183227539062e+00
5.583036422729492188e+00 -3.864079713821411133e+00 -7.625906467437744141e+00
5.156140804290771484e+00 -2.840960025787353516e+00 -8.643450736999511719e+00
5.231202125549316406e+00 -2.082835912704467773e+00 -8.896697998046875000e+00
-3.349351167678833008e+00 -7.970881938934326172e+00 -1.205592441558837891e+01
-3.131209611892700195e+00 -8.215469360351562500e+00 -1.051677799224853516e+01
-3.961331605911254883e+00 -7.544054985046386719e+00 -1.315901947021484375e+01
-1.581869840621948242e+00 -6.563333511352539062e+00 -1.324212551116943359e+01
-3.557014703750610352e+00 -6.334583282470703125e+00 -1.445974826812744141e+01
-3.375591516494750977e+00 -5.281252861022949219e+00 -1.519203090667724609e+01
-6.631550788879394531e+00 -6.537734985351562500e+00 -1.317057895660400391e+01
-7.072891712188720703e+00 -6.214507579803466797e+00 -1.318790149688720703e+01
-7.759200572967529297e+00 -5.234736442565917969e+00 -1.367453861236572266e+01
-5.719589710235595703e+00 -7.132855892181396484e+00 -1.307748889923095703e+01
-8.475053787231445312e+00 -5.367777347564697266e+00 -1.256306934356689453e+01
-7.365248203277587891e+00 -4.566730022430419922e+00 -1.457267189025878906e+01
-4.151823997497558594e+00 -5.535622119903564453e+00 -1.502861785888671875e+01
-5.996817588806152344e+00 -4.382930755615234375e+00 -1.525620174407958984e+01
-2.711674213409423828e+00 -5.387933254241943359e+00 -1.501340007781982422e+01
-2.177670240402221680e+00 -4.295911788940429688e+00 -1.536919116973876953e+01
-3.723722696304321289e+00 -3.716432571411132812e+00 -1.575166416168212891e+01
-2.791311025619506836e+00 -3.188077926635742188e+00 -1.571528434753417969e+01
-4.990520000457763672e+00 -2.649843692779541016e+00 -1.593934535980224609e+01
-3.921394824981689453e+00 -1.505020260810852051e+00 -1.593535423278808594e+01
-9.303046226501464844e+00 -4.444347858428955078e+00 -1.222075939178466797e+01
-8.936085700988769531e+00 -4.003904342651367188e+00 -1.344436168670654297e+01
-9.913106918334960938e+00 -2.865205764770507812e+00 -1.234577083587646484e+01
-1.040241813659667969e+01 -1.440698504447937012e+00 -1.151891517639160156e+01
-8.550245285034179688e+00 -3.351212263107299805e+00 -1.435943412780761719e+01
-7.692948341369628906e+00 -2.968142509460449219e+00 -1.519713497161865234e+01
-9.822791099548339844e+00 -9.267526268959045410e-01 -1.328297519683837891e+01
-9.375675201416015625e+00 -3.296804130077362061e-01 -1.420434379577636719e+01
-8.488154411315917969e+00 -9.525135159492492676e-01 -1.507389259338378906e+01
-7.136254310607910156e+00 1.595739573240280151e-01 -1.576899719238281250e+01
-7.628343105316162109e+00 8.141934275627136230e-01 -1.553575801849365234e+01
-1.522566199302673340e+00 -7.555305957794189453e+00 -6.888708591461181641e+00
-4.215324521064758301e-01 -7.157046794891357422e+00 -8.631815910339355469e+00
7.288463413715362549e-02 -6.569688320159912109e+00 -5.590087413787841797e+00
6.186039447784423828e-01 -6.686596870422363281e+00 -6.757137775421142578e+00
-2.401783168315887451e-01 -6.930837631225585938e+00 -9.610789299011230469e+00
-5.080952867865562439e-02 -5.895462036132812500e+00 -1.240198040008544922e+01
1.351522445678710938e+00 -6.391727924346923828e+00 -6.418592453002929688e+00
2.019918441772460938e+00 -5.953030109405517578e+00 -8.190292358398437500e+00
-7.606828212738037109e-01 -5.087388038635253906e+00 -1.430349445343017578e+01
1.024505019187927246e+00 -4.963226795196533203e+00 -1.243780136108398438e+01
-1.230818510055541992e+00 -3.740121126174926758e+00 -1.520239639282226562e+01
-1.926296055316925049e-01 -3.007706165313720703e+00 -1.485927200317382812e+01
1.959681153297424316e+00 -5.053529739379882812e+00 -1.069719600677490234e+01
-1.088435649871826172e+00 -2.406030416488647461e+00 -1.528117084503173828e+01
-1.307911157608032227e+00 -1.698131918907165527e+00 -1.534053421020507812e+01
2.141520500183105469e+00 -3.536857843399047852e+00 -1.149270820617675781e+01
8.847954273223876953e-01 -1.870514154434204102e+00 -1.348720169067382812e+01
7.971258163452148438e-01 -1.144735693931579590e+00 -1.333478546142578125e+01
-2.607117652893066406e+00 -1.779772043228149414e+00 -1.569853973388671875e+01
-2.676758527755737305e+00 -8.110436201095581055e-01 -1.564064502716064453e+01
-5.085502624511718750e+00 4.530146718025207520e-01 -1.588838672637939453e+01
-2.887423515319824219e+00 1.006379008293151855e+00 -1.536663341522216797e+01
-2.165292739868164062e+00 1.173585653305053711e+00 -1.512389564514160156e+01
-4.985254108905792236e-01 1.148505806922912598e+00 -1.389014339447021484e+01
-2.882869482040405273e+00 2.078639984130859375e+00 -1.503554630279541016e+01
-2.466886997222900391e+00 2.787037134170532227e+00 -1.464634990692138672e+01
2.703052759170532227e+00 -3.968423604965209961e+00 -1.033751106262207031e+01
3.519209623336791992e+00 -2.612475395202636719e+00 -1.011306953430175781e+01
3.011538743972778320e+00 -1.849553465843200684e+00 -1.085341262817382812e+01
9.635310173034667969e-01 -2.826144695281982422e-01 -1.281362438201904297e+01
1.481158614158630371e+00 4.883009474724531174e-03 -1.211012268066406250e+01
2.346556663513183594e+00 -2.205335646867752075e-01 -1.122645950317382812e+01
1.079766154289245605e+00 4.150030910968780518e-01 -1.233632850646972656e+01
-1.051394462585449219e+01 -9.684201478958129883e-01 -1.099256134033203125e+01
-9.968961715698242188e+00 6.820312142372131348e-01 -1.292140293121337891e+01
-1.030515193939208984e+01 -1.855318062007427216e-02 -1.048520755767822266e+01
-1.007392120361328125e+01 -1.239796876907348633e-01 -9.023546218872070312e+00
-9.727530479431152344e+00 5.388880968093872070e-01 -1.002712154388427734e+01
-9.965447425842285156e+00 9.190379381179809570e-01 -1.155113220214843750e+01
-9.434725761413574219e+00 2.028502941131591797e+00 -1.278359985351562500e+01
-8.822797775268554688e+00 1.391095519065856934e+00 -9.341989517211914062e+00
-8.417878150939941406e+00 2.390507221221923828e+00 -1.037505435943603516e+01
-8.199316024780273438e+00 1.155050873756408691e+00 -6.069159507751464844e+00
-7.961775302886962891e+00 1.588461518287658691e+00 -7.151110649108886719e+00
-8.284550666809082031e+00 1.873180389404296875e+00 -8.737277030944824219e+00
-7.900338649749755859e+00 2.536115169525146484e+00 -9.733281135559082031e+00
-6.298893451690673828e+00 2.690955638885498047e+00 -7.678522586822509766e+00
-6.215186119079589844e+00 2.995453119277954102e+00 -8.162804603576660156e+00
-8.636560440063476562e+00 2.198892593383789062e+00 -1.429155826568603516e+01
-8.037965774536132812e+00 2.228157758712768555e+00 -1.473222351074218750e+01
-7.637427806854248047e+00 3.436448335647583008e+00 -1.351214504241943359e+01
-6.656629562377929688e+00 4.255502223968505859e+00 -1.313691520690917969e+01
-6.101082324981689453e+00 1.893282771110534668e+00 -1.547675418853759766e+01
-5.845647811889648438e+00 2.182174682617187500e+00 -1.532714080810546875e+01
-5.172430992126464844e+00 3.963891267776489258e+00 -1.412254333496093750e+01
-4.616569519042968750e+00 3.957784891128540039e+00 -1.424934196472167969e+01
-5.868772983551025391e+00 3.766031980514526367e+00 -1.412566280364990234e+01
-8.275101661682128906e+00 3.276192903518676758e+00 -1.224619007110595703e+01
-6.244683265686035156e+00 4.402543067932128906e+00 -1.238224887847900391e+01
-5.558022975921630859e+00 4.368915081024169922e+00 -1.074512577056884766e+01
-3.390302419662475586e+00 4.230552673339843750e+00 -1.348850631713867188e+01
-3.172408580780029297e+00 4.291917800903320312e+00 -1.287084674835205078e+01
-5.221891403198242188e+00 4.425036430358886719e+00 -1.222085285186767578e+01
-4.471242427825927734e+00 4.630000591278076172e+00 -1.232700634002685547e+01
-3.218703985214233398e+00 4.681670665740966797e+00 -1.144355583190917969e+01
-4.960964679718017578e+00 4.776019573211669922e+00 -1.084913539886474609e+01
-3.798671483993530273e+00 4.886177062988281250e+00 -1.117208766937255859e+01
-6.638852596282958984e+00 3.666918992996215820e+00 -1.050421047210693359e+01
-5.932147502899169922e+00 3.607304334640502930e+00 -9.037332534790039062e+00
3.053961515426635742e+00 -1.945277005434036255e-01 -1.030043792724609375e+01
-1.401522010564804077e-01 1.526272416114807129e+00 -1.287771797180175781e+01
-2.115224123001098633e+00 3.219134092330932617e+00 -1.359529399871826172e+01
9.936515688896179199e-01 7.988006472587585449e-01 -1.168866920471191406e+01
-1.055446863174438477e+00 2.881893634796142578e+00 -1.233869266510009766e+01
-2.715053081512451172e+00 3.843266963958740234e+00 -1.327077198028564453e+01
-1.651422023773193359e+00 3.643867015838623047e+00 -1.187560749053955078e+01
1.143170070648193359e+01 -6.486211776733398438e+00 -3.379530906677246094e+00
1.333069801330566406e+01 -6.592405796051025391e+00 -1.744395732879638672e+00
1.117393493652343750e+01 -6.434109687805175781e+00 -8.358492851257324219e-01
1.097608089447021484e+01 -6.444731712341308594e+00 -2.596834897994995117e+00
1.434169006347656250e+01 -6.886407375335693359e+00 -5.038944721221923828e+00
1.198185443878173828e+01 -6.538340568542480469e+00 -3.985868215560913086e+00
1.268572044372558594e+01 -6.513365745544433594e+00 -5.485794544219970703e+00
1.314439487457275391e+01 -6.810781955718994141e+00 -3.678206205368041992e+00
1.562355518341064453e+01 -6.945606708526611328e+00 -3.613067150115966797e+00
1.605539703369140625e+01 -5.885236740112304688e+00 -4.210373878479003906e+00
1.625215721130371094e+01 -6.381117820739746094e+00 -1.185217261314392090e+00
1.637415885925292969e+01 -5.604171276092529297e+00 -2.084395408630371094e+00
1.459169101715087891e+01 -6.428770542144775391e+00 3.332917019724845886e-02
1.481805801391601562e+01 -6.846602439880371094e+00 -1.562646389007568359e+00
1.538688278198242188e+01 -6.024092197418212891e+00 9.414976835250854492e-01
1.485188007354736328e+01 -3.710178136825561523e+00 1.833438634872436523e+00
1.517133808135986328e+01 -3.998549938201904297e+00 7.981575727462768555e-01
1.438262176513671875e+01 -3.083130598068237305e+00 9.268987774848937988e-01
1.579255390167236328e+01 -4.840884685516357422e+00 -3.390404462814331055e+00
1.522732067108154297e+01 -3.965661764144897461e+00 -2.626682758331298828e+00
1.523088741302490234e+01 -3.846773386001586914e+00 -1.076951980590820312e+00
1.497319126129150391e+01 -3.530612707138061523e+00 -1.573320746421813965e+00
1.432264900207519531e+01 -2.732587099075317383e+00 -9.580957889556884766e-01
1.378776073455810547e+01 -6.685245990753173828e+00 -6.258974552154541016e+00
1.522655010223388672e+01 -5.893006801605224609e+00 -6.567972183227539062e+00
1.234509372711181641e+01 -6.400026798248291016e+00 -6.670298576354980469e+00
1.288174819946289062e+01 -5.863045215606689453e+00 -7.461648464202880859e+00
1.590998458862304688e+01 -5.784618854522705078e+00 -5.666198253631591797e+00
1.557235622406005859e+01 -5.032903671264648438e+00 -5.960020065307617188e+00
1.500395393371582031e+01 -4.363670825958251953e+00 -5.570155620574951172e+00
1.322440528869628906e+01 -5.467348575592041016e+00 -7.325910568237304688e+00
1.259672164916992188e+01 -4.918560504913330078e+00 -6.633077144622802734e+00
1.345811080932617188e+01 -4.428455352783203125e+00 -6.121860027313232422e+00
1.358123874664306641e+01 -3.337893486022949219e+00 -4.974240303039550781e+00
1.497487545013427734e+01 -3.659758806228637695e+00 -2.865819215774536133e+00
1.488853263854980469e+01 -3.690396070480346680e+00 -4.537640094757080078e+00
1.432535171508789062e+01 -2.854928016662597656e+00 -3.789240360260009766e+00
1.015464210510253906e+01 -5.987353324890136719e+00 -2.742657423019409180e+00
6.976634502410888672e+00 -4.777947425842285156e+00 -2.353467702865600586e+00
7.260107994079589844e+00 -4.859505176544189453e+00 -1.923899054527282715e+00
6.831568241119384766e+00 -4.706690311431884766e+00 -2.918648004531860352e+00
1.047973918914794922e+01 -6.275486469268798828e+00 -2.341305494308471680e+00
8.999691963195800781e+00 -5.529108524322509766e+00 -1.934943437576293945e+00
7.933496952056884766e+00 -5.117870807647705078e+00 -1.560228705406188965e+00
9.588068962097167969e+00 -5.510937690734863281e+00 -3.432207107543945312e+00
9.943213462829589844e+00 -5.514965534210205078e+00 -4.664084434509277344e+00
8.319245338439941406e+00 -4.977730751037597656e+00 -3.953768968582153320e+00
1.352140045166015625e+01 -2.060533761978149414e+00 -1.070023179054260254e-01
1.218595790863037109e+01 -7.214964628219604492e-01 -1.071808218955993652e+00
1.095123672485351562e+01 -5.919816970825195312e+00 -5.501451015472412109e+00
1.100759124755859375e+01 -5.380907535552978516e+00 -6.038742542266845703e+00
9.582251548767089844e+00 -5.044954776763916016e+00 -5.195226192474365234e+00
1.169387149810791016e+01 -4.659874916076660156e+00 -6.186199188232421875e+00
9.166074752807617188e+00 -4.301866531372070312e+00 -6.410787582397460938e+00
1.038134860992431641e+01 -3.517274141311645508e+00 -5.867578983306884766e+00
1.244408988952636719e+01 -3.648380279541015625e+00 -5.469355106353759766e+00
1.062493324279785156e+01 -3.174075841903686523e+00 -5.668067455291748047e+00
1.064406013488769531e+01 -2.252450227737426758e+00 -5.248326301574707031e+00
8.529585838317871094e+00 -3.673285484313964844e+00 -7.024191856384277344e+00
9.035327911376953125e+00 -3.069497823715209961e+00 -6.562281608581542969e+00
8.046244621276855469e+00 -2.027335166931152344e+00 -6.898650646209716797e+00
1.037930393218994141e+01 -1.591699361801147461e+00 -5.103124618530273438e+00
8.242766380310058594e+00 -1.700301051139831543e+00 -6.631234169006347656e+00
8.732352256774902344e+00 -4.768190681934356689e-01 -5.835198879241943359e+00
7.272723197937011719e+00 -1.646288186311721802e-01 -6.908717632293701172e+00
1.322781848907470703e+01 -2.094856023788452148e+00 -4.084975719451904297e+00
1.342757129669189453e+01 -1.588920712471008301e+00 -1.989774465560913086e+00
1.315877532958984375e+01 -1.295632958412170410e+00 -3.181880712509155273e+00
1.237046241760253906e+01 -3.749833106994628906e-01 -2.275729894638061523e+00
1.201116371154785156e+01 -9.574621170759201050e-02 -2.865026235580444336e+00
1.237235260009765625e+01 -1.893949627876281738e+00 -4.372015953063964844e+00
1.117434215545654297e+01 -1.220638632774353027e+00 -4.484857082366943359e+00
1.145560169219970703e+01 -5.618287324905395508e-01 -3.875284194946289062e+00
1.017568302154541016e+01 1.616302013397216797e+00 -1.761745095252990723e+00
9.285695075988769531e+00 2.409998416900634766e+00 -2.900356769561767578e+00
9.327263832092285156e+00 2.320610523223876953e+00 -3.363553762435913086e+00
8.572432518005371094e+00 2.966792583465576172e+00 -2.374497413635253906e+00
1.018759822845458984e+01 -9.059848189353942871e-01 -4.994609832763671875e+00
1.062981510162353516e+01 3.097367882728576660e-01 -4.127561569213867188e+00
8.355044364929199219e+00 1.302242875099182129e-01 -5.847707748413085938e+00
7.006759643554687500e+00 9.830088019371032715e-01 -6.419895648956298828e+00
1.396115016937255859e+01 -2.934608459472656250e+00 2.425370693206787109e+00
1.250110435485839844e+01 -1.946761846542358398e+00 2.777654647827148438e+00
1.126131820678710938e+01 -5.370002388954162598e-01 1.360664010047912598e+00
1.146154212951660156e+01 -4.186002016067504883e-01 2.383791804313659668e-01
9.943959236145019531e+00 -5.586399137973785400e-02 3.024239540100097656e+00
8.834506034851074219e+00 1.229400038719177246e+00 2.582978963851928711e+00
9.429413795471191406e+00 9.414906501770019531e-01 2.030864715576171875e+00
7.312727928161621094e+00 2.268205642700195312e+00 2.975872039794921875e+00
7.129354000091552734e+00 2.855099678039550781e+00 1.831002116203308105e+00
9.838534355163574219e+00 1.135626077651977539e+00 3.255874514579772949e-01
1.006925106048583984e+01 1.475232362747192383e+00 -1.021511316299438477e+00
7.969104766845703125e+00 2.743459463119506836e+00 4.171117544174194336e-01
3.350348472595214844e+00 4.267653942108154297e+00 -3.486115038394927979e-01
6.224531173706054688e+00 3.660038948059082031e+00 2.922970652580261230e-01
5.477075576782226562e+00 4.052456378936767578e+00 -2.228660345077514648e+00
3.667901992797851562e+00 4.383278369903564453e+00 -6.874503493309020996e-01
2.844714164733886719e+00 3.816938400268554688e+00 -2.457246065139770508e+00
2.956226825714111328e+00 3.502002716064453125e+00 -3.326064109802246094e+00
-9.883205294609069824e-01 3.795061826705932617e+00 -7.635355591773986816e-01
2.142847776412963867e+00 3.133149862289428711e+00 -4.380959033966064453e+00
7.585574872791767120e-03 4.156920433044433594e+00 -3.142004966735839844e+00
3.044860363006591797e-01 3.704153537750244141e+00 -4.696247577667236328e+00
2.377155303955078125e+00 3.803047180175781250e+00 -2.565343141555786133e+00
5.097582340240478516e+00 -8.777007460594177246e-01 -8.890666007995605469e+00
2.938465595245361328e+00 3.036260306835174561e-01 -9.605172157287597656e+00
5.054816722869873047e+00 4.988587200641632080e-01 -8.104176521301269531e+00
3.637047767639160156e+00 5.555929541587829590e-01 -8.963410377502441406e+00
2.519545555114746094e+00 4.977926015853881836e-01 -9.798802375793457031e+00
1.543986916542053223e+00 1.847126960754394531e+00 -9.910499572753906250e+00
3.288502991199493408e-01 3.147427320480346680e+00 -9.155829429626464844e+00
1.101744994521141052e-01 3.000476837158203125e+00 -1.045693874359130859e+01
5.651389598846435547e+00 2.801264762878417969e+00 -4.849861621856689453e+00
6.153877735137939453e+00 1.876910567283630371e+00 -6.078558921813964844e+00
4.694376945495605469e+00 2.675402402877807617e+00 -5.236575603485107422e+00
4.787897586822509766e+00 2.364648342132568359e+00 -5.946111679077148438e+00
6.614289283752441406e+00 3.773648738861083984e+00 -2.723544597625732422e+00
6.577467918395996094e+00 1.278889656066894531e+00 -6.418518543243408203e+00
5.703204154968261719e+00 1.657687783241271973e+00 -6.590342044830322266e+00
4.848652362823486328e+00 1.762615561485290527e+00 -7.020804882049560547e+00
2.730874061584472656e+00 2.838139772415161133e+00 -5.055078506469726562e+00
2.810575962066650391e+00 2.081439495086669922e+00 -7.353712081909179688e+00
2.023420333862304688e+00 2.323252201080322266e+00 -6.808332920074462891e+00
9.269773960113525391e-02 3.299314498901367188e+00 -6.269577980041503906e+00
2.687847912311553955e-01 2.956587791442871094e+00 -7.756958484649658203e+00
3.006880283355712891e-01 3.029321670532226562e+00 -8.135669708251953125e+00
-3.298049449920654297e+00 3.397987842559814453e+00 -2.584932088851928711e+00
-5.635267734527587891e+00 3.055510282516479492e+00 -7.731791496276855469e+00
-4.809500694274902344e+00 3.476098299026489258e+00 -7.636730670928955078e+00
-4.258637905120849609e+00 3.349301338195800781e+00 -6.674670696258544922e+00
-2.168138980865478516e+00 3.286325216293334961e+00 -2.303901463747024536e-01
-1.892171025276184082e+00 3.752524614334106445e+00 -1.353530168533325195e+00
-1.528968095779418945e+00 4.093422889709472656e+00 -2.468380689620971680e+00
-1.354464530944824219e+00 4.387936592102050781e+00 -3.693070411682128906e+00
-1.184051156044006348e+00 4.397879123687744141e+00 -4.986756801605224609e+00
-4.803017616271972656e+00 4.071522235870361328e+00 -8.505523681640625000e+00
-4.508424758911132812e+00 4.549456596374511719e+00 -9.024719238281250000e+00
-1.982911229133605957e+00 4.460828304290771484e+00 -7.511168956756591797e+00
-3.352183818817138672e+00 4.455182552337646484e+00 -8.332049369812011719e+00
-1.543142676353454590e+00 3.650858163833618164e+00 -1.119845485687255859e+01
-1.230486512184143066e+00 3.505761146545410156e+00 -1.106256771087646484e+01
-3.830886840820312500e+00 4.848094463348388672e+00 -1.070493507385253906e+01
-2.049810171127319336e+00 4.178574085235595703e+00 -9.850241661071777344e+00
-3.134418725967407227e-01 3.479209899902343750e+00 -9.965442657470703125e+00
-2.160958051681518555e+00 4.558507442474365234e+00 -6.120686054229736328e+00
5.299108028411865234e+00 3.450119495391845703e+00 2.404874563217163086e+00
6.059148311614990234e+00 3.376292467117309570e+00 1.822286725044250488e+00
1.962160825729370117e+00 7.011924982070922852e-01 -1.028545856475830078e+01
-5.187348723411560059e-01 2.794072389602661133e+00 -1.161462879180908203e+01
4.396346211433410645e-01 2.523502111434936523e+00 -1.076820850372314453e+01
