1.560525655746459961e+00 -4.928845882415771484e+00 -2.715191364288330078e+00
2.278299331665039062e+00 -4.768138885498046875e+00 -1.926463246345520020e+00
1.514363527297973633e+00 -4.781459331512451172e+00 -2.309530973434448242e+00
-5.068780422210693359e+00 -8.108426094055175781e+00 -7.822302341461181641e+00
-4.999317169189453125e+00 -8.061432838439941406e+00 -1.156795215606689453e+01
-4.184960365295410156e+00 -8.321121215820312500e+00 -9.419662475585937500e+00
-7.271004676818847656e+00 -7.468739032745361328e+00 -7.059017181396484375e+00
-7.775211334228515625e+00 -7.350815773010253906e+00 -7.967370510101318359e+00
-5.692204952239990234e+00 -8.128447532653808594e+00 -9.823673248291015625e+00
-6.220600128173828125e+00 -7.996919155120849609e+00 -9.061701774597167969e+00
-6.480607509613037109e+00 -7.344616889953613281e+00 -1.205435180664062500e+01
-8.410793304443359375e+00 -6.366494655609130859e+00 -1.057613372802734375e+01
-8.333077430725097656e+00 -6.188809394836425781e+00 -1.129434394836425781e+01
-9.641942977905273438e+00 -5.265732288360595703e+00 -8.363397598266601562e+00
-1.005040359497070312e+01 -4.323451995849609375e+00 -8.716286659240722656e+00
-9.586633682250976562e+00 -4.642106056213378906e+00 -1.086825942993164062e+01
-8.220172882080078125e+00 -6.690428256988525391e+00 -5.445571422576904297e+00
-9.067638397216796875e+00 -6.091091156005859375e+00 -4.930381298065185547e+00
-7.968311786651611328e+00 -5.744465351104736328e+00 -3.404775142669677734e+00
-8.497276306152343750e+00 -5.226594924926757812e+00 -2.226790189743041992e+00
-6.958477497100830078e+00 -5.439569950103759766e+00 -3.112604141235351562e+00
-2.592629194259643555e+00 -5.029101371765136719e+00 -1.549242138862609863e+00
-3.373139619827270508e+00 -4.883066177368164062e+00 -5.822392702102661133e-01
-1.439135074615478516e+00 -4.987815856933593750e+00 -2.396308630704879761e-01
-7.377657890319824219e+00 -3.200323581695556641e+00 2.307249546051025391e+00
-5.354289531707763672e+00 -3.507775783538818359e+00 1.276977658271789551e+00
-3.859924554824829102e+00 -5.066809654235839844e+00 -2.137396097183227539e+00
-7.304404258728027344e+00 -4.795291900634765625e+00 -1.627398371696472168e+00
-6.307565689086914062e+00 -5.165789604187011719e+00 -2.786900281906127930e+00
-3.738393068313598633e+00 -4.414342880249023438e+00 1.345828473567962646e-01
-4.767982482910156250e+00 -7.278754711151123047e+00 -5.294650554656982422e+00
-4.545441627502441406e+00 -6.497332572937011719e+00 -4.091054916381835938e+00
-2.280398845672607422e+00 -7.654870510101318359e+00 -6.417050361633300781e+00
-2.884646892547607422e+00 -7.166936874389648438e+00 -5.067071914672851562e+00
-2.214497327804565430e+00 -7.176238536834716797e+00 -5.299179077148437500e+00
-1.356632113456726074e+00 -6.800120830535888672e+00 -5.044672012329101562e+00
-2.779538631439208984e+00 -6.776106834411621094e+00 -4.439826488494873047e+00
-5.267639636993408203e+00 -6.850123405456542969e+00 -4.678876399993896484e+00
-6.153802394866943359e+00 -7.666627883911132812e+00 -6.742025375366210938e+00
-8.704733848571777344e+00 -6.650741577148437500e+00 -6.454989910125732422e+00
-1.416684031486511230e+00 -4.978564739227294922e+00 -1.837748408317565918e+00
-9.347802996635437012e-01 -5.040206909179687500e+00 -2.278889179229736328e+00
-2.240950584411621094e+00 -5.122566223144531250e+00 -2.024449825286865234e+00
-3.512975275516510010e-01 -5.082566738128662109e+00 -1.200065851211547852e+00
6.305962800979614258e-01 -4.612376689910888672e+00 -1.598499059677124023e+00
-8.144207000732421875e-01 -5.403244972229003906e+00 -3.021121025085449219e+00
-7.912769913673400879e-03 -5.499566555023193359e+00 -3.345197677612304688e+00
6.071867942810058594e-01 -4.762540817260742188e+00 -2.126324415206909180e+00
-9.515801429748535156e+00 -4.810886383056640625e+00 -2.045189857482910156e+00
-9.939993858337402344e+00 -4.889498710632324219e+00 -4.680251121520996094e+00
-9.352013587951660156e+00 -5.579596519470214844e+00 -3.831136703491210938e+00
-1.019578361511230469e+01 -3.757196664810180664e+00 -3.288694143295288086e+00
-1.031900215148925781e+01 -3.584321260452270508e+00 -4.716238975524902344e+00
-9.119395256042480469e+00 -4.076364040374755859e+00 3.045510947704315186e-01
-9.782191276550292969e+00 -4.169317245483398438e+00 -1.410066723823547363e+00
-9.820510864257812500e+00 -3.224414110183715820e+00 -2.824319303035736084e-01
-9.599261283874511719e+00 -2.917361021041870117e+00 8.994048237800598145e-01
-9.112187385559082031e+00 -2.712312698364257812e+00 2.164539098739624023e+00
-9.280021667480468750e+00 -1.622946619987487793e+00 1.267832517623901367e+00
-1.017344665527343750e+01 -2.691130161285400391e+00 -2.524970769882202148e+00
-1.009879970550537109e+01 -1.606204509735107422e+00 -2.653204441070556641e+00
-9.465282440185546875e+00 -1.288383722305297852e+00 -8.897010684013366699e-01
-7.936682224273681641e+00 -4.164508581161499023e-01 -6.474856138229370117e-01
-1.006276798248291016e+01 -4.634495258331298828e+00 -5.545825481414794922e+00
-1.034727096557617188e+01 -3.650995492935180664e+00 -5.425409317016601562e+00
-1.053325176239013672e+01 -2.256772279739379883e+00 -5.302027702331542969e+00
-1.059066677093505859e+01 -2.097292184829711914e+00 -5.872212886810302734e+00
-1.008325099945068359e+01 -6.571474075317382812e-01 -5.354109287261962891e+00
-1.058917522430419922e+01 -2.841752052307128906e+00 -7.962117195129394531e+00
-1.071176338195800781e+01 -1.945712327957153320e+00 -8.887327194213867188e+00
-1.060101604461669922e+01 -8.106877803802490234e-01 -8.517566680908203125e+00
-9.951553344726562500e+00 -3.303435444831848145e-01 -6.706362724304199219e+00
-8.383213996887207031e+00 -2.011549025774002075e-01 -2.253946781158447266e+00
-6.925644397735595703e+00 1.701215505599975586e+00 -3.686954259872436523e+00
-9.016920089721679688e+00 3.871446251869201660e-01 -6.203912734985351562e+00
-7.576172828674316406e+00 1.440875768661499023e+00 -4.988866806030273438e+00
1.329611396789550781e+01 -4.926024436950683594e+00 4.216933250427246094e+00
1.356710529327392578e+01 -6.057857513427734375e+00 6.884272694587707520e-01
1.306600952148437500e+01 -5.777797698974609375e+00 1.323808312416076660e+00
1.493885803222656250e+01 -5.676313400268554688e+00 1.836794137954711914e+00
1.481686305999755859e+01 -4.690587997436523438e+00 2.897676706314086914e+00
1.200083351135253906e+01 -5.313117980957031250e+00 2.539989233016967773e+00
4.482170104980468750e+00 -9.268106222152709961e-01 4.845738887786865234e+00
5.394018173217773438e+00 -4.436459839344024658e-01 5.947124004364013672e+00
6.650935649871826172e+00 -4.824955940246582031e+00 -1.687576889991760254e+00
8.913639068603515625e+00 -6.240897655487060547e+00 -1.275033831596374512e+00
8.124343872070312500e+00 -6.157693386077880859e+00 -1.111312150955200195e+00
7.451288223266601562e+00 -6.229634284973144531e+00 -5.211028456687927246e-01
2.553705215454101562e+00 -5.415454387664794922e+00 4.067748188972473145e-01
4.295042037963867188e+00 -4.690508842468261719e+00 -1.509768962860107422e+00
5.167889595031738281e+00 -5.081682205200195312e+00 -1.187643527984619141e+00
2.304164886474609375e+00 -4.276398181915283203e+00 -1.264581680297851562e+00
4.114563465118408203e+00 -4.716829776763916016e+00 -1.288151025772094727e+00
5.110044479370117188e+00 -5.551550865173339844e+00 2.030724585056304932e-01
5.807019710540771484e+00 -5.957829475402832031e+00 -6.303287744522094727e-01
3.097733497619628906e+00 -5.482492923736572266e+00 -5.943145155906677246e-01
9.471267700195312500e+00 -5.015436649322509766e+00 2.962952375411987305e+00
1.016658020019531250e+01 -4.187018871307373047e+00 4.515898704528808594e+00
1.002355194091796875e+01 -4.569857597351074219e+00 4.056798934936523438e+00
8.855566024780273438e+00 -3.562881231307983398e+00 4.993577003479003906e+00
8.947175025939941406e+00 -4.833656311035156250e+00 3.056000471115112305e+00
9.030179977416992188e+00 -5.848320960998535156e+00 1.379258036613464355e+00
8.682456970214843750e+00 -6.064465045928955078e+00 9.099519252777099609e-01
5.555032730102539062e+00 -1.083650469779968262e+00 3.896552562713623047e+00
6.169606208801269531e+00 -3.610691308975219727e+00 2.354897022247314453e+00
5.593844890594482422e+00 -3.922105550765991211e+00 1.849219679832458496e+00
4.526718139648437500e+00 -1.827087640762329102e+00 3.032752513885498047e+00
4.642363071441650391e+00 -1.352490186691284180e+00 3.646110773086547852e+00
6.919162273406982422e+00 -2.237977027893066406e+00 4.166525363922119141e+00
6.789304256439208984e+00 -1.550246715545654297e+00 5.306919574737548828e+00
6.542780876159667969e+00 -5.421967506408691406e+00 9.145134687423706055e-01
1.232901382446289062e+01 -3.361535072326660156e+00 5.359362602233886719e+00
1.399578857421875000e+01 -4.000620365142822266e+00 4.296813964843750000e+00
1.289424324035644531e+01 -2.657304286956787109e+00 4.561808109283447266e+00
1.365485572814941406e+01 -2.869140625000000000e+00 2.971007823944091797e+00
8.046607017517089844e+00 -2.384188890457153320e+00 6.352955818176269531e+00
7.616195201873779297e+00 -1.951152205467224121e+00 6.344353675842285156e+00
4.371535301208496094e+00 -9.974423050880432129e-02 6.747876167297363281e+00
9.947780609130859375e+00 -3.277881622314453125e+00 5.888725280761718750e+00
1.069125747680664062e+01 -2.009355545043945312e+00 5.976241588592529297e+00
1.097210884094238281e+01 -1.700328588485717773e+00 5.137063026428222656e+00
8.876340866088867188e+00 -9.468883275985717773e-01 6.114589214324951172e+00
9.174088478088378906e+00 -6.351046562194824219e-01 5.230340957641601562e+00
1.128146171569824219e+01 -1.611454248428344727e+00 4.237846851348876953e+00
1.155392742156982422e+01 -1.490579724311828613e+00 3.276076316833496094e+00
6.816612720489501953e+00 -9.640761017799377441e-01 6.164184093475341797e+00
7.943549156188964844e+00 -3.935420811176300049e-01 6.160060882568359375e+00
7.197984695434570312e+00 5.498916506767272949e-01 5.708962440490722656e+00
6.420845985412597656e+00 3.014425933361053467e-01 6.021556377410888672e+00
5.785319805145263672e+00 1.395233511924743652e+00 5.609675407409667969e+00
8.207800865173339844e+00 7.419592142105102539e-01 4.380411148071289062e+00
5.833381175994873047e+00 2.510478973388671875e+00 4.213969230651855469e+00
6.213727474212646484e+00 2.535396814346313477e+00 3.710087299346923828e+00
-2.128162622451782227e+00 -2.782486677169799805e+00 3.770725727081298828e+00
-1.520343661308288574e+00 -3.783798694610595703e+00 1.660665512084960938e+00
-1.474262118339538574e+00 -4.638104915618896484e+00 3.864195644855499268e-01
-1.610568284988403320e+00 -2.841841697692871094e+00 3.493906021118164062e+00
-2.363809347152709961e-01 -2.640301704406738281e+00 2.375878095626831055e+00
-5.070804595947265625e+00 -3.473290681838989258e+00 1.469979763031005859e+00
-4.357943058013916016e+00 -3.310977697372436523e+00 2.204487085342407227e+00
-5.803403377532958984e+00 -2.588275432586669922e+00 3.392212629318237305e+00
-5.277040004730224609e+00 -3.009804248809814453e+00 2.535717010498046875e+00
-4.092107772827148438e+00 -2.816891431808471680e+00 3.381650686264038086e+00
-2.754771232604980469e+00 -1.611013889312744141e+00 4.877984523773193359e+00
-5.652588844299316406e+00 -1.260840892791748047e+00 4.708194255828857422e+00
-5.349287033081054688e+00 -7.305736541748046875e-01 4.910564899444580078e+00
2.570390939712524414e+00 -1.627358436584472656e+00 3.639936923980712891e+00
1.391340732574462891e+00 -8.313632011413574219e-01 4.132151126861572266e+00
-4.969596117734909058e-02 -1.164212703704833984e+00 3.661981582641601562e+00
1.104963421821594238e+00 -2.542571425437927246e-01 4.672590255737304688e+00
2.584586620330810547e+00 -8.911571502685546875e-01 5.252459049224853516e+00
3.619476318359375000e+00 -3.475324511528015137e-01 6.587059974670410156e+00
1.133458256721496582e+00 8.458143472671508789e-01 5.400672435760498047e+00
-3.223221063613891602e+00 -1.382358789443969727e+00 5.010546684265136719e+00
-4.243650436401367188e+00 3.059979081153869629e-01 5.011963844299316406e+00
-2.746751785278320312e+00 5.745499134063720703e-01 5.137072086334228516e+00
-1.168565273284912109e+00 1.628634929656982422e+00 4.408688545227050781e+00
-3.886854410171508789e+00 1.024422287940979004e+00 4.049490451812744141e+00
-3.823351621627807617e+00 1.426144480705261230e+00 2.890768051147460938e+00
-1.771181374788284302e-01 -5.092890739440917969e+00 -8.276972174644470215e-02
2.984793782234191895e-01 -4.951527118682861328e+00 -1.157419532537460327e-01
8.167719841003417969e-01 -4.955255031585693359e+00 3.575097024440765381e-02
1.652228593826293945e+00 -3.781523704528808594e+00 1.418887495994567871e+00
1.483198523521423340e+00 -4.986896514892578125e+00 5.846159458160400391e-01
1.621119379997253418e+00 -3.754390001296997070e+00 -1.358902215957641602e+00
1.902033209800720215e+00 -2.589596271514892578e+00 2.346228837966918945e+00
2.313303470611572266e+00 1.683880686759948730e+00 5.583377361297607422e+00
2.892973184585571289e+00 2.657084703445434570e+00 4.243096828460693359e+00
2.612637996673583984e+00 3.021339178085327148e+00 3.011446237564086914e+00
-8.624243140220642090e-01 2.491423606872558594e+00 2.618383884429931641e+00
-6.629698872566223145e-01 1.976650476455688477e+00 4.181262969970703125e+00
5.755829215049743652e-01 2.582407474517822266e+00 3.244762659072875977e+00
-1.729694008827209473e+00 3.177705764770507812e+00 1.081722378730773926e-01
-7.584252834320068359e+00 -2.450441122055053711e+00 3.552545547485351562e+00
-7.328183650970458984e+00 -1.416123986244201660e+00 4.216877460479736328e+00
-7.961758136749267578e+00 -8.052667379379272461e-01 2.906418800354003906e+00
-6.810513496398925781e+00 -1.154181599617004395e+00 4.462324142456054688e+00
-7.015925407409667969e+00 -3.616222739219665527e-01 3.059301376342773438e+00
-6.419470787048339844e+00 1.900001168251037598e-01 1.419931292533874512e+00
-6.218445777893066406e+00 1.412526667118072510e-01 2.391067981719970703e+00
-6.924135208129882812e+00 2.282705307006835938e-01 -8.149259686470031738e-01
-3.744446277618408203e+00 1.651144027709960938e+00 1.846846342086791992e+00
-5.361297607421875000e+00 2.016340255737304688e+00 -1.992960214614868164e+00
-3.645914554595947266e+00 3.034490823745727539e+00 -1.670149326324462891e+00
3.451860427856445312e+00 9.429405331611633301e-01 6.426937103271484375e+00
3.016888141632080078e+00 2.016084671020507812e+00 5.380990505218505859e+00
3.883321523666381836e+00 2.454225778579711914e+00 4.821120262145996094e+00
4.569922447204589844e+00 2.967138290405273438e+00 3.782953500747680664e+00
3.884554147720336914e+00 3.307629108428955078e+00 2.957615852355957031e+00
7.761350154876708984e+00 -4.885114192962646484e+00 -3.978667259216308594e+00
2.376674652099609375e+00 -5.067879676818847656e+00 -3.055454969406127930e+00
5.494843482971191406e+00 -4.725700855255126953e+00 -2.534080743789672852e+00
6.321036338806152344e+00 -4.677322864532470703e+00 -2.983740091323852539e+00
3.033034086227416992e+00 -5.003989219665527344e+00 -2.938426971435546875e+00
2.090268850326538086e+00 -5.927062034606933594e+00 -5.252509593963623047e+00
2.626041889190673828e+00 -5.805639266967773438e+00 -6.254577159881591797e+00
3.890192747116088867e+00 -5.138856410980224609e+00 -5.600722789764404297e+00
5.923219680786132812e+00 -4.810629844665527344e+00 -3.739423990249633789e+00
7.159461021423339844e+00 -4.950243473052978516e+00 -4.081685543060302734e+00
2.442615270614624023e+00 -5.620352268218994141e+00 -8.459345817565917969e+00
8.319133758544921875e+00 -4.960586547851562500e+00 -6.026283740997314453e+00
3.299453258514404297e+00 -5.329539775848388672e+00 -7.117792606353759766e+00
3.711670398712158203e+00 -4.721121311187744141e+00 -7.900848865509033203e+00
6.288582324981689453e+00 -5.066289424896240234e+00 -5.384983539581298828e+00
7.405625820159912109e+00 -4.921288967132568359e+00 -6.340899944305419922e+00
5.874895095825195312e+00 -4.171952247619628906e+00 -7.256615638732910156e+00
7.529646873474121094e+00 -4.021739959716796875e+00 -7.379466533660888672e+00
5.585082054138183594e+00 -3.858987569808959961e+00 -7.631693840026855469e+00
5.156082153320312500e+00 -2.835696458816528320e+00 -8.645063400268554688e+00
5.231800079345703125e+00 -2.079006433486938477e+00 -8.897397994995117188e+00
-3.349292278289794922e+00 -7.970269680023193359e+00 -1.205625438690185547e+01
-3.131133556365966797e+00 -8.215008735656738281e+00 -1.051698303222656250e+01
-3.961313486099243164e+00 -7.543244361877441406e+00 -1.315948390960693359e+01
-1.581561565399169922e+00 -6.562932014465332031e+00 -1.324244403839111328e+01
-3.556700706481933594e+00 -6.333412170410156250e+00 -1.446015262603759766e+01
-3.374721050262451172e+00 -5.279326915740966797e+00 -1.519325923919677734e+01
-6.631229877471923828e+00 -6.536084651947021484e+00 -1.317102432250976562e+01
-7.072047710418701172e+00 -6.211801052093505859e+00 -1.318878936767578125e+01
-7.757755756378173828e+00 -5.232139110565185547e+00 -1.367586898803710938e+01
-5.719722747802734375e+00 -7.131878852844238281e+00 -1.307819080352783203e+01
-8.473461151123046875e+00 -5.364993095397949219e+00 -1.256459617614746094e+01
-7.363625049591064453e+00 -4.564628124237060547e+00 -1.457433986663818359e+01
-4.150853633880615234e+00 -5.533760547637939453e+00 -1.502959156036376953e+01
-5.995502948760986328e+00 -4.381423950195312500e+00 -1.525797367095947266e+01
-2.711058855056762695e+00 -5.386580944061279297e+00 -1.501471042633056641e+01
-2.175906181335449219e+00 -4.294342517852783203e+00 -1.537133598327636719e+01
-3.721774339675903320e+00 -3.713661193847656250e+00 -1.575417041778564453e+01
-2.789144277572631836e+00 -3.185287237167358398e+00 -1.571877861022949219e+01
-4.989099025726318359e+00 -2.648571491241455078e+00 -1.594049072265625000e+01
-3.920669078826904297e+00 -1.503591418266296387e+00 -1.593591213226318359e+01
-9.300219535827636719e+00 -4.442109107971191406e+00 -1.222300815582275391e+01
-8.934053421020507812e+00 -4.001837253570556641e+00 -1.344638919830322266e+01
-9.910856246948242188e+00 -2.863382816314697266e+00 -1.234741210937500000e+01
-1.040086269378662109e+01 -1.438281893730163574e+00 -1.151987648010253906e+01
-8.548610687255859375e+00 -3.349249839782714844e+00 -1.436092948913574219e+01
-7.691717624664306641e+00 -2.966221570968627930e+00 -1.519820308685302734e+01
-9.821098327636718750e+00 -9.253696203231811523e-01 -1.328432559967041016e+01
-9.374446868896484375e+00 -3.269987106323242188e-01 -1.420522975921630859e+01
-8.486831665039062500e+00 -9.505370259284973145e-01 -1.507493877410888672e+01
-7.135179996490478516e+00 1.605467796325683594e-01 -1.577023315429687500e+01
-7.627282619476318359e+00 8.149003386497497559e-01 -1.553613567352294922e+01
-1.521879911422729492e+00 -7.555172920227050781e+00 -6.888798713684082031e+00
-4.209090471267700195e-01 -7.156488895416259766e+00 -8.632039070129394531e+00
7.400356233119964600e-02 -6.568734645843505859e+00 -5.590233802795410156e+00
6.194537281990051270e-01 -6.685211658477783203e+00 -6.757579803466796875e+00
-2.398813217878341675e-01 -6.930584907531738281e+00 -9.610943794250488281e+00
-5.057344585657119751e-02 -5.895141601562500000e+00 -1.240229988098144531e+01
1.352734684944152832e+00 -6.387125492095947266e+00 -6.420513629913330078e+00
2.020941019058227539e+00 -5.951101303100585938e+00 -8.191919326782226562e+00
-7.600047588348388672e-01 -5.086861133575439453e+00 -1.430460071563720703e+01
1.024574398994445801e+00 -4.963074684143066406e+00 -1.243832111358642578e+01
-1.229658484458923340e+00 -3.739194631576538086e+00 -1.520361042022705078e+01
-1.922093480825424194e-01 -3.007015228271484375e+00 -1.485966968536376953e+01
1.960248947143554688e+00 -5.053277969360351562e+00 -1.069844722747802734e+01
-1.087610602378845215e+00 -2.404530525207519531e+00 -1.528239250183105469e+01
-1.307424664497375488e+00 -1.696446180343627930e+00 -1.534101295471191406e+01
2.141937255859375000e+00 -3.535915136337280273e+00 -1.149342536926269531e+01
8.840702176094055176e-01 -1.869672179222106934e+00 -1.348700046539306641e+01
7.968841791152954102e-01 -1.143960714340209961e+00 -1.333480453491210938e+01
-2.605435132980346680e+00 -1.777091860771179199e+00 -1.570134830474853516e+01
-2.676021814346313477e+00 -8.083218932151794434e-01 -1.564188385009765625e+01
-5.084581851959228516e+00 4.543673992156982422e-01 -1.588829231262207031e+01
-2.886717081069946289e+00 1.008417487144470215e+00 -1.536720752716064453e+01
-2.164360046386718750e+00 1.175654888153076172e+00 -1.512511253356933594e+01
-4.976480007171630859e-01 1.150653362274169922e+00 -1.389117717742919922e+01
-2.881946325302124023e+00 2.080917835235595703e+00 -1.503632354736328125e+01
-2.465599298477172852e+00 2.789604425430297852e+00 -1.464763545989990234e+01
2.703817844390869141e+00 -3.967023611068725586e+00 -1.033873653411865234e+01
3.519614458084106445e+00 -2.608420610427856445e+00 -1.011409282684326172e+01
3.011989831924438477e+00 -1.846775889396667480e+00 -1.085437679290771484e+01
9.643785357475280762e-01 -2.805911302566528320e-01 -1.281455993652343750e+01
1.482835412025451660e+00 7.744872476905584335e-03 -1.211186027526855469e+01
2.348887443542480469e+00 -2.169827371835708618e-01 -1.122874641418457031e+01
1.081389307975769043e+00 4.182659387588500977e-01 -1.233763885498046875e+01
-1.051210498809814453e+01 -9.646679759025573730e-01 -1.099428176879882812e+01
-9.967059135437011719e+00 6.859127283096313477e-01 -1.292297840118408203e+01
-1.030215740203857422e+01 -1.478294469416141510e-02 -1.048733043670654297e+01
-1.007156467437744141e+01 -1.204802766442298889e-01 -9.025360107421875000e+00
-9.724967956542968750e+00 5.436640381813049316e-01 -1.002842617034912109e+01
-9.963127136230468750e+00 9.239762425422668457e-01 -1.155276012420654297e+01
-9.433067321777343750e+00 2.034085988998413086e+00 -1.278551578521728516e+01
-8.818921089172363281e+00 1.395650267601013184e+00 -9.344322204589843750e+00
-8.414774894714355469e+00 2.397032976150512695e+00 -1.037759494781494141e+01
-8.198392868041992188e+00 1.158105731010437012e+00 -6.071554183959960938e+00
-7.959105014801025391e+00 1.591058969497680664e+00 -7.154536247253417969e+00
-8.279871940612792969e+00 1.877769827842712402e+00 -8.740783691406250000e+00
-7.896556377410888672e+00 2.548040866851806641e+00 -9.735155105590820312e+00
-6.296862125396728516e+00 2.699393033981323242e+00 -7.680126667022705078e+00
-6.212037086486816406e+00 3.009366989135742188e+00 -8.164107322692871094e+00
-8.634225845336914062e+00 2.203888654708862305e+00 -1.429373741149902344e+01
-8.036535263061523438e+00 2.231849193572998047e+00 -1.473318004608154297e+01
-7.636685848236083984e+00 3.443567276000976562e+00 -1.351514625549316406e+01
-6.654014587402343750e+00 4.265705585479736328e+00 -1.314007949829101562e+01
-6.100066184997558594e+00 1.895041465759277344e+00 -1.547732162475585938e+01
-5.844144821166992188e+00 2.185764789581298828e+00 -1.532836627960205078e+01
-5.169584274291992188e+00 3.968263149261474609e+00 -1.412356090545654297e+01
-4.614348411560058594e+00 3.961228370666503906e+00 -1.425067901611328125e+01
-5.866669654846191406e+00 3.771662235260009766e+00 -1.412702655792236328e+01
-8.271873474121093750e+00 3.282498836517333984e+00 -1.225006198883056641e+01
-6.241164207458496094e+00 4.414322853088378906e+00 -1.238411712646484375e+01
-5.554136276245117188e+00 4.382321834564208984e+00 -1.074631023406982422e+01
-3.387954235076904297e+00 4.234333992004394531e+00 -1.349026679992675781e+01
-3.169799566268920898e+00 4.296411514282226562e+00 -1.287251091003417969e+01
-5.218596935272216797e+00 4.435257434844970703e+00 -1.222187423706054688e+01
-4.467695236206054688e+00 4.636208534240722656e+00 -1.232853889465332031e+01
-3.215787649154663086e+00 4.686738014221191406e+00 -1.144534015655517578e+01
-4.956639289855957031e+00 4.787163734436035156e+00 -1.085090160369873047e+01
-3.794499397277832031e+00 4.893487930297851562e+00 -1.117384433746337891e+01
-6.637196540832519531e+00 3.683260917663574219e+00 -1.050469970703125000e+01
-5.929143905639648438e+00 3.624789237976074219e+00 -9.037079811096191406e+00
3.058552026748657227e+00 -1.880750507116317749e-01 -1.030422782897949219e+01
-1.384075134992599487e-01 1.529805898666381836e+00 -1.287923336029052734e+01
-2.113944530487060547e+00 3.222108125686645508e+00 -1.359665107727050781e+01
9.959523677825927734e-01 8.028711080551147461e-01 -1.169056987762451172e+01
-1.053620934486389160e+00 2.885531663894653320e+00 -1.234023666381835938e+01
-2.713077068328857422e+00 3.846715927124023438e+00 -1.327229213714599609e+01
-1.649254441261291504e+00 3.647929668426513672e+00 -1.187728881835937500e+01
1.143694972991943359e+01 -6.476799964904785156e+00 -3.409093618392944336e+00
1.333255672454833984e+01 -6.614323616027832031e+00 -1.771935105323791504e+00
1.117470455169677734e+01 -6.432006359100341797e+00 -8.576329946517944336e-01
1.097943687438964844e+01 -6.434256553649902344e+00 -2.626579046249389648e+00
1.434735488891601562e+01 -6.896555423736572266e+00 -5.064940929412841797e+00
1.198764514923095703e+01 -6.530016899108886719e+00 -4.014644145965576172e+00
1.269285488128662109e+01 -6.505331516265869141e+00 -5.514452457427978516e+00
1.314739418029785156e+01 -6.817003726959228516e+00 -3.705210208892822266e+00
1.562507152557373047e+01 -6.969667911529541016e+00 -3.635949373245239258e+00
1.605968284606933594e+01 -5.909705162048339844e+00 -4.229753971099853516e+00
1.625330924987792969e+01 -6.421495914459228516e+00 -1.205301761627197266e+00
1.637574768066406250e+01 -5.641616821289062500e+00 -2.101346492767333984e+00
1.459090995788574219e+01 -6.469522953033447266e+00 6.634965538978576660e-03
1.481879138946533203e+01 -6.877036094665527344e+00 -1.586620688438415527e+00
1.538902473449707031e+01 -6.091866493225097656e+00 9.189294576644897461e-01
1.484723281860351562e+01 -3.830446004867553711e+00 1.824703931808471680e+00
1.516685771942138672e+01 -4.074913501739501953e+00 7.773752808570861816e-01
1.437796688079833984e+01 -3.178407907485961914e+00 9.007068276405334473e-01
1.579620647430419922e+01 -4.867997169494628906e+00 -3.408605098724365234e+00
1.522477340698242188e+01 -3.999672412872314453e+00 -2.642601490020751953e+00
1.522503662109375000e+01 -3.893630266189575195e+00 -1.096764922142028809e+00
1.496588230133056641e+01 -3.570934772491455078e+00 -1.589189529418945312e+00
1.432362365722656250e+01 -2.777204990386962891e+00 -9.749138355255126953e-01
1.379762840270996094e+01 -6.687695503234863281e+00 -6.286802768707275391e+00
1.523789310455322266e+01 -5.902205944061279297e+00 -6.591275691986083984e+00
1.235611152648925781e+01 -6.393959045410156250e+00 -6.700045585632324219e+00
1.289473819732666016e+01 -5.863002777099609375e+00 -7.490425586700439453e+00
1.591973018646240234e+01 -5.803102016448974609e+00 -5.685784339904785156e+00
1.558917522430419922e+01 -5.046935081481933594e+00 -5.980419635772705078e+00
1.501267242431640625e+01 -4.382534027099609375e+00 -5.588258266448974609e+00
1.323850440979003906e+01 -5.471508502960205078e+00 -7.353497505187988281e+00
1.260986804962158203e+01 -4.917801856994628906e+00 -6.663241863250732422e+00
1.347308540344238281e+01 -4.435379505157470703e+00 -6.147719860076904297e+00
1.359668540954589844e+01 -3.347516536712646484e+00 -4.998291015625000000e+00
1.497745323181152344e+01 -3.686090707778930664e+00 -2.882347583770751953e+00
1.489455604553222656e+01 -3.714075088500976562e+00 -4.553567886352539062e+00
1.433266639709472656e+01 -2.875365257263183594e+00 -3.805885076522827148e+00
1.016406345367431641e+01 -5.966552734375000000e+00 -2.773590564727783203e+00
6.992290496826171875e+00 -4.740155220031738281e+00 -2.386612892150878906e+00
7.279067516326904297e+00 -4.809875488281250000e+00 -1.960323572158813477e+00
6.843580245971679688e+00 -4.682873249053955078e+00 -2.947154521942138672e+00
1.048529624938964844e+01 -6.260399818420410156e+00 -2.370889425277709961e+00
9.013967514038085938e+00 -5.498101711273193359e+00 -1.967389106750488281e+00
7.950932502746582031e+00 -5.073004722595214844e+00 -1.596043467521667480e+00
9.602584838867187500e+00 -5.486108779907226562e+00 -3.463171005249023438e+00
9.955183982849121094e+00 -5.493474960327148438e+00 -4.693623542785644531e+00
8.332303047180175781e+00 -4.952114105224609375e+00 -3.981992244720458984e+00
1.353986167907714844e+01 -2.092499017715454102e+00 -1.271156668663024902e-01
1.221119880676269531e+01 -7.166195511817932129e-01 -1.100788950920104980e+00
1.096245288848876953e+01 -5.902164459228515625e+00 -5.531296253204345703e+00
1.101807117462158203e+01 -5.368554592132568359e+00 -6.068696975708007812e+00
9.594543457031250000e+00 -5.027740478515625000e+00 -5.224172115325927734e+00
1.170836353302001953e+01 -4.653961181640625000e+00 -6.219037532806396484e+00
9.178541183471679688e+00 -4.288367748260498047e+00 -6.438708782196044922e+00
1.039802169799804688e+01 -3.505435705184936523e+00 -5.901535511016845703e+00
1.246124362945556641e+01 -3.648578166961669922e+00 -5.501616001129150391e+00
1.064649009704589844e+01 -3.163461685180664062e+00 -5.707004547119140625e+00
1.067149448394775391e+01 -2.238628625869750977e+00 -5.291241168975830078e+00
8.539111137390136719e+00 -3.661275148391723633e+00 -7.046656131744384766e+00
9.051249504089355469e+00 -3.057014942169189453e+00 -6.590093612670898438e+00
8.052935600280761719e+00 -2.020194530487060547e+00 -6.909752368927001953e+00
1.040574550628662109e+01 -1.577690362930297852e+00 -5.141750335693359375e+00
8.255749702453613281e+00 -1.690123915672302246e+00 -6.650149345397949219e+00
8.748358726501464844e+00 -4.667677283287048340e-01 -5.856874465942382812e+00
7.284494400024414062e+00 -1.535198986530303955e-01 -6.923587322235107422e+00
1.324380016326904297e+01 -2.103996753692626953e+00 -4.108041763305664062e+00
1.343320369720458984e+01 -1.619609951972961426e+00 -2.004730939865112305e+00
1.316334438323974609e+01 -1.311675548553466797e+00 -3.198055982589721680e+00
1.237029361724853516e+01 -3.974598646163940430e-01 -2.292823553085327148e+00
1.200385475158691406e+01 -1.175761297345161438e-01 -2.876193284988403320e+00
1.239464569091796875e+01 -1.890922784805297852e+00 -4.406771183013916016e+00
1.119955158233642578e+01 -1.211438894271850586e+00 -4.522181987762451172e+00
1.147037220001220703e+01 -5.611830949783325195e-01 -3.902065992355346680e+00
1.016938495635986328e+01 1.606983184814453125e+00 -1.775393605232238770e+00
9.276598930358886719e+00 2.399353742599487305e+00 -2.910485506057739258e+00
9.326822280883789062e+00 2.316907167434692383e+00 -3.370604038238525391e+00
8.570625305175781250e+00 2.963058710098266602e+00 -2.385038137435913086e+00
1.020803070068359375e+01 -8.956695795059204102e-01 -5.022862911224365234e+00
1.063442420959472656e+01 3.079936504364013672e-01 -4.139345645904541016e+00
8.369490623474121094e+00 1.417213082313537598e-01 -5.865781784057617188e+00
7.021084308624267578e+00 9.956797957420349121e-01 -6.436317443847656250e+00
1.396830081939697266e+01 -3.094835758209228516e+00 2.400326728820800781e+00
1.254361057281494141e+01 -2.042988061904907227e+00 2.717411041259765625e+00
1.130142784118652344e+01 -5.566037893295288086e-01 1.280856728553771973e+00
1.150413036346435547e+01 -4.048280715942382812e-01 1.891075074672698975e-01
1.003399467468261719e+01 1.402780413627624512e-03 2.909637451171875000e+00
8.895695686340332031e+00 1.282360672950744629e+00 2.493459463119506836e+00
9.477376937866210938e+00 9.538385868072509766e-01 1.950350403785705566e+00
7.357850074768066406e+00 2.305392026901245117e+00 2.895181417465209961e+00
7.184646129608154297e+00 2.933134555816650391e+00 1.789233565330505371e+00
9.871636390686035156e+00 1.145244359970092773e+00 2.745993733406066895e-01
1.009023189544677734e+01 1.489784240722656250e+00 -1.057662248611450195e+00
8.008415222167968750e+00 2.785755395889282227e+00 3.922477960586547852e-01
3.350584030151367188e+00 4.274783134460449219e+00 -3.522114157676696777e-01
6.226537704467773438e+00 3.638934135437011719e+00 2.689178287982940674e-01
5.480737686157226562e+00 4.058743000030517578e+00 -2.234056472778320312e+00
3.671206951141357422e+00 4.393468856811523438e+00 -6.917151808738708496e-01
2.848256111145019531e+00 3.825267791748046875e+00 -2.460969924926757812e+00
2.962692975997924805e+00 3.515930175781250000e+00 -3.331425189971923828e+00
-9.866915345191955566e-01 3.798492431640625000e+00 -7.649547457695007324e-01
2.150223970413208008e+00 3.148428440093994141e+00 -4.387909889221191406e+00
1.103668753057718277e-02 4.163938045501708984e+00 -3.143859148025512695e+00
3.086954653263092041e-01 3.714995861053466797e+00 -4.698951721191406250e+00
2.380988121032714844e+00 3.811287879943847656e+00 -2.568732976913452148e+00
5.102426528930664062e+00 -8.698794841766357422e-01 -8.895179748535156250e+00
2.945067167282104492e+00 3.134961128234863281e-01 -9.609115600585937500e+00
5.068051338195800781e+00 5.170239806175231934e-01 -8.117945671081542969e+00
3.646425724029541016e+00 5.702736377716064453e-01 -8.971323966979980469e+00
2.524829387664794922e+00 5.054739713668823242e-01 -9.801773071289062500e+00
1.546924352645874023e+00 1.852272391319274902e+00 -9.912898063659667969e+00
3.314995467662811279e-01 3.152411937713623047e+00 -9.158478736877441406e+00
1.125508844852447510e-01 3.004771471023559570e+00 -1.045898532867431641e+01
5.661235809326171875e+00 2.820289850234985352e+00 -4.860125541687011719e+00
6.166989803314208984e+00 1.897048830986022949e+00 -6.091956615447998047e+00
4.705261230468750000e+00 2.699969530105590820e+00 -5.248637199401855469e+00
4.803150177001953125e+00 2.398442745208740234e+00 -5.963311672210693359e+00
6.616949081420898438e+00 3.778108119964599609e+00 -2.727551937103271484e+00
6.591825485229492188e+00 1.295014619827270508e+00 -6.432805061340332031e+00
5.720074176788330078e+00 1.682887792587280273e+00 -6.608256340026855469e+00
4.867204666137695312e+00 1.793966531753540039e+00 -7.041244029998779297e+00
2.740487575531005859e+00 2.857405424118041992e+00 -5.063354969024658203e+00
2.820033788681030273e+00 2.096993923187255859e+00 -7.361337184906005859e+00
2.031570434570312500e+00 2.336053848266601562e+00 -6.812603950500488281e+00
9.698902070522308350e-02 3.308118104934692383e+00 -6.271569252014160156e+00
2.736184000968933105e-01 2.964722871780395508e+00 -7.758956432342529297e+00
3.042451739311218262e-01 3.035861730575561523e+00 -8.138190269470214844e+00
-3.295932054519653320e+00 3.400068759918212891e+00 -2.585517168045043945e+00
-5.632578372955322266e+00 3.068876504898071289e+00 -7.732222557067871094e+00
-4.807447433471679688e+00 3.487564802169799805e+00 -7.636463165283203125e+00
-4.257798671722412109e+00 3.355232000350952148e+00 -6.674576282501220703e+00
-2.165642261505126953e+00 3.288689136505126953e+00 -2.325655072927474976e-01
-1.889830112457275391e+00 3.757253170013427734e+00 -1.355141639709472656e+00
-1.527367830276489258e+00 4.102278709411621094e+00 -2.469755411148071289e+00
-1.352103590965270996e+00 4.401177883148193359e+00 -3.695177078247070312e+00
-1.180994510650634766e+00 4.408513545989990234e+00 -4.988519191741943359e+00
-4.798763751983642578e+00 4.083028316497802734e+00 -8.506562232971191406e+00
-4.503893375396728516e+00 4.559979438781738281e+00 -9.026426315307617188e+00
-1.980205059051513672e+00 4.466950893402099609e+00 -7.512374877929687500e+00
-3.348919630050659180e+00 4.462415218353271484e+00 -8.333024978637695312e+00
-1.540338039398193359e+00 3.655717134475708008e+00 -1.120029163360595703e+01
-1.227884054183959961e+00 3.510594129562377930e+00 -1.106440639495849609e+01
-3.826894998550415039e+00 4.856458187103271484e+00 -1.070676708221435547e+01
-2.046916484832763672e+00 4.184436798095703125e+00 -9.851956367492675781e+00
-3.109578788280487061e-01 3.483602762222290039e+00 -9.967437744140625000e+00
-2.158425569534301758e+00 4.565728664398193359e+00 -6.121783256530761719e+00
5.303074359893798828e+00 3.407940387725830078e+00 2.354457139968872070e+00
6.075705051422119141e+00 3.370740652084350586e+00 1.784818887710571289e+00
1.966046571731567383e+00 7.072195410728454590e-01 -1.028788661956787109e+01
-5.163965225219726562e-01 2.798331260681152344e+00 -1.161649227142333984e+01
4.419950842857360840e-01 2.527739286422729492e+00 -1.077028942108154297e+01
