1.558685898780822754e+00 -4.939098834991455078e+00 -2.709622621536254883e+00
2.271901607513427734e+00 -4.795372962951660156e+00 -1.911978721618652344e+00
1.511867165565490723e+00 -4.797397136688232422e+00 -2.301719903945922852e+00
-5.068974018096923828e+00 -8.108755111694335938e+00 -7.821916580200195312e+00
-4.999674797058105469e+00 -8.061967849731445312e+00 -1.156749820709228516e+01
-4.185056686401367188e+00 -8.321278572082519531e+00 -9.419369697570800781e+00
-7.270995140075683594e+00 -7.468288898468017578e+00 -7.058479309082031250e+00
-7.775056362152099609e+00 -7.350722312927246094e+00 -7.966796875000000000e+00
-5.692536830902099609e+00 -8.129031181335449219e+00 -9.823180198669433594e+00
-6.220845699310302734e+00 -7.997647285461425781e+00 -9.060980796813964844e+00
-6.480901718139648438e+00 -7.345570087432861328e+00 -1.205386352539062500e+01
-8.411403656005859375e+00 -6.367497444152832031e+00 -1.057502555847167969e+01
-8.333814620971679688e+00 -6.190481662750244141e+00 -1.129337787628173828e+01
-9.641986846923828125e+00 -5.266415119171142578e+00 -8.361946105957031250e+00
-1.005117797851562500e+01 -4.325382232666015625e+00 -8.715449333190917969e+00
-9.588004112243652344e+00 -4.643559932708740234e+00 -1.086682605743408203e+01
-8.220395088195800781e+00 -6.691080093383789062e+00 -5.444722652435302734e+00
-9.068230628967285156e+00 -6.093476295471191406e+00 -4.928952693939208984e+00
-7.968844413757324219e+00 -5.744205951690673828e+00 -3.404162168502807617e+00
-8.497532844543457031e+00 -5.227009296417236328e+00 -2.224565982818603516e+00
-6.959237098693847656e+00 -5.437738418579101562e+00 -3.113613367080688477e+00
-2.594820261001586914e+00 -5.027574062347412109e+00 -1.549039959907531738e+00
-3.374351978302001953e+00 -4.880095481872558594e+00 -5.831888318061828613e-01
-1.442027688026428223e+00 -4.985459804534912109e+00 -2.390201091766357422e-01
-7.379162311553955078e+00 -3.209109067916870117e+00 2.312625169754028320e+00
-5.355948925018310547e+00 -3.508990287780761719e+00 1.279444456100463867e+00
-3.861284255981445312e+00 -5.064785003662109375e+00 -2.137248277664184570e+00
-7.304605007171630859e+00 -4.796131134033203125e+00 -1.627046823501586914e+00
-6.308471202850341797e+00 -5.163437366485595703e+00 -2.787980079650878906e+00
-3.740217447280883789e+00 -4.414330005645751953e+00 1.358779519796371460e-01
-4.768502712249755859e+00 -7.278816223144531250e+00 -5.294133186340332031e+00
-4.546400547027587891e+00 -6.496178150177001953e+00 -4.090544223785400391e+00
-2.281003713607788086e+00 -7.655942440032958984e+00 -6.416506767272949219e+00
-2.885329484939575195e+00 -7.167497634887695312e+00 -5.066623687744140625e+00
-2.214951038360595703e+00 -7.177542209625244141e+00 -5.298762321472167969e+00
-1.357258677482604980e+00 -6.802245616912841797e+00 -5.043492794036865234e+00
-2.780653953552246094e+00 -6.775703907012939453e+00 -4.439822673797607422e+00
-5.268062591552734375e+00 -6.849602699279785156e+00 -4.678307056427001953e+00
-6.154034137725830078e+00 -7.666481971740722656e+00 -6.741545677185058594e+00
-8.704717636108398438e+00 -6.651282787322998047e+00 -6.454310894012451172e+00
-1.419289231300354004e+00 -4.978490352630615234e+00 -1.837026596069335938e+00
-9.364278316497802734e-01 -5.042630195617675781e+00 -2.276973962783813477e+00
-2.243035554885864258e+00 -5.121726512908935547e+00 -2.024641990661621094e+00
-3.539606034755706787e-01 -5.084931850433349609e+00 -1.197153568267822266e+00
6.307924985885620117e-01 -4.624508857727050781e+00 -1.594681859016418457e+00
-8.160376548767089844e-01 -5.404073715209960938e+00 -3.020673990249633789e+00
-9.621023200452327728e-03 -5.502387523651123047e+00 -3.343696117401123047e+00
6.052842736244201660e-01 -4.769501686096191406e+00 -2.122888803482055664e+00
-9.517027854919433594e+00 -4.812779903411865234e+00 -2.041916608810424805e+00
-9.940883636474609375e+00 -4.892135620117187500e+00 -4.678077220916748047e+00
-9.352317810058593750e+00 -5.581467151641845703e+00 -3.829352378845214844e+00
-1.019689083099365234e+01 -3.759040832519531250e+00 -3.285583496093750000e+00
-1.032111740112304688e+01 -3.588247060775756836e+00 -4.712426662445068359e+00
-9.119997978210449219e+00 -4.085869789123535156e+00 3.111245632171630859e-01
-9.783396720886230469e+00 -4.173386096954345703e+00 -1.403212070465087891e+00
-9.822537422180175781e+00 -3.230085611343383789e+00 -2.757261395454406738e-01
-9.598905563354492188e+00 -2.925293207168579102e+00 9.043056368827819824e-01
-9.112789154052734375e+00 -2.720507860183715820e+00 2.168553113937377930e+00
-9.279017448425292969e+00 -1.628152370452880859e+00 1.270821213722229004e+00
-1.017469978332519531e+01 -2.694227218627929688e+00 -2.520784378051757812e+00
-1.009796428680419922e+01 -1.608586907386779785e+00 -2.651371002197265625e+00
-9.465460777282714844e+00 -1.292090058326721191e+00 -8.864513635635375977e-01
-7.936334133148193359e+00 -4.179588258266448975e-01 -6.464195847511291504e-01
-1.006308174133300781e+01 -4.637187480926513672e+00 -5.544057846069335938e+00
-1.034948158264160156e+01 -3.654934644699096680e+00 -5.422000408172607422e+00
-1.053455066680908203e+01 -2.259314298629760742e+00 -5.300132751464843750e+00
-1.059208393096923828e+01 -2.100965261459350586e+00 -5.870631694793701172e+00
-1.008527851104736328e+01 -6.588242053985595703e-01 -5.352624416351318359e+00
-1.059065437316894531e+01 -2.845268964767456055e+00 -7.960725784301757812e+00
-1.071284675598144531e+01 -1.949772953987121582e+00 -8.886100769042968750e+00
-1.060300445556640625e+01 -8.150107264518737793e-01 -8.515206336975097656e+00
-9.953527450561523438e+00 -3.336039185523986816e-01 -6.704148769378662109e+00
-8.382991790771484375e+00 -2.023593187332153320e-01 -2.253445625305175781e+00
-6.927499294281005859e+00 1.702795505523681641e+00 -3.687194585800170898e+00
-9.019336700439453125e+00 3.845211565494537354e-01 -6.201296329498291016e+00
-7.576526641845703125e+00 1.438154458999633789e+00 -4.986937522888183594e+00
1.332792282104492188e+01 -4.720013618469238281e+00 4.191550731658935547e+00
1.357399177551269531e+01 -6.055644035339355469e+00 7.071208953857421875e-01
1.307304477691650391e+01 -5.812264919281005859e+00 1.361194133758544922e+00
1.495718288421630859e+01 -5.608455657958984375e+00 1.833159685134887695e+00
1.485057926177978516e+01 -4.554800033569335938e+00 2.850443840026855469e+00
1.201163768768310547e+01 -5.352815151214599609e+00 2.591205120086669922e+00
4.458616733551025391e+00 -9.522008895874023438e-01 4.836635112762451172e+00
5.359300136566162109e+00 -4.910998344421386719e-01 5.915942192077636719e+00
6.635365009307861328e+00 -4.863984107971191406e+00 -1.653421163558959961e+00
8.907128334045410156e+00 -6.268613815307617188e+00 -1.248777866363525391e+00
8.116600036621093750e+00 -6.185732841491699219e+00 -1.084500789642333984e+00
7.445971965789794922e+00 -6.263910293579101562e+00 -4.899482727050781250e-01
2.545310497283935547e+00 -5.429506301879882812e+00 4.216600954532623291e-01
4.284156322479248047e+00 -4.730583667755126953e+00 -1.476497411727905273e+00
5.153541088104248047e+00 -5.129313468933105469e+00 -1.151238918304443359e+00
2.300055980682373047e+00 -4.308624744415283203e+00 -1.239494442939758301e+00
4.101717472076416016e+00 -4.765031814575195312e+00 -1.248567700386047363e+00
5.101750850677490234e+00 -5.592532157897949219e+00 2.353331446647644043e-01
5.795239925384521484e+00 -6.006321907043457031e+00 -5.923192501068115234e-01
3.086821079254150391e+00 -5.515732288360595703e+00 -5.655459165573120117e-01
9.470853805541992188e+00 -5.044183731079101562e+00 3.000532865524291992e+00
1.012459468841552734e+01 -4.319561481475830078e+00 4.641108989715576172e+00
1.000643157958984375e+01 -4.641458511352539062e+00 4.127125740051269531e+00
8.824311256408691406e+00 -3.626527547836303711e+00 5.063745021820068359e+00
8.938626289367675781e+00 -4.867132186889648438e+00 3.095397233963012695e+00
9.029143333435058594e+00 -5.866878032684326172e+00 1.403383255004882812e+00
8.681966781616210938e+00 -6.084573268890380859e+00 9.343965649604797363e-01
5.538889408111572266e+00 -1.114493012428283691e+00 3.896798372268676758e+00
6.167297840118408203e+00 -3.624184608459472656e+00 2.357363700866699219e+00
5.591651916503906250e+00 -3.938180446624755859e+00 1.856271386146545410e+00
4.521375656127929688e+00 -1.839067339897155762e+00 3.032197237014770508e+00
4.630033493041992188e+00 -1.368797183036804199e+00 3.645187377929687500e+00
6.912150859832763672e+00 -2.264153242111206055e+00 4.179029941558837891e+00
6.749997615814208984e+00 -1.606266736984252930e+00 5.316042900085449219e+00
6.541076660156250000e+00 -5.442703247070312500e+00 9.319599270820617676e-01
1.227762413024902344e+01 -3.396581172943115234e+00 5.425511837005615234e+00
1.400453662872314453e+01 -3.799787282943725586e+00 4.168468475341796875e+00
1.282259559631347656e+01 -2.621428966522216797e+00 4.571681022644042969e+00
1.366090965270996094e+01 -2.698368310928344727e+00 2.942350387573242188e+00
7.978382587432861328e+00 -2.450689315795898438e+00 6.396522998809814453e+00
7.528247833251953125e+00 -2.043443441390991211e+00 6.377131938934326172e+00
4.356139659881591797e+00 -1.421717405319213867e-01 6.717598438262939453e+00
9.866937637329101562e+00 -3.493246078491210938e+00 6.139520168304443359e+00
1.056752300262451172e+01 -2.152440547943115234e+00 6.090901851654052734e+00
1.088456058502197266e+01 -1.759198665618896484e+00 5.280365467071533203e+00
8.775506019592285156e+00 -1.089222908020019531e+00 6.224082946777343750e+00
9.087149620056152344e+00 -7.537766695022583008e-01 5.300628662109375000e+00
1.118681907653808594e+01 -1.643603563308715820e+00 4.336282730102539062e+00
1.150870323181152344e+01 -1.463827133178710938e+00 3.333402156829833984e+00
6.737513065338134766e+00 -1.069074034690856934e+00 6.152904987335205078e+00
7.845068931579589844e+00 -5.589523911476135254e-01 6.141694545745849609e+00
7.105621814727783203e+00 3.997558951377868652e-01 5.689165115356445312e+00
6.364734649658203125e+00 1.953492313623428345e-01 5.936126708984375000e+00
5.769513130187988281e+00 1.381193399429321289e+00 5.640419006347656250e+00
8.126846313476562500e+00 6.266157627105712891e-01 4.406793117523193359e+00
5.837767124176025391e+00 2.573673248291015625e+00 4.295377731323242188e+00
6.200523853302001953e+00 2.551623821258544922e+00 3.762484788894653320e+00
-2.130517721176147461e+00 -2.784261941909790039e+00 3.774058818817138672e+00
-1.522815585136413574e+00 -3.783880710601806641e+00 1.660778403282165527e+00
-1.479135394096374512e+00 -4.636077404022216797e+00 3.882968127727508545e-01
-1.614469408988952637e+00 -2.840587615966796875e+00 3.497248172760009766e+00
-2.390112727880477905e-01 -2.639672279357910156e+00 2.380249023437500000e+00
-5.072747230529785156e+00 -3.475781440734863281e+00 1.472607851028442383e+00
-4.359780311584472656e+00 -3.313786029815673828e+00 2.207169532775878906e+00
-5.804912090301513672e+00 -2.593230247497558594e+00 3.394988536834716797e+00
-5.278785705566406250e+00 -3.013315200805664062e+00 2.538623571395874023e+00
-4.093917846679687500e+00 -2.820045232772827148e+00 3.384397506713867188e+00
-2.757571220397949219e+00 -1.613453626632690430e+00 4.882468700408935547e+00
-5.653849601745605469e+00 -1.263636946678161621e+00 4.710906982421875000e+00
-5.350833892822265625e+00 -7.336022853851318359e-01 4.912222862243652344e+00
2.557469129562377930e+00 -1.638476371765136719e+00 3.640625238418579102e+00
1.384750485420227051e+00 -8.347998857498168945e-01 4.135251522064208984e+00
-5.350971966981887817e-02 -1.166316390037536621e+00 3.664723873138427734e+00
1.096634030342102051e+00 -2.610705196857452393e-01 4.684057235717773438e+00
2.566712379455566406e+00 -9.123325347900390625e-01 5.259606838226318359e+00
3.602192640304565430e+00 -3.767555356025695801e-01 6.590405464172363281e+00
1.117501020431518555e+00 8.326721191406250000e-01 5.434792518615722656e+00
-3.225022315979003906e+00 -1.384343743324279785e+00 5.013784408569335938e+00
-4.245551109313964844e+00 3.043051958084106445e-01 5.013598918914794922e+00
-2.749667882919311523e+00 5.717798471450805664e-01 5.140510082244873047e+00
-1.172187805175781250e+00 1.628824234008789062e+00 4.416654109954833984e+00
-3.889487028121948242e+00 1.024202108383178711e+00 4.051239967346191406e+00
-3.824327230453491211e+00 1.424162626266479492e+00 2.891580820083618164e+00
-1.814133524894714355e-01 -5.084136962890625000e+00 -8.270906656980514526e-02
2.949146330356597900e-01 -4.947163581848144531e+00 -1.144916787743568420e-01
8.098599910736083984e-01 -4.966641902923583984e+00 4.506421834230422974e-02
1.646940588951110840e+00 -3.788887023925781250e+00 1.424885511398315430e+00
1.476235866546630859e+00 -4.997763633728027344e+00 5.953400135040283203e-01
1.626411318778991699e+00 -3.779343128204345703e+00 -1.348626613616943359e+00
1.896505951881408691e+00 -2.594572782516479492e+00 2.347252130508422852e+00
2.302354574203491211e+00 1.662762641906738281e+00 5.603693485260009766e+00
2.885790109634399414e+00 2.656743526458740234e+00 4.270596027374267578e+00
2.613383531570434570e+00 3.018451213836669922e+00 3.024148702621459961e+00
-8.623923063278198242e-01 2.489199876785278320e+00 2.621817111968994141e+00
-6.641780138015747070e-01 1.968051791191101074e+00 4.186311721801757812e+00
5.738201141357421875e-01 2.575877904891967773e+00 3.252165794372558594e+00
-1.729726672172546387e+00 3.175598144531250000e+00 1.097383499145507812e-01
-7.585901260375976562e+00 -2.457692384719848633e+00 3.556818723678588867e+00
-7.328705787658691406e+00 -1.422222733497619629e+00 4.219284057617187500e+00
-7.961401939392089844e+00 -8.121721744537353516e-01 2.909038066864013672e+00
-6.812030315399169922e+00 -1.157694935798645020e+00 4.464294433593750000e+00
-7.016012668609619141e+00 -3.657711148262023926e-01 3.060343742370605469e+00
-6.419826507568359375e+00 1.888849139213562012e-01 1.420781970024108887e+00
-6.219025611877441406e+00 1.396716535091400146e-01 2.391962766647338867e+00
-6.924308300018310547e+00 2.280266433954238892e-01 -8.151711821556091309e-01
-3.744537830352783203e+00 1.649334669113159180e+00 1.847044706344604492e+00
-5.362882137298583984e+00 2.015434741973876953e+00 -1.993781924247741699e+00
-3.647710561752319336e+00 3.034183502197265625e+00 -1.669486641883850098e+00
3.438332557678222656e+00 9.194617271423339844e-01 6.449678421020507812e+00
3.004003763198852539e+00 2.016130447387695312e+00 5.417722702026367188e+00
3.875153064727783203e+00 2.492960453033447266e+00 4.882968902587890625e+00
4.564697742462158203e+00 3.006780147552490234e+00 3.836258649826049805e+00
3.882004261016845703e+00 3.327016115188598633e+00 2.983248472213745117e+00
7.750536441802978516e+00 -4.906990528106689453e+00 -3.959891080856323242e+00
2.374052524566650391e+00 -5.083500385284423828e+00 -3.047677993774414062e+00
5.485755443572998047e+00 -4.756416797637939453e+00 -2.509035110473632812e+00
6.310692310333251953e+00 -4.702154636383056641e+00 -2.961574077606201172e+00
3.028749227523803711e+00 -5.026420116424560547e+00 -2.925226211547851562e+00
2.088430881500244141e+00 -5.934784412384033203e+00 -5.248378276824951172e+00
2.622955322265625000e+00 -5.809065341949462891e+00 -6.250892162322998047e+00
3.885564565658569336e+00 -5.141655445098876953e+00 -5.595514774322509766e+00
5.915922164916992188e+00 -4.823287487030029297e+00 -3.725793600082397461e+00
7.149289131164550781e+00 -4.967396736145019531e+00 -4.065996646881103516e+00
2.440460205078125000e+00 -5.621254444122314453e+00 -8.456612586975097656e+00
8.309052467346191406e+00 -4.975436210632324219e+00 -6.010352611541748047e+00
3.296003818511962891e+00 -5.331340789794921875e+00 -7.113856792449951172e+00
3.709221363067626953e+00 -4.723252773284912109e+00 -7.897511959075927734e+00
6.281614303588867188e+00 -5.074693202972412109e+00 -5.375005722045898438e+00
7.397721290588378906e+00 -4.932651519775390625e+00 -6.329373836517333984e+00
5.869926452636718750e+00 -4.179686069488525391e+00 -7.249233722686767578e+00
7.523617267608642578e+00 -4.032826900482177734e+00 -7.368614673614501953e+00
5.582801342010498047e+00 -3.865009307861328125e+00 -7.626829624176025391e+00
5.155607700347900391e+00 -2.840719461441040039e+00 -8.642873764038085938e+00
5.230593204498291016e+00 -2.082770824432373047e+00 -8.896735191345214844e+00
-3.349676132202148438e+00 -7.970807075500488281e+00 -1.205589580535888672e+01
-3.131306886672973633e+00 -8.215017318725585938e+00 -1.051670646667480469e+01
-3.961603403091430664e+00 -7.543993949890136719e+00 -1.315895271301269531e+01
-1.581923604011535645e+00 -6.563517570495605469e+00 -1.324200439453125000e+01
-3.557067871093750000e+00 -6.334578037261962891e+00 -1.445942306518554688e+01
-3.375553131103515625e+00 -5.281498432159423828e+00 -1.519199466705322266e+01
-6.631674289703369141e+00 -6.537675857543945312e+00 -1.317068576812744141e+01
-7.072591781616210938e+00 -6.213802814483642578e+00 -1.318834018707275391e+01
-7.758961677551269531e+00 -5.234153270721435547e+00 -1.367449188232421875e+01
-5.720123767852783203e+00 -7.132943630218505859e+00 -1.307768535614013672e+01
-8.474544525146484375e+00 -5.367348194122314453e+00 -1.256355190277099609e+01
-7.364999771118164062e+00 -4.566096305847167969e+00 -1.457253932952880859e+01
-4.151821613311767578e+00 -5.535278320312500000e+00 -1.502845191955566406e+01
-5.996995449066162109e+00 -4.382690906524658203e+00 -1.525615406036376953e+01
-2.711799383163452148e+00 -5.388500690460205078e+00 -1.501353263854980469e+01
-2.177604198455810547e+00 -4.296119213104248047e+00 -1.536955833435058594e+01
-3.723267555236816406e+00 -3.716018915176391602e+00 -1.575199699401855469e+01
-2.790555238723754883e+00 -3.188231229782104492e+00 -1.571579551696777344e+01
-4.990767002105712891e+00 -2.650146007537841797e+00 -1.593990802764892578e+01
-3.922202587127685547e+00 -1.505376338958740234e+00 -1.593556690216064453e+01
-9.302302360534667969e+00 -4.444349288940429688e+00 -1.222099399566650391e+01
-8.935737609863281250e+00 -4.004640579223632812e+00 -1.344479370117187500e+01
-9.913270950317382812e+00 -2.866561412811279297e+00 -1.234610176086425781e+01
-1.040335083007812500e+01 -1.442475795745849609e+00 -1.151867961883544922e+01
-8.550110816955566406e+00 -3.352398395538330078e+00 -1.435970878601074219e+01
-7.693003177642822266e+00 -2.968400955200195312e+00 -1.519708442687988281e+01
-9.824112892150878906e+00 -9.288165569305419922e-01 -1.328244304656982422e+01
-9.378238677978515625e+00 -3.331666588783264160e-01 -1.420262908935546875e+01
-8.489641189575195312e+00 -9.547266364097595215e-01 -1.507241916656494141e+01
-7.137711524963378906e+00 1.573136597871780396e-01 -1.576745700836181641e+01
-7.630167961120605469e+00 8.095007538795471191e-01 -1.553264713287353516e+01
-1.522784113883972168e+00 -7.556830406188964844e+00 -6.887835979461669922e+00
-4.216482341289520264e-01 -7.157289028167724609e+00 -8.631442070007324219e+00
7.251477986574172974e-02 -6.569309234619140625e+00 -5.589786052703857422e+00
6.184900403022766113e-01 -6.686745166778564453e+00 -6.756946563720703125e+00
-2.399576455354690552e-01 -6.931420803070068359e+00 -9.610751152038574219e+00
-5.081816762685775757e-02 -5.895574569702148438e+00 -1.240196895599365234e+01
1.351379871368408203e+00 -6.391832351684570312e+00 -6.418061256408691406e+00
2.019605159759521484e+00 -5.952956676483154297e+00 -8.189920425415039062e+00
-7.606756091117858887e-01 -5.087679862976074219e+00 -1.430390071868896484e+01
1.024105191230773926e+00 -4.963402271270751953e+00 -1.243758010864257812e+01
-1.230732202529907227e+00 -3.740525722503662109e+00 -1.520290851593017578e+01
-1.926878392696380615e-01 -3.007694959640502930e+00 -1.485936164855957031e+01
1.959065914154052734e+00 -5.053387641906738281e+00 -1.069660568237304688e+01
-1.088405728340148926e+00 -2.406292915344238281e+00 -1.528188037872314453e+01
-1.307622790336608887e+00 -1.698236584663391113e+00 -1.534139251708984375e+01
2.141239166259765625e+00 -3.536742687225341797e+00 -1.149252223968505859e+01
8.844876885414123535e-01 -1.870300650596618652e+00 -1.348708438873291016e+01
7.972673177719116211e-01 -1.144763112068176270e+00 -1.333500480651855469e+01
-2.607268810272216797e+00 -1.779482245445251465e+00 -1.569908523559570312e+01
-2.677218198776245117e+00 -8.107976317405700684e-01 -1.564120101928710938e+01
-5.086472511291503906e+00 4.523851275444030762e-01 -1.588759708404541016e+01
-2.888049602508544922e+00 1.005893707275390625e+00 -1.536681079864501953e+01
-2.165768384933471680e+00 1.173662424087524414e+00 -1.512400627136230469e+01
-4.989300072193145752e-01 1.148742914199829102e+00 -1.389002227783203125e+01
-2.883421421051025391e+00 2.078591585159301758e+00 -1.503604888916015625e+01
-2.467684745788574219e+00 2.786708831787109375e+00 -1.464633464813232422e+01
2.702976942062377930e+00 -3.968143701553344727e+00 -1.033726119995117188e+01
3.518454074859619141e+00 -2.611668348312377930e+00 -1.011203861236572266e+01
3.010476589202880859e+00 -1.849171876907348633e+00 -1.085249233245849609e+01
9.630720019340515137e-01 -2.823913991451263428e-01 -1.281350994110107422e+01
1.480938076972961426e+00 4.849248100072145462e-03 -1.211034679412841797e+01
2.346520900726318359e+00 -2.204258739948272705e-01 -1.122694110870361328e+01
1.079609990119934082e+00 4.153320193290710449e-01 -1.233604621887207031e+01
-1.051431655883789062e+01 -9.709467887878417969e-01 -1.099187278747558594e+01
-9.971035957336425781e+00 6.790976524353027344e-01 -1.291985225677490234e+01
-1.030436325073242188e+01 -2.268011868000030518e-02 -1.048499107360839844e+01
-1.007338905334472656e+01 -1.267530620098114014e-01 -9.022947311401367188e+00
-9.728146553039550781e+00 5.357452034950256348e-01 -1.002622795104980469e+01
-9.966372489929199219e+00 9.153623580932617188e-01 -1.155062103271484375e+01
-9.436664581298828125e+00 2.024718046188354492e+00 -1.278323936462402344e+01
-8.823418617248535156e+00 1.389830231666564941e+00 -9.341244697570800781e+00
-8.418745994567871094e+00 2.388190984725952148e+00 -1.037454891204833984e+01
-8.199954032897949219e+00 1.153995871543884277e+00 -6.069039344787597656e+00
-7.963934421539306641e+00 1.589870691299438477e+00 -7.149051189422607422e+00
-8.285454750061035156e+00 1.872730731964111328e+00 -8.736529350280761719e+00
-7.902017593383789062e+00 2.536102771759033203e+00 -9.731957435607910156e+00
-6.299898624420166016e+00 2.690460443496704102e+00 -7.678852081298828125e+00
-6.216253280639648438e+00 2.995536327362060547e+00 -8.162552833557128906e+00
-8.637949943542480469e+00 2.194559812545776367e+00 -1.428951930999755859e+01
-8.039465904235839844e+00 2.222913265228271484e+00 -1.472842884063720703e+01
-7.639424324035644531e+00 3.432961940765380859e+00 -1.351088905334472656e+01
-6.658386230468750000e+00 4.253332138061523438e+00 -1.313540554046630859e+01
-6.103015422821044922e+00 1.890443205833435059e+00 -1.547362041473388672e+01
-5.847109794616699219e+00 2.179969549179077148e+00 -1.532498550415039062e+01
-5.173747539520263672e+00 3.962260961532592773e+00 -1.412064552307128906e+01
-4.617830276489257812e+00 3.956690788269042969e+00 -1.424846363067626953e+01
-5.870290279388427734e+00 3.763545274734497070e+00 -1.412316513061523438e+01
-8.275427818298339844e+00 3.272201061248779297e+00 -1.224642753601074219e+01
-6.245783805847167969e+00 4.403041362762451172e+00 -1.237988567352294922e+01
-5.559021949768066406e+00 4.365827560424804688e+00 -1.074418163299560547e+01
-3.391232728958129883e+00 4.229929447174072266e+00 -1.348826122283935547e+01
-3.173126459121704102e+00 4.291203975677490234e+00 -1.287058258056640625e+01
-5.222738265991210938e+00 4.424279689788818359e+00 -1.221944046020507812e+01
-4.472011089324951172e+00 4.628328323364257812e+00 -1.232630157470703125e+01
-3.219563722610473633e+00 4.680839538574218750e+00 -1.144331073760986328e+01
-4.961519241333007812e+00 4.774486541748046875e+00 -1.084873580932617188e+01
-3.799251317977905273e+00 4.884998321533203125e+00 -1.117156791687011719e+01
-6.641139507293701172e+00 3.665427207946777344e+00 -1.050366210937500000e+01
-5.934492111206054688e+00 3.609000682830810547e+00 -9.035341262817382812e+00
3.054444789886474609e+00 -1.938041150569915771e-01 -1.030109310150146484e+01
-1.403025835752487183e-01 1.526655554771423340e+00 -1.287775230407714844e+01
-2.115961551666259766e+00 3.218926668167114258e+00 -1.359523200988769531e+01
9.934153556823730469e-01 7.989048957824707031e-01 -1.168890094757080078e+01
-1.055652737617492676e+00 2.881950616836547852e+00 -1.233876419067382812e+01
-2.715754270553588867e+00 3.842671155929565430e+00 -1.327064132690429688e+01
-1.651965022087097168e+00 3.643427610397338867e+00 -1.187554740905761719e+01
1.143248558044433594e+01 -6.491842269897460938e+00 -3.391026258468627930e+00
1.333501529693603516e+01 -6.607093334197998047e+00 -1.758804440498352051e+00
1.117453289031982422e+01 -6.442043304443359375e+00 -8.417631387710571289e-01
1.097669029235839844e+01 -6.449948310852050781e+00 -2.606353044509887695e+00
1.434490776062011719e+01 -6.897452354431152344e+00 -5.055515766143798828e+00
1.198368740081787109e+01 -6.547686576843261719e+00 -3.998088836669921875e+00
1.268828392028808594e+01 -6.523864746093750000e+00 -5.500581264495849609e+00
1.314689540863037109e+01 -6.819350242614746094e+00 -3.692843914031982422e+00
1.562627315521240234e+01 -6.957475662231445312e+00 -3.630397558212280273e+00
1.605795288085937500e+01 -5.898366451263427734e+00 -4.228157997131347656e+00
1.625989151000976562e+01 -6.393558979034423828e+00 -1.205449819564819336e+00
1.638151931762695312e+01 -5.616530418395996094e+00 -2.105927705764770508e+00
1.459884166717529297e+01 -6.445350646972656250e+00 1.523686200380325317e-02
1.482335281372070312e+01 -6.861610412597656250e+00 -1.579419851303100586e+00
1.539988517761230469e+01 -6.043733119964599609e+00 9.182912707328796387e-01
1.487617111206054688e+01 -3.725548982620239258e+00 1.791730999946594238e+00
1.518836688995361328e+01 -4.013930320739746094e+00 7.645239830017089844e-01
1.440488815307617188e+01 -3.094980955123901367e+00 8.829677700996398926e-01
1.579672622680664062e+01 -4.850858211517333984e+00 -3.412465333938598633e+00
1.523180866241455078e+01 -3.977772951126098633e+00 -2.651002645492553711e+00
1.524134540557861328e+01 -3.858338117599487305e+00 -1.104719400405883789e+00
1.497809600830078125e+01 -3.542514085769653320e+00 -1.601155996322631836e+00
1.433719921112060547e+01 -2.739506006240844727e+00 -9.871899485588073730e-01
1.379112434387207031e+01 -6.694674968719482422e+00 -6.275001525878906250e+00
1.522944450378417969e+01 -5.902906417846679688e+00 -6.584976673126220703e+00
1.234624195098876953e+01 -6.407380104064941406e+00 -6.683459758758544922e+00
1.288351917266845703e+01 -5.870299339294433594e+00 -7.476734161376953125e+00
1.591295051574707031e+01 -5.797617435455322266e+00 -5.684423446655273438e+00
1.558539962768554688e+01 -5.041266918182373047e+00 -5.981646537780761719e+00
1.500931167602539062e+01 -4.373909473419189453e+00 -5.590287685394287109e+00
1.322709846496582031e+01 -5.476649284362792969e+00 -7.341841697692871094e+00
1.259901523590087891e+01 -4.924612522125244141e+00 -6.649352550506591797e+00
1.346218299865722656e+01 -4.437839984893798828e+00 -6.137666225433349609e+00
1.358573246002197266e+01 -3.346184492111206055e+00 -4.991613388061523438e+00
1.498168468475341797e+01 -3.669224977493286133e+00 -2.891074895858764648e+00
1.489476299285888672e+01 -3.699827909469604492e+00 -4.560342311859130859e+00
1.433126354217529297e+01 -2.861459732055664062e+00 -3.811856031417846680e+00
1.015541267395019531e+01 -5.988966941833496094e+00 -2.750916242599487305e+00
6.977709293365478516e+00 -4.770049571990966797e+00 -2.360047817230224609e+00
7.263848304748535156e+00 -4.840869426727294922e+00 -1.931840896606445312e+00
6.832715511322021484e+00 -4.706962585449218750e+00 -2.925070762634277344e+00
1.047945404052734375e+01 -6.279885292053222656e+00 -2.349352121353149414e+00
9.002581596374511719e+00 -5.525172233581542969e+00 -1.942698121070861816e+00
7.939064979553222656e+00 -5.103163719177246094e+00 -1.567725300788879395e+00
9.588416099548339844e+00 -5.513393878936767578e+00 -3.440871238708496094e+00
9.944752693176269531e+00 -5.518700599670410156e+00 -4.674356460571289062e+00
8.320550918579101562e+00 -4.976869583129882812e+00 -3.961538314819335938e+00
1.353964042663574219e+01 -2.063023090362548828e+00 -1.348125785589218140e-01
1.220420265197753906e+01 -7.111831903457641602e-01 -1.098649740219116211e+00
1.095291233062744141e+01 -5.925077915191650391e+00 -5.513726234436035156e+00
1.100804996490478516e+01 -5.388113975524902344e+00 -6.051553726196289062e+00
9.582787513732910156e+00 -5.048156261444091797e+00 -5.205252170562744141e+00
1.169429016113281250e+01 -4.667593002319335938e+00 -6.199641704559326172e+00
9.166824340820312500e+00 -4.304133415222167969e+00 -6.419111251831054688e+00
1.038237571716308594e+01 -3.521943330764770508e+00 -5.877540111541748047e+00
1.244653511047363281e+01 -3.656626939773559570e+00 -5.485152244567871094e+00
1.062716293334960938e+01 -3.180099010467529297e+00 -5.680821418762207031e+00
1.064793586730957031e+01 -2.256518602371215820e+00 -5.261750698089599609e+00
8.530018806457519531e+00 -3.674628257751464844e+00 -7.030306816101074219e+00
9.037545204162597656e+00 -3.071511268615722656e+00 -6.571033000946044922e+00
8.047278404235839844e+00 -2.027742862701416016e+00 -6.902520179748535156e+00
1.038368034362792969e+01 -1.594155311584472656e+00 -5.115045070648193359e+00
8.244550704956054688e+00 -1.700193643569946289e+00 -6.636838436126708984e+00
8.734756469726562500e+00 -4.768614172935485840e-01 -5.841257095336914062e+00
7.273509979248046875e+00 -1.643044501543045044e-01 -6.911134719848632812e+00
1.323231506347656250e+01 -2.102544307708740234e+00 -4.105831146240234375e+00
1.343605232238769531e+01 -1.595535874366760254e+00 -2.014283895492553711e+00
1.316084098815917969e+01 -1.303605318069458008e+00 -3.201450109481811523e+00
1.237908458709716797e+01 -3.772290349006652832e-01 -2.296381711959838867e+00
1.201061248779296875e+01 -1.010549142956733704e-01 -2.879737854003906250e+00
1.237789249420166016e+01 -1.898543715476989746e+00 -4.390757560729980469e+00
1.117912483215332031e+01 -1.222279548645019531e+00 -4.500371932983398438e+00
1.145824050903320312e+01 -5.646898746490478516e-01 -3.890135288238525391e+00
1.018229579925537109e+01 1.623077154159545898e+00 -1.773266911506652832e+00
9.288875579833984375e+00 2.413522958755493164e+00 -2.908019542694091797e+00
9.328384399414062500e+00 2.320928335189819336e+00 -3.369994640350341797e+00
8.574285507202148438e+00 2.969128847122192383e+00 -2.380734205245971680e+00
1.019110679626464844e+01 -9.072291254997253418e-01 -5.003366947174072266e+00
1.062957477569580078e+01 3.068436384201049805e-01 -4.134614467620849609e+00
8.357280731201171875e+00 1.304174810647964478e-01 -5.851063728332519531e+00
7.007719516754150391e+00 9.833239316940307617e-01 -6.420930385589599609e+00
1.399752235412597656e+01 -2.941340446472167969e+00 2.371051311492919922e+00
1.253670120239257812e+01 -1.943546891212463379e+00 2.725459337234497070e+00
1.128124141693115234e+01 -5.251379609107971191e-01 1.320935726165771484e+00
1.148843574523925781e+01 -3.917895853519439697e-01 2.108929902315139771e-01
9.989682197570800781e+00 -1.204538345336914062e-02 2.979785680770874023e+00
8.871313095092773438e+00 1.278396964073181152e+00 2.556803941726684570e+00
9.473659515380859375e+00 9.867580533027648926e-01 2.002913236618041992e+00
7.340344429016113281e+00 2.305961847305297852e+00 2.955286502838134766e+00
7.149069309234619141e+00 2.889103412628173828e+00 1.816451787948608398e+00
9.869068145751953125e+00 1.165822863578796387e+00 3.024415671825408936e-01
1.009154605865478516e+01 1.498178601264953613e+00 -1.041675567626953125e+00
7.984611988067626953e+00 2.767792463302612305e+00 4.088422060012817383e-01
3.349067449569702148e+00 4.264925479888916016e+00 -3.504675626754760742e-01
6.230612754821777344e+00 3.670703649520874023e+00 2.883180081844329834e-01
5.477366924285888672e+00 4.053274631500244141e+00 -2.230558395385742188e+00
3.667207479476928711e+00 4.378396034240722656e+00 -6.894209980964660645e-01
2.844654560089111328e+00 3.811948537826538086e+00 -2.456984758377075195e+00
2.955546379089355469e+00 3.500936269760131836e+00 -3.325826644897460938e+00
-9.879950284957885742e-01 3.792889118194580078e+00 -7.644824981689453125e-01
2.143051385879516602e+00 3.135198354721069336e+00 -4.382279872894287109e+00
7.117283064872026443e-03 4.157343864440917969e+00 -3.142773389816284180e+00
3.039515316486358643e-01 3.705035448074340820e+00 -4.696726799011230469e+00
2.376871347427368164e+00 3.801011562347412109e+00 -2.564877033233642578e+00
5.097880363464355469e+00 -8.769251704216003418e-01 -8.891671180725097656e+00
2.937665939331054688e+00 3.038519024848937988e-01 -9.604166984558105469e+00
5.055789947509765625e+00 4.999980032444000244e-01 -8.105804443359375000e+00
3.636532783508300781e+00 5.563659071922302246e-01 -8.962954521179199219e+00
2.519066095352172852e+00 4.974061548709869385e-01 -9.798420906066894531e+00
1.543587923049926758e+00 1.846861600875854492e+00 -9.910253524780273438e+00
3.286663889884948730e-01 3.147514581680297852e+00 -9.155781745910644531e+00
1.099371984601020813e-01 3.000323534011840820e+00 -1.045689201354980469e+01
5.652891635894775391e+00 2.806843757629394531e+00 -4.851799488067626953e+00
6.155606269836425781e+00 1.881584763526916504e+00 -6.081016540527343750e+00
4.695537567138671875e+00 2.680485963821411133e+00 -5.238499641418457031e+00
4.787399768829345703e+00 2.366391658782958984e+00 -5.947035312652587891e+00
6.615342140197753906e+00 3.776816129684448242e+00 -2.724857330322265625e+00
6.578133106231689453e+00 1.280400753021240234e+00 -6.419587612152099609e+00
5.703474521636962891e+00 1.659798741340637207e+00 -6.592354774475097656e+00
4.847224712371826172e+00 1.762027263641357422e+00 -7.020301818847656250e+00
2.732144832611083984e+00 2.841618299484252930e+00 -5.055994987487792969e+00
2.810064077377319336e+00 2.081945657730102539e+00 -7.353612422943115234e+00
2.024333238601684570e+00 2.325021982192993164e+00 -6.808091163635253906e+00
9.265719354152679443e-02 3.299702167510986328e+00 -6.269817829132080078e+00
2.693097293376922607e-01 2.957590341567993164e+00 -7.756758689880371094e+00
3.007990717887878418e-01 3.029994726181030273e+00 -8.135670661926269531e+00
-3.296842098236083984e+00 3.397940635681152344e+00 -2.586079835891723633e+00
-5.634443283081054688e+00 3.054505586624145508e+00 -7.732522010803222656e+00
-4.808283329010009766e+00 3.474881172180175781e+00 -7.637922286987304688e+00
-4.259497165679931641e+00 3.349078893661499023e+00 -6.674479484558105469e+00
-2.168241262435913086e+00 3.284610033035278320e+00 -2.316807657480239868e-01
-1.890348911285400391e+00 3.745876312255859375e+00 -1.356371521949768066e+00
-1.528536200523376465e+00 4.092559337615966797e+00 -2.469351530075073242e+00
-1.356028914451599121e+00 4.390074253082275391e+00 -3.693741321563720703e+00
-1.184786796569824219e+00 4.397729396820068359e+00 -4.987081050872802734e+00
-4.802456855773925781e+00 4.069861888885498047e+00 -8.506936073303222656e+00
-4.509276390075683594e+00 4.548779964447021484e+00 -9.025085449218750000e+00
-1.983402132987976074e+00 4.460768699645996094e+00 -7.510933399200439453e+00
-3.352954149246215820e+00 4.455310344696044922e+00 -8.331934928894042969e+00
-1.543361783027648926e+00 3.650876283645629883e+00 -1.119848537445068359e+01
-1.230625033378601074e+00 3.505937814712524414e+00 -1.106272029876708984e+01
-3.831840991973876953e+00 4.847086906433105469e+00 -1.070479106903076172e+01
-2.050367355346679688e+00 4.178097248077392578e+00 -9.850089073181152344e+00
-3.134898543357849121e-01 3.479048490524291992e+00 -9.965498924255371094e+00
-2.161413908004760742e+00 4.557198047637939453e+00 -6.120840072631835938e+00
5.305444240570068359e+00 3.460255146026611328e+00 2.396654844284057617e+00
6.069232940673828125e+00 3.394865751266479492e+00 1.815359592437744141e+00
1.961572647094726562e+00 7.009532451629638672e-01 -1.028523635864257812e+01
-5.188438892364501953e-01 2.794221878051757812e+00 -1.161471652984619141e+01
4.393938183784484863e-01 2.523379087448120117e+00 -1.076805877685546875e+01
