1.557955384254455566e+00 -4.936985492706298828e+00 -2.709899187088012695e+00
2.273072004318237305e+00 -4.789246559143066406e+00 -1.912223815917968750e+00
1.512224435806274414e+00 -4.794806957244873047e+00 -2.302345037460327148e+00
-5.069070339202880859e+00 -8.108550071716308594e+00 -7.821932315826416016e+00
-4.999643802642822266e+00 -8.061782836914062500e+00 -1.156788635253906250e+01
-4.185024261474609375e+00 -8.321322441101074219e+00 -9.419674873352050781e+00
-7.271098136901855469e+00 -7.468540191650390625e+00 -7.058836936950683594e+00
-7.775196075439453125e+00 -7.350711345672607422e+00 -7.967320919036865234e+00
-5.692605495452880859e+00 -8.128006935119628906e+00 -9.823437690734863281e+00
-6.220797061920166016e+00 -7.996888160705566406e+00 -9.061121940612792969e+00
-6.480849742889404297e+00 -7.345526695251464844e+00 -1.205412578582763672e+01
-8.411117553710937500e+00 -6.367216587066650391e+00 -1.057616519927978516e+01
-8.333279609680175781e+00 -6.189795970916748047e+00 -1.129412460327148438e+01
-9.642805099487304688e+00 -5.267135620117187500e+00 -8.363219261169433594e+00
-1.005159854888916016e+01 -4.325425148010253906e+00 -8.716318130493164062e+00
-9.587428092956542969e+00 -4.643100738525390625e+00 -1.086791229248046875e+01
-8.220034599304199219e+00 -6.690667629241943359e+00 -5.445154190063476562e+00
-9.067649841308593750e+00 -6.091051101684570312e+00 -4.930113315582275391e+00
-7.968434810638427734e+00 -5.743772029876708984e+00 -3.404499053955078125e+00
-8.497665405273437500e+00 -5.225491046905517578e+00 -2.225018978118896484e+00
-6.958433151245117188e+00 -5.438734054565429688e+00 -3.112633943557739258e+00
-2.595707893371582031e+00 -5.028587818145751953e+00 -1.547211050987243652e+00
-3.374464750289916992e+00 -4.877140522003173828e+00 -5.822553634643554688e-01
-1.442473173141479492e+00 -4.987261295318603516e+00 -2.359144538640975952e-01
-7.379451751708984375e+00 -3.208869457244873047e+00 2.311800241470336914e+00
-5.356413841247558594e+00 -3.509430646896362305e+00 1.279212951660156250e+00
-3.861475229263305664e+00 -5.064702033996582031e+00 -2.136715412139892578e+00
-7.304936885833740234e+00 -4.791525363922119141e+00 -1.626311898231506348e+00
-6.308406829833984375e+00 -5.165236949920654297e+00 -2.786585092544555664e+00
-3.739808082580566406e+00 -4.410543441772460938e+00 1.344071477651596069e-01
-4.768413066864013672e+00 -7.278762817382812500e+00 -5.294244766235351562e+00
-4.546655178070068359e+00 -6.496943473815917969e+00 -4.090109825134277344e+00
-2.281145095825195312e+00 -7.656252861022949219e+00 -6.416448593139648438e+00
-2.885667562484741211e+00 -7.168097019195556641e+00 -5.066236495971679688e+00
-2.215229749679565430e+00 -7.178299427032470703e+00 -5.297618389129638672e+00
-1.358177542686462402e+00 -6.801997661590576172e+00 -5.043192386627197266e+00
-2.780761003494262695e+00 -6.777442455291748047e+00 -4.438446044921875000e+00
-5.268028259277343750e+00 -6.850442409515380859e+00 -4.678806304931640625e+00
-6.154109001159667969e+00 -7.666804313659667969e+00 -6.741626262664794922e+00
-8.705075263977050781e+00 -6.651278972625732422e+00 -6.454697132110595703e+00
-1.418688654899597168e+00 -4.982245922088623047e+00 -1.833518743515014648e+00
-9.363155364990234375e-01 -5.045554161071777344e+00 -2.273988962173461914e+00
-2.243148088455200195e+00 -5.125112533569335938e+00 -2.021027088165283203e+00
-3.519639968872070312e-01 -5.089008808135986328e+00 -1.194915056228637695e+00
6.298329830169677734e-01 -4.624657630920410156e+00 -1.596937537193298340e+00
-8.167956471443176270e-01 -5.404927730560302734e+00 -3.018747568130493164e+00
-1.004389952868223190e-02 -5.501921176910400391e+00 -3.343285083770751953e+00
6.047214269638061523e-01 -4.769631862640380859e+00 -2.122617959976196289e+00
-9.515489578247070312e+00 -4.812177658081054688e+00 -2.044085264205932617e+00
-9.940388679504394531e+00 -4.889880657196044922e+00 -4.679215908050537109e+00
-9.351780891418457031e+00 -5.580236434936523438e+00 -3.831448316574096680e+00
-1.019700431823730469e+01 -3.758850574493408203e+00 -3.287579774856567383e+00
-1.032248973846435547e+01 -3.586399078369140625e+00 -4.714051246643066406e+00
-9.119847297668457031e+00 -4.085046291351318359e+00 3.098896145820617676e-01
-9.781835556030273438e+00 -4.171839237213134766e+00 -1.407019734382629395e+00
-9.821594238281250000e+00 -3.229691505432128906e+00 -2.788052260875701904e-01
-9.599211692810058594e+00 -2.925511837005615234e+00 9.030234813690185547e-01
-9.112398147583007812e+00 -2.719796419143676758e+00 2.167319059371948242e+00
-9.278018951416015625e+00 -1.630007266998291016e+00 1.268434286117553711e+00
-1.017419338226318359e+01 -2.693939685821533203e+00 -2.522192478179931641e+00
-1.009757328033447266e+01 -1.608354210853576660e+00 -2.652082443237304688e+00
-9.464412689208984375e+00 -1.292815208435058594e+00 -8.880866169929504395e-01
-7.936015605926513672e+00 -4.187107682228088379e-01 -6.473436355590820312e-01
-1.006303310394287109e+01 -4.634883880615234375e+00 -5.545377731323242188e+00
-1.034934711456298828e+01 -3.652519226074218750e+00 -5.423953056335449219e+00
-1.053446674346923828e+01 -2.257965564727783203e+00 -5.299902915954589844e+00
-1.059110069274902344e+01 -2.099050760269165039e+00 -5.871519088745117188e+00
-1.008334732055664062e+01 -6.571175456047058105e-01 -5.353830814361572266e+00
-1.059029960632324219e+01 -2.844021797180175781e+00 -7.961751937866210938e+00
-1.071234035491943359e+01 -1.948101758956909180e+00 -8.887129783630371094e+00
-1.060234355926513672e+01 -8.118653297424316406e-01 -8.516268730163574219e+00
-9.952310562133789062e+00 -3.306876420974731445e-01 -6.705502986907958984e+00
-8.382804870605468750e+00 -2.018240392208099365e-01 -2.253901958465576172e+00
-6.925041198730468750e+00 1.701725840568542480e+00 -3.687960624694824219e+00
-9.017786979675292969e+00 3.861035704612731934e-01 -6.202964305877685547e+00
-7.575667381286621094e+00 1.437124133110046387e+00 -4.987875461578369141e+00
1.326008987426757812e+01 -4.653987884521484375e+00 4.244075298309326172e+00
1.356185913085937500e+01 -6.007986068725585938e+00 7.360261678695678711e-01
1.305646610260009766e+01 -5.760222434997558594e+00 1.383629798889160156e+00
1.493017005920410156e+01 -5.564757347106933594e+00 1.899026274681091309e+00
1.478476428985595703e+01 -4.488907337188720703e+00 2.947458744049072266e+00
1.198538780212402344e+01 -5.323788166046142578e+00 2.620090961456298828e+00
4.428868770599365234e+00 -9.710994958877563477e-01 4.902640342712402344e+00
5.308731079101562500e+00 -5.240041017532348633e-01 6.020794391632080078e+00
6.634259700775146484e+00 -4.861561775207519531e+00 -1.647969722747802734e+00
8.908940315246582031e+00 -6.252552509307861328e+00 -1.240275502204895020e+00
8.114203453063964844e+00 -6.190480232238769531e+00 -1.071593642234802246e+00
7.436540603637695312e+00 -6.266716957092285156e+00 -4.720716178417205811e-01
2.543634891510009766e+00 -5.421122074127197266e+00 4.226645529270172119e-01
4.286540031433105469e+00 -4.722130298614501953e+00 -1.479246854782104492e+00
5.155600070953369141e+00 -5.116528511047363281e+00 -1.144739985466003418e+00
2.302310705184936523e+00 -4.296387195587158203e+00 -1.246910333633422852e+00
4.108010768890380859e+00 -4.751921653747558594e+00 -1.256028056144714355e+00
5.094318389892578125e+00 -5.595589160919189453e+00 2.495363652706146240e-01
5.786989212036132812e+00 -6.003071308135986328e+00 -5.736608505249023438e-01
3.085233688354492188e+00 -5.506649017333984375e+00 -5.666495561599731445e-01
9.459774971008300781e+00 -5.029263019561767578e+00 3.021564722061157227e+00
1.008338165283203125e+01 -4.327813148498535156e+00 4.713691711425781250e+00
9.983621597290039062e+00 -4.629640102386474609e+00 4.167381763458251953e+00
8.804883003234863281e+00 -3.611970424652099609e+00 5.122395515441894531e+00
8.933194160461425781e+00 -4.854559421539306641e+00 3.111194372177124023e+00
9.025300025939941406e+00 -5.857145309448242188e+00 1.416863322257995605e+00
8.678820610046386719e+00 -6.075095176696777344e+00 9.452215433120727539e-01
5.521112442016601562e+00 -1.134357333183288574e+00 3.977822065353393555e+00
6.160878658294677734e+00 -3.629473686218261719e+00 2.384249925613403320e+00
5.587415695190429688e+00 -3.942819118499755859e+00 1.875602006912231445e+00
4.515382766723632812e+00 -1.843106746673583984e+00 3.063421010971069336e+00
4.617355346679687500e+00 -1.383587837219238281e+00 3.694828033447265625e+00
6.897097587585449219e+00 -2.270621299743652344e+00 4.237095832824707031e+00
6.704941749572753906e+00 -1.664046883583068848e+00 5.444727897644042969e+00
6.524738311767578125e+00 -5.469986438751220703e+00 9.732703566551208496e-01
1.218508434295654297e+01 -3.393555641174316406e+00 5.608012676239013672e+00
1.390877532958984375e+01 -3.744496107101440430e+00 4.320178508758544922e+00
1.273087310791015625e+01 -2.588958978652954102e+00 4.716755867004394531e+00
1.358299255371093750e+01 -2.677657604217529297e+00 3.059641361236572266e+00
7.901901245117187500e+00 -2.578088760375976562e+00 6.539075851440429688e+00
7.440979957580566406e+00 -2.162798404693603516e+00 6.544882297515869141e+00
4.269609451293945312e+00 -1.667410135269165039e-01 6.799950122833251953e+00
9.792249679565429688e+00 -3.609313488006591797e+00 6.275015354156494141e+00
1.051822948455810547e+01 -2.255331516265869141e+00 6.285408496856689453e+00
1.083508110046386719e+01 -1.762368679046630859e+00 5.468497276306152344e+00
8.702096939086914062e+00 -1.217910766601562500e+00 6.359259128570556641e+00
9.020304679870605469e+00 -8.016918897628784180e-01 5.460163116455078125e+00
1.112946987152099609e+01 -1.634645938873291016e+00 4.483992576599121094e+00
1.143110466003417969e+01 -1.472722053527832031e+00 3.454926013946533203e+00
6.651228904724121094e+00 -1.155657768249511719e+00 6.354646205902099609e+00
7.764328002929687500e+00 -6.564322113990783691e-01 6.369509220123291016e+00
7.030740737915039062e+00 3.366379737854003906e-01 5.864423274993896484e+00
6.309881210327148438e+00 1.703549176454544067e-01 6.220756530761718750e+00
5.732031345367431641e+00 1.366086244583129883e+00 5.762970447540283203e+00
8.048040390014648438e+00 5.599851012229919434e-01 4.554379463195800781e+00
5.811944961547851562e+00 2.561122179031372070e+00 4.388595581054687500e+00
6.160291671752929688e+00 2.518173694610595703e+00 3.833611249923706055e+00
-2.130750179290771484e+00 -2.779589891433715820e+00 3.770570516586303711e+00
-1.523938179016113281e+00 -3.774150609970092773e+00 1.657389760017395020e+00
-1.478730320930480957e+00 -4.638902664184570312e+00 3.902348577976226807e-01
-1.615036010742187500e+00 -2.835041046142578125e+00 3.492991209030151367e+00
-2.403415143489837646e-01 -2.636757850646972656e+00 2.375802040100097656e+00
-5.073331832885742188e+00 -3.477010965347290039e+00 1.472410917282104492e+00
-4.359932899475097656e+00 -3.311796665191650391e+00 2.204447984695434570e+00
-5.805072784423828125e+00 -2.592810153961181641e+00 3.393627405166625977e+00
-5.278983116149902344e+00 -3.012904405593872070e+00 2.537363052368164062e+00
-4.094166278839111328e+00 -2.818332195281982422e+00 3.381794929504394531e+00
-2.759150981903076172e+00 -1.611018657684326172e+00 4.879367828369140625e+00
-5.654051303863525391e+00 -1.264624595642089844e+00 4.709213733673095703e+00
-5.350814342498779297e+00 -7.345716953277587891e-01 4.910828113555908203e+00
2.544486045837402344e+00 -1.645259261131286621e+00 3.667963981628417969e+00
1.378197073936462402e+00 -8.357632756233215332e-01 4.145411014556884766e+00
-5.549016222357749939e-02 -1.163493752479553223e+00 3.664220809936523438e+00
1.091877341270446777e+00 -2.564817965030670166e-01 4.684903144836425781e+00
2.537437677383422852e+00 -9.140048027038574219e-01 5.296379566192626953e+00
3.549092054367065430e+00 -3.789530098438262939e-01 6.644274711608886719e+00
1.108577847480773926e+00 8.320909142494201660e-01 5.430736064910888672e+00
-3.225532054901123047e+00 -1.384428024291992188e+00 5.011846542358398438e+00
-4.245368003845214844e+00 3.039740920066833496e-01 5.011552333831787109e+00
-2.750308752059936523e+00 5.715896487236022949e-01 5.138917446136474609e+00
-1.172806739807128906e+00 1.626206517219543457e+00 4.413023948669433594e+00
-3.888640165328979492e+00 1.022218704223632812e+00 4.049383163452148438e+00
-3.824331998825073242e+00 1.422161817550659180e+00 2.890315771102905273e+00
-1.805712580680847168e-01 -5.095298767089843750e+00 -7.582960277795791626e-02
2.948939800262451172e-01 -4.953549385070800781e+00 -1.076894327998161316e-01
8.095226287841796875e-01 -4.963955879211425781e+00 4.724097251892089844e-02
1.643851876258850098e+00 -3.787178993225097656e+00 1.432398200035095215e+00
1.473030328750610352e+00 -4.994411468505859375e+00 6.019245982170104980e-01
1.621673941612243652e+00 -3.770877361297607422e+00 -1.366413116455078125e+00
1.892220139503479004e+00 -2.596175432205200195e+00 2.359595775604248047e+00
2.264408349990844727e+00 1.683397054672241211e+00 5.671123027801513672e+00
2.868796825408935547e+00 2.685041189193725586e+00 4.326352596282958984e+00
2.607602596282958984e+00 3.022210121154785156e+00 3.044064998626708984e+00
-8.623567819595336914e-01 2.488880634307861328e+00 2.622738122940063477e+00
-6.681837439537048340e-01 1.967695236206054688e+00 4.187283515930175781e+00
5.719425082206726074e-01 2.574066162109375000e+00 3.258863449096679688e+00
-1.730393290519714355e+00 3.174777746200561523e+00 1.099232658743858337e-01
-7.585852146148681641e+00 -2.456507205963134766e+00 3.555316925048828125e+00
-7.328996181488037109e+00 -1.421478986740112305e+00 4.217560768127441406e+00
-7.961271762847900391e+00 -8.120347857475280762e-01 2.906421899795532227e+00
-6.811926364898681641e+00 -1.158533811569213867e+00 4.463182926177978516e+00
-7.016940116882324219e+00 -3.655713796615600586e-01 3.060055494308471680e+00
-6.420240402221679688e+00 1.888648718595504761e-01 1.420098185539245605e+00
-6.219637393951416016e+00 1.399432122707366943e-01 2.391221046447753906e+00
-6.923727035522460938e+00 2.266926318407058716e-01 -8.150066733360290527e-01
-3.745163917541503906e+00 1.648089408874511719e+00 1.846756935119628906e+00
-5.361102581024169922e+00 2.013463020324707031e+00 -1.994141221046447754e+00
-3.649141073226928711e+00 3.034018993377685547e+00 -1.668813705444335938e+00
3.384303331375122070e+00 9.315342307090759277e-01 6.538048267364501953e+00
2.968986511230468750e+00 2.050185441970825195e+00 5.509765625000000000e+00
3.848521947860717773e+00 2.513695716857910156e+00 4.976345062255859375e+00
4.546473503112792969e+00 3.009383440017700195e+00 3.899265766143798828e+00
3.873080015182495117e+00 3.327020406723022461e+00 3.015984296798706055e+00
7.747695446014404297e+00 -4.895590305328369141e+00 -3.949577093124389648e+00
2.374395132064819336e+00 -5.079425811767578125e+00 -3.047390699386596680e+00
5.485212326049804688e+00 -4.746059894561767578e+00 -2.506941795349121094e+00
6.308416843414306641e+00 -4.689678192138671875e+00 -2.955539703369140625e+00
3.028864383697509766e+00 -5.020296096801757812e+00 -2.924847126007080078e+00
2.088314056396484375e+00 -5.932667732238769531e+00 -5.247940063476562500e+00
2.623342752456665039e+00 -5.808153152465820312e+00 -6.250280380249023438e+00
3.885768413543701172e+00 -5.141109466552734375e+00 -5.594094276428222656e+00
5.914314270019531250e+00 -4.817781448364257812e+00 -3.721252918243408203e+00
7.147572517395019531e+00 -4.958871364593505859e+00 -4.057715892791748047e+00
2.441705703735351562e+00 -5.621193408966064453e+00 -8.456669807434082031e+00
8.309752464294433594e+00 -4.969135761260986328e+00 -6.001331806182861328e+00
3.296650886535644531e+00 -5.330798625946044922e+00 -7.113098621368408203e+00
3.709887504577636719e+00 -4.722273826599121094e+00 -7.896778106689453125e+00
6.281752586364746094e+00 -5.071420192718505859e+00 -5.370028495788574219e+00
7.399162292480468750e+00 -4.928001880645751953e+00 -6.322810173034667969e+00
5.871060848236083984e+00 -4.176996707916259766e+00 -7.245131015777587891e+00
7.525305747985839844e+00 -4.029097557067871094e+00 -7.364223957061767578e+00
5.583745479583740234e+00 -3.863035678863525391e+00 -7.625717163085937500e+00
5.156391143798828125e+00 -2.839613914489746094e+00 -8.643099784851074219e+00
5.231724739074707031e+00 -2.082266330718994141e+00 -8.897329330444335938e+00
-3.349675893783569336e+00 -7.970485687255859375e+00 -1.205591392517089844e+01
-3.131231307983398438e+00 -8.214971542358398438e+00 -1.051676082611083984e+01
-3.961761236190795898e+00 -7.543937206268310547e+00 -1.315922832489013672e+01
-1.581969022750854492e+00 -6.563442230224609375e+00 -1.324220752716064453e+01
-3.557178258895874023e+00 -6.334748744964599609e+00 -1.445998764038085938e+01
-3.375551939010620117e+00 -5.281254768371582031e+00 -1.519216442108154297e+01
-6.631925582885742188e+00 -6.537991523742675781e+00 -1.317114925384521484e+01
-7.072956562042236328e+00 -6.214807510375976562e+00 -1.318887615203857422e+01
-7.758988380432128906e+00 -5.234903335571289062e+00 -1.367560005187988281e+01
-5.720156669616699219e+00 -7.132714271545410156e+00 -1.307790851593017578e+01
-8.473933219909667969e+00 -5.366932392120361328e+00 -1.256436157226562500e+01
-7.364977359771728516e+00 -4.566838741302490234e+00 -1.457355403900146484e+01
-4.151601791381835938e+00 -5.535512924194335938e+00 -1.502904129028320312e+01
-5.996798038482666016e+00 -4.382488250732421875e+00 -1.525652122497558594e+01
-2.711835861206054688e+00 -5.388013362884521484e+00 -1.501364040374755859e+01
-2.177676439285278320e+00 -4.295707225799560547e+00 -1.536915588378906250e+01
-3.723622322082519531e+00 -3.716057538986206055e+00 -1.575147819519042969e+01
-2.791109323501586914e+00 -3.187449932098388672e+00 -1.571505546569824219e+01
-4.990524291992187500e+00 -2.649527311325073242e+00 -1.593947982788085938e+01
-3.921857118606567383e+00 -1.504816055297851562e+00 -1.593509292602539062e+01
-9.301101684570312500e+00 -4.443010330200195312e+00 -1.222283840179443359e+01
-8.934987068176269531e+00 -4.003300666809082031e+00 -1.344581317901611328e+01
-9.911837577819824219e+00 -2.864578247070312500e+00 -1.234722900390625000e+01
-1.040210056304931641e+01 -1.440830230712890625e+00 -1.151977443695068359e+01
-8.549916267395019531e+00 -3.351670265197753906e+00 -1.436081123352050781e+01
-7.692780017852783203e+00 -2.967962980270385742e+00 -1.519796466827392578e+01
-9.822637557983398438e+00 -9.271788001060485840e-01 -1.328427886962890625e+01
-9.375966072082519531e+00 -3.310859799385070801e-01 -1.420534896850585938e+01
-8.488027572631835938e+00 -9.528449177742004395e-01 -1.507478523254394531e+01
-7.136555671691894531e+00 1.598301976919174194e-01 -1.576972103118896484e+01
-7.628158569335937500e+00 8.142710924148559570e-01 -1.553730487823486328e+01
-1.522522568702697754e+00 -7.557562828063964844e+00 -6.887869834899902344e+00
-4.212580025196075439e-01 -7.156389713287353516e+00 -8.631006240844726562e+00
7.207607477903366089e-02 -6.569746494293212891e+00 -5.588857173919677734e+00
6.184247732162475586e-01 -6.685713768005371094e+00 -6.755836486816406250e+00
-2.397576272487640381e-01 -6.930372238159179688e+00 -9.610316276550292969e+00
-5.070644244551658630e-02 -5.895404338836669922e+00 -1.240195465087890625e+01
1.351133465766906738e+00 -6.390074253082275391e+00 -6.417614459991455078e+00
2.020179033279418945e+00 -5.952320575714111328e+00 -8.189742088317871094e+00
-7.606289386749267578e-01 -5.087464332580566406e+00 -1.430375766754150391e+01
1.024457216262817383e+00 -4.963332176208496094e+00 -1.243759918212890625e+01
-1.230707883834838867e+00 -3.740155935287475586e+00 -1.520296382904052734e+01
-1.926822364330291748e-01 -3.007652044296264648e+00 -1.485958099365234375e+01
1.959782004356384277e+00 -5.053637027740478516e+00 -1.069682025909423828e+01
-1.088396906852722168e+00 -2.405563354492187500e+00 -1.528168487548828125e+01
-1.308025479316711426e+00 -1.697564125061035156e+00 -1.534087562561035156e+01
2.141577959060668945e+00 -3.536777257919311523e+00 -1.149261760711669922e+01
8.844842910766601562e-01 -1.870521664619445801e+00 -1.348725509643554688e+01
7.967939376831054688e-01 -1.144618391990661621e+00 -1.333443355560302734e+01
-2.607028722763061523e+00 -1.778752088546752930e+00 -1.569865036010742188e+01
-2.676959276199340820e+00 -8.101958632469177246e-01 -1.564079380035400391e+01
-5.085836887359619141e+00 4.529853165149688721e-01 -1.588738346099853516e+01
-2.887742757797241211e+00 1.006951928138732910e+00 -1.536715221405029297e+01
-2.165645837783813477e+00 1.174655795097351074e+00 -1.512372684478759766e+01
-4.991755783557891846e-01 1.149249553680419922e+00 -1.388960838317871094e+01
-2.883848667144775391e+00 2.079255342483520508e+00 -1.503485107421875000e+01
-2.467683553695678711e+00 2.787671089172363281e+00 -1.464598941802978516e+01
2.703266382217407227e+00 -3.968064546585083008e+00 -1.033719253540039062e+01
3.519022226333618164e+00 -2.611703872680664062e+00 -1.011260032653808594e+01
3.011192083358764648e+00 -1.849223852157592773e+00 -1.085304069519042969e+01
9.628676176071166992e-01 -2.821696400642395020e-01 -1.281299400329589844e+01
1.481038212776184082e+00 5.261649377644062042e-03 -1.211014938354492188e+01
2.346521615982055664e+00 -2.201882153749465942e-01 -1.122646045684814453e+01
1.079518437385559082e+00 4.160771965980529785e-01 -1.233580112457275391e+01
-1.051331996917724609e+01 -9.685753583908081055e-01 -1.099291038513183594e+01
-9.968885421752929688e+00 6.807225346565246582e-01 -1.292189979553222656e+01
-1.030411434173583984e+01 -2.061560004949569702e-02 -1.048599338531494141e+01
-1.007394599914550781e+01 -1.234792247414588928e-01 -9.024213790893554688e+00
-9.728046417236328125e+00 5.381115078926086426e-01 -1.002783107757568359e+01
-9.965856552124023438e+00 9.174202084541320801e-01 -1.155152893066406250e+01
-9.435834884643554688e+00 2.027000188827514648e+00 -1.278288936614990234e+01
-8.823349952697753906e+00 1.391418337821960449e+00 -9.341648101806640625e+00
-8.418678283691406250e+00 2.390045881271362305e+00 -1.037479686737060547e+01
-8.200165748596191406e+00 1.155746817588806152e+00 -6.069807052612304688e+00
-7.962255477905273438e+00 1.594622731208801270e+00 -7.150032043457031250e+00
-8.282827377319335938e+00 1.874475359916687012e+00 -8.737875938415527344e+00
-7.901249885559082031e+00 2.537486791610717773e+00 -9.732386589050292969e+00
-6.298980236053466797e+00 2.692387580871582031e+00 -7.679187774658203125e+00
-6.215895652770996094e+00 2.998910665512084961e+00 -8.162853240966796875e+00
-8.637012481689453125e+00 2.198277950286865234e+00 -1.429150295257568359e+01
-8.037542343139648438e+00 2.228320121765136719e+00 -1.473240852355957031e+01
-7.638873100280761719e+00 3.435569524765014648e+00 -1.351150321960449219e+01
-6.657601356506347656e+00 4.255331993103027344e+00 -1.313705444335937500e+01
-6.101338863372802734e+00 1.893402934074401855e+00 -1.547657394409179688e+01
-5.846013545989990234e+00 2.182112216949462891e+00 -1.532769107818603516e+01
-5.173357486724853516e+00 3.963038444519042969e+00 -1.412131977081298828e+01
-4.617566108703613281e+00 3.957895994186401367e+00 -1.424834728240966797e+01
-5.869717121124267578e+00 3.765762329101562500e+00 -1.412543869018554688e+01
-8.275911331176757812e+00 3.274205446243286133e+00 -1.224577331542968750e+01
-6.244944095611572266e+00 4.401536941528320312e+00 -1.238180732727050781e+01
-5.558450698852539062e+00 4.368924617767333984e+00 -1.074466705322265625e+01
-3.391578197479248047e+00 4.230846881866455078e+00 -1.348768520355224609e+01
-3.173562049865722656e+00 4.292395114898681641e+00 -1.286983966827392578e+01
-5.222689151763916016e+00 4.424591064453125000e+00 -1.222001552581787109e+01
-4.472373008728027344e+00 4.629485130310058594e+00 -1.232598114013671875e+01
-3.219818115234375000e+00 4.681769371032714844e+00 -1.144276618957519531e+01
-4.962129592895507812e+00 4.776689529418945312e+00 -1.084848690032958984e+01
-3.799491405487060547e+00 4.886237621307373047e+00 -1.117083930969238281e+01
-6.639376163482666016e+00 3.665626525878906250e+00 -1.050400257110595703e+01
-5.933683395385742188e+00 3.610086917877197266e+00 -9.035559654235839844e+00
3.053696155548095703e+00 -1.939926743507385254e-01 -1.030001831054687500e+01
-1.405956149101257324e-01 1.527276039123535156e+00 -1.287728309631347656e+01
-2.115784406661987305e+00 3.220283746719360352e+00 -1.359503555297851562e+01
9.932949542999267578e-01 7.993806600570678711e-01 -1.168841743469238281e+01
-1.055922508239746094e+00 2.882902145385742188e+00 -1.233828353881835938e+01
-2.715988636016845703e+00 3.843910932540893555e+00 -1.327013397216796875e+01
-1.652389168739318848e+00 3.644499778747558594e+00 -1.187485027313232422e+01
1.143127727508544922e+01 -6.467178344726562500e+00 -3.370653629302978516e+00
1.332905197143554688e+01 -6.572778701782226562e+00 -1.730497002601623535e+00
1.117548751831054688e+01 -6.422064304351806641e+00 -8.332954645156860352e-01
1.097502136230468750e+01 -6.426096916198730469e+00 -2.591207027435302734e+00
1.434107398986816406e+01 -6.873361587524414062e+00 -5.024977684020996094e+00
1.197986316680908203e+01 -6.520636081695556641e+00 -3.974654197692871094e+00
1.268469429016113281e+01 -6.499429225921630859e+00 -5.474586963653564453e+00
1.314281558990478516e+01 -6.796227455139160156e+00 -3.665578365325927734e+00
1.562021923065185547e+01 -6.932704448699951172e+00 -3.595643281936645508e+00
1.604884338378906250e+01 -5.875001430511474609e+00 -4.190585613250732422e+00
1.624850273132324219e+01 -6.368580341339111328e+00 -1.165632486343383789e+00
1.637050628662109375e+01 -5.591054916381835938e+00 -2.064042091369628906e+00
1.458633041381835938e+01 -6.408726215362548828e+00 5.180196836590766907e-02
1.481511878967285156e+01 -6.831643581390380859e+00 -1.545085549354553223e+00
1.537921619415283203e+01 -6.008708477020263672e+00 9.691363573074340820e-01
1.483959865570068359e+01 -3.684615135192871094e+00 1.868923306465148926e+00
1.516130638122558594e+01 -3.983250856399536133e+00 8.273507952690124512e-01
1.436745643615722656e+01 -3.073560714721679688e+00 9.578596949577331543e-01
1.578653049468994141e+01 -4.831278800964355469e+00 -3.370208501815795898e+00
1.521768856048583984e+01 -3.958193302154541016e+00 -2.602155208587646484e+00
1.522174549102783203e+01 -3.837514162063598633e+00 -1.051740646362304688e+00
1.496310329437255859e+01 -3.524199962615966797e+00 -1.550716519355773926e+00
1.430795192718505859e+01 -2.731107234954833984e+00 -9.330032467842102051e-01
1.378869438171386719e+01 -6.673094272613525391e+00 -6.245958328247070312e+00
1.522674465179443359e+01 -5.881047725677490234e+00 -6.551548004150390625e+00
1.234534549713134766e+01 -6.387953758239746094e+00 -6.659621715545654297e+00
1.288363552093505859e+01 -5.850720405578613281e+00 -7.450461387634277344e+00
1.590655994415283203e+01 -5.775544643402099609e+00 -5.646100997924804688e+00
1.557422828674316406e+01 -5.021718978881835938e+00 -5.940514087677001953e+00
1.499795913696289062e+01 -4.356923103332519531e+00 -5.549379348754882812e+00
1.322618579864501953e+01 -5.456822872161865234e+00 -7.312150955200195312e+00
1.259620952606201172e+01 -4.907973766326904297e+00 -6.621377944946289062e+00
1.345585918426513672e+01 -4.422229290008544922e+00 -6.104128360748291016e+00
1.357604122161865234e+01 -3.333558559417724609e+00 -4.953713417053222656e+00
1.496528053283691406e+01 -3.653500795364379883e+00 -2.842496395111083984e+00
1.487987422943115234e+01 -3.684637069702148438e+00 -4.516242027282714844e+00
1.431594848632812500e+01 -2.850817918777465820e+00 -3.767591476440429688e+00
1.015629100799560547e+01 -5.963991641998291016e+00 -2.736438751220703125e+00
6.976134300231933594e+00 -4.762209415435791016e+00 -2.351676464080810547e+00
7.261223316192626953e+00 -4.841115951538085938e+00 -1.923407077789306641e+00
6.829942703247070312e+00 -4.693529129028320312e+00 -2.916621923446655273e+00
1.047948646545410156e+01 -6.254911422729492188e+00 -2.336385965347290039e+00
9.000127792358398438e+00 -5.508368492126464844e+00 -1.927630066871643066e+00
7.933826923370361328e+00 -5.099590301513671875e+00 -1.556843400001525879e+00
9.587627410888671875e+00 -5.493013381958007812e+00 -3.425146341323852539e+00
9.940995216369628906e+00 -5.499638557434082031e+00 -4.655200958251953125e+00
8.317666053771972656e+00 -4.962677478790283203e+00 -3.948807239532470703e+00
1.350573062896728516e+01 -2.062550067901611328e+00 -8.388507366180419922e-02
1.216609001159667969e+01 -7.296905517578125000e-01 -1.049255967140197754e+00
1.094831752777099609e+01 -5.903642654418945312e+00 -5.490951061248779297e+00
1.100582313537597656e+01 -5.370231628417968750e+00 -6.029901504516601562e+00
9.579206466674804688e+00 -5.036371231079101562e+00 -5.190479278564453125e+00
1.169288253784179688e+01 -4.651376247406005859e+00 -6.176464557647705078e+00
9.165700912475585938e+00 -4.296003341674804688e+00 -6.407418727874755859e+00
1.037910938262939453e+01 -3.510933876037597656e+00 -5.859794616699218750e+00
1.244096946716308594e+01 -3.644246816635131836e+00 -5.454347133636474609e+00
1.062172794342041016e+01 -3.169329166412353516e+00 -5.657454967498779297e+00
1.064106845855712891e+01 -2.248003482818603516e+00 -5.238165378570556641e+00
8.531346321105957031e+00 -3.669961929321289062e+00 -7.023218154907226562e+00
9.035751342773437500e+00 -3.064357995986938477e+00 -6.559156894683837891e+00
8.046835899353027344e+00 -2.025001764297485352e+00 -6.897536754608154297e+00
1.037673854827880859e+01 -1.586778879165649414e+00 -5.093735694885253906e+00
8.243037223815917969e+00 -1.696683645248413086e+00 -6.629188537597656250e+00
8.732391357421875000e+00 -4.732021391391754150e-01 -5.831577301025390625e+00
7.273322105407714844e+00 -1.634701639413833618e-01 -6.908295154571533203e+00
1.322140502929687500e+01 -2.089604616165161133e+00 -4.065728664398193359e+00
1.342064857482910156e+01 -1.583810567855834961e+00 -1.966621994972229004e+00
1.315697860717773438e+01 -1.286964416503906250e+00 -3.163198232650756836e+00
1.236089992523193359e+01 -3.731865286827087402e-01 -2.255191326141357422e+00
1.201029109954833984e+01 -8.981587737798690796e-02 -2.850853443145751953e+00
1.236984634399414062e+01 -1.889491319656372070e+00 -4.356639385223388672e+00
1.117208480834960938e+01 -1.216047167778015137e+00 -4.471650600433349609e+00
1.145459747314453125e+01 -5.569072365760803223e-01 -3.862225532531738281e+00
1.016716003417968750e+01 1.608069896697998047e+00 -1.747213959693908691e+00
9.282338142395019531e+00 2.405416011810302734e+00 -2.891470193862915039e+00
9.325759887695312500e+00 2.319611310958862305e+00 -3.357707500457763672e+00
8.570908546447753906e+00 2.963961839675903320e+00 -2.370338201522827148e+00
1.018657875061035156e+01 -9.020085334777832031e-01 -4.986456394195556641e+00
1.062878322601318359e+01 3.125279545783996582e-01 -4.119683265686035156e+00
8.356060028076171875e+00 1.322721838951110840e-01 -5.846904277801513672e+00
7.007261276245117188e+00 9.844436645507812500e-01 -6.419183731079101562e+00
1.393747711181640625e+01 -2.917961359024047852e+00 2.464505672454833984e+00
1.246912765502929688e+01 -1.947143316268920898e+00 2.821497440338134766e+00
1.122558116912841797e+01 -5.528597831726074219e-01 1.401057958602905273e+00
1.142703914642333984e+01 -4.477491378784179688e-01 2.644335329532623291e-01
9.908821105957031250e+00 -7.613871991634368896e-02 3.077316045761108398e+00
8.787216186523437500e+00 1.179596424102783203e+00 2.628231048583984375e+00
9.381896018981933594e+00 8.975746035575866699e-01 2.065376996994018555e+00
7.273090362548828125e+00 2.228664875030517578e+00 3.018353939056396484e+00
7.109396457672119141e+00 2.829610109329223633e+00 1.857702255249023438e+00
9.802366256713867188e+00 1.097674131393432617e+00 3.521903753280639648e-01
1.004441261291503906e+01 1.450518369674682617e+00 -9.994012117385864258e-01
7.955320835113525391e+00 2.724235773086547852e+00 4.349678158760070801e-01
3.350133419036865234e+00 4.267193317413330078e+00 -3.476839065551757812e-01
6.217608451843261719e+00 3.649148702621459961e+00 3.019562065601348877e-01
5.476534366607666016e+00 4.048727035522460938e+00 -2.226698160171508789e+00
3.668313503265380859e+00 4.380661010742187500e+00 -6.852270960807800293e-01
2.844682931900024414e+00 3.815238237380981445e+00 -2.456422567367553711e+00
2.956262111663818359e+00 3.504170417785644531e+00 -3.325229167938232422e+00
-9.880698323249816895e-01 3.793036222457885742e+00 -7.642238140106201172e-01
2.143162488937377930e+00 3.134872913360595703e+00 -4.381029605865478516e+00
7.844654843211174011e-03 4.159013271331787109e+00 -3.141842126846313477e+00
3.049502372741699219e-01 3.707136392593383789e+00 -4.696514129638671875e+00
2.377018451690673828e+00 3.801346302032470703e+00 -2.565003395080566406e+00
5.097448825836181641e+00 -8.769730925559997559e-01 -8.890423774719238281e+00
2.936944246292114258e+00 3.031090795993804932e-01 -9.603600502014160156e+00
5.054042816162109375e+00 4.987552762031555176e-01 -8.102793693542480469e+00
3.634959459304809570e+00 5.542083978652954102e-01 -8.960216522216796875e+00
2.518635034561157227e+00 4.979422092437744141e-01 -9.797803878784179688e+00
1.543481707572937012e+00 1.847477674484252930e+00 -9.909974098205566406e+00
3.285346031188964844e-01 3.147994279861450195e+00 -9.155651092529296875e+00
1.096148937940597534e-01 3.000922203063964844e+00 -1.045658302307128906e+01
5.653325557708740234e+00 2.804666757583618164e+00 -4.851582050323486328e+00
6.154050827026367188e+00 1.877907752990722656e+00 -6.078608989715576172e+00
4.695098400115966797e+00 2.680518388748168945e+00 -5.238160610198974609e+00
4.788413047790527344e+00 2.368627309799194336e+00 -5.947474956512451172e+00
6.613152980804443359e+00 3.770110130310058594e+00 -2.720273733139038086e+00
6.577633857727050781e+00 1.279194831848144531e+00 -6.418312549591064453e+00
5.701081752777099609e+00 1.655944108963012695e+00 -6.588037014007568359e+00
4.848534107208251953e+00 1.764296531677246094e+00 -7.021488189697265625e+00
2.731378793716430664e+00 2.840877532958984375e+00 -5.054294586181640625e+00
2.809263706207275391e+00 2.081844091415405273e+00 -7.352144241333007812e+00
2.023275375366210938e+00 2.324589252471923828e+00 -6.807023525238037109e+00
9.239279478788375854e-02 3.301079511642456055e+00 -6.269308567047119141e+00
2.685936391353607178e-01 2.957888841629028320e+00 -7.756514549255371094e+00
3.004389703273773193e-01 3.030280590057373047e+00 -8.135377883911132812e+00
-3.297865867614746094e+00 3.399632453918457031e+00 -2.584618330001831055e+00
-5.635581016540527344e+00 3.061156988143920898e+00 -7.731001853942871094e+00
-4.810368061065673828e+00 3.479879140853881836e+00 -7.635297775268554688e+00
-4.259801864624023438e+00 3.352345705032348633e+00 -6.673666000366210938e+00
-2.168655872344970703e+00 3.286776781082153320e+00 -2.299075424671173096e-01
-1.891294836997985840e+00 3.752953529357910156e+00 -1.353775382041931152e+00
-1.529534935951232910e+00 4.094501972198486328e+00 -2.468418598175048828e+00
-1.355221629142761230e+00 4.389461040496826172e+00 -3.693149328231811523e+00
-1.184247970581054688e+00 4.400421619415283203e+00 -4.986294746398925781e+00
-4.802821159362792969e+00 4.072885513305664062e+00 -8.506085395812988281e+00
-4.508759021759033203e+00 4.549854278564453125e+00 -9.025346755981445312e+00
-1.983091115951538086e+00 4.461885929107666016e+00 -7.510779857635498047e+00
-3.352424383163452148e+00 4.456768989562988281e+00 -8.331802368164062500e+00
-1.543275237083435059e+00 3.651953935623168945e+00 -1.119811630249023438e+01
-1.230760455131530762e+00 3.506773710250854492e+00 -1.106233215332031250e+01
-3.831610202789306641e+00 4.848206996917724609e+00 -1.070449733734130859e+01
-2.050048589706420898e+00 4.179455280303955078e+00 -9.849869728088378906e+00
-3.135309517383575439e-01 3.479864835739135742e+00 -9.965232849121093750e+00
-2.160844564437866211e+00 4.560245990753173828e+00 -6.120212078094482422e+00
5.289165496826171875e+00 3.440898895263671875e+00 2.428746700286865234e+00
6.046879768371582031e+00 3.359440565109252930e+00 1.841242671012878418e+00
1.961588501930236816e+00 7.018277049064636230e-01 -1.028522682189941406e+01
-5.189787745475769043e-01 2.794993877410888672e+00 -1.161427021026611328e+01
4.390573799610137939e-01 2.523828983306884766e+00 -1.076769924163818359e+01
