1.550485014915466309e+00 -4.934521675109863281e+00 -2.715144157409667969e+00
2.263548374176025391e+00 -4.784898757934570312e+00 -1.925151348114013672e+00
1.503460168838500977e+00 -4.790774345397949219e+00 -2.310163259506225586e+00
-5.069104194641113281e+00 -8.108953475952148438e+00 -7.822782516479492188e+00
-4.999048709869384766e+00 -8.062346458435058594e+00 -1.156821060180664062e+01
-4.184905529022216797e+00 -8.321218490600585938e+00 -9.419923782348632812e+00
-7.271348476409912109e+00 -7.468956947326660156e+00 -7.059640884399414062e+00
-7.775235652923583984e+00 -7.351108074188232422e+00 -7.967727661132812500e+00
-5.692087650299072266e+00 -8.129497528076171875e+00 -9.824151039123535156e+00
-6.220733165740966797e+00 -7.997956275939941406e+00 -9.062136650085449219e+00
-6.480994701385498047e+00 -7.347025394439697266e+00 -1.205484294891357422e+01
-8.412305831909179688e+00 -6.369401931762695312e+00 -1.057613945007324219e+01
-8.335905075073242188e+00 -6.194429397583007812e+00 -1.129456233978271484e+01
-9.643078804016113281e+00 -5.267710208892822266e+00 -8.362664222717285156e+00
-1.005215740203857422e+01 -4.325791835784912109e+00 -8.715281486511230469e+00
-9.588608741760253906e+00 -4.645247459411621094e+00 -1.086662197113037109e+01
-8.220467567443847656e+00 -6.690968036651611328e+00 -5.446178436279296875e+00
-9.068096160888671875e+00 -6.092555999755859375e+00 -4.931181907653808594e+00
-7.968760967254638672e+00 -5.746200561523437500e+00 -3.405862092971801758e+00
-8.497475624084472656e+00 -5.228869915008544922e+00 -2.228012561798095703e+00
-6.959065914154052734e+00 -5.441075801849365234e+00 -3.113718271255493164e+00
-2.596131801605224609e+00 -5.033677577972412109e+00 -1.550298094749450684e+00
-3.375436067581176758e+00 -4.884074687957763672e+00 -5.857462286949157715e-01
-1.443122267723083496e+00 -4.998147964477539062e+00 -2.403841018676757812e-01
-7.376853466033935547e+00 -3.207369565963745117e+00 2.294986486434936523e+00
-5.353703975677490234e+00 -3.512134552001953125e+00 1.266772627830505371e+00
-3.862155437469482422e+00 -5.069435119628906250e+00 -2.138443708419799805e+00
-7.304831981658935547e+00 -4.796893119812011719e+00 -1.628108739852905273e+00
-6.308864593505859375e+00 -5.167568683624267578e+00 -2.787926673889160156e+00
-3.738453149795532227e+00 -4.416095256805419922e+00 1.288320869207382202e-01
-4.769212245941162109e+00 -7.279559135437011719e+00 -5.295464992523193359e+00
-4.546959400177001953e+00 -6.498764038085937500e+00 -4.092164039611816406e+00
-2.281435251235961914e+00 -7.656118869781494141e+00 -6.417378425598144531e+00
-2.886442661285400391e+00 -7.168602466583251953e+00 -5.067660808563232422e+00
-2.216300725936889648e+00 -7.178181171417236328e+00 -5.299648284912109375e+00
-1.359317183494567871e+00 -6.802729606628417969e+00 -5.045075416564941406e+00
-2.781873941421508789e+00 -6.778105258941650391e+00 -4.440548419952392578e+00
-5.268528461456298828e+00 -6.850837707519531250e+00 -4.679816722869873047e+00
-6.154580593109130859e+00 -7.667312622070312500e+00 -6.742806434631347656e+00
-8.704889297485351562e+00 -6.651534557342529297e+00 -6.455293655395507812e+00
-1.421299099922180176e+00 -4.984548091888427734e+00 -1.837428212165832520e+00
-9.400368928909301758e-01 -5.045447826385498047e+00 -2.278227329254150391e+00
-2.244793415069580078e+00 -5.127300739288330078e+00 -2.024745464324951172e+00
-3.563174605369567871e-01 -5.091696262359619141e+00 -1.199999213218688965e+00
6.242379546165466309e-01 -4.622986793518066406e+00 -1.599481821060180664e+00
-8.191568851470947266e-01 -5.405448913574218750e+00 -3.022039175033569336e+00
-1.393523812294006348e-02 -5.501499176025390625e+00 -3.346700191497802734e+00
5.994300246238708496e-01 -4.767516613006591797e+00 -2.127311944961547852e+00
-9.515813827514648438e+00 -4.813469409942626953e+00 -2.046832799911499023e+00
-9.940548896789550781e+00 -4.891404151916503906e+00 -4.680938720703125000e+00
-9.352291107177734375e+00 -5.581874847412109375e+00 -3.832446098327636719e+00
-1.019595909118652344e+01 -3.759777307510375977e+00 -3.289950609207153320e+00
-1.031976318359375000e+01 -3.586401939392089844e+00 -4.717002391815185547e+00
-9.120172500610351562e+00 -4.086196899414062500e+00 3.048394620418548584e-01
-9.781135559082031250e+00 -4.173265933990478516e+00 -1.411626577377319336e+00
-9.820084571838378906e+00 -3.229734659194946289e+00 -2.848664522171020508e-01
-9.598484039306640625e+00 -2.923257350921630859e+00 8.948312997817993164e-01
-9.110110282897949219e+00 -2.715138912200927734e+00 2.155844449996948242e+00
-9.279834747314453125e+00 -1.625834822654724121e+00 1.260218977928161621e+00
-1.017300605773925781e+01 -2.694269657135009766e+00 -2.526929855346679688e+00
-1.009765338897705078e+01 -1.608117222785949707e+00 -2.655277252197265625e+00
-9.464648246765136719e+00 -1.291447043418884277e+00 -8.933449983596801758e-01
-7.937105178833007812e+00 -4.161681234836578369e-01 -6.511030197143554688e-01
-1.006328201293945312e+01 -4.635803699493408203e+00 -5.545913219451904297e+00
-1.034823322296142578e+01 -3.652789354324340820e+00 -5.425371646881103516e+00
-1.053399085998535156e+01 -2.258226156234741211e+00 -5.302186489105224609e+00
-1.059196853637695312e+01 -2.099588871002197266e+00 -5.871711730957031250e+00
-1.008378791809082031e+01 -6.577281951904296875e-01 -5.353949546813964844e+00
-1.059106159210205078e+01 -2.844245433807373047e+00 -7.961484432220458984e+00
-1.071262931823730469e+01 -1.947558164596557617e+00 -8.886666297912597656e+00
-1.060250377655029297e+01 -8.115009069442749023e-01 -8.516215324401855469e+00
-9.952782630920410156e+00 -3.310908973217010498e-01 -6.705177783966064453e+00
-8.383257865905761719e+00 -2.014622986316680908e-01 -2.255326986312866211e+00
-6.924437522888183594e+00 1.696957349777221680e+00 -3.688837289810180664e+00
-9.017683982849121094e+00 3.862619400024414062e-01 -6.202285766601562500e+00
-7.575000286102294922e+00 1.435039162635803223e+00 -4.989348888397216797e+00
1.318845939636230469e+01 -5.533947944641113281e+00 4.490885257720947266e+00
1.343519210815429688e+01 -6.049628257751464844e+00 6.797632575035095215e-01
1.298840713500976562e+01 -5.905447959899902344e+00 1.390736699104309082e+00
1.480397224426269531e+01 -5.780336380004882812e+00 1.795991420745849609e+00
1.467964267730712891e+01 -5.043387413024902344e+00 2.991715192794799805e+00
1.193883419036865234e+01 -5.613347053527832031e+00 2.689368963241577148e+00
4.452679157257080078e+00 -1.131548047065734863e+00 4.867798328399658203e+00
5.340780258178710938e+00 -7.713972926139831543e-01 6.014116764068603516e+00
6.611477375030517578e+00 -4.873829364776611328e+00 -1.669571042060852051e+00
8.857422828674316406e+00 -6.279759407043457031e+00 -1.246438145637512207e+00
8.080470085144042969e+00 -6.201750278472900391e+00 -1.086771726608276367e+00
7.419342517852783203e+00 -6.272999286651611328e+00 -4.996055364608764648e-01
2.546640634536743164e+00 -5.428507328033447266e+00 4.054235517978668213e-01
4.273097038269042969e+00 -4.717145442962646484e+00 -1.499051451683044434e+00
5.140697479248046875e+00 -5.116141319274902344e+00 -1.171479821205139160e+00
2.295183658599853516e+00 -4.294837951660156250e+00 -1.263125538825988770e+00
4.097261905670166016e+00 -4.743628025054931641e+00 -1.280224561691284180e+00
5.094985485076904297e+00 -5.577571868896484375e+00 2.131946533918380737e-01
5.778762340545654297e+00 -5.997301101684570312e+00 -6.112238764762878418e-01
3.083214282989501953e+00 -5.501524448394775391e+00 -5.887358188629150391e-01
9.434982299804687500e+00 -5.135012149810791016e+00 3.036067962646484375e+00
1.000610065460205078e+01 -4.672260284423828125e+00 4.797729015350341797e+00
9.934962272644042969e+00 -4.842146873474121094e+00 4.212253093719482422e+00
8.729413032531738281e+00 -3.932650804519653320e+00 5.219392299652099609e+00
8.918924331665039062e+00 -4.922217369079589844e+00 3.111425876617431641e+00
9.004654884338378906e+00 -5.897560596466064453e+00 1.407664656639099121e+00
8.653490066528320312e+00 -6.096297264099121094e+00 9.305921196937561035e-01
5.549032211303710938e+00 -1.232107758522033691e+00 3.974432945251464844e+00
6.167302608489990234e+00 -3.659357309341430664e+00 2.368992567062377930e+00
5.590028762817382812e+00 -3.954842805862426758e+00 1.857105970382690430e+00
4.523263454437255859e+00 -1.874437808990478516e+00 3.043385505676269531e+00
4.633153438568115234e+00 -1.448413014411926270e+00 3.677638769149780273e+00
6.915870666503906250e+00 -2.367954015731811523e+00 4.247560977935791016e+00
6.746690273284912109e+00 -1.801247358322143555e+00 5.435364246368408203e+00
6.524937152862548828e+00 -5.460024356842041016e+00 9.297851324081420898e-01
1.207762432098388672e+01 -4.199605464935302734e+00 5.832264900207519531e+00
1.374048614501953125e+01 -4.631418704986572266e+00 4.488756656646728516e+00
1.256589794158935547e+01 -3.405290603637695312e+00 4.828794002532958984e+00
1.339241123199462891e+01 -3.390809535980224609e+00 3.174332141876220703e+00
7.927387237548828125e+00 -2.730155467987060547e+00 6.520312786102294922e+00
7.505193233489990234e+00 -2.300793170928955078e+00 6.519176006317138672e+00
4.295911788940429688e+00 -4.547570347785949707e-01 6.707865238189697266e+00
9.733196258544921875e+00 -3.964758396148681641e+00 6.366954803466796875e+00
1.051542186737060547e+01 -2.706771135330200195e+00 6.390921592712402344e+00
1.081237316131591797e+01 -2.362520217895507812e+00 5.446191310882568359e+00
8.791913986206054688e+00 -1.361444950103759766e+00 6.398106575012207031e+00
9.117211341857910156e+00 -1.058478355407714844e+00 5.433952331542968750e+00
1.117879772186279297e+01 -2.109031200408935547e+00 4.508693695068359375e+00
1.149778079986572266e+01 -1.777164936065673828e+00 3.566693544387817383e+00
6.723783493041992188e+00 -1.313143610954284668e+00 6.327985286712646484e+00
7.878315448760986328e+00 -7.611935734748840332e-01 6.338384151458740234e+00
7.143168449401855469e+00 1.707156151533126831e-01 5.811102390289306641e+00
6.353462219238281250e+00 -7.518381625413894653e-02 6.103714942932128906e+00
5.749000549316406250e+00 1.024734854698181152e+00 5.623140335083007812e+00
8.203408241271972656e+00 4.136526286602020264e-01 4.523831367492675781e+00
5.804053783416748047e+00 2.159600496292114258e+00 4.200800418853759766e+00
6.220032215118408203e+00 2.298295497894287109e+00 3.740612506866455078e+00
-2.132101535797119141e+00 -2.800414562225341797e+00 3.763163089752197266e+00
-1.522527813911437988e+00 -3.803893804550170898e+00 1.659417271614074707e+00
-1.478110909461975098e+00 -4.653738975524902344e+00 3.869348168373107910e-01
-1.616785526275634766e+00 -2.865840196609497070e+00 3.490129232406616211e+00
-2.462642192840576172e-01 -2.662250995635986328e+00 2.368150711059570312e+00
-5.070215225219726562e+00 -3.477594852447509766e+00 1.457239151000976562e+00
-4.357421875000000000e+00 -3.315072536468505859e+00 2.190453767776489258e+00
-5.798625946044921875e+00 -2.585408449172973633e+00 3.356549024581909180e+00
-5.275426387786865234e+00 -3.014853477478027344e+00 2.516421794891357422e+00
-4.091828346252441406e+00 -2.824500799179077148e+00 3.356978654861450195e+00
-2.759059906005859375e+00 -1.620889425277709961e+00 4.864745616912841797e+00
-5.641833305358886719e+00 -1.245035052299499512e+00 4.639094829559326172e+00
-5.335141658782958984e+00 -7.180778980255126953e-01 4.824974060058593750e+00
2.542903184890747070e+00 -1.710324764251708984e+00 3.622532606124877930e+00
1.372874021530151367e+00 -8.936381936073303223e-01 4.107447147369384766e+00
-6.374213844537734985e-02 -1.192646861076354980e+00 3.648480415344238281e+00
1.090617656707763672e+00 -3.281950652599334717e-01 4.646018028259277344e+00
2.537192106246948242e+00 -1.071851015090942383e+00 5.212689876556396484e+00
3.569390773773193359e+00 -6.121451854705810547e-01 6.505359172821044922e+00
1.122451663017272949e+00 7.549002766609191895e-01 5.374546527862548828e+00
-3.219413995742797852e+00 -1.377407073974609375e+00 4.942576885223388672e+00
-4.232953071594238281e+00 3.084070384502410889e-01 4.930761814117431641e+00
-2.746684551239013672e+00 5.648804306983947754e-01 5.088824272155761719e+00
-1.165415644645690918e+00 1.616256475448608398e+00 4.387523174285888672e+00
-3.882883787155151367e+00 1.027901768684387207e+00 4.015442371368408203e+00
-3.822900295257568359e+00 1.429869890213012695e+00 2.869320392608642578e+00
-1.810468584299087524e-01 -5.106359958648681641e+00 -8.339325338602066040e-02
2.926170527935028076e-01 -4.964129924774169922e+00 -1.182882785797119141e-01
8.079354166984558105e-01 -4.973072528839111328e+00 3.025511838495731354e-02
1.642448425292968750e+00 -3.805028676986694336e+00 1.407443284988403320e+00
1.475652694702148438e+00 -5.006058216094970703e+00 5.770764350891113281e-01
1.616498351097106934e+00 -3.770665168762207031e+00 -1.361363768577575684e+00
1.887823820114135742e+00 -2.623951673507690430e+00 2.331893444061279297e+00
2.319794416427612305e+00 1.444597840309143066e+00 5.493349552154541016e+00
2.890457868576049805e+00 2.428889036178588867e+00 4.168502807617187500e+00
2.604053020477294922e+00 2.929478645324707031e+00 2.979331970214843750e+00
-8.632365465164184570e-01 2.483226299285888672e+00 2.613184928894042969e+00
-6.612157821655273438e-01 1.948821544647216797e+00 4.167385578155517578e+00
5.720772147178649902e-01 2.552858114242553711e+00 3.235659122467041016e+00
-1.729302525520324707e+00 3.174415826797485352e+00 1.070092916488647461e-01
-7.578231334686279297e+00 -2.446091413497924805e+00 3.527018785476684570e+00
-7.316751956939697266e+00 -1.404105067253112793e+00 4.174348354339599609e+00
-7.959383487701416016e+00 -8.014245033264160156e-01 2.885030984878540039e+00
-6.796968936920166016e+00 -1.137762308120727539e+00 4.404032707214355469e+00
-7.015422821044921875e+00 -3.499886989593505859e-01 3.026185274124145508e+00
-6.419643878936767578e+00 1.941652745008468628e-01 1.407478213310241699e+00
-6.219342708587646484e+00 1.485388875007629395e-01 2.371623992919921875e+00
-6.924615859985351562e+00 2.292383015155792236e-01 -8.177395462989807129e-01
-3.743638277053833008e+00 1.653736710548400879e+00 1.838477492332458496e+00
-5.361633300781250000e+00 2.013247251510620117e+00 -1.994122266769409180e+00
-3.648063898086547852e+00 3.033887624740600586e+00 -1.669268012046813965e+00
3.431515932083129883e+00 5.977706909179687500e-01 6.305684089660644531e+00
3.013661861419677734e+00 1.690573096275329590e+00 5.263476848602294922e+00
3.863260746002197266e+00 2.071283817291259766e+00 4.702854156494140625e+00
4.545851230621337891e+00 2.601292848587036133e+00 3.657173156738281250e+00
3.876384019851684570e+00 3.064083576202392578e+00 2.878895759582519531e+00
7.701553821563720703e+00 -4.917082786560058594e+00 -3.960066080093383789e+00
2.364926099777221680e+00 -5.077937126159667969e+00 -3.053791284561157227e+00
5.466398239135742188e+00 -4.749449729919433594e+00 -2.520982742309570312e+00
6.281708240509033203e+00 -4.698699951171875000e+00 -2.966718673706054688e+00
3.015991210937500000e+00 -5.019363880157470703e+00 -2.934490919113159180e+00
2.082025289535522461e+00 -5.932415485382080078e+00 -5.251704216003417969e+00
2.615895509719848633e+00 -5.807428359985351562e+00 -6.253562450408935547e+00
3.874489784240722656e+00 -5.140265941619873047e+00 -5.597941398620605469e+00
5.891170024871826172e+00 -4.827248573303222656e+00 -3.730901956558227539e+00
7.111054420471191406e+00 -4.974770069122314453e+00 -4.069022655487060547e+00
2.438434600830078125e+00 -5.621027946472167969e+00 -8.459188461303710938e+00
8.264958381652832031e+00 -4.995203495025634766e+00 -6.010579109191894531e+00
3.288782835006713867e+00 -5.329798221588134766e+00 -7.116417884826660156e+00
3.703228950500488281e+00 -4.721311569213867188e+00 -7.899629116058349609e+00
6.257513523101806641e+00 -5.084826469421386719e+00 -5.380090713500976562e+00
7.367858409881591797e+00 -4.953942298889160156e+00 -6.337821483612060547e+00
5.853437423706054688e+00 -4.179892539978027344e+00 -7.253458976745605469e+00
7.505703926086425781e+00 -4.030197620391845703e+00 -7.375290870666503906e+00
5.573886394500732422e+00 -3.861504077911376953e+00 -7.630007266998291016e+00
5.152666568756103516e+00 -2.837193727493286133e+00 -8.646479606628417969e+00
5.231187343597412109e+00 -2.081405878067016602e+00 -8.899137496948242188e+00
-3.349070787429809570e+00 -7.970752239227294922e+00 -1.205618381500244141e+01
-3.130936861038208008e+00 -8.215127944946289062e+00 -1.051696395874023438e+01
-3.961232185363769531e+00 -7.544015407562255859e+00 -1.315939712524414062e+01
-1.582714080810546875e+00 -6.561744689941406250e+00 -1.324159145355224609e+01
-3.556900739669799805e+00 -6.334096431732177734e+00 -1.445989131927490234e+01
-3.374867200851440430e+00 -5.280506134033203125e+00 -1.519294166564941406e+01
-6.632133007049560547e+00 -6.538990020751953125e+00 -1.317184638977050781e+01
-7.073755264282226562e+00 -6.215620994567871094e+00 -1.318937206268310547e+01
-7.759999275207519531e+00 -5.234143257141113281e+00 -1.367443084716796875e+01
-5.719836235046386719e+00 -7.133470535278320312e+00 -1.307858657836914062e+01
-8.477309226989746094e+00 -5.371615886688232422e+00 -1.256480312347412109e+01
-7.365334987640380859e+00 -4.564540863037109375e+00 -1.457128810882568359e+01
-4.151440143585205078e+00 -5.534801959991455078e+00 -1.502871417999267578e+01
-5.996050357818603516e+00 -4.381246089935302734e+00 -1.525653839111328125e+01
-2.711214303970336914e+00 -5.387181282043457031e+00 -1.501460647583007812e+01
-2.175754547119140625e+00 -4.295949935913085938e+00 -1.537292289733886719e+01
-3.722248792648315430e+00 -3.714983701705932617e+00 -1.575060081481933594e+01
-2.787649869918823242e+00 -3.187346935272216797e+00 -1.572308444976806641e+01
-4.989215850830078125e+00 -2.647661447525024414e+00 -1.594098758697509766e+01
-3.920476913452148438e+00 -1.503238916397094727e+00 -1.593680667877197266e+01
-9.304507255554199219e+00 -4.445486068725585938e+00 -1.222049808502197266e+01
-8.937176704406738281e+00 -4.003647804260253906e+00 -1.344382858276367188e+01
-9.914446830749511719e+00 -2.864751577377319336e+00 -1.234442043304443359e+01
-1.040344333648681641e+01 -1.439823746681213379e+00 -1.151759529113769531e+01
-8.550381660461425781e+00 -3.349373579025268555e+00 -1.435839271545410156e+01
-7.692185401916503906e+00 -2.964931964874267578e+00 -1.519648742675781250e+01
-9.823602676391601562e+00 -9.245951771736145020e-01 -1.328185749053955078e+01
-9.375970840454101562e+00 -3.270992934703826904e-01 -1.420330142974853516e+01
-8.488007545471191406e+00 -9.507681131362915039e-01 -1.507267379760742188e+01
-7.135672569274902344e+00 1.605858355760574341e-01 -1.577001953125000000e+01
-7.628036022186279297e+00 8.151108622550964355e-01 -1.553593921661376953e+01
-1.523202896118164062e+00 -7.556722164154052734e+00 -6.889099597930908203e+00
-4.223094284534454346e-01 -7.157364845275878906e+00 -8.632398605346679688e+00
7.016962021589279175e-02 -6.570117473602294922e+00 -5.591125488281250000e+00
6.165925860404968262e-01 -6.686599731445312500e+00 -6.758087158203125000e+00
-2.402776628732681274e-01 -6.931221008300781250e+00 -9.611299514770507812e+00
-5.114782974123954773e-02 -5.894930839538574219e+00 -1.240221595764160156e+01
1.347230076789855957e+00 -6.390454292297363281e+00 -6.420521259307861328e+00
2.017084121704101562e+00 -5.952443599700927734e+00 -8.192063331604003906e+00
-7.603318691253662109e-01 -5.087002754211425781e+00 -1.430465888977050781e+01
1.023981928825378418e+00 -4.963135719299316406e+00 -1.243834400177001953e+01
-1.229076981544494629e+00 -3.740085363388061523e+00 -1.520515346527099609e+01
-1.918029636144638062e-01 -3.007468461990356445e+00 -1.486031150817871094e+01
1.958703279495239258e+00 -5.053422927856445312e+00 -1.069831371307373047e+01
-1.086645126342773438e+00 -2.405501842498779297e+00 -1.528442096710205078e+01
-1.306497335433959961e+00 -1.697461605072021484e+00 -1.534287071228027344e+01
2.140942573547363281e+00 -3.536481142044067383e+00 -1.149359130859375000e+01
8.844199180603027344e-01 -1.870173692703247070e+00 -1.348766136169433594e+01
7.970096468925476074e-01 -1.144567489624023438e+00 -1.333512973785400391e+01
-2.604512691497802734e+00 -1.778735399246215820e+00 -1.570446014404296875e+01
-2.675976753234863281e+00 -8.091664314270019531e-01 -1.564255523681640625e+01
-5.084858417510986328e+00 4.549111127853393555e-01 -1.588940525054931641e+01
-2.886646270751953125e+00 1.008036255836486816e+00 -1.536771202087402344e+01
-2.164853096008300781e+00 1.174822092056274414e+00 -1.512466335296630859e+01
-4.983964562416076660e-01 1.149621009826660156e+00 -1.389087104797363281e+01
-2.882479429244995117e+00 2.080489397048950195e+00 -1.503589057922363281e+01
-2.466592311859130859e+00 2.788882017135620117e+00 -1.464654922485351562e+01
2.702086687088012695e+00 -3.967674732208251953e+00 -1.033899974822998047e+01
3.519968271255493164e+00 -2.610980033874511719e+00 -1.011713695526123047e+01
3.012949943542480469e+00 -1.848499417304992676e+00 -1.085680675506591797e+01
9.637855291366577148e-01 -2.817178070545196533e-01 -1.281501865386962891e+01
1.482770085334777832e+00 6.155778653919696808e-03 -1.211356449127197266e+01
2.348991870880126953e+00 -2.189675271511077881e-01 -1.123085784912109375e+01
1.080852150917053223e+00 4.167607426643371582e-01 -1.233862400054931641e+01
-1.051312160491943359e+01 -9.667623639106750488e-01 -1.099257087707519531e+01
-9.969522476196289062e+00 6.870673894882202148e-01 -1.292019271850585938e+01
-1.030408287048339844e+01 -1.461399160325527191e-02 -1.048555564880371094e+01
-1.007360649108886719e+01 -1.192532256245613098e-01 -9.023570060729980469e+00
-9.727695465087890625e+00 5.465041399002075195e-01 -1.002584838867187500e+01
-9.965193748474121094e+00 9.254274964332580566e-01 -1.155065345764160156e+01
-9.435494422912597656e+00 2.036603212356567383e+00 -1.278304386138916016e+01
-8.823861122131347656e+00 1.401535272598266602e+00 -9.340329170227050781e+00
-8.419550895690917969e+00 2.402301788330078125e+00 -1.037350559234619141e+01
-8.198019981384277344e+00 1.155176639556884766e+00 -6.070614814758300781e+00
-7.962643146514892578e+00 1.594495654106140137e+00 -7.150503158569335938e+00
-8.285980224609375000e+00 1.884772658348083496e+00 -8.735327720642089844e+00
-7.903153896331787109e+00 2.553195476531982422e+00 -9.729682922363281250e+00
-6.298912525177001953e+00 2.699982166290283203e+00 -7.678456306457519531e+00
-6.215769767761230469e+00 3.010910272598266602e+00 -8.160967826843261719e+00
-8.636281013488769531e+00 2.205495357513427734e+00 -1.429115772247314453e+01
-8.037145614624023438e+00 2.231702566146850586e+00 -1.473167705535888672e+01
-7.637878894805908203e+00 3.444154024124145508e+00 -1.351279735565185547e+01
-6.656295776367187500e+00 4.265935420989990234e+00 -1.313747882843017578e+01
-6.100438594818115234e+00 1.895867466926574707e+00 -1.547643375396728516e+01
-5.844997406005859375e+00 2.185439586639404297e+00 -1.532755851745605469e+01
-5.171113967895507812e+00 3.968117952346801758e+00 -1.412185764312744141e+01
-4.615570068359375000e+00 3.960721492767333984e+00 -1.424910831451416016e+01
-5.868153572082519531e+00 3.771811723709106445e+00 -1.412545680999755859e+01
-8.275351524353027344e+00 3.286709785461425781e+00 -1.224650573730468750e+01
-6.244584083557128906e+00 4.416269779205322266e+00 -1.238061237335205078e+01
-5.557791709899902344e+00 4.383027553558349609e+00 -1.074297523498535156e+01
-3.389545440673828125e+00 4.233422279357910156e+00 -1.348824119567871094e+01
-3.171578168869018555e+00 4.295173645019531250e+00 -1.287047863006591797e+01
-5.221284866333007812e+00 4.436024665832519531e+00 -1.221918773651123047e+01
-4.469816207885742188e+00 4.635601520538330078e+00 -1.232618427276611328e+01
-3.217470645904541016e+00 4.685466766357421875e+00 -1.144361495971679688e+01
-4.958937168121337891e+00 4.786613464355468750e+00 -1.084795284271240234e+01
-3.796379566192626953e+00 4.892292499542236328e+00 -1.117147541046142578e+01
-6.642471313476562500e+00 3.686434507369995117e+00 -1.050043869018554688e+01
-5.933809280395507812e+00 3.626682519912719727e+00 -9.033238410949707031e+00
3.058009386062622070e+00 -1.916180998086929321e-01 -1.030624008178710938e+01
-1.392359286546707153e-01 1.528294205665588379e+00 -1.287971305847167969e+01
-2.115078449249267578e+00 3.221127510070800781e+00 -1.359569072723388672e+01
9.955421686172485352e-01 8.009898662567138672e-01 -1.169207382202148438e+01
-1.054593563079833984e+00 2.884170055389404297e+00 -1.233991813659667969e+01
-2.714531660079956055e+00 3.845664024353027344e+00 -1.327071762084960938e+01
-1.650517940521240234e+00 3.646554470062255859e+00 -1.187618064880371094e+01
1.129731559753417969e+01 -6.521203994750976562e+00 -3.371328115463256836e+00
1.316801834106445312e+01 -6.562547206878662109e+00 -1.783028006553649902e+00
1.111140632629394531e+01 -6.447104930877685547e+00 -8.458433747291564941e-01
1.086180973052978516e+01 -6.473688602447509766e+00 -2.596981048583984375e+00
1.415520095825195312e+01 -6.898569107055664062e+00 -4.969336032867431641e+00
1.182997798919677734e+01 -6.576387405395507812e+00 -3.966889858245849609e+00
1.253157234191894531e+01 -6.566436767578125000e+00 -5.452580928802490234e+00
1.296903419494628906e+01 -6.823780059814453125e+00 -3.649682283401489258e+00
1.540354537963867188e+01 -6.857327938079833984e+00 -3.566384553909301758e+00
1.591400051116943359e+01 -5.834529399871826172e+00 -4.078712940216064453e+00
1.604046630859375000e+01 -6.303396224975585938e+00 -1.245228290557861328e+00
1.617308044433593750e+01 -5.532747745513916016e+00 -2.009231328964233398e+00
1.441573905944824219e+01 -6.374888420104980469e+00 -7.302343100309371948e-02
1.461817264556884766e+01 -6.752510547637939453e+00 -1.599114179611206055e+00
1.520785331726074219e+01 -6.047319889068603516e+00 8.345150947570800781e-01
1.465209674835205078e+01 -4.066370487213134766e+00 1.984537243843078613e+00
1.501971054077148438e+01 -4.093973159790039062e+00 8.788658380508422852e-01
1.434538459777832031e+01 -3.173173904418945312e+00 1.084540843963623047e+00
1.564017963409423828e+01 -4.854315757751464844e+00 -3.235446929931640625e+00
1.515510177612304688e+01 -3.968956232070922852e+00 -2.481180906295776367e+00
1.514316844940185547e+01 -3.831068277359008789e+00 -9.748874902725219727e-01
1.486505413055419922e+01 -3.577181339263916016e+00 -1.417685151100158691e+00
1.422540855407714844e+01 -2.847581386566162109e+00 -7.894558906555175781e-01
1.363130474090576172e+01 -6.751842975616455078e+00 -6.199650764465332031e+00
1.504777431488037109e+01 -5.957277774810791016e+00 -6.446075439453125000e+00
1.221655941009521484e+01 -6.449455738067626953e+00 -6.646311283111572266e+00
1.275720882415771484e+01 -5.905261993408203125e+00 -7.423071384429931641e+00
1.564901065826416016e+01 -5.771980285644531250e+00 -5.462925910949707031e+00
1.531294345855712891e+01 -5.228679656982421875e+00 -5.718578815460205078e+00
1.472761726379394531e+01 -4.645927906036376953e+00 -5.300373554229736328e+00
1.309086894989013672e+01 -5.525718212127685547e+00 -7.250164508819580078e+00
1.246938896179199219e+01 -4.983062744140625000e+00 -6.572825431823730469e+00
1.329268836975097656e+01 -4.560829162597656250e+00 -5.982112407684326172e+00
1.336541557312011719e+01 -3.568816423416137695e+00 -4.753624916076660156e+00
1.483147811889648438e+01 -3.801147222518920898e+00 -2.664787054061889648e+00
1.461839580535888672e+01 -3.989027500152587891e+00 -4.268374443054199219e+00
1.404985523223876953e+01 -3.175530433654785156e+00 -3.508175373077392578e+00
1.006282711029052734e+01 -6.012715339660644531e+00 -2.744844675064086914e+00
6.943559646606445312e+00 -4.781620979309082031e+00 -2.365141630172729492e+00
7.229823112487792969e+00 -4.865110874176025391e+00 -1.941863656044006348e+00
6.794903755187988281e+00 -4.707168102264404297e+00 -2.926558256149291992e+00
1.038931751251220703e+01 -6.306632995605468750e+00 -2.343159914016723633e+00
8.941965103149414062e+00 -5.545289993286132812e+00 -1.941431403160095215e+00
7.894711494445800781e+00 -5.127127647399902344e+00 -1.574219226837158203e+00
9.507073402404785156e+00 -5.540092945098876953e+00 -3.433133602142333984e+00
9.838947296142578125e+00 -5.559236049652099609e+00 -4.660282135009765625e+00
8.256160736083984375e+00 -4.997208118438720703e+00 -3.957400083541870117e+00
1.344359874725341797e+01 -2.200804233551025391e+00 3.812827169895172119e-02
1.218459033966064453e+01 -8.084947466850280762e-01 -9.608876705169677734e-01
1.082894134521484375e+01 -5.969879150390625000e+00 -5.490757942199707031e+00
1.089806270599365234e+01 -5.425930976867675781e+00 -6.020191669464111328e+00
9.503716468811035156e+00 -5.071100711822509766e+00 -5.185812473297119141e+00
1.158567714691162109e+01 -4.715436458587646484e+00 -6.150474548339843750e+00
9.111465454101562500e+00 -4.324996471405029297e+00 -6.407953262329101562e+00
1.030244350433349609e+01 -3.553717851638793945e+00 -5.842190265655517578e+00
1.230871009826660156e+01 -3.756581068038940430e+00 -5.375277042388916016e+00
1.053266811370849609e+01 -3.231463909149169922e+00 -5.618010520935058594e+00
1.056691455841064453e+01 -2.307810068130493164e+00 -5.199723243713378906e+00
8.507492065429687500e+00 -3.681355714797973633e+00 -7.030956268310546875e+00
8.997920989990234375e+00 -3.087819814682006836e+00 -6.553730964660644531e+00
8.040482521057128906e+00 -2.029333591461181641e+00 -6.901008605957031250e+00
1.034467792510986328e+01 -1.621127128601074219e+00 -5.080393314361572266e+00
8.240050315856933594e+00 -1.702818512916564941e+00 -6.634693622589111328e+00
8.739904403686523438e+00 -4.787644147872924805e-01 -5.839747905731201172e+00
7.279967308044433594e+00 -1.619351953268051147e-01 -6.916440963745117188e+00
1.295644569396972656e+01 -2.413213253021240234e+00 -3.797014951705932617e+00
1.330558681488037109e+01 -1.754702210426330566e+00 -1.814783453941345215e+00
1.291157054901123047e+01 -1.597724199295043945e+00 -2.949372053146362305e+00
1.228763484954833984e+01 -5.317053794860839844e-01 -2.141354084014892578e+00
1.205195713043212891e+01 -1.618183553218841553e-01 -2.797788143157958984e+00
1.224627017974853516e+01 -2.048297405242919922e+00 -4.230803012847900391e+00
1.112091541290283203e+01 -1.284689426422119141e+00 -4.424108505249023438e+00
1.144415092468261719e+01 -6.224893331527709961e-01 -3.821568727493286133e+00
1.014395332336425781e+01 1.511539578437805176e+00 -1.719743728637695312e+00
9.306903839111328125e+00 2.374108552932739258e+00 -2.871970653533935547e+00
9.347876548767089844e+00 2.300464153289794922e+00 -3.356011867523193359e+00
8.579767227172851562e+00 2.924312829971313477e+00 -2.363038063049316406e+00
1.019607162475585938e+01 -9.154826998710632324e-01 -4.992751121520996094e+00
1.066817283630371094e+01 3.029885888099670410e-01 -4.122739315032958984e+00
8.368499755859375000e+00 1.332375705242156982e-01 -5.856335639953613281e+00
7.017868041992187500e+00 9.872932434082031250e-01 -6.429331779479980469e+00
1.379699897766113281e+01 -3.364463567733764648e+00 2.595092535018920898e+00
1.244058799743652344e+01 -2.325253486633300781e+00 2.908785104751586914e+00
1.131491184234619141e+01 -6.731160879135131836e-01 1.463865637779235840e+00
1.146340942382812500e+01 -5.513727068901062012e-01 3.260769844055175781e-01
1.002277469635009766e+01 -2.697658538818359375e-01 3.087648391723632812e+00
8.931401252746582031e+00 1.084580183029174805e+00 2.624821186065673828e+00
9.489884376525878906e+00 7.789368629455566406e-01 2.097754478454589844e+00
7.401851654052734375e+00 2.131500244140625000e+00 2.999372959136962891e+00
7.200187683105468750e+00 2.753449201583862305e+00 1.843666672706604004e+00
9.848178863525390625e+00 9.901832342147827148e-01 3.730715811252593994e-01
1.003825664520263672e+01 1.305100798606872559e+00 -9.714605808258056641e-01
8.053068161010742188e+00 2.722117662429809570e+00 4.546746313571929932e-01
3.347094297409057617e+00 4.248393535614013672e+00 -3.561376929283142090e-01
6.219158172607421875e+00 3.483468055725097656e+00 2.638367116451263428e-01
5.463153362274169922e+00 3.947950363159179688e+00 -2.235710859298706055e+00
3.663499116897583008e+00 4.335236072540283203e+00 -6.957074403762817383e-01
2.839682579040527344e+00 3.786230564117431641e+00 -2.463868618011474609e+00
2.953009366989135742e+00 3.482696771621704102e+00 -3.335200309753417969e+00
-9.877240657806396484e-01 3.795421600341796875e+00 -7.655623555183410645e-01
2.142864465713500977e+00 3.122247457504272461e+00 -4.389022827148437500e+00
9.201199747622013092e-03 4.153970241546630859e+00 -3.145274639129638672e+00
3.053263425827026367e-01 3.700881004333496094e+00 -4.699674606323242188e+00
2.375410556793212891e+00 3.788836717605590820e+00 -2.570731163024902344e+00
5.101122379302978516e+00 -8.751168251037597656e-01 -8.896107673645019531e+00
2.943967342376708984e+00 3.081643581390380859e-01 -9.611698150634765625e+00
5.064281940460205078e+00 5.065307617187500000e-01 -8.116011619567871094e+00
3.643836498260498047e+00 5.615319609642028809e-01 -8.972084045410156250e+00
2.524551630020141602e+00 5.016926527023315430e-01 -9.804519653320312500e+00
1.546859145164489746e+00 1.849423408508300781e+00 -9.914747238159179688e+00
3.304821252822875977e-01 3.148473024368286133e+00 -9.159043312072753906e+00
1.122523993253707886e-01 3.002891302108764648e+00 -1.045976448059082031e+01
5.655921459197998047e+00 2.802533388137817383e+00 -4.863538742065429688e+00
6.163813591003417969e+00 1.886712193489074707e+00 -6.092741966247558594e+00
4.699381828308105469e+00 2.685246944427490234e+00 -5.251111507415771484e+00
4.797908782958984375e+00 2.382640123367309570e+00 -5.963930130004882812e+00
6.607669353485107422e+00 3.712726116180419922e+00 -2.721207857131958008e+00
6.587435245513916016e+00 1.285407543182373047e+00 -6.429988384246826172e+00
5.714703559875488281e+00 1.669647693634033203e+00 -6.606569290161132812e+00
4.861735820770263672e+00 1.780078291893005371e+00 -7.040328979492187500e+00
2.733339071273803711e+00 2.832916975021362305e+00 -5.064718723297119141e+00
2.816431522369384766e+00 2.087002515792846680e+00 -7.362451553344726562e+00
2.026228904724121094e+00 2.321097850799560547e+00 -6.814224243164062500e+00
9.400835633277893066e-02 3.297644615173339844e+00 -6.272883892059326172e+00
2.703796625137329102e-01 2.956045627593994141e+00 -7.760537147521972656e+00
3.020207285881042480e-01 3.029353857040405273e+00 -8.139203071594238281e+00
-3.297338247299194336e+00 3.399136066436767578e+00 -2.584948778152465820e+00
-5.635038375854492188e+00 3.068990945816040039e+00 -7.730589866638183594e+00
-4.809620857238769531e+00 3.486306905746459961e+00 -7.635182380676269531e+00
-4.259508132934570312e+00 3.354168653488159180e+00 -6.673750877380371094e+00
-2.167350292205810547e+00 3.286873817443847656e+00 -2.314425706863403320e-01
-1.890424013137817383e+00 3.751061201095581055e+00 -1.355060696601867676e+00
-1.528132557868957520e+00 4.091686725616455078e+00 -2.470032215118408203e+00
-1.354134798049926758e+00 4.387423038482666016e+00 -3.694352865219116211e+00
-1.182577133178710938e+00 4.396698474884033203e+00 -4.988207340240478516e+00
-4.801596641540527344e+00 4.082624435424804688e+00 -8.504341125488281250e+00
-4.506360054016113281e+00 4.559327125549316406e+00 -9.024140357971191406e+00
-1.981518149375915527e+00 4.462308406829833984e+00 -7.511909484863281250e+00
-3.350845336914062500e+00 4.459939479827880859e+00 -8.331904411315917969e+00
-1.541563272476196289e+00 3.654017210006713867e+00 -1.119952869415283203e+01
-1.228786706924438477e+00 3.508739233016967773e+00 -1.106415939331054688e+01
-3.828854322433471680e+00 4.855029582977294922e+00 -1.070451831817626953e+01
-2.048441410064697266e+00 4.181871414184570312e+00 -9.850926399230957031e+00
-3.118077516555786133e-01 3.481262922286987305e+00 -9.967402458190917969e+00
-2.159739494323730469e+00 4.558337211608886719e+00 -6.121109962463378906e+00
5.283637523651123047e+00 3.144189834594726562e+00 2.277920484542846680e+00
6.065046310424804688e+00 3.153692960739135742e+00 1.773381710052490234e+00
1.965993523597717285e+00 7.042343020439147949e-01 -1.029028987884521484e+01
-5.170341730117797852e-01 2.796708345413208008e+00 -1.161699390411376953e+01
4.419125318527221680e-01 2.525844335556030273e+00 -1.077165126800537109e+01
