1.561004281044006348e+00 -4.936975479125976562e+00 -2.713408231735229492e+00
2.278223276138305664e+00 -4.788385868072509766e+00 -1.924648523330688477e+00
1.514983296394348145e+00 -4.794504642486572266e+00 -2.308528661727905273e+00
-5.069182872772216797e+00 -8.108619689941406250e+00 -7.822381496429443359e+00
-4.999840736389160156e+00 -8.062321662902832031e+00 -1.156811618804931641e+01
-4.185360908508300781e+00 -8.320979118347167969e+00 -9.419706344604492188e+00
-7.271066188812255859e+00 -7.468560695648193359e+00 -7.059035301208496094e+00
-7.775187969207763672e+00 -7.350909233093261719e+00 -7.967272281646728516e+00
-5.692890644073486328e+00 -8.129352569580078125e+00 -9.823987007141113281e+00
-6.221131324768066406e+00 -7.997788429260253906e+00 -9.061680793762207031e+00
-6.480530738830566406e+00 -7.345936298370361328e+00 -1.205470848083496094e+01
-8.410498619079589844e+00 -6.368228435516357422e+00 -1.057586479187011719e+01
-8.332775115966796875e+00 -6.190913677215576172e+00 -1.129414939880371094e+01
-9.641926765441894531e+00 -5.267217636108398438e+00 -8.363117218017578125e+00
-1.005076885223388672e+01 -4.325622558593750000e+00 -8.716050148010253906e+00
-9.587412834167480469e+00 -4.644775867462158203e+00 -1.086793041229248047e+01
-8.220148086547851562e+00 -6.690484046936035156e+00 -5.445821762084960938e+00
-9.067660331726074219e+00 -6.091964721679687500e+00 -4.930346965789794922e+00
-7.968293666839599609e+00 -5.745449542999267578e+00 -3.404841423034667969e+00
-8.497145652770996094e+00 -5.228802680969238281e+00 -2.226403713226318359e+00
-6.958493709564208984e+00 -5.440436363220214844e+00 -3.112654209136962891e+00
-2.594521760940551758e+00 -5.032438755035400391e+00 -1.548368215560913086e+00
-3.374800682067871094e+00 -4.883144378662109375e+00 -5.834306478500366211e-01
-1.441957116127014160e+00 -4.997234821319580078e+00 -2.382260113954544067e-01
-7.379776477813720703e+00 -3.213420152664184570e+00 2.311610221862792969e+00
-5.356125831604003906e+00 -3.513253927230834961e+00 1.278406500816345215e+00
-3.860835313796997070e+00 -5.068586826324462891e+00 -2.136920213699340820e+00
-7.304539680480957031e+00 -4.796299457550048828e+00 -1.627020955085754395e+00
-6.307963371276855469e+00 -5.166959285736083984e+00 -2.786756038665771484e+00
-3.739758729934692383e+00 -4.415476799011230469e+00 1.337158530950546265e-01
-4.768418788909912109e+00 -7.279057502746582031e+00 -5.294800281524658203e+00
-4.545985698699951172e+00 -6.498187541961669922e+00 -4.091043949127197266e+00
-2.280561923980712891e+00 -7.655525207519531250e+00 -6.417070388793945312e+00
-2.885162830352783203e+00 -7.167855262756347656e+00 -5.067104816436767578e+00
-2.214797019958496094e+00 -7.177307128906250000e+00 -5.299139976501464844e+00
-1.356841206550598145e+00 -6.802084922790527344e+00 -5.044236183166503906e+00
-2.780247926712036133e+00 -6.777347564697265625e+00 -4.439746379852294922e+00
-5.267854690551757812e+00 -6.850585937500000000e+00 -4.678974628448486328e+00
-6.154133319854736328e+00 -7.666844844818115234e+00 -6.742115497589111328e+00
-8.704651832580566406e+00 -6.651122570037841797e+00 -6.454957962036132812e+00
-1.417850136756896973e+00 -4.983777999877929688e+00 -1.835702300071716309e+00
-9.353448152542114258e-01 -5.045349597930908203e+00 -2.276418209075927734e+00
-2.242044925689697266e+00 -5.126367568969726562e+00 -2.023082971572875977e+00
-3.523277640342712402e-01 -5.091731071472167969e+00 -1.198201656341552734e+00
6.322928071022033691e-01 -4.625352859497070312e+00 -1.598239779472351074e+00
-8.153954148292541504e-01 -5.405128955841064453e+00 -3.020706653594970703e+00
-8.654613979160785675e-03 -5.501603603363037109e+00 -3.345209598541259766e+00
6.070076823234558105e-01 -4.769750118255615234e+00 -2.125202655792236328e+00
-9.515662193298339844e+00 -4.813957214355468750e+00 -2.044724941253662109e+00
-9.939906120300292969e+00 -4.890980243682861328e+00 -4.679920196533203125e+00
-9.351912498474121094e+00 -5.581668376922607422e+00 -3.831158638000488281e+00
-1.019524669647216797e+01 -3.759731769561767578e+00 -3.288275003433227539e+00
-1.031853103637695312e+01 -3.586237907409667969e+00 -4.715965747833251953e+00
-9.119868278503417969e+00 -4.087544918060302734e+00 3.089036941528320312e-01
-9.780734062194824219e+00 -4.174288749694824219e+00 -1.408743500709533691e+00
-9.819844245910644531e+00 -3.231871843338012695e+00 -2.802666127681732178e-01
-9.599112510681152344e+00 -2.927228450775146484e+00 9.021525382995605469e-01
-9.113107681274414062e+00 -2.722579240798950195e+00 2.167031049728393555e+00
-9.279308319091796875e+00 -1.630284070968627930e+00 1.269429802894592285e+00
-1.017258930206298828e+01 -2.695150375366210938e+00 -2.524008750915527344e+00
-1.009797763824462891e+01 -1.609203338623046875e+00 -2.652519702911376953e+00
-9.465359687805175781e+00 -1.293929457664489746e+00 -8.879191279411315918e-01
-7.937451839447021484e+00 -4.211705923080444336e-01 -6.482117772102355957e-01
-1.006276988983154297e+01 -4.635205745697021484e+00 -5.545562744140625000e+00
-1.034758853912353516e+01 -3.651824474334716797e+00 -5.425248622894287109e+00
-1.053252506256103516e+01 -2.257458686828613281e+00 -5.301855087280273438e+00
-1.058994293212890625e+01 -2.098338127136230469e+00 -5.872325897216796875e+00
-1.008345699310302734e+01 -6.571640968322753906e-01 -5.353492259979248047e+00
-1.058883476257324219e+01 -2.843279600143432617e+00 -7.962365150451660156e+00
-1.071220397949218750e+01 -1.948662996292114258e+00 -8.886755943298339844e+00
-1.060268020629882812e+01 -8.116223812103271484e-01 -8.516098022460937500e+00
-9.952882766723632812e+00 -3.301697969436645508e-01 -6.704879760742187500e+00
-8.382990837097167969e+00 -2.041313201189041138e-01 -2.254532575607299805e+00
-6.924657344818115234e+00 1.698368310928344727e+00 -3.687471389770507812e+00
-9.016271591186523438e+00 3.840170800685882568e-01 -6.202324867248535156e+00
-7.573519706726074219e+00 1.435365319252014160e+00 -4.989225387573242188e+00
1.317160797119140625e+01 -5.628443241119384766e+00 4.528886318206787109e+00
1.356005859375000000e+01 -6.251723766326904297e+00 7.862911820411682129e-01
1.304558944702148438e+01 -6.035378456115722656e+00 1.459779143333435059e+00
1.493087768554687500e+01 -5.989254474639892578e+00 1.959381818771362305e+00
1.477588176727294922e+01 -5.158272743225097656e+00 3.100842237472534180e+00
1.195054531097412109e+01 -5.702084541320800781e+00 2.730823516845703125e+00
4.372537612915039062e+00 -1.307473063468933105e+00 4.942859649658203125e+00
5.219180107116699219e+00 -1.090641856193542480e+00 6.054732799530029297e+00
6.650746822357177734e+00 -4.876863479614257812e+00 -1.666912436485290527e+00
8.913893699645996094e+00 -6.302813053131103516e+00 -1.242660880088806152e+00
8.122589111328125000e+00 -6.216753005981445312e+00 -1.083374977111816406e+00
7.447919845581054688e+00 -6.284609317779541016e+00 -4.948455393314361572e-01
2.553149938583374023e+00 -5.430812358856201172e+00 4.018458724021911621e-01
4.296254634857177734e+00 -4.719748020172119141e+00 -1.500370860099792480e+00
5.167722702026367188e+00 -5.117983818054199219e+00 -1.173025608062744141e+00
2.308676958084106445e+00 -4.298396587371826172e+00 -1.265876650810241699e+00
4.115580081939697266e+00 -4.747409343719482422e+00 -1.280721426010131836e+00
5.105679035186767578e+00 -5.585353374481201172e+00 2.149079889059066772e-01
5.803548812866210938e+00 -6.000440120697021484e+00 -6.106685400009155273e-01
3.095683097839355469e+00 -5.504973888397216797e+00 -5.902674794197082520e-01
9.441186904907226562e+00 -5.193045139312744141e+00 3.079188585281372070e+00
9.950295448303222656e+00 -4.946229934692382812e+00 4.954326152801513672e+00
9.917234420776367188e+00 -4.974700450897216797e+00 4.297097682952880859e+00
8.642548561096191406e+00 -4.204207420349121094e+00 5.394008159637451172e+00
8.921624183654785156e+00 -4.968375682830810547e+00 3.148517847061157227e+00
9.018200874328613281e+00 -5.918142318725585938e+00 1.424645781517028809e+00
8.679450988769531250e+00 -6.109162330627441406e+00 9.372031688690185547e-01
5.501533031463623047e+00 -1.396474003791809082e+00 4.084249019622802734e+00
6.161428451538085938e+00 -3.705676555633544922e+00 2.398646354675292969e+00
5.589794158935546875e+00 -3.978881120681762695e+00 1.871251940727233887e+00
4.508867263793945312e+00 -1.917084813117980957e+00 3.077894210815429688e+00
4.597176074981689453e+00 -1.543343424797058105e+00 3.744692802429199219e+00
6.885948181152343750e+00 -2.505114793777465820e+00 4.347448825836181641e+00
6.639601707458496094e+00 -2.102443218231201172e+00 5.588696956634521484e+00
6.540510654449462891e+00 -5.476141452789306641e+00 9.354299902915954590e-01
1.202109432220458984e+01 -4.669905662536621094e+00 6.090256214141845703e+00
1.381080436706542969e+01 -4.725725650787353516e+00 4.631799221038818359e+00
1.254043388366699219e+01 -3.696792364120483398e+00 4.991653919219970703e+00
1.346063041687011719e+01 -3.500097036361694336e+00 3.284721136093139648e+00
7.737930774688720703e+00 -3.153900146484375000e+00 6.799111843109130859e+00
7.293665409088134766e+00 -2.699191093444824219e+00 6.745288848876953125e+00
4.177708148956298828e+00 -7.095239162445068359e-01 6.781234741210937500e+00
9.555466651916503906e+00 -4.517307281494140625e+00 6.686285018920898438e+00
1.035494136810302734e+01 -3.361678123474121094e+00 6.869767665863037109e+00
1.070369529724121094e+01 -2.786829233169555664e+00 5.830598831176757812e+00
8.618529319763183594e+00 -1.826624631881713867e+00 6.675587654113769531e+00
8.979158401489257812e+00 -1.477350950241088867e+00 5.632722854614257812e+00
1.102475547790527344e+01 -2.512352943420410156e+00 4.685703277587890625e+00
1.134760379791259766e+01 -2.253713846206665039e+00 3.591278553009033203e+00
6.535921096801757812e+00 -1.715722322463989258e+00 6.428163528442382812e+00
7.692289829254150391e+00 -1.233480572700500488e+00 6.407915115356445312e+00
6.986364841461181641e+00 -2.586713731288909912e-01 5.782938957214355469e+00
6.225867748260498047e+00 -5.132610797882080078e-01 6.035691738128662109e+00
5.654733657836914062e+00 7.153734564781188965e-01 5.651593685150146484e+00
8.063847541809082031e+00 3.940314054489135742e-02 4.585711479187011719e+00
5.767597675323486328e+00 2.025566577911376953e+00 4.325792312622070312e+00
6.155711650848388672e+00 2.108814477920532227e+00 3.808463811874389648e+00
-2.136295080184936523e+00 -2.802665710449218750e+00 3.776812314987182617e+00
-1.525962948799133301e+00 -3.806056499481201172e+00 1.664501309394836426e+00
-1.478599786758422852e+00 -4.654449939727783203e+00 3.901239633560180664e-01
-1.623726606369018555e+00 -2.868992567062377930e+00 3.496729850769042969e+00
-2.545482516288757324e-01 -2.666893959045410156e+00 2.372131109237670898e+00
-5.072749614715576172e+00 -3.478365182876586914e+00 1.470523238182067871e+00
-4.360534667968750000e+00 -3.317191362380981445e+00 2.204759359359741211e+00
-5.806178569793701172e+00 -2.599424839019775391e+00 3.394031286239624023e+00
-5.279887199401855469e+00 -3.019579172134399414e+00 2.537973642349243164e+00
-4.096931457519531250e+00 -2.829915046691894531e+00 3.383717536926269531e+00
-2.760951042175292969e+00 -1.625292420387268066e+00 4.883053302764892578e+00
-5.655235767364501953e+00 -1.271213889122009277e+00 4.708938121795654297e+00
-5.351709842681884766e+00 -7.413190603256225586e-01 4.910040378570556641e+00
2.500540256500244141e+00 -1.770436525344848633e+00 3.659777402877807617e+00
1.350124478340148926e+00 -9.242495298385620117e-01 4.130827903747558594e+00
-7.483730465173721313e-02 -1.200259208679199219e+00 3.654789447784423828e+00
1.070046901702880859e+00 -3.609966933727264404e-01 4.674724578857421875e+00
2.462039709091186523e+00 -1.169521689414978027e+00 5.280925750732421875e+00
3.456764459609985352e+00 -7.674719095230102539e-01 6.626780986785888672e+00
1.093250036239624023e+00 7.151525020599365234e-01 5.416366100311279297e+00
-3.227943420410156250e+00 -1.394824028015136719e+00 5.012171268463134766e+00
-4.246003627777099609e+00 2.957524955272674561e-01 5.010950565338134766e+00
-2.752138137817382812e+00 5.586040616035461426e-01 5.136978626251220703e+00
-1.172749400138854980e+00 1.606454253196716309e+00 4.409214496612548828e+00
-3.889225482940673828e+00 1.015386223793029785e+00 4.048200607299804688e+00
-3.825193405151367188e+00 1.420122623443603516e+00 2.889700412750244141e+00
-1.802284270524978638e-01 -5.106446743011474609e+00 -8.158101886510848999e-02
2.953280210494995117e-01 -4.966190338134765625e+00 -1.177321150898933411e-01
8.130006194114685059e-01 -4.977608680725097656e+00 2.832494117319583893e-02
1.638340353965759277e+00 -3.817471504211425781e+00 1.411084532737731934e+00
1.479557633399963379e+00 -5.014198780059814453e+00 5.746677517890930176e-01
1.626194953918457031e+00 -3.773628473281860352e+00 -1.362833738327026367e+00
1.871464967727661133e+00 -2.648315906524658203e+00 2.347400903701782227e+00
2.278100490570068359e+00 1.337762594223022461e+00 5.539409637451171875e+00
2.871377229690551758e+00 2.365241527557373047e+00 4.233029842376708984e+00
2.603672742843627930e+00 2.928702592849731445e+00 3.024338960647583008e+00
-8.656900525093078613e-01 2.477429866790771484e+00 2.621108770370483398e+00
-6.699451208114624023e-01 1.936921834945678711e+00 4.187990188598632812e+00
5.672151446342468262e-01 2.535644769668579102e+00 3.253298521041870117e+00
-1.729996085166931152e+00 3.175798892974853516e+00 1.092947348952293396e-01
-7.586347579956054688e+00 -2.461042881011962891e+00 3.554833412170410156e+00
-7.329035282135009766e+00 -1.426105141639709473e+00 4.216906070709228516e+00
-7.960786819458007812e+00 -8.148573040962219238e-01 2.907118320465087891e+00
-6.812159538269042969e+00 -1.163612246513366699e+00 4.462409973144531250e+00
-7.016441345214843750e+00 -3.687308728694915771e-01 3.060054063796997070e+00
-6.420480251312255859e+00 1.880608797073364258e-01 1.419942021369934082e+00
-6.219865322113037109e+00 1.389552056789398193e-01 2.391448020935058594e+00
-6.924367904663085938e+00 2.274316400289535522e-01 -8.160080909729003906e-01
-3.745485305786132812e+00 1.648741006851196289e+00 1.846728444099426270e+00
-5.361878395080566406e+00 2.013531446456909180e+00 -1.993637323379516602e+00
-3.647704601287841797e+00 3.032654523849487305e+00 -1.669624924659729004e+00
3.348532676696777344e+00 4.834995269775390625e-01 6.438770771026611328e+00
2.967086076736450195e+00 1.576482057571411133e+00 5.347081661224365234e+00
3.824681043624877930e+00 1.992733836174011230e+00 4.852262496948242188e+00
4.533792972564697266e+00 2.567949771881103516e+00 3.813122749328613281e+00
3.879797220230102539e+00 3.110243558883666992e+00 2.988908052444458008e+00
7.763236999511718750e+00 -4.938065528869628906e+00 -3.955998897552490234e+00
2.377350091934204102e+00 -5.079118251800537109e+00 -3.052070856094360352e+00
5.496642112731933594e+00 -4.755167484283447266e+00 -2.522222518920898438e+00
6.323054790496826172e+00 -4.710402965545654297e+00 -2.968703269958496094e+00
3.033917427062988281e+00 -5.019814014434814453e+00 -2.933664798736572266e+00
2.090212106704711914e+00 -5.933522224426269531e+00 -5.250211238861083984e+00
2.626186370849609375e+00 -5.810137271881103516e+00 -6.251894950866699219e+00
3.890018463134765625e+00 -5.144441604614257812e+00 -5.596756935119628906e+00
5.924079418182373047e+00 -4.831845283508300781e+00 -3.728887557983398438e+00
7.160005569458007812e+00 -4.987421512603759766e+00 -4.065164089202880859e+00
2.442970752716064453e+00 -5.622374057769775391e+00 -8.457601547241210938e+00
8.321939468383789062e+00 -5.000951766967773438e+00 -6.002843379974365234e+00
3.299755811691284180e+00 -5.333535671234130859e+00 -7.114853858947753906e+00
3.712909460067749023e+00 -4.725456714630126953e+00 -7.898037433624267578e+00
6.289776802062988281e+00 -5.084787368774414062e+00 -5.374869346618652344e+00
7.408685207366943359e+00 -4.945197105407714844e+00 -6.326496124267578125e+00
5.878606319427490234e+00 -4.187301635742187500e+00 -7.247914314270019531e+00
7.536090373992919922e+00 -4.042500019073486328e+00 -7.363204002380371094e+00
5.589326858520507812e+00 -3.869679450988769531e+00 -7.626441478729248047e+00
5.159798145294189453e+00 -2.843287706375122070e+00 -8.642130851745605469e+00
5.232735633850097656e+00 -2.083471059799194336e+00 -8.895548820495605469e+00
-3.349697351455688477e+00 -7.970906257629394531e+00 -1.205616283416748047e+01
-3.131454229354858398e+00 -8.215085029602050781e+00 -1.051684665679931641e+01
-3.961560010910034180e+00 -7.544329166412353516e+00 -1.315956783294677734e+01
-1.581756711006164551e+00 -6.563704013824462891e+00 -1.324239349365234375e+01
-3.556692600250244141e+00 -6.335703849792480469e+00 -1.446047687530517578e+01
-3.374787092208862305e+00 -5.282357692718505859e+00 -1.519285678863525391e+01
-6.631268978118896484e+00 -6.538519382476806641e+00 -1.317182731628417969e+01
-7.072253704071044922e+00 -6.215191364288330078e+00 -1.318972492218017578e+01
-7.757874965667724609e+00 -5.235687732696533203e+00 -1.367685890197753906e+01
-5.719968795776367188e+00 -7.133440971374511719e+00 -1.307873821258544922e+01
-8.473135948181152344e+00 -5.367923259735107422e+00 -1.256484127044677734e+01
-7.363996505737304688e+00 -4.567420959472656250e+00 -1.457478618621826172e+01
-4.150898933410644531e+00 -5.537345409393310547e+00 -1.502988433837890625e+01
-5.995809555053710938e+00 -4.384594440460205078e+00 -1.525849437713623047e+01
-2.711141109466552734e+00 -5.388845920562744141e+00 -1.501432132720947266e+01
-2.177201032638549805e+00 -4.296279430389404297e+00 -1.536942481994628906e+01
-3.722929716110229492e+00 -3.717718362808227539e+00 -1.575237846374511719e+01
-2.790418863296508789e+00 -3.188165187835693359e+00 -1.571557712554931641e+01
-4.989893913269042969e+00 -2.651490211486816406e+00 -1.594048500061035156e+01
-3.921495199203491211e+00 -1.506193280220031738e+00 -1.593523788452148438e+01
-9.300577163696289062e+00 -4.444338321685791016e+00 -1.222324180603027344e+01
-8.934776306152343750e+00 -4.005621433258056641e+00 -1.344693565368652344e+01
-9.912023544311523438e+00 -2.866596937179565430e+00 -1.234734153747558594e+01
-1.040235900878906250e+01 -1.442195057868957520e+00 -1.151957321166992188e+01
-8.549613952636718750e+00 -3.353090286254882812e+00 -1.436208248138427734e+01
-7.692123889923095703e+00 -2.970266103744506836e+00 -1.519944286346435547e+01
-9.823471069335937500e+00 -9.289382696151733398e-01 -1.328324890136718750e+01
-9.377635002136230469e+00 -3.336186110973358154e-01 -1.420385932922363281e+01
-8.488821983337402344e+00 -9.569080471992492676e-01 -1.507458686828613281e+01
-7.136553287506103516e+00 1.563134789466857910e-01 -1.576955890655517578e+01
-7.628262519836425781e+00 8.089036941528320312e-01 -1.553571796417236328e+01
-1.522038578987121582e+00 -7.556254863739013672e+00 -6.888703346252441406e+00
-4.212263524532318115e-01 -7.156938552856445312e+00 -8.631860733032226562e+00
7.319063693284988403e-02 -6.569683551788330078e+00 -5.590198040008544922e+00
6.188076734542846680e-01 -6.686028480529785156e+00 -6.757296085357666016e+00
-2.398438602685928345e-01 -6.930943489074707031e+00 -9.610856056213378906e+00
-5.066330358386039734e-02 -5.895612239837646484e+00 -1.240214061737060547e+01
1.352135300636291504e+00 -6.390626430511474609e+00 -6.419000148773193359e+00
2.020877599716186523e+00 -5.952887535095214844e+00 -8.190659523010253906e+00
-7.603521943092346191e-01 -5.087772369384765625e+00 -1.430391311645507812e+01
1.024701118469238281e+00 -4.963635921478271484e+00 -1.243794536590576172e+01
-1.230527520179748535e+00 -3.740301847457885742e+00 -1.520251560211181641e+01
-1.926367729902267456e-01 -3.007619380950927734e+00 -1.485921764373779297e+01
1.960326552391052246e+00 -5.054212093353271484e+00 -1.069736385345458984e+01
-1.088353276252746582e+00 -2.406058549880981445e+00 -1.528124713897705078e+01
-1.307932496070861816e+00 -1.698311209678649902e+00 -1.534034442901611328e+01
2.141876459121704102e+00 -3.537046670913696289e+00 -1.149250221252441406e+01
8.847962617874145508e-01 -1.870508313179016113e+00 -1.348700904846191406e+01
7.969406843185424805e-01 -1.144783854484558105e+00 -1.333427524566650391e+01
-2.606566905975341797e+00 -1.779787063598632812e+00 -1.569960021972656250e+01
-2.676778793334960938e+00 -8.109819293022155762e-01 -1.564105796813964844e+01
-5.085631847381591797e+00 4.514902532100677490e-01 -1.588835716247558594e+01
-2.887412309646606445e+00 1.006101131439208984e+00 -1.536734580993652344e+01
-2.165536642074584961e+00 1.173287630081176758e+00 -1.512360382080078125e+01
-4.984465539455413818e-01 1.148619890213012695e+00 -1.388971996307373047e+01
-2.883063554763793945e+00 2.078366518020629883e+00 -1.503534126281738281e+01
-2.466935396194458008e+00 2.786862850189208984e+00 -1.464602184295654297e+01
2.704019784927368164e+00 -3.968881368637084961e+00 -1.033746051788330078e+01
3.520633220672607422e+00 -2.613062620162963867e+00 -1.011151981353759766e+01
3.012724161148071289e+00 -1.849988460540771484e+00 -1.085262680053710938e+01
9.642214179039001465e-01 -2.821922600269317627e-01 -1.281315803527832031e+01
1.482727646827697754e+00 5.376799963414669037e-03 -1.210976123809814453e+01
2.348316192626953125e+00 -2.198933959007263184e-01 -1.122597503662109375e+01
1.081114292144775391e+00 4.157740771770477295e-01 -1.233584499359130859e+01
-1.051323413848876953e+01 -9.693755507469177246e-01 -1.099253177642822266e+01
-9.970920562744140625e+00 6.801781654357910156e-01 -1.291956996917724609e+01
-1.030391597747802734e+01 -1.884561404585838318e-02 -1.048600387573242188e+01
-1.007289600372314453e+01 -1.230982467532157898e-01 -9.023932456970214844e+00
-9.726455688476562500e+00 5.396882891654968262e-01 -1.002721881866455078e+01
-9.964795112609863281e+00 9.191685318946838379e-01 -1.155167579650878906e+01
-9.434528350830078125e+00 2.028353214263916016e+00 -1.278464317321777344e+01
-8.820909500122070312e+00 1.391625046730041504e+00 -9.343286514282226562e+00
-8.416808128356933594e+00 2.392387866973876953e+00 -1.037637138366699219e+01
-8.196651458740234375e+00 1.153960108757019043e+00 -6.070390224456787109e+00
-7.958901405334472656e+00 1.585433602333068848e+00 -7.152956962585449219e+00
-8.281828880310058594e+00 1.872532606124877930e+00 -8.739160537719726562e+00
-7.899274349212646484e+00 2.541609048843383789e+00 -9.733428955078125000e+00
-6.296567916870117188e+00 2.691369295120239258e+00 -7.680760383605957031e+00
-6.213519096374511719e+00 3.001239299774169922e+00 -8.163209915161132812e+00
-8.635862350463867188e+00 2.196305990219116211e+00 -1.429194259643554688e+01
-8.036948204040527344e+00 2.223220109939575195e+00 -1.473109340667724609e+01
-7.637457370758056641e+00 3.434921741485595703e+00 -1.351360893249511719e+01
-6.656774997711181641e+00 4.259531021118164062e+00 -1.313927268981933594e+01
-6.101434707641601562e+00 1.889962315559387207e+00 -1.547643756866455078e+01
-5.845612525939941406e+00 2.181328535079956055e+00 -1.532831096649169922e+01
-5.171762466430664062e+00 3.963764905929565430e+00 -1.412264442443847656e+01
-4.616361141204833984e+00 3.957878828048706055e+00 -1.424959945678710938e+01
-5.868964195251464844e+00 3.766300916671752930e+00 -1.412667179107666016e+01
-8.273643493652343750e+00 3.276891946792602539e+00 -1.224839115142822266e+01
-6.243727684020996094e+00 4.408548831939697266e+00 -1.238219261169433594e+01
-5.556848526000976562e+00 4.376984596252441406e+00 -1.074419879913330078e+01
-3.389913320541381836e+00 4.230837821960449219e+00 -1.348859596252441406e+01
-3.171675443649291992e+00 4.292558193206787109e+00 -1.287052345275878906e+01
-5.220811843872070312e+00 4.429901599884033203e+00 -1.222025775909423828e+01
-4.469971179962158203e+00 4.631766796112060547e+00 -1.232665634155273438e+01
-3.217512845993041992e+00 4.683297634124755859e+00 -1.144328022003173828e+01
-4.958859443664550781e+00 4.782146453857421875e+00 -1.084853172302246094e+01
-3.796190261840820312e+00 4.889544963836669922e+00 -1.117160797119140625e+01
-6.640319824218750000e+00 3.677416324615478516e+00 -1.050267791748046875e+01
-5.932072639465332031e+00 3.618710994720458984e+00 -9.034675598144531250e+00
3.057014942169189453e+00 -1.928696781396865845e-01 -1.030023193359375000e+01
-1.391289979219436646e-01 1.527064442634582520e+00 -1.287744045257568359e+01
-2.115151643753051758e+00 3.219229698181152344e+00 -1.359500122070312500e+01
9.950355291366577148e-01 7.995295524597167969e-01 -1.168835449218750000e+01
-1.054552793502807617e+00 2.882446289062500000e+00 -1.233844757080078125e+01
-2.714738607406616211e+00 3.843351840972900391e+00 -1.327050781250000000e+01
-1.650745749473571777e+00 3.644234895706176758e+00 -1.187526512145996094e+01
1.144231319427490234e+01 -6.554083824157714844e+00 -3.360630273818969727e+00
1.333609867095947266e+01 -6.733040332794189453e+00 -1.701632380485534668e+00
1.117696475982666016e+01 -6.472084999084472656e+00 -8.272739052772521973e-01
1.098264217376708984e+01 -6.501501083374023438e+00 -2.582974910736083984e+00
1.436331558227539062e+01 -6.968131065368652344e+00 -5.001519680023193359e+00
1.199614715576171875e+01 -6.619248867034912109e+00 -3.960778474807739258e+00
1.270684242248535156e+01 -6.593856334686279297e+00 -5.454415321350097656e+00
1.315856075286865234e+01 -6.898479461669921875e+00 -3.646896362304687500e+00
1.563758468627929688e+01 -7.040358543395996094e+00 -3.571891069412231445e+00
1.607030677795410156e+01 -5.966675281524658203e+00 -4.154919147491455078e+00
1.625688362121582031e+01 -6.507356166839599609e+00 -1.142860412597656250e+00
1.638558006286621094e+01 -5.706965923309326172e+00 -2.023206472396850586e+00
1.459349346160888672e+01 -6.615397930145263672e+00 8.136625587940216064e-02
1.482517433166503906e+01 -6.970226287841796875e+00 -1.524136304855346680e+00
1.538916492462158203e+01 -6.255813598632812500e+00 9.992094635963439941e-01
1.481216335296630859e+01 -4.132403373718261719e+00 2.027875423431396484e+00
1.515615081787109375e+01 -4.241147994995117188e+00 9.179170131683349609e-01
1.434563636779785156e+01 -3.396645307540893555e+00 1.087085485458374023e+00
1.581766033172607422e+01 -4.921640396118164062e+00 -3.325367212295532227e+00
1.524772071838378906e+01 -4.058263301849365234e+00 -2.545701265335083008e+00
1.523002338409423828e+01 -3.979795932769775391e+00 -9.840628504753112793e-01
1.499024963378906250e+01 -3.637336254119873047e+00 -1.484601974487304688e+00
1.433626461029052734e+01 -2.879650115966796875e+00 -8.429852128028869629e-01
1.381845474243164062e+01 -6.753123760223388672e+00 -6.220420360565185547e+00
1.525894641876220703e+01 -5.954213619232177734e+00 -6.517364978790283203e+00
1.237503528594970703e+01 -6.461628437042236328e+00 -6.638380527496337891e+00
1.291820335388183594e+01 -5.919627666473388672e+00 -7.420675277709960938e+00
1.593318271636962891e+01 -5.855821609497070312e+00 -5.613475322723388672e+00
1.562019824981689453e+01 -5.089190959930419922e+00 -5.908896923065185547e+00
1.504695224761962891e+01 -4.417445182800292969e+00 -5.514052391052246094e+00
1.326071929931640625e+01 -5.525650501251220703e+00 -7.275987148284912109e+00
1.263153743743896484e+01 -4.975226879119873047e+00 -6.585300445556640625e+00
1.349542999267578125e+01 -4.484115123748779297e+00 -6.068401813507080078e+00
1.362174034118652344e+01 -3.390752792358398438e+00 -4.911111831665039062e+00
1.500965023040771484e+01 -3.736152410507202148e+00 -2.785871982574462891e+00
1.493218898773193359e+01 -3.749162435531616211e+00 -4.471347808837890625e+00
1.438064193725585938e+01 -2.904184341430664062e+00 -3.718659639358520508e+00
1.016635799407958984e+01 -6.038390159606933594e+00 -2.736499547958374023e+00
6.993387699127197266e+00 -4.789847850799560547e+00 -2.364932298660278320e+00
7.279624938964843750e+00 -4.867593765258789062e+00 -1.938553571701049805e+00
6.845637798309326172e+00 -4.723265171051025391e+00 -2.928047895431518555e+00
1.048622989654541016e+01 -6.327545166015625000e+00 -2.332742691040039062e+00
9.012452125549316406e+00 -5.566563606262207031e+00 -1.937589287757873535e+00
7.949734687805175781e+00 -5.138156890869140625e+00 -1.570868015289306641e+00
9.600437164306640625e+00 -5.562809467315673828e+00 -3.426591634750366211e+00
9.958098411560058594e+00 -5.573859691619873047e+00 -4.652203559875488281e+00
8.333364486694335938e+00 -5.020539283752441406e+00 -3.952066659927368164e+00
1.355228233337402344e+01 -2.219407081604003906e+00 2.091157063841819763e-02
1.216900253295898438e+01 -9.064379334449768066e-01 -9.873160123825073242e-01
1.097002220153808594e+01 -5.983374595642089844e+00 -5.481318950653076172e+00
1.103288078308105469e+01 -5.438086032867431641e+00 -6.010949134826660156e+00
9.598415374755859375e+00 -5.095466613769531250e+00 -5.186368465423583984e+00
1.172364902496337891e+01 -4.712145328521728516e+00 -6.145940780639648438e+00
9.185096740722656250e+00 -4.333168983459472656e+00 -6.399654388427734375e+00
1.040312862396240234e+01 -3.555860996246337891e+00 -5.840913295745849609e+00
1.247451400756835938e+01 -3.695903301239013672e+00 -5.420525074005126953e+00
1.064890193939208984e+01 -3.212411642074584961e+00 -5.633162498474121094e+00
1.067059993743896484e+01 -2.282685279846191406e+00 -5.215374469757080078e+00
8.544825553894042969e+00 -3.690248489379882812e+00 -7.015394687652587891e+00
9.051581382751464844e+00 -3.092586517333984375e+00 -6.544654369354248047e+00
8.055310249328613281e+00 -2.038019657135009766e+00 -6.893957138061523438e+00
1.040539836883544922e+01 -1.615860223770141602e+00 -5.079238414764404297e+00
8.256670951843261719e+00 -1.714422225952148438e+00 -6.622909545898437500e+00
8.749901771545410156e+00 -4.914873242378234863e-01 -5.825356483459472656e+00
7.281023025512695312e+00 -1.713461130857467651e-01 -6.904907226562500000e+00
1.327856540679931641e+01 -2.138076543807983398e+00 -4.018827438354492188e+00
1.345882797241210938e+01 -1.694913148880004883e+00 -1.888450741767883301e+00
1.322020053863525391e+01 -1.328233242034912109e+00 -3.105261087417602539e+00
1.239827823638916016e+01 -4.580152928829193115e-01 -2.182039737701416016e+00
1.206523323059082031e+01 -1.279207020998001099e-01 -2.798140287399291992e+00
1.241213035583496094e+01 -1.931675434112548828e+00 -4.315938472747802734e+00
1.121028327941894531e+01 -1.247176170349121094e+00 -4.441791534423828125e+00
1.150219821929931641e+01 -5.846897959709167480e-01 -3.827424526214599609e+00
1.016267204284667969e+01 1.515024304389953613e+00 -1.698701620101928711e+00
9.294233322143554688e+00 2.349463224411010742e+00 -2.849726676940917969e+00
9.336106300354003906e+00 2.291274547576904297e+00 -3.331878423690795898e+00
8.576871871948242188e+00 2.913338184356689453e+00 -2.347498416900634766e+00
1.021292972564697266e+01 -9.244315028190612793e-01 -4.973604679107666016e+00
1.065673828125000000e+01 2.892040014266967773e-01 -4.100107192993164062e+00
8.367233276367187500e+00 1.213448047637939453e-01 -5.842817783355712891e+00
7.013171195983886719e+00 9.748833775520324707e-01 -6.415725231170654297e+00
1.386554813385009766e+01 -3.508513450622558594e+00 2.644834518432617188e+00
1.241127777099609375e+01 -2.562071561813354492e+00 2.956466913223266602e+00
1.117171287536621094e+01 -1.022724628448486328e+00 1.478979110717773438e+00
1.136030292510986328e+01 -7.870396375656127930e-01 3.243038654327392578e-01
9.886533737182617188e+00 -6.471666693687438965e-01 3.187252283096313477e+00
8.800595283508300781e+00 7.661030292510986328e-01 2.662093639373779297e+00
9.334730148315429688e+00 4.485027194023132324e-01 2.127233028411865234e+00
7.291531562805175781e+00 1.857060194015502930e+00 3.025312662124633789e+00
7.142617702484130859e+00 2.575357437133789062e+00 1.879684448242187500e+00
9.710225105285644531e+00 7.275983095169067383e-01 3.953203260898590088e-01
9.995171546936035156e+00 1.191051125526428223e+00 -9.383344650268554688e-01
7.968194007873535156e+00 2.533342599868774414e+00 4.506827294826507568e-01
3.352668285369873047e+00 4.271059989929199219e+00 -3.405289947986602783e-01
6.213809490203857422e+00 3.503480195999145508e+00 2.966053187847137451e-01
5.480658531188964844e+00 4.031418323516845703e+00 -2.218466758728027344e+00
3.673760414123535156e+00 4.385631084442138672e+00 -6.784063577651977539e-01
2.847712993621826172e+00 3.817067623138427734e+00 -2.452393293380737305e+00
2.959619760513305664e+00 3.502597570419311523e+00 -3.323979377746582031e+00
-9.869104623794555664e-01 3.794962406158447266e+00 -7.638868093490600586e-01
2.146797418594360352e+00 3.137213945388793945e+00 -4.380952358245849609e+00
9.642799384891986847e-03 4.161278724670410156e+00 -3.140789747238159180e+00
3.060079514980316162e-01 3.706444263458251953e+00 -4.696066856384277344e+00
2.380013704299926758e+00 3.802010536193847656e+00 -2.563672780990600586e+00
5.101347923278808594e+00 -8.766770362854003906e-01 -8.890567779541015625e+00
2.942822217941284180e+00 3.067568540573120117e-01 -9.605975151062011719e+00
5.062358379364013672e+00 5.012717843055725098e-01 -8.105379104614257812e+00
3.642830133438110352e+00 5.596544742584228516e-01 -8.963449478149414062e+00
2.522917032241821289e+00 4.999130368232727051e-01 -9.798179626464843750e+00
1.546158432960510254e+00 1.848222613334655762e+00 -9.910084724426269531e+00
3.306616544723510742e-01 3.148352384567260742e+00 -9.156066894531250000e+00
1.118296310305595398e-01 3.001358270645141602e+00 -1.045676326751708984e+01
5.654878139495849609e+00 2.801367044448852539e+00 -4.850804805755615234e+00
6.160380840301513672e+00 1.881199359893798828e+00 -6.080338001251220703e+00
4.699729919433593750e+00 2.683839797973632812e+00 -5.239318370819091797e+00
4.796165466308593750e+00 2.378541707992553711e+00 -5.951272010803222656e+00
6.615149021148681641e+00 3.745451211929321289e+00 -2.713414907455444336e+00
6.583185672760009766e+00 1.274790287017822266e+00 -6.416820526123046875e+00
5.711003303527832031e+00 1.660560846328735352e+00 -6.592521667480468750e+00
4.859037399291992188e+00 1.771500945091247559e+00 -7.027755737304687500e+00
2.735858917236328125e+00 2.843407630920410156e+00 -5.056632518768310547e+00
2.817667007446289062e+00 2.087843656539916992e+00 -7.355906963348388672e+00
2.027497768402099609e+00 2.326670169830322266e+00 -6.809172153472900391e+00
9.396253526210784912e-02 3.299355506896972656e+00 -6.269804477691650391e+00
2.705510258674621582e-01 2.956908226013183594e+00 -7.757732868194580078e+00
3.025043904781341553e-01 3.029927968978881836e+00 -8.136108398437500000e+00
-3.297121286392211914e+00 3.397944688796997070e+00 -2.584819555282592773e+00
-5.633858680725097656e+00 3.063351869583129883e+00 -7.731659412384033203e+00
-4.809248924255371094e+00 3.482429981231689453e+00 -7.635589122772216797e+00
-4.258972167968750000e+00 3.351980447769165039e+00 -6.674087047576904297e+00
-2.167339563369750977e+00 3.285428285598754883e+00 -2.311564832925796509e-01
-1.889558076858520508e+00 3.753052473068237305e+00 -1.353719234466552734e+00
-1.527400135993957520e+00 4.102391242980957031e+00 -2.466879129409790039e+00
-1.353362679481506348e+00 4.397472381591796875e+00 -3.693004369735717773e+00
-1.182418823242187500e+00 4.399927616119384766e+00 -4.987234115600585938e+00
-4.800858497619628906e+00 4.077049255371093750e+00 -8.505329132080078125e+00
-4.506400585174560547e+00 4.555056571960449219e+00 -9.024675369262695312e+00
-1.981448054313659668e+00 4.462734699249267578e+00 -7.511231899261474609e+00
-3.350989580154418945e+00 4.458516120910644531e+00 -8.331789016723632812e+00
-1.541835904121398926e+00 3.652080774307250977e+00 -1.119822406768798828e+01
-1.229129195213317871e+00 3.506901741027832031e+00 -1.106239891052246094e+01
-3.828944206237792969e+00 4.852302551269531250e+00 -1.070485496520996094e+01
-2.048278808593750000e+00 4.180910110473632812e+00 -9.850368499755859375e+00
-3.117450475692749023e-01 3.480440378189086914e+00 -9.965643882751464844e+00
-2.159057855606079102e+00 4.558744907379150391e+00 -6.120915412902832031e+00
5.285861015319824219e+00 3.146556377410888672e+00 2.398174285888671875e+00
6.047216892242431641e+00 3.094590902328491211e+00 1.827400565147399902e+00
1.964692354202270508e+00 7.027300596237182617e-01 -1.028475666046142578e+01
-5.175162553787231445e-01 2.794835805892944336e+00 -1.161432170867919922e+01
4.413736760616302490e-01 2.524289369583129883e+00 -1.076795864105224609e+01
