1.597497463226318359e+00 -4.911997318267822266e+00 -2.688135862350463867e+00
2.323166847229003906e+00 -4.747364997863769531e+00 -1.880020260810852051e+00
1.555434584617614746e+00 -4.764769077301025391e+00 -2.278239011764526367e+00
-5.063642501831054688e+00 -8.107194900512695312e+00 -7.813218593597412109e+00
-4.998805522918701172e+00 -8.062223434448242188e+00 -1.156134891510009766e+01
-4.182581901550292969e+00 -8.320579528808593750e+00 -9.412631988525390625e+00
-7.262439727783203125e+00 -7.467246532440185547e+00 -7.047880649566650391e+00
-7.767996311187744141e+00 -7.350172996520996094e+00 -7.956597328186035156e+00
-5.689496994018554688e+00 -8.128792762756347656e+00 -9.815600395202636719e+00
-6.216387748718261719e+00 -7.996984004974365234e+00 -9.052605628967285156e+00
-6.479747295379638672e+00 -7.346096992492675781e+00 -1.204689121246337891e+01
-8.407663345336914062e+00 -6.367535114288330078e+00 -1.056678962707519531e+01
-8.331112861633300781e+00 -6.191116333007812500e+00 -1.128540802001953125e+01
-9.636409759521484375e+00 -5.267642021179199219e+00 -8.352262496948242188e+00
-1.004616260528564453e+01 -4.326565265655517578e+00 -8.705919265747070312e+00
-9.584709167480468750e+00 -4.644051074981689453e+00 -1.085873126983642578e+01
-8.206806182861328125e+00 -6.689521789550781250e+00 -5.433120250701904297e+00
-9.053337097167968750e+00 -6.091217041015625000e+00 -4.917873859405517578e+00
-7.947855949401855469e+00 -5.744276523590087891e+00 -3.392680406570434570e+00
-8.473852157592773438e+00 -5.229171276092529297e+00 -2.215064525604248047e+00
-6.936710357666015625e+00 -5.437983512878417969e+00 -3.100538969039916992e+00
-2.554594039916992188e+00 -5.018486499786376953e+00 -1.527858495712280273e+00
-3.331795930862426758e+00 -4.868853569030761719e+00 -5.635895133018493652e-01
-1.387511134147644043e+00 -4.966274738311767578e+00 -2.086399197578430176e-01
-7.351998329162597656e+00 -3.216858625411987305e+00 2.318903684616088867e+00
-5.323053359985351562e+00 -3.508690595626831055e+00 1.290716052055358887e+00
-3.829137563705444336e+00 -5.060405731201171875e+00 -2.120546340942382812e+00
-7.278760433197021484e+00 -4.795449733734130859e+00 -1.615864634513854980e+00
-6.284240245819091797e+00 -5.164060592651367188e+00 -2.774276256561279297e+00
-3.697963953018188477e+00 -4.402204990386962891e+00 1.523417085409164429e-01
-4.757286548614501953e+00 -7.275313854217529297e+00 -5.283017158508300781e+00
-4.527366638183593750e+00 -6.492341518402099609e+00 -4.077403545379638672e+00
-2.277320146560668945e+00 -7.653152465820312500e+00 -6.408931255340576172e+00
-2.876357555389404297e+00 -7.162992477416992188e+00 -5.055522441864013672e+00
-2.208987236022949219e+00 -7.173278331756591797e+00 -5.288424015045166016e+00
-1.351214170455932617e+00 -6.798010349273681641e+00 -5.034810543060302734e+00
-2.765516996383666992e+00 -6.769935131072998047e+00 -4.426740646362304688e+00
-5.252550601959228516e+00 -6.846434116363525391e+00 -4.666339397430419922e+00
-6.145846843719482422e+00 -7.664838314056396484e+00 -6.731373786926269531e+00
-8.694161415100097656e+00 -6.650453090667724609e+00 -6.442903518676757812e+00
-1.377259969711303711e+00 -4.967720985412597656e+00 -1.813765645027160645e+00
-8.972705006599426270e-01 -5.029712677001953125e+00 -2.256145715713500977e+00
-2.204852581024169922e+00 -5.113763332366943359e+00 -2.003251552581787109e+00
-3.016950488090515137e-01 -5.060760974884033203e+00 -1.168445706367492676e+00
6.768262982368469238e-01 -4.594455242156982422e+00 -1.568268895149230957e+00
-7.828357219696044922e-01 -5.391420841217041016e+00 -3.003747940063476562e+00
2.160868793725967407e-02 -5.486547470092773438e+00 -3.330812215805053711e+00
6.489300131797790527e-01 -4.746675491333007812e+00 -2.100319623947143555e+00
-9.493842124938964844e+00 -4.816973686218261719e+00 -2.033319711685180664e+00
-9.926407814025878906e+00 -4.892027378082275391e+00 -4.667506217956542969e+00
-9.334237098693847656e+00 -5.581894397735595703e+00 -3.819122552871704102e+00
-1.018033313751220703e+01 -3.763562679290771484e+00 -3.276088237762451172e+00
-1.030942440032958984e+01 -3.588018655776977539e+00 -4.703076362609863281e+00
-9.094290733337402344e+00 -4.092578887939453125e+00 3.179104626178741455e-01
-9.759328842163085938e+00 -4.179166316986083984e+00 -1.397342324256896973e+00
-9.799041748046875000e+00 -3.238000154495239258e+00 -2.706849277019500732e-01
-9.577139854431152344e+00 -2.935244798660278320e+00 9.104574322700500488e-01
-9.090437889099121094e+00 -2.731799364089965820e+00 2.174170494079589844e+00
-9.262406349182128906e+00 -1.638952612876892090e+00 1.275639772415161133e+00
-1.015843009948730469e+01 -2.699814796447753906e+00 -2.513731241226196289e+00
-1.008716106414794922e+01 -1.613199830055236816e+00 -2.644363403320312500e+00
-9.452836036682128906e+00 -1.297075390815734863e+00 -8.818638324737548828e-01
-7.930293083190917969e+00 -4.189334809780120850e-01 -6.432713270187377930e-01
-1.005184078216552734e+01 -4.635931968688964844e+00 -5.533307552337646484e+00
-1.033917236328125000e+01 -3.653030157089233398e+00 -5.413057327270507812e+00
-1.052699184417724609e+01 -2.260658740997314453e+00 -5.291625976562500000e+00
-1.058514976501464844e+01 -2.101881265640258789e+00 -5.863065242767333984e+00
-1.008006668090820312e+01 -6.597365736961364746e-01 -5.348721504211425781e+00
-1.058528709411621094e+01 -2.845777273178100586e+00 -7.953032970428466797e+00
-1.070878601074218750e+01 -1.949919104576110840e+00 -8.880496978759765625e+00
-1.059923267364501953e+01 -8.141400218009948730e-01 -8.512222290039062500e+00
-9.949838638305664062e+00 -3.328105509281158447e-01 -6.702251911163330078e+00
-8.379276275634765625e+00 -2.020861655473709106e-01 -2.250751018524169922e+00
-6.926174640655517578e+00 1.700350522994995117e+00 -3.687002420425415039e+00
-9.016116142272949219e+00 3.857570290565490723e-01 -6.202581405639648438e+00
-7.576032638549804688e+00 1.438084959983825684e+00 -4.988387107849121094e+00
1.312553882598876953e+01 -4.844317913055419922e+00 5.017329692840576172e+00
1.345125675201416016e+01 -5.921618461608886719e+00 1.030126690864562988e+00
1.295427799224853516e+01 -5.670013904571533203e+00 1.744711399078369141e+00
1.477890777587890625e+01 -5.537901878356933594e+00 2.226608753204345703e+00
1.462574195861816406e+01 -4.559060096740722656e+00 3.356982469558715820e+00
1.190339279174804688e+01 -5.197228431701660156e+00 3.113584995269775391e+00
4.428742885589599609e+00 -8.529310226440429688e-01 5.146428585052490234e+00
5.254184246063232422e+00 -3.507664799690246582e-01 6.321016788482666016e+00
6.676931381225585938e+00 -4.771680355072021484e+00 -1.545013189315795898e+00
8.922673225402832031e+00 -6.106997966766357422e+00 -1.011784076690673828e+00
8.153951644897460938e+00 -6.021698474884033203e+00 -8.478930592536926270e-01
7.500063896179199219e+00 -6.058963775634765625e+00 -2.323583513498306274e-01
2.630011796951293945e+00 -5.324151039123535156e+00 4.945990145206451416e-01
4.341129302978515625e+00 -4.649396419525146484e+00 -1.416388034820556641e+00
5.219894886016845703e+00 -5.012843608856201172e+00 -1.046798110008239746e+00
2.353010416030883789e+00 -4.249055862426757812e+00 -1.215127468109130859e+00
4.167010307312011719e+00 -4.673471927642822266e+00 -1.196530699729919434e+00
5.186240673065185547e+00 -5.407280445098876953e+00 3.925299644470214844e-01
5.876273632049560547e+00 -5.834147930145263672e+00 -4.109646677970886230e-01
3.171357631683349609e+00 -5.413094997406005859e+00 -4.948218464851379395e-01
9.484504699707031250e+00 -4.600098609924316406e+00 3.508001804351806641e+00
9.980910301208496094e+00 -4.011509418487548828e+00 5.516845226287841797e+00
9.946875572204589844e+00 -4.227884292602539062e+00 4.811616897583007812e+00
8.727216720581054688e+00 -3.176577568054199219e+00 6.110834598541259766e+00
8.993142127990722656e+00 -4.387024402618408203e+00 3.565598011016845703e+00
9.054265022277832031e+00 -5.528677463531494141e+00 1.777406811714172363e+00
8.720105171203613281e+00 -5.766912937164306641e+00 1.264837980270385742e+00
5.561589717864990234e+00 -9.868970513343811035e-01 4.339673042297363281e+00
6.243482112884521484e+00 -3.377158403396606445e+00 2.660943269729614258e+00
5.670338153839111328e+00 -3.716284036636352539e+00 2.084735393524169922e+00
4.571956157684326172e+00 -1.667348504066467285e+00 3.237661838531494141e+00
4.661168098449707031e+00 -1.232966899871826172e+00 3.922161817550659180e+00
6.983300209045410156e+00 -1.953755617141723633e+00 4.715827941894531250e+00
6.734298229217529297e+00 -1.331969141960144043e+00 6.072916030883789062e+00
6.608912944793701172e+00 -5.202792167663574219e+00 1.191325545310974121e+00
1.205036544799804688e+01 -3.356230020523071289e+00 6.343199253082275391e+00
1.363747501373291016e+01 -3.907478332519531250e+00 4.865882396697998047e+00
1.254469394683837891e+01 -2.640038490295410156e+00 5.189766883850097656e+00
1.338448047637939453e+01 -2.822927951812744141e+00 3.422061204910278320e+00
7.766944408416748047e+00 -2.128885507583618164e+00 7.769301414489746094e+00
7.360810279846191406e+00 -1.517805695533752441e+00 7.499411106109619141e+00
4.170853137969970703e+00 -3.717917948961257935e-03 6.995122909545898438e+00
9.702165603637695312e+00 -3.047536849975585938e+00 7.356256484985351562e+00
1.042991828918457031e+01 -1.897594809532165527e+00 7.049419403076171875e+00
1.070677947998046875e+01 -1.586483359336853027e+00 5.954478263854980469e+00
8.605186462402343750e+00 -6.384338140487670898e-01 7.037638664245605469e+00
8.949954032897949219e+00 -3.603727519512176514e-01 5.867014884948730469e+00
1.100783824920654297e+01 -1.549975991249084473e+00 4.818631172180175781e+00
1.133988189697265625e+01 -1.457532167434692383e+00 3.719120502471923828e+00
6.606312751770019531e+00 -6.933261752128601074e-01 6.861478805541992188e+00
7.711330890655517578e+00 -7.889211177825927734e-02 6.838554382324218750e+00
6.965706825256347656e+00 6.750100851058959961e-01 6.019338130950927734e+00
6.222080230712890625e+00 4.000248312950134277e-01 6.273108959197998047e+00
5.601912021636962891e+00 1.471864581108093262e+00 5.741344928741455078e+00
7.997220516204833984e+00 7.802504897117614746e-01 4.697180271148681641e+00
5.682985782623291016e+00 2.576069831848144531e+00 4.328835487365722656e+00
6.056354999542236328e+00 2.575484037399291992e+00 3.802621841430664062e+00
-2.091955661773681641e+00 -2.756536722183227539e+00 3.802754640579223633e+00
-1.473588466644287109e+00 -3.763009071350097656e+00 1.696807861328125000e+00
-1.424084901809692383e+00 -4.618696212768554688e+00 4.206503033638000488e-01
-1.573309183120727539e+00 -2.814942836761474609e+00 3.530727386474609375e+00
-2.002536207437515259e-01 -2.602360725402832031e+00 2.419918060302734375e+00
-5.038248538970947266e+00 -3.471901893615722656e+00 1.483713269233703613e+00
-4.323242664337158203e+00 -3.303825139999389648e+00 2.220582485198974609e+00
-5.778411865234375000e+00 -2.596064567565917969e+00 3.403285980224609375e+00
-5.247606754302978516e+00 -3.013859748840332031e+00 2.549555063247680664e+00
-4.061461925506591797e+00 -2.810553789138793945e+00 3.399379253387451172e+00
-2.736864328384399414e+00 -1.584536910057067871e+00 4.899250984191894531e+00
-5.640426635742187500e+00 -1.266846299171447754e+00 4.716213703155517578e+00
-5.343142509460449219e+00 -7.339000701904296875e-01 4.916806697845458984e+00
2.570798635482788086e+00 -1.565829157829284668e+00 3.783814191818237305e+00
1.388267397880554199e+00 -7.679395079612731934e-01 4.203997135162353516e+00
-3.632969781756401062e-02 -1.118476986885070801e+00 3.700079202651977539e+00
1.086933970451354980e+00 -1.876514405012130737e-01 4.720614433288574219e+00
2.516841888427734375e+00 -8.318751454353332520e-01 5.415138244628906250e+00
3.466220617294311523e+00 -2.227519154548645020e-01 6.798276901245117188e+00
1.066709995269775391e+00 9.187614917755126953e-01 5.427985191345214844e+00
-3.208101987838745117e+00 -1.361280560493469238e+00 5.025309562683105469e+00
-4.251493930816650391e+00 3.146594166755676270e-01 5.015957832336425781e+00
-2.764928102493286133e+00 5.994488596916198730e-01 5.141121864318847656e+00
-1.210536599159240723e+00 1.674463033676147461e+00 4.404774665832519531e+00
-3.904279470443725586e+00 1.033430099487304688e+00 4.049148559570312500e+00
-3.840966224670410156e+00 1.431764602661132812e+00 2.888590812683105469e+00
-1.192334666848182678e-01 -5.058576107025146484e+00 -4.195920377969741821e-02
3.563793897628784180e-01 -4.912507534027099609e+00 -7.327231019735336304e-02
8.768281340599060059e-01 -4.909650325775146484e+00 8.528659492731094360e-02
1.708875298500061035e+00 -3.719476222991943359e+00 1.490764498710632324e+00
1.551047086715698242e+00 -4.922494888305664062e+00 6.486171483993530273e-01
1.663773417472839355e+00 -3.739859104156494141e+00 -1.328896284103393555e+00
1.939530014991760254e+00 -2.530682563781738281e+00 2.440075635910034180e+00
2.189916610717773438e+00 1.729669332504272461e+00 5.619505405426025391e+00
2.777786731719970703e+00 2.702477931976318359e+00 4.260647296905517578e+00
2.532728910446166992e+00 3.096014499664306641e+00 3.009097099304199219e+00
-9.049380421638488770e-01 2.522383213043212891e+00 2.611031532287597656e+00
-7.155706286430358887e-01 2.018283605575561523e+00 4.176998615264892578e+00
5.114528536796569824e-01 2.630268096923828125e+00 3.239314079284667969e+00
-1.738737225532531738e+00 3.180386066436767578e+00 1.076117008924484253e-01
-7.562801361083984375e+00 -2.467835187911987305e+00 3.561442136764526367e+00
-7.313421249389648438e+00 -1.433714985847473145e+00 4.223013401031494141e+00
-7.949235439300537109e+00 -8.236936330795288086e-01 2.912102222442626953e+00
-6.798885345458984375e+00 -1.167812108993530273e+00 4.468873023986816406e+00
-7.008941650390625000e+00 -3.747792243957519531e-01 3.064153194427490234e+00
-6.416299819946289062e+00 1.849644929170608521e-01 1.422193646430969238e+00
-6.216472148895263672e+00 1.353587359189987183e-01 2.393963813781738281e+00
-6.922226905822753906e+00 2.273518592119216919e-01 -8.138103485107421875e-01
-3.758347272872924805e+00 1.655189990997314453e+00 1.844996929168701172e+00
-5.361666202545166016e+00 2.012919425964355469e+00 -1.993408918380737305e+00
-3.647024631500244141e+00 3.032906293869018555e+00 -1.669688105583190918e+00
3.275555849075317383e+00 1.047918915748596191e+00 6.567415714263916016e+00
2.873454093933105469e+00 2.059760570526123047e+00 5.444770336151123047e+00
3.729766368865966797e+00 2.477756500244140625e+00 4.899491786956787109e+00
4.441201686859130859e+00 2.983795881271362305e+00 3.821800947189331055e+00
3.794437646865844727e+00 3.362630367279052734e+00 2.965848207473754883e+00
7.743879318237304688e+00 -4.898661613464355469e+00 -3.908569335937500000e+00
2.409271717071533203e+00 -5.052509307861328125e+00 -3.024488687515258789e+00
5.523037910461425781e+00 -4.697532176971435547e+00 -2.449620723724365234e+00
6.331691265106201172e+00 -4.657218456268310547e+00 -2.903213262557983398e+00
3.065173625946044922e+00 -4.987624645233154297e+00 -2.895873069763183594e+00
2.086021900177001953e+00 -5.931879520416259766e+00 -5.248310089111328125e+00
2.620126485824584961e+00 -5.808938026428222656e+00 -6.250056743621826172e+00
3.881145477294921875e+00 -5.142921924591064453e+00 -5.593157291412353516e+00
5.928300380706787109e+00 -4.798222064971923828e+00 -3.693320751190185547e+00
7.147892475128173828e+00 -4.952404022216796875e+00 -4.024739742279052734e+00
2.440042257308959961e+00 -5.622205257415771484e+00 -8.456814765930175781e+00
8.287830352783203125e+00 -5.005011081695556641e+00 -5.987012863159179688e+00
3.292756557464599609e+00 -5.332686901092529297e+00 -7.112462997436523438e+00
3.706057071685791016e+00 -4.724419116973876953e+00 -7.896198749542236328e+00
6.270973205566406250e+00 -5.079133033752441406e+00 -5.365644454956054688e+00
7.382933616638183594e+00 -4.944147586822509766e+00 -6.316627979278564453e+00
5.861043930053710938e+00 -4.185013294219970703e+00 -7.242112636566162109e+00
7.513253688812255859e+00 -4.048023223876953125e+00 -7.357497692108154297e+00
5.577507972717285156e+00 -3.868397235870361328e+00 -7.622735500335693359e+00
5.153998374938964844e+00 -2.841474533081054688e+00 -8.641533851623535156e+00
5.231564998626708984e+00 -2.082124948501586914e+00 -8.897526741027832031e+00
-3.349850893020629883e+00 -7.971191406250000000e+00 -1.205136680603027344e+01
-3.130521059036254883e+00 -8.215037345886230469e+00 -1.051174736022949219e+01
-3.962281227111816406e+00 -7.544691085815429688e+00 -1.315445709228515625e+01
-1.582858681678771973e+00 -6.563965797424316406e+00 -1.324000358581542969e+01
-3.558454990386962891e+00 -6.335348606109619141e+00 -1.445605659484863281e+01
-3.377136468887329102e+00 -5.282165050506591797e+00 -1.518871784210205078e+01
-6.631576538085937500e+00 -6.538860321044921875e+00 -1.316445541381835938e+01
-7.072546005249023438e+00 -6.215935230255126953e+00 -1.318193340301513672e+01
-7.758863449096679688e+00 -5.236632347106933594e+00 -1.366878414154052734e+01
-5.720167160034179688e+00 -7.133554458618164062e+00 -1.307188796997070312e+01
-8.473225593566894531e+00 -5.369131088256835938e+00 -1.255661296844482422e+01
-7.365631103515625000e+00 -4.568015098571777344e+00 -1.456752872467041016e+01
-4.153244018554687500e+00 -5.536315441131591797e+00 -1.502434635162353516e+01
-5.997786045074462891e+00 -4.384086608886718750e+00 -1.525154209136962891e+01
-2.713374614715576172e+00 -5.388642787933349609e+00 -1.501057052612304688e+01
-2.179239034652709961e+00 -4.296597480773925781e+00 -1.536695861816406250e+01
-3.724888801574707031e+00 -3.717545986175537109e+00 -1.574943828582763672e+01
-2.792005777359008789e+00 -3.188230037689208984e+00 -1.571357536315917969e+01
-4.991542339324951172e+00 -2.651016712188720703e+00 -1.593638038635253906e+01
-3.922391891479492188e+00 -1.505675911903381348e+00 -1.593315219879150391e+01
-9.299998283386230469e+00 -4.444450855255126953e+00 -1.221420764923095703e+01
-8.934950828552246094e+00 -4.006052494049072266e+00 -1.343908119201660156e+01
-9.910204887390136719e+00 -2.865097761154174805e+00 -1.234095287322998047e+01
-1.040071582794189453e+01 -1.441377162933349609e+00 -1.151491355895996094e+01
-8.550333023071289062e+00 -3.352918386459350586e+00 -1.435506725311279297e+01
-7.693422794342041016e+00 -2.969338178634643555e+00 -1.519327354431152344e+01
-9.822066307067871094e+00 -9.269247055053710938e-01 -1.328051185607910156e+01
-9.375850677490234375e+00 -3.310576081275939941e-01 -1.420310306549072266e+01
-8.488464355468750000e+00 -9.544429779052734375e-01 -1.507153511047363281e+01
-7.136105060577392578e+00 1.583644449710845947e-01 -1.576907444000244141e+01
-7.628083705902099609e+00 8.115990757942199707e-01 -1.553626155853271484e+01
-1.520754456520080566e+00 -7.555112361907958984e+00 -6.882789134979248047e+00
-4.213975369930267334e-01 -7.156934261322021484e+00 -8.630336761474609375e+00
7.203912734985351562e-02 -6.569667339324951172e+00 -5.589197635650634766e+00
6.179431676864624023e-01 -6.686149597167968750e+00 -6.756557941436767578e+00
-2.402559369802474976e-01 -6.930613994598388672e+00 -9.609947204589843750e+00
-5.144779756665229797e-02 -5.895836830139160156e+00 -1.240149402618408203e+01
1.349623918533325195e+00 -6.390498638153076172e+00 -6.417805194854736328e+00
2.018658876419067383e+00 -5.953208446502685547e+00 -8.189924240112304688e+00
-7.620329260826110840e-01 -5.088010311126708984e+00 -1.430232906341552734e+01
1.023886322975158691e+00 -4.963711261749267578e+00 -1.243759441375732422e+01
-1.232382416725158691e+00 -3.740746259689331055e+00 -1.520107364654541016e+01
-1.940607875585556030e-01 -3.008046150207519531e+00 -1.485856914520263672e+01
1.959349989891052246e+00 -5.054060459136962891e+00 -1.069715595245361328e+01
-1.089788675308227539e+00 -2.406346797943115234e+00 -1.528042125701904297e+01
-1.309335589408874512e+00 -1.698319792747497559e+00 -1.533956623077392578e+01
2.140984296798706055e+00 -3.536799907684326172e+00 -1.149245548248291016e+01
8.837789297103881836e-01 -1.870518326759338379e+00 -1.348697853088378906e+01
7.966610193252563477e-01 -1.144610404968261719e+00 -1.333459472656250000e+01
-2.607898712158203125e+00 -1.779852390289306641e+00 -1.569722747802734375e+01
-2.677899837493896484e+00 -8.107427954673767090e-01 -1.563912677764892578e+01
-5.085494995117187500e+00 4.530655741691589355e-01 -1.588813304901123047e+01
-2.887909412384033203e+00 1.006659507751464844e+00 -1.536576747894287109e+01
-2.165703296661376953e+00 1.174358248710632324e+00 -1.512378025054931641e+01
-4.987205266952514648e-01 1.149495482444763184e+00 -1.389002037048339844e+01
-2.883148908615112305e+00 2.079380035400390625e+00 -1.503513336181640625e+01
-2.466919422149658203e+00 2.788204193115234375e+00 -1.464643192291259766e+01
2.702449798583984375e+00 -3.968473911285400391e+00 -1.033714866638183594e+01
3.518461942672729492e+00 -2.611453294754028320e+00 -1.011203098297119141e+01
3.011355400085449219e+00 -1.848634004592895508e+00 -1.085313987731933594e+01
9.633245468139648438e-01 -2.819575965404510498e-01 -1.281350994110107422e+01
1.481712579727172852e+00 5.957377608865499496e-03 -1.211057567596435547e+01
2.347615242004394531e+00 -2.191827446222305298e-01 -1.122743797302246094e+01
1.080333471298217773e+00 4.164982736110687256e-01 -1.233633232116699219e+01
-1.051122474670410156e+01 -9.688280224800109863e-01 -1.098934745788574219e+01
-9.967921257019042969e+00 6.828352212905883789e-01 -1.292185592651367188e+01
-1.030209922790527344e+01 -1.870528794825077057e-02 -1.048461627960205078e+01
-1.007079315185546875e+01 -1.235793530941009521e-01 -9.022188186645507812e+00
-9.725152969360351562e+00 5.403626561164855957e-01 -1.002736949920654297e+01
-9.963423728942871094e+00 9.199250936508178711e-01 -1.155200576782226562e+01
-9.433801651000976562e+00 2.030470848083496094e+00 -1.278516292572021484e+01
-8.820338249206542969e+00 1.395359992980957031e+00 -9.342825889587402344e+00
-8.417007446289062500e+00 2.395050525665283203e+00 -1.037646961212158203e+01
-8.197965621948242188e+00 1.156168937683105469e+00 -6.070765972137451172e+00
-7.961543083190917969e+00 1.593441486358642578e+00 -7.152364253997802734e+00
-8.282945632934570312e+00 1.880502939224243164e+00 -8.738745689392089844e+00
-7.899684906005859375e+00 2.546496152877807617e+00 -9.733332633972167969e+00
-6.297556400299072266e+00 2.697679996490478516e+00 -7.679509162902832031e+00
-6.213980674743652344e+00 3.006881713867187500e+00 -8.162933349609375000e+00
-8.635566711425781250e+00 2.198421955108642578e+00 -1.429249858856201172e+01
-8.037172317504882812e+00 2.226718187332153320e+00 -1.473239231109619141e+01
-7.637658119201660156e+00 3.438169956207275391e+00 -1.351408290863037109e+01
-6.656090259552001953e+00 4.260053634643554688e+00 -1.313865756988525391e+01
-6.101057529449462891e+00 1.892670750617980957e+00 -1.547620391845703125e+01
-5.845516204833984375e+00 2.182875633239746094e+00 -1.532713508605957031e+01
-5.171660900115966797e+00 3.965216398239135742e+00 -1.412262725830078125e+01
-4.616245746612548828e+00 3.959373474121093750e+00 -1.424991512298583984e+01
-5.868446826934814453e+00 3.767141103744506836e+00 -1.412591934204101562e+01
-8.274097442626953125e+00 3.279320240020751953e+00 -1.224852752685546875e+01
-6.244112014770507812e+00 4.411222934722900391e+00 -1.238280773162841797e+01
-5.556809425354003906e+00 4.379872322082519531e+00 -1.074491786956787109e+01
-3.389708995819091797e+00 4.233120441436767578e+00 -1.348909664154052734e+01
-3.171221017837524414e+00 4.295363903045654297e+00 -1.287083053588867188e+01
-5.220911979675292969e+00 4.433244705200195312e+00 -1.222071552276611328e+01
-4.469632625579833984e+00 4.634739398956298828e+00 -1.232701873779296875e+01
-3.217024326324462891e+00 4.685811042785644531e+00 -1.144362068176269531e+01
-4.958479881286621094e+00 4.785208225250244141e+00 -1.084904575347900391e+01
-3.795813083648681641e+00 4.892209529876708984e+00 -1.117211341857910156e+01
-6.640389919281005859e+00 3.680343151092529297e+00 -1.050335884094238281e+01
-5.932168960571289062e+00 3.622331380844116211e+00 -9.035576820373535156e+00
3.056603193283081055e+00 -1.917244791984558105e-01 -1.030265426635742188e+01
-1.394791901111602783e-01 1.527991533279418945e+00 -1.287800025939941406e+01
-2.115080118179321289e+00 3.220852851867675781e+00 -1.359527301788330078e+01
9.948193430900573730e-01 8.007952570915222168e-01 -1.168947219848632812e+01
-1.054693341255187988e+00 2.883944272994995117e+00 -1.233873367309570312e+01
-2.714389562606811523e+00 3.845597505569458008e+00 -1.327082443237304688e+01
-1.649628043174743652e+00 3.647092103958129883e+00 -1.187568664550781250e+01
1.138141250610351562e+01 -6.463220119476318359e+00 -3.254073381423950195e+00
1.322917461395263672e+01 -6.557915687561035156e+00 -1.537295460700988770e+00
1.113868331909179688e+01 -6.264726638793945312e+00 -6.116997003555297852e-01
1.093302726745605469e+01 -6.371870994567871094e+00 -2.439521551132202148e+00
1.428711318969726562e+01 -6.953329563140869141e+00 -4.951881408691406250e+00
1.192560291290283203e+01 -6.556938171386718750e+00 -3.881655216217041016e+00
1.264410591125488281e+01 -6.582053661346435547e+00 -5.416085720062255859e+00
1.306332492828369141e+01 -6.822162151336669922e+00 -3.559263706207275391e+00
1.550361347198486328e+01 -6.987544059753417969e+00 -3.460707664489746094e+00
1.594904994964599609e+01 -5.951722621917724609e+00 -4.059398651123046875e+00
1.610426712036132812e+01 -6.374844074249267578e+00 -9.603520631790161133e-01
1.624426651000976562e+01 -5.641456127166748047e+00 -1.882633566856384277e+00
1.445614051818847656e+01 -6.348560810089111328e+00 2.979604005813598633e-01
1.468438816070556641e+01 -6.816965103149414062e+00 -1.356133222579956055e+00
1.524119949340820312e+01 -5.949707984924316406e+00 1.235957384109497070e+00
1.471968078613281250e+01 -3.705383300781250000e+00 2.171309709548950195e+00
1.506293964385986328e+01 -3.962848186492919922e+00 1.059637308120727539e+00
1.427253437042236328e+01 -3.085209131240844727e+00 1.193757057189941406e+00
1.568358707427978516e+01 -4.912707328796386719e+00 -3.231588125228881836e+00
1.513290500640869141e+01 -4.029515266418457031e+00 -2.456423997879028320e+00
1.514007186889648438e+01 -3.861436843872070312e+00 -8.808781504631042480e-01
1.488586330413818359e+01 -3.569863557815551758e+00 -1.393573999404907227e+00
1.425780582427978516e+01 -2.768498659133911133e+00 -7.704052925109863281e-01
1.374369049072265625e+01 -6.753461837768554688e+00 -6.182547569274902344e+00
1.517485237121582031e+01 -5.956062316894531250e+00 -6.466500282287597656e+00
1.230523014068603516e+01 -6.468944072723388672e+00 -6.605656147003173828e+00
1.284416294097900391e+01 -5.929035186767578125e+00 -7.390211582183837891e+00
1.582579040527343750e+01 -5.851730346679687500e+00 -5.533642768859863281e+00
1.550018787384033203e+01 -5.104937553405761719e+00 -5.831366062164306641e+00
1.493108940124511719e+01 -4.443196773529052734e+00 -5.448975086212158203e+00
1.318080615997314453e+01 -5.532797813415527344e+00 -7.243685245513916016e+00
1.255244064331054688e+01 -4.986937999725341797e+00 -6.557878017425537109e+00
1.340274620056152344e+01 -4.504354953765869141e+00 -6.024506568908691406e+00
1.350602912902832031e+01 -3.430984497070312500e+00 -4.852905273437500000e+00
1.487819766998291016e+01 -3.736653804779052734e+00 -2.701946496963500977e+00
1.480032062530517578e+01 -3.778954029083251953e+00 -4.402914524078369141e+00
1.421912479400634766e+01 -2.968782424926757812e+00 -3.641520261764526367e+00
1.012990283966064453e+01 -5.926319122314453125e+00 -2.610803842544555664e+00
7.003360271453857422e+00 -4.709414482116699219e+00 -2.268276453018188477e+00
7.294581413269042969e+00 -4.767789363861083984e+00 -1.820064306259155273e+00
6.847418785095214844e+00 -4.665935993194580078e+00 -2.855699539184570312e+00
1.044968509674072266e+01 -6.189347267150878906e+00 -2.178918361663818359e+00
9.004757881164550781e+00 -5.436502456665039062e+00 -1.779282212257385254e+00
7.963187217712402344e+00 -4.997828006744384766e+00 -1.419136404991149902e+00
9.563865661621093750e+00 -5.494444370269775391e+00 -3.349885225296020508e+00
9.907917976379394531e+00 -5.554543972015380859e+00 -4.607174873352050781e+00
8.305709838867187500e+00 -4.979387283325195312e+00 -3.897580146789550781e+00
1.349500560760498047e+01 -2.044122457504272461e+00 8.028255403041839600e-02
1.213477897644042969e+01 -7.818315625190734863e-01 -9.382103681564331055e-01
1.091177463531494141e+01 -5.988385677337646484e+00 -5.445212364196777344e+00
1.096747779846191406e+01 -5.447507858276367188e+00 -5.982260227203369141e+00
9.549244880676269531e+00 -5.099137306213378906e+00 -5.162007331848144531e+00
1.165014934539794922e+01 -4.729329109191894531e+00 -6.119651317596435547e+00
9.138609886169433594e+00 -4.345842838287353516e+00 -6.382371902465820312e+00
1.034089946746826172e+01 -3.575507402420043945e+00 -5.820060253143310547e+00
1.238782787322998047e+01 -3.727060079574584961e+00 -5.384426593780517578e+00
1.057489013671875000e+01 -3.241338491439819336e+00 -5.604380607604980469e+00
1.058603858947753906e+01 -2.327922105789184570e+00 -5.178008556365966797e+00
8.514710426330566406e+00 -3.700982093811035156e+00 -7.006079673767089844e+00
9.007287025451660156e+00 -3.111547231674194336e+00 -6.529859542846679688e+00
8.037481307983398438e+00 -2.044656038284301758e+00 -6.889261245727539062e+00
1.031979370117187500e+01 -1.664972662925720215e+00 -5.035542488098144531e+00
8.222695350646972656e+00 -1.729206800460815430e+00 -6.612112998962402344e+00
8.700827598571777344e+00 -5.166219472885131836e-01 -5.806057929992675781e+00
7.268294811248779297e+00 -1.747183650732040405e-01 -6.904419898986816406e+00
1.313085079193115234e+01 -2.214441061019897461e+00 -3.943435192108154297e+00
1.337026214599609375e+01 -1.681909918785095215e+00 -1.833444833755493164e+00
1.306990242004394531e+01 -1.417736768722534180e+00 -3.042258501052856445e+00
1.231160640716552734e+01 -4.762209355831146240e-01 -2.145295619964599609e+00
1.194751358032226562e+01 -1.995763480663299561e-01 -2.756077051162719727e+00
1.229454135894775391e+01 -1.995314240455627441e+00 -4.261207103729248047e+00
1.109882831573486328e+01 -1.318475723266601562e+00 -4.386779785156250000e+00
1.137126541137695312e+01 -6.710782647132873535e-01 -3.761224508285522461e+00
1.012253284454345703e+01 1.533591151237487793e+00 -1.681444406509399414e+00
9.219033241271972656e+00 2.295581817626953125e+00 -2.832368135452270508e+00
9.228526115417480469e+00 2.183723449707031250e+00 -3.279661655426025391e+00
8.537155151367187500e+00 2.889853715896606445e+00 -2.361243486404418945e+00
1.011661052703857422e+01 -9.870856404304504395e-01 -4.920746326446533203e+00
1.051399517059326172e+01 1.778034269809722900e-01 -4.011480331420898438e+00
8.349330902099609375e+00 1.130929216742515564e-01 -5.845826625823974609e+00
7.009612083435058594e+00 9.774407148361206055e-01 -6.422358036041259766e+00
1.378846454620361328e+01 -2.976445913314819336e+00 2.778743982315063477e+00
1.237147903442382812e+01 -1.941303849220275879e+00 3.073467969894409180e+00
1.115412330627441406e+01 -6.022356748580932617e-01 1.527217388153076172e+00
1.136684703826904297e+01 -4.969506263732910156e-01 3.668049871921539307e-01
9.848003387451171875e+00 -2.142187952995300293e-02 3.260852336883544922e+00
8.743697166442871094e+00 1.241959333419799805e+00 2.699135780334472656e+00
9.305064201354980469e+00 8.952848911285400391e-01 2.158518552780151367e+00
7.210641384124755859e+00 2.298701047897338867e+00 3.022559642791748047e+00
7.089419364929199219e+00 2.892920017242431641e+00 1.857034206390380859e+00
9.718789100646972656e+00 1.011694669723510742e+00 4.081669449806213379e-01
9.991962432861328125e+00 1.354436159133911133e+00 -9.192825555801391602e-01
7.943146228790283203e+00 2.742090940475463867e+00 4.359663128852844238e-01
3.348397016525268555e+00 4.272824287414550781e+00 -3.455338478088378906e-01
6.198328495025634766e+00 3.638046026229858398e+00 2.857013046741485596e-01
5.475332736968994141e+00 4.032088279724121094e+00 -2.218693017959594727e+00
3.669034957885742188e+00 4.381964206695556641e+00 -6.844531893730163574e-01
2.846531391143798828e+00 3.816774845123291016e+00 -2.453189849853515625e+00
2.958880901336669922e+00 3.507089853286743164e+00 -3.325096368789672852e+00
-9.881275296211242676e-01 3.793078184127807617e+00 -7.638229727745056152e-01
2.147058963775634766e+00 3.139833688735961914e+00 -4.383754253387451172e+00
9.476569481194019318e-03 4.160214900970458984e+00 -3.142335414886474609e+00
3.069295585155487061e-01 3.709114551544189453e+00 -4.697138786315917969e+00
2.379018068313598633e+00 3.804417610168457031e+00 -2.564050197601318359e+00
5.100746631622314453e+00 -8.750215768814086914e-01 -8.894023895263671875e+00
2.942650794982910156e+00 3.086549937725067139e-01 -9.607780456542968750e+00
5.060455322265625000e+00 5.047844648361206055e-01 -8.109642982482910156e+00
3.642310142517089844e+00 5.628715753555297852e-01 -8.967392921447753906e+00
2.522921323776245117e+00 5.018255114555358887e-01 -9.800555229187011719e+00
1.545726776123046875e+00 1.849636912345886230e+00 -9.911546707153320312e+00
3.300643265247344971e-01 3.149420261383056641e+00 -9.156694412231445312e+00
1.112880185246467590e-01 3.002442121505737305e+00 -1.045756340026855469e+01
5.654436111450195312e+00 2.806221723556518555e+00 -4.854190826416015625e+00
6.161127090454101562e+00 1.885212302207946777e+00 -6.085569858551025391e+00
4.699520587921142578e+00 2.687174081802368164e+00 -5.240992069244384766e+00
4.796252250671386719e+00 2.382643461227416992e+00 -5.955280780792236328e+00
6.604047775268554688e+00 3.745880842208862305e+00 -2.722092390060424805e+00
6.582385063171386719e+00 1.280279874801635742e+00 -6.423040866851806641e+00
5.711954116821289062e+00 1.668380022048950195e+00 -6.599397659301757812e+00
4.859213352203369141e+00 1.778742194175720215e+00 -7.031872272491455078e+00
2.735913038253784180e+00 2.847380638122558594e+00 -5.058887958526611328e+00
2.815842390060424805e+00 2.089220762252807617e+00 -7.357165813446044922e+00
2.028535604476928711e+00 2.330855131149291992e+00 -6.810170173645019531e+00
9.506085515022277832e-02 3.303224325180053711e+00 -6.270152568817138672e+00
2.715555131435394287e-01 2.960210084915161133e+00 -7.757607460021972656e+00
3.025020062923431396e-01 3.032133579254150391e+00 -8.136657714843750000e+00
-3.296643495559692383e+00 3.398513317108154297e+00 -2.584930181503295898e+00
-5.633838176727294922e+00 3.067017555236816406e+00 -7.731687545776367188e+00
-4.808769702911376953e+00 3.486237764358520508e+00 -7.635700702667236328e+00
-4.258703708648681641e+00 3.354223012924194336e+00 -6.674165248870849609e+00
-2.170513629913330078e+00 3.287000894546508789e+00 -2.313658148050308228e-01
-1.890484452247619629e+00 3.750849962234497070e+00 -1.354325294494628906e+00
-1.528337478637695312e+00 4.094216346740722656e+00 -2.468715429306030273e+00
-1.354227066040039062e+00 4.391713619232177734e+00 -3.693365573883056641e+00
-1.182613134384155273e+00 4.401364803314208984e+00 -4.986922264099121094e+00
-4.800423622131347656e+00 4.081578731536865234e+00 -8.505493164062500000e+00
-4.505496025085449219e+00 4.558732986450195312e+00 -9.024910926818847656e+00
-1.981201052665710449e+00 4.464576244354248047e+00 -7.511125564575195312e+00
-3.350135087966918945e+00 4.460939884185791016e+00 -8.331770896911621094e+00
-1.541664242744445801e+00 3.654269456863403320e+00 -1.119868469238281250e+01
-1.229006409645080566e+00 3.508696079254150391e+00 -1.106282711029052734e+01
-3.828313112258911133e+00 4.855101585388183594e+00 -1.070495223999023438e+01
-2.048092365264892578e+00 4.182768821716308594e+00 -9.850296020507812500e+00
-3.120991885662078857e-01 3.481425046920776367e+00 -9.965917587280273438e+00
-2.159577608108520508e+00 4.561562538146972656e+00 -6.120597362518310547e+00
5.213678836822509766e+00 3.422654628753662109e+00 2.372174739837646484e+00
5.990291118621826172e+00 3.346741437911987305e+00 1.802167177200317383e+00
1.964441061019897461e+00 7.042827010154724121e-01 -1.028667068481445312e+01
-5.176193118095397949e-01 2.796272754669189453e+00 -1.161519813537597656e+01
4.407360553741455078e-01 2.525314569473266602e+00 -1.076900768280029297e+01
