1.603394031524658203e+00 -4.917962551116943359e+00 -2.694236516952514648e+00
2.331403732299804688e+00 -4.765385627746582031e+00 -1.892301082611083984e+00
1.562208175659179688e+00 -4.777009010314941406e+00 -2.287331342697143555e+00
-5.063420295715332031e+00 -8.107620239257812500e+00 -7.813071250915527344e+00
-4.998489856719970703e+00 -8.062287330627441406e+00 -1.156124401092529297e+01
-4.182326793670654297e+00 -8.321145057678222656e+00 -9.412487030029296875e+00
-7.262250423431396484e+00 -7.467596530914306641e+00 -7.047837257385253906e+00
-7.767889022827148438e+00 -7.350432872772216797e+00 -7.956481933593750000e+00
-5.689156055450439453e+00 -8.128927230834960938e+00 -9.815597534179687500e+00
-6.216159343719482422e+00 -7.997185230255126953e+00 -9.052557945251464844e+00
-6.479486942291259766e+00 -7.345692634582519531e+00 -1.204697227478027344e+01
-8.408342361450195312e+00 -6.367714881896972656e+00 -1.056689548492431641e+01
-8.331520080566406250e+00 -6.191074848175048828e+00 -1.128577613830566406e+01
-9.636843681335449219e+00 -5.268711090087890625e+00 -8.352094650268554688e+00
-1.004679584503173828e+01 -4.328279018402099609e+00 -8.705943107604980469e+00
-9.585968017578125000e+00 -4.645658493041992188e+00 -1.085845375061035156e+01
-8.206517219543457031e+00 -6.690014362335205078e+00 -5.433184146881103516e+00
-9.052968025207519531e+00 -6.092414379119873047e+00 -4.917984008789062500e+00
-7.947919368743896484e+00 -5.744729042053222656e+00 -3.392717838287353516e+00
-8.473871231079101562e+00 -5.229402542114257812e+00 -2.215404272079467773e+00
-6.936721801757812500e+00 -5.438516139984130859e+00 -3.100538730621337891e+00
-2.554674625396728516e+00 -5.019004821777343750e+00 -1.532389044761657715e+00
-3.332135915756225586e+00 -4.870740890502929688e+00 -5.676979422569274902e-01
-1.387868404388427734e+00 -4.971454620361328125e+00 -2.171279639005661011e-01
-7.352366447448730469e+00 -3.218376159667968750e+00 2.317016601562500000e+00
-5.323382854461669922e+00 -3.510408878326416016e+00 1.288192510604858398e+00
-3.829305410385131836e+00 -5.060596942901611328e+00 -2.122539043426513672e+00
-7.278845310211181641e+00 -4.795523643493652344e+00 -1.616138100624084473e+00
-6.284558773040771484e+00 -5.164178848266601562e+00 -2.774881362915039062e+00
-3.698678731918334961e+00 -4.404730319976806641e+00 1.486135423183441162e-01
-4.757057666778564453e+00 -7.275767803192138672e+00 -5.283156871795654297e+00
-4.527437686920166016e+00 -6.492852687835693359e+00 -4.078128814697265625e+00
-2.276917934417724609e+00 -7.653554916381835938e+00 -6.409367084503173828e+00
-2.876090049743652344e+00 -7.163558959960937500e+00 -5.056213378906250000e+00
-2.208706140518188477e+00 -7.173778057098388672e+00 -5.289151191711425781e+00
-1.350827813148498535e+00 -6.798489570617675781e+00 -5.036986351013183594e+00
-2.765202283859252930e+00 -6.770509719848632812e+00 -4.427977561950683594e+00
-5.252616882324218750e+00 -6.846874237060546875e+00 -4.666484355926513672e+00
-6.145623207092285156e+00 -7.665268898010253906e+00 -6.731328964233398438e+00
-8.693843841552734375e+00 -6.651165008544921875e+00 -6.442851066589355469e+00
-1.375980973243713379e+00 -4.968247413635253906e+00 -1.819705724716186523e+00
-8.953467011451721191e-01 -5.031161785125732422e+00 -2.262457370758056641e+00
-2.204200506210327148e+00 -5.113455295562744141e+00 -2.007411003112792969e+00
-3.007442653179168701e-01 -5.067951679229736328e+00 -1.179761528968811035e+00
6.829913854598999023e-01 -4.607259750366210938e+00 -1.579792380332946777e+00
-7.815962433815002441e-01 -5.391906738281250000e+00 -3.007879972457885742e+00
2.330247499048709869e-02 -5.488417148590087891e+00 -3.334966659545898438e+00
6.532258391380310059e-01 -4.753354072570800781e+00 -2.108049631118774414e+00
-9.493744850158691406e+00 -4.817137241363525391e+00 -2.033631563186645508e+00
-9.925956726074218750e+00 -4.892960548400878906e+00 -4.667934417724609375e+00
-9.334221839904785156e+00 -5.582745075225830078e+00 -3.819252729415893555e+00
-1.017973423004150391e+01 -3.763910770416259766e+00 -3.276933908462524414e+00
-1.030716133117675781e+01 -3.589049577713012695e+00 -4.705000877380371094e+00
-9.094410896301269531e+00 -4.093261241912841797e+00 3.172902762889862061e-01
-9.759164810180664062e+00 -4.179330348968505859e+00 -1.398031949996948242e+00
-9.799033164978027344e+00 -3.238534212112426758e+00 -2.712940573692321777e-01
-9.577310562133789062e+00 -2.936131715774536133e+00 9.096903204917907715e-01
-9.090550422668457031e+00 -2.733037710189819336e+00 2.173176288604736328e+00
-9.262360572814941406e+00 -1.639828801155090332e+00 1.274991035461425781e+00
-1.015814208984375000e+01 -2.700194120407104492e+00 -2.514372110366821289e+00
-1.008668136596679688e+01 -1.613757848739624023e+00 -2.644965171813964844e+00
-9.452466964721679688e+00 -1.297677755355834961e+00 -8.823654055595397949e-01
-7.929828166961669922e+00 -4.194368720054626465e-01 -6.438282728195190430e-01
-1.005135726928710938e+01 -4.637349605560302734e+00 -5.533875465393066406e+00
-1.033686923980712891e+01 -3.654704332351684570e+00 -5.414346694946289062e+00
-1.052498149871826172e+01 -2.261438846588134766e+00 -5.293149948120117188e+00
-1.058376407623291016e+01 -2.102040052413940430e+00 -5.863862037658691406e+00
-1.007976818084716797e+01 -6.599352955818176270e-01 -5.348837852478027344e+00
-1.058427619934082031e+01 -2.845608472824096680e+00 -7.953494548797607422e+00
-1.070787811279296875e+01 -1.949095487594604492e+00 -8.880835533142089844e+00
-1.059998893737792969e+01 -8.124949932098388672e-01 -8.512377738952636719e+00
-9.950993537902832031e+00 -3.310420513153076172e-01 -6.701875209808349609e+00
-8.378945350646972656e+00 -2.028589695692062378e-01 -2.251397609710693359e+00
-6.926300525665283203e+00 1.700542688369750977e+00 -3.687430858612060547e+00
-9.015896797180175781e+00 3.843922019004821777e-01 -6.202515602111816406e+00
-7.575460910797119141e+00 1.437306046485900879e+00 -4.989439964294433594e+00
1.321193885803222656e+01 -6.670804500579833984e+00 5.322827339172363281e+00
1.350345325469970703e+01 -6.341940402984619141e+00 1.025636196136474609e+00
1.301782608032226562e+01 -6.135644912719726562e+00 1.795794129371643066e+00
1.490313816070556641e+01 -6.462988853454589844e+00 2.170116901397705078e+00
1.476557159423828125e+01 -6.027223587036132812e+00 3.419892311096191406e+00
1.198653030395507812e+01 -5.883560657501220703e+00 3.245281219482421875e+00
4.447893142700195312e+00 -1.227430105209350586e+00 4.912082195281982422e+00
5.288068771362304688e+00 -1.078996539115905762e+00 5.967217445373535156e+00
6.699014186859130859e+00 -4.823673725128173828e+00 -1.581585526466369629e+00
8.948416709899902344e+00 -6.157620429992675781e+00 -1.051235914230346680e+00
8.176641464233398438e+00 -6.073730945587158203e+00 -8.905893564224243164e-01
7.518695831298828125e+00 -6.117555618286132812e+00 -2.795557081699371338e-01
2.636090040206909180e+00 -5.345390796661376953e+00 4.735345244407653809e-01
4.354104042053222656e+00 -4.677651882171630859e+00 -1.436459064483642578e+00
5.236009597778320312e+00 -5.053247451782226562e+00 -1.079254388809204102e+00
2.363115072250366211e+00 -4.263909339904785156e+00 -1.237228512763977051e+00
4.178498744964599609e+00 -4.697631835937500000e+00 -1.216679692268371582e+00
5.193365573883056641e+00 -5.448397636413574219e+00 3.575486838817596436e-01
5.891678333282470703e+00 -5.888321876525878906e+00 -4.546176791191101074e-01
3.177227973937988281e+00 -5.435782432556152344e+00 -5.181415677070617676e-01
9.585071563720703125e+00 -4.845736503601074219e+00 3.476200342178344727e+00
1.013795757293701172e+01 -4.684504508972167969e+00 5.391788482666015625e+00
1.009750270843505859e+01 -4.610336303710937500e+00 4.726944923400878906e+00
8.836033821105957031e+00 -3.647838115692138672e+00 5.741271495819091797e+00
9.057829856872558594e+00 -4.531304836273193359e+00 3.492730617523193359e+00
9.094720840454101562e+00 -5.621959686279296875e+00 1.733204245567321777e+00
8.740698814392089844e+00 -5.816735267639160156e+00 1.217564702033996582e+00
5.591206550598144531e+00 -1.207425117492675781e+00 4.108588695526123047e+00
6.262316226959228516e+00 -3.460470438003540039e+00 2.558226585388183594e+00
5.680506706237792969e+00 -3.771919965744018555e+00 2.022179126739501953e+00
4.572952747344970703e+00 -1.751060247421264648e+00 3.120491743087768555e+00
4.664790630340576172e+00 -1.371451497077941895e+00 3.768155574798583984e+00
7.047859668731689453e+00 -2.136807680130004883e+00 4.494517326354980469e+00
6.783874988555908203e+00 -1.801882624626159668e+00 5.674130439758300781e+00
6.628188133239746094e+00 -5.260993957519531250e+00 1.137308359146118164e+00
1.210814285278320312e+01 -5.255378723144531250e+00 6.635341167449951172e+00
1.369985580444335938e+01 -5.653105258941650391e+00 4.913671493530273438e+00
1.257336235046386719e+01 -4.256391525268554688e+00 5.206609249114990234e+00
1.342251586914062500e+01 -4.148777961730957031e+00 3.438430786132812500e+00
7.971615791320800781e+00 -2.657801151275634766e+00 7.033493041992187500e+00
7.451395511627197266e+00 -2.334469795227050781e+00 6.862898349761962891e+00
4.210731029510498047e+00 -7.495816946029663086e-01 6.572178840637207031e+00
9.874875068664550781e+00 -3.830093860626220703e+00 6.827939987182617188e+00
1.065226554870605469e+01 -3.010097980499267578e+00 6.759573936462402344e+00
1.087843704223632812e+01 -2.849839210510253906e+00 5.731799125671386719e+00
8.756682395935058594e+00 -1.434349060058593750e+00 6.517752170562744141e+00
9.084235191345214844e+00 -1.316407918930053711e+00 5.513036251068115234e+00
1.110892391204833984e+01 -2.750366687774658203e+00 4.660321712493896484e+00
1.145259857177734375e+01 -2.464663743972778320e+00 3.623779535293579102e+00
6.624837398529052734e+00 -1.522352933883666992e+00 6.430515766143798828e+00
7.780109882354736328e+00 -9.908750653266906738e-01 6.287327289581298828e+00
7.020083427429199219e+00 -2.082062959671020508e-01 5.569573402404785156e+00
6.269373416900634766e+00 -4.452179670333862305e-01 5.838217258453369141e+00
5.620908737182617188e+00 5.341513156890869141e-01 5.206297874450683594e+00
8.104797363281250000e+00 -1.299321651458740234e-02 4.380920410156250000e+00
5.677945613861083984e+00 1.652385473251342773e+00 3.842801332473754883e+00
6.091591358184814453e+00 1.876829385757446289e+00 3.479329109191894531e+00
-2.094861030578613281e+00 -2.770288467407226562e+00 3.794699430465698242e+00
-1.477177619934082031e+00 -3.778390645980834961e+00 1.685575962066650391e+00
-1.425450086593627930e+00 -4.628323078155517578e+00 4.115240573883056641e-01
-1.582326173782348633e+00 -2.836513757705688477e+00 3.514853239059448242e+00
-2.151096910238265991e-01 -2.625489950180053711e+00 2.389721632003784180e+00
-5.039106369018554688e+00 -3.473521471023559570e+00 1.480369567871093750e+00
-4.324312686920166016e+00 -3.308129310607910156e+00 2.216082572937011719e+00
-5.778159141540527344e+00 -2.599764108657836914e+00 3.399765253067016602e+00
-5.248070240020751953e+00 -3.017030715942382812e+00 2.546401023864746094e+00
-4.062208652496337891e+00 -2.817564487457275391e+00 3.393990278244018555e+00
-2.736045837402343750e+00 -1.593242526054382324e+00 4.893968582153320312e+00
-5.638640880584716797e+00 -1.270790696144104004e+00 4.710542201995849609e+00
-5.340167522430419922e+00 -7.386254072189331055e-01 4.909679889678955078e+00
2.542284011840820312e+00 -1.683894038200378418e+00 3.652695417404174805e+00
1.368283152580261230e+00 -8.567609786987304688e-01 4.114042282104492188e+00
-5.726451426744461060e-02 -1.151914834976196289e+00 3.659344196319580078e+00
1.079140782356262207e+00 -3.032758831977844238e-01 4.651925563812255859e+00
2.498525857925415039e+00 -1.122194290161132812e+00 5.226106643676757812e+00
3.487316608428955078e+00 -7.156287431716918945e-01 6.527310371398925781e+00
1.083417892456054688e+00 7.832556962966918945e-01 5.369770526885986328e+00
-3.205567836761474609e+00 -1.367446660995483398e+00 5.015832901000976562e+00
-4.248411655426025391e+00 3.088985979557037354e-01 5.008622646331787109e+00
-2.760990619659423828e+00 5.909270048141479492e-01 5.138461112976074219e+00
-1.202139735221862793e+00 1.656028747558593750e+00 4.398343086242675781e+00
-3.901893615722656250e+00 1.029937982559204102e+00 4.047118186950683594e+00
-3.840246915817260742e+00 1.431140542030334473e+00 2.888063669204711914e+00
-1.202865764498710632e-01 -5.068263053894042969e+00 -5.453965812921524048e-02
3.556388318538665771e-01 -4.927861213684082031e+00 -9.013148397207260132e-02
8.776736855506896973e-01 -4.933760643005371094e+00 5.861950665712356567e-02
1.699909210205078125e+00 -3.753917932510375977e+00 1.442727684974670410e+00
1.551761269569396973e+00 -4.952679634094238281e+00 6.149218678474426270e-01
1.672708034515380859e+00 -3.757365703582763672e+00 -1.344681382179260254e+00
1.919383049011230469e+00 -2.578646898269653320e+00 2.367140054702758789e+00
2.276777982711791992e+00 1.355419635772705078e+00 5.422944068908691406e+00
2.821970224380493164e+00 2.264399290084838867e+00 4.035943508148193359e+00
2.545297622680664062e+00 2.970549583435058594e+00 2.944319248199462891e+00
-9.016082286834716797e-01 2.507410287857055664e+00 2.604569435119628906e+00
-7.019743919372558594e-01 1.976271033287048340e+00 4.161987304687500000e+00
5.212317109107971191e-01 2.578999996185302734e+00 3.215293169021606445e+00
-1.738761782646179199e+00 3.180857419967651367e+00 1.071691960096359253e-01
-7.562505245208740234e+00 -2.469771862030029297e+00 3.559366703033447266e+00
-7.312424659729003906e+00 -1.435670256614685059e+00 4.220668315887451172e+00
-7.949081897735595703e+00 -8.248444795608520508e-01 2.910975456237792969e+00
-6.797118186950683594e+00 -1.170528888702392578e+00 4.464869022369384766e+00
-7.009354114532470703e+00 -3.745688199996948242e-01 3.062380790710449219e+00
-6.416460514068603516e+00 1.851999908685684204e-01 1.421607971191406250e+00
-6.216933727264404297e+00 1.357980370521545410e-01 2.392868757247924805e+00
-6.922273159027099609e+00 2.276985347270965576e-01 -8.139376044273376465e-01
-3.759093761444091797e+00 1.656927943229675293e+00 1.844943523406982422e+00
-5.362025260925292969e+00 2.014252662658691406e+00 -1.993459701538085938e+00
-3.646564006805419922e+00 3.033429145812988281e+00 -1.669925212860107422e+00
3.367463111877441406e+00 4.775658845901489258e-01 6.244098663330078125e+00
2.956744194030761719e+00 1.471084237098693848e+00 5.110238075256347656e+00
3.761006116867065430e+00 1.638331651687622070e+00 4.430742740631103516e+00
4.444802284240722656e+00 2.229032993316650391e+00 3.420397281646728516e+00
3.834829092025756836e+00 3.039755821228027344e+00 2.836050510406494141e+00
7.769234657287597656e+00 -4.948734283447265625e+00 -3.937994241714477539e+00
2.415587663650512695e+00 -5.061452865600585938e+00 -3.030797481536865234e+00
5.539547443389892578e+00 -4.730557918548583984e+00 -2.471168994903564453e+00
6.352499485015869141e+00 -4.694824218750000000e+00 -2.928354024887084961e+00
3.073873758316040039e+00 -5.001721858978271484e+00 -2.905443906784057617e+00
2.089261770248413086e+00 -5.936196804046630859e+00 -5.252931118011474609e+00
2.624316692352294922e+00 -5.813135147094726562e+00 -6.254171371459960938e+00
3.887498855590820312e+00 -5.149086952209472656e+00 -5.598996639251708984e+00
5.943888664245605469e+00 -4.822810173034667969e+00 -3.709978342056274414e+00
7.167992115020751953e+00 -4.990042686462402344e+00 -4.048679351806640625e+00
2.441475391387939453e+00 -5.624711036682128906e+00 -8.459053993225097656e+00
8.308338165283203125e+00 -5.039359092712402344e+00 -6.015377044677734375e+00
3.297578096389770508e+00 -5.337867736816406250e+00 -7.116625308990478516e+00
3.710330486297607422e+00 -4.729849338531494141e+00 -7.899878025054931641e+00
6.283930301666259766e+00 -5.098757266998291016e+00 -5.380967140197753906e+00
7.398288249969482422e+00 -4.965789794921875000e+00 -6.335000038146972656e+00
5.871914386749267578e+00 -4.199097156524658203e+00 -7.253334045410156250e+00
7.526743888854980469e+00 -4.064368724822998047e+00 -7.371572494506835938e+00
5.585170745849609375e+00 -3.877623319625854492e+00 -7.629864692687988281e+00
5.158591747283935547e+00 -2.847415208816528320e+00 -8.643847465515136719e+00
5.233631134033203125e+00 -2.085790395736694336e+00 -8.898183822631835938e+00
-3.349509000778198242e+00 -7.971320152282714844e+00 -1.205116844177246094e+01
-3.130345344543457031e+00 -8.215323448181152344e+00 -1.051165390014648438e+01
-3.961982965469360352e+00 -7.544898509979248047e+00 -1.315417575836181641e+01
-1.582907080650329590e+00 -6.564036369323730469e+00 -1.323988819122314453e+01
-3.558218717575073242e+00 -6.335723400115966797e+00 -1.445565700531005859e+01
-3.377006769180297852e+00 -5.282741069793701172e+00 -1.518891811370849609e+01
-6.631381511688232422e+00 -6.537970066070556641e+00 -1.316451549530029297e+01
-7.072375774383544922e+00 -6.214110851287841797e+00 -1.318200588226318359e+01
-7.758510112762451172e+00 -5.234453678131103516e+00 -1.366870594024658203e+01
-5.719891548156738281e+00 -7.133311271667480469e+00 -1.307173538208007812e+01
-8.473496437072753906e+00 -5.368464946746826172e+00 -1.255673694610595703e+01
-7.364898681640625000e+00 -4.567024230957031250e+00 -1.456780242919921875e+01
-4.152863025665283203e+00 -5.537182807922363281e+00 -1.502464485168457031e+01
-5.997679233551025391e+00 -4.385029792785644531e+00 -1.525244426727294922e+01
-2.713300466537475586e+00 -5.389322757720947266e+00 -1.501083660125732422e+01
-2.178752183914184570e+00 -4.297650814056396484e+00 -1.536808013916015625e+01
-3.724772930145263672e+00 -3.718335628509521484e+00 -1.574969577789306641e+01
-2.791471242904663086e+00 -3.189632177352905273e+00 -1.571470165252685547e+01
-4.991156578063964844e+00 -2.651743412017822266e+00 -1.593751525878906250e+01
-3.922185182571411133e+00 -1.506805658340454102e+00 -1.593393325805664062e+01
-9.300577163696289062e+00 -4.446029186248779297e+00 -1.221423053741455078e+01
-8.934238433837890625e+00 -4.003851890563964844e+00 -1.343891429901123047e+01
-9.909990310668945312e+00 -2.865945100784301758e+00 -1.234071063995361328e+01
-1.039937877655029297e+01 -1.440771460533142090e+00 -1.151548767089843750e+01
-8.549595832824707031e+00 -3.351566553115844727e+00 -1.435497665405273438e+01
-7.692901611328125000e+00 -2.968846321105957031e+00 -1.519333457946777344e+01
-9.820805549621582031e+00 -9.264758229255676270e-01 -1.328073596954345703e+01
-9.375297546386718750e+00 -3.289924860000610352e-01 -1.420262527465820312e+01
-8.488105773925781250e+00 -9.535731077194213867e-01 -1.507117271423339844e+01
-7.135708332061767578e+00 1.585895121097564697e-01 -1.576895523071289062e+01
-7.627441883087158203e+00 8.132429122924804688e-01 -1.553663253784179688e+01
-1.520537495613098145e+00 -7.555233001708984375e+00 -6.883693695068359375e+00
-4.212665557861328125e-01 -7.157205104827880859e+00 -8.631026268005371094e+00
7.287939637899398804e-02 -6.570409297943115234e+00 -5.591638565063476562e+00
6.184265017509460449e-01 -6.687027454376220703e+00 -6.758087158203125000e+00
-2.402637153863906860e-01 -6.930459499359130859e+00 -9.610415458679199219e+00
-5.141033977270126343e-02 -5.895776748657226562e+00 -1.240169239044189453e+01
1.351490616798400879e+00 -6.392692089080810547e+00 -6.420965671539306641e+00
2.019791603088378906e+00 -5.954714298248291016e+00 -8.192055702209472656e+00
-7.618247866630554199e-01 -5.088527679443359375e+00 -1.430272197723388672e+01
1.023710370063781738e+00 -4.963604450225830078e+00 -1.243772125244140625e+01
-1.231207489967346191e+00 -3.741765499114990234e+00 -1.520258140563964844e+01
-1.929809749126434326e-01 -3.009161233901977539e+00 -1.485975360870361328e+01
1.959334492683410645e+00 -5.054773807525634766e+00 -1.069792366027832031e+01
-1.087947010993957520e+00 -2.406694412231445312e+00 -1.528257656097412109e+01
-1.307753682136535645e+00 -1.698379039764404297e+00 -1.534171485900878906e+01
2.141208648681640625e+00 -3.537671804428100586e+00 -1.149261856079101562e+01
8.841013908386230469e-01 -1.871017932891845703e+00 -1.348727130889892578e+01
7.966500520706176758e-01 -1.145456910133361816e+00 -1.333489131927490234e+01
-2.606772422790527344e+00 -1.781405687332153320e+00 -1.569890880584716797e+01
-2.676809310913085938e+00 -8.117638826370239258e-01 -1.564108657836914062e+01
-5.084683895111083984e+00 4.514974653720855713e-01 -1.588787174224853516e+01
-2.886748313903808594e+00 1.005874276161193848e+00 -1.536682605743408203e+01
-2.164546489715576172e+00 1.173721432685852051e+00 -1.512461757659912109e+01
-4.980799853801727295e-01 1.148354887962341309e+00 -1.389013290405273438e+01
-2.882182598114013672e+00 2.079178094863891602e+00 -1.503623390197753906e+01
-2.465726375579833984e+00 2.787501096725463867e+00 -1.464670276641845703e+01
2.703244447708129883e+00 -3.970342636108398438e+00 -1.033808994293212891e+01
3.520381212234497070e+00 -2.615372657775878906e+00 -1.011264133453369141e+01
3.012491703033447266e+00 -1.851567149162292480e+00 -1.085367012023925781e+01
9.640021324157714844e-01 -2.833081185817718506e-01 -1.281359291076660156e+01
1.482994198799133301e+00 3.815721953287720680e-03 -1.211079978942871094e+01
2.348551034927368164e+00 -2.219666540622711182e-01 -1.122743606567382812e+01
1.080873012542724609e+00 4.140736162662506104e-01 -1.233632564544677734e+01
-1.051052856445312500e+01 -9.671658277511596680e-01 -1.098984336853027344e+01
-9.966642379760742188e+00 6.846074461936950684e-01 -1.292200469970703125e+01
-1.030235004425048828e+01 -1.582892984151840210e-02 -1.048476600646972656e+01
-1.007221031188964844e+01 -1.208597347140312195e-01 -9.021770477294921875e+00
-9.726043701171875000e+00 5.439155697822570801e-01 -1.002710914611816406e+01
-9.963193893432617188e+00 9.232997894287109375e-01 -1.155235767364501953e+01
-9.432458877563476562e+00 2.034224748611450195e+00 -1.278565216064453125e+01
-8.821720123291015625e+00 1.396821498870849609e+00 -9.342365264892578125e+00
-8.417874336242675781e+00 2.399812459945678711e+00 -1.037454509735107422e+01
-8.197493553161621094e+00 1.154438495635986328e+00 -6.071684360504150391e+00
-7.960647106170654297e+00 1.591453909873962402e+00 -7.152329444885253906e+00
-8.283294677734375000e+00 1.880201458930969238e+00 -8.737836837768554688e+00
-7.899807453155517578e+00 2.548488378524780273e+00 -9.732173919677734375e+00
-6.296602725982666016e+00 2.695818424224853516e+00 -7.680038452148437500e+00
-6.212913513183593750e+00 3.006731271743774414e+00 -8.163079261779785156e+00
-8.634085655212402344e+00 2.203458070755004883e+00 -1.429324531555175781e+01
-8.035224914550781250e+00 2.230453491210937500e+00 -1.473372650146484375e+01
-7.636247634887695312e+00 3.442770957946777344e+00 -1.351521015167236328e+01
-6.654849529266357422e+00 4.264929771423339844e+00 -1.313914775848388672e+01
-6.099754810333251953e+00 1.891728043556213379e+00 -1.547670650482177734e+01
-5.844855785369873047e+00 2.182873487472534180e+00 -1.532730007171630859e+01
-5.170411109924316406e+00 3.966050148010253906e+00 -1.412274646759033203e+01
-4.614824771881103516e+00 3.959358692169189453e+00 -1.425001716613769531e+01
-5.867161273956298828e+00 3.768837451934814453e+00 -1.412634849548339844e+01
-8.273078918457031250e+00 3.284136533737182617e+00 -1.224790668487548828e+01
-6.242427825927734375e+00 4.413496494293212891e+00 -1.238175392150878906e+01
-5.555933475494384766e+00 4.381138324737548828e+00 -1.074421787261962891e+01
-3.388389348983764648e+00 4.232020854949951172e+00 -1.348897171020507812e+01
-3.170229196548461914e+00 4.293410301208496094e+00 -1.287086486816406250e+01
-5.219638347625732422e+00 4.434069156646728516e+00 -1.222027206420898438e+01
-4.468399047851562500e+00 4.634012699127197266e+00 -1.232708740234375000e+01
-3.215933561325073242e+00 4.683860301971435547e+00 -1.144388294219970703e+01
-4.957476615905761719e+00 4.785325527191162109e+00 -1.084921073913574219e+01
-3.794894695281982422e+00 4.890998363494873047e+00 -1.117235374450683594e+01
-6.639598369598388672e+00 3.682581901550292969e+00 -1.050224876403808594e+01
-5.931207180023193359e+00 3.622688293457031250e+00 -9.035007476806640625e+00
3.057354927062988281e+00 -1.958674043416976929e-01 -1.030214881896972656e+01
-1.394395977258682251e-01 1.525160431861877441e+00 -1.287764167785644531e+01
-2.114347457885742188e+00 3.218986988067626953e+00 -1.359506320953369141e+01
9.953949451446533203e-01 7.972009778022766113e-01 -1.168943881988525391e+01
-1.054354906082153320e+00 2.881056547164916992e+00 -1.233846092224121094e+01
-2.713433742523193359e+00 3.843593835830688477e+00 -1.327061939239501953e+01
-1.649504661560058594e+00 3.644060373306274414e+00 -1.187560558319091797e+01
1.140926837921142578e+01 -6.558961391448974609e+00 -3.295060873031616211e+00
1.326067638397216797e+01 -6.796360492706298828e+00 -1.579103350639343262e+00
1.116076183319091797e+01 -6.317814350128173828e+00 -6.382006406784057617e-01
1.096232891082763672e+01 -6.446453571319580078e+00 -2.477584600448608398e+00
1.432484054565429688e+01 -7.094712257385253906e+00 -4.998666286468505859e+00
1.195578670501708984e+01 -6.661890029907226562e+00 -3.924277782440185547e+00
1.267850589752197266e+01 -6.695031642913818359e+00 -5.457712173461914062e+00
1.309377574920654297e+01 -6.964406013488769531e+00 -3.607338905334472656e+00
1.554233360290527344e+01 -7.167042732238769531e+00 -3.516186952590942383e+00
1.600500488281250000e+01 -6.116386890411376953e+00 -4.102588653564453125e+00
1.615525436401367188e+01 -6.637359142303466797e+00 -1.026148438453674316e+00
1.630138969421386719e+01 -5.873116970062255859e+00 -1.923190832138061523e+00
1.450292205810546875e+01 -6.664460659027099609e+00 2.350863516330718994e-01
1.472304916381835938e+01 -7.035097122192382812e+00 -1.415398597717285156e+00
1.532721233367919922e+01 -6.462840080261230469e+00 1.158416032791137695e+00
1.480356693267822266e+01 -4.621280193328857422e+00 2.254171609878540039e+00
1.512506103515625000e+01 -4.513981819152832031e+00 1.070571064949035645e+00
1.432580375671386719e+01 -3.703012466430664062e+00 1.223406076431274414e+00
1.575740337371826172e+01 -5.089793205261230469e+00 -3.266020059585571289e+00
1.519679641723632812e+01 -4.247596740722656250e+00 -2.472403526306152344e+00
1.518437194824218750e+01 -4.170787334442138672e+00 -8.878421187400817871e-01
1.494610977172851562e+01 -3.817623853683471680e+00 -1.399416089057922363e+00
1.432918739318847656e+01 -3.087598800659179688e+00 -7.464326620101928711e-01
1.378700542449951172e+01 -6.866622924804687500e+00 -6.222628116607666016e+00
1.522705554962158203e+01 -6.076990127563476562e+00 -6.505215167999267578e+00
1.234877777099609375e+01 -6.560769557952880859e+00 -6.642702579498291016e+00
1.289190006256103516e+01 -6.024957656860351562e+00 -7.425667285919189453e+00
1.587954998016357422e+01 -5.995865821838378906e+00 -5.576219558715820312e+00
1.557366085052490234e+01 -5.230914592742919922e+00 -5.871225833892822266e+00
1.501497459411621094e+01 -4.565023422241210938e+00 -5.482831001281738281e+00
1.323497772216796875e+01 -5.633841037750244141e+00 -7.278028964996337891e+00
1.260834503173828125e+01 -5.075016021728515625e+00 -6.590399742126464844e+00
1.346892070770263672e+01 -4.608972549438476562e+00 -6.053043365478515625e+00
1.359099578857421875e+01 -3.535916090011596680e+00 -4.876456737518310547e+00
1.496036338806152344e+01 -3.918027877807617188e+00 -2.718349933624267578e+00
1.489564704895019531e+01 -3.911656618118286133e+00 -4.427864074707031250e+00
1.433341407775878906e+01 -3.091197490692138672e+00 -3.657563209533691406e+00
1.015964317321777344e+01 -5.995933055877685547e+00 -2.649875879287719727e+00
7.027091026306152344e+00 -4.763014316558837891e+00 -2.302585840225219727e+00
7.318862438201904297e+00 -4.825253963470458984e+00 -1.859447479248046875e+00
6.870652675628662109e+00 -4.709769248962402344e+00 -2.885031461715698242e+00
1.047991371154785156e+01 -6.256010055541992188e+00 -2.215936899185180664e+00
9.032539367675781250e+00 -5.496409893035888672e+00 -1.820742964744567871e+00
7.988371372222900391e+00 -5.056163311004638672e+00 -1.461143255233764648e+00
9.594684600830078125e+00 -5.557655334472656250e+00 -3.388375997543334961e+00
9.940621376037597656e+00 -5.624571800231933594e+00 -4.648146629333496094e+00
8.333720207214355469e+00 -5.037669181823730469e+00 -3.931819438934326172e+00
1.360137462615966797e+01 -2.351393938064575195e+00 1.248080879449844360e-01
1.219894886016845703e+01 -1.053312659263610840e+00 -9.482339620590209961e-01
1.094802761077880859e+01 -6.061531066894531250e+00 -5.488149642944335938e+00
1.101147365570068359e+01 -5.520307064056396484e+00 -6.020397186279296875e+00
9.582962989807128906e+00 -5.156259536743164062e+00 -5.199986457824707031e+00
1.170103168487548828e+01 -4.805153369903564453e+00 -6.154286384582519531e+00
9.171571731567382812e+00 -4.387088298797607422e+00 -6.413688659667968750e+00
1.038714027404785156e+01 -3.628166675567626953e+00 -5.854685306549072266e+00
1.245088291168212891e+01 -3.809246778488159180e+00 -5.412030696868896484e+00
1.062916755676269531e+01 -3.296875000000000000e+00 -5.636739253997802734e+00
1.064361476898193359e+01 -2.377089500427246094e+00 -5.205889701843261719e+00
8.534458160400390625e+00 -3.723312139511108398e+00 -7.024742126464843750e+00
9.038869857788085938e+00 -3.144119024276733398e+00 -6.551152706146240234e+00
8.051029205322265625e+00 -2.058561801910400391e+00 -6.897205352783203125e+00
1.036952209472656250e+01 -1.708027243614196777e+00 -5.058723449707031250e+00
8.244577407836914062e+00 -1.751023173332214355e+00 -6.621541976928710938e+00
8.728842735290527344e+00 -5.428611636161804199e-01 -5.812948226928710938e+00
7.280810356140136719e+00 -1.852073371410369873e-01 -6.908162117004394531e+00
1.323776245117187500e+01 -2.310969352722167969e+00 -3.962638854980468750e+00
1.346249866485595703e+01 -1.898845195770263672e+00 -1.816196203231811523e+00
1.317184352874755859e+01 -1.527935624122619629e+00 -3.037641763687133789e+00
1.239599895477294922e+01 -6.270710229873657227e-01 -2.124033927917480469e+00
1.203537178039550781e+01 -2.816773653030395508e-01 -2.744980573654174805e+00
1.237512969970703125e+01 -2.067573070526123047e+00 -4.279712677001953125e+00
1.117064285278320312e+01 -1.371606707572937012e+00 -4.407180309295654297e+00
1.144738006591796875e+01 -7.340632081031799316e-01 -3.766699790954589844e+00
1.013810157775878906e+01 1.408308982849121094e+00 -1.667726755142211914e+00
9.236671447753906250e+00 2.208442926406860352e+00 -2.814397096633911133e+00
9.252892494201660156e+00 2.144539117813110352e+00 -3.275463819503784180e+00
8.550086975097656250e+00 2.817681550979614258e+00 -2.354672908782958984e+00
1.015653133392333984e+01 -1.025133371353149414e+00 -4.933283805847167969e+00
1.055538845062255859e+01 1.318664401769638062e-01 -4.013194561004638672e+00
8.366053581237792969e+00 9.758355468511581421e-02 -5.848797321319580078e+00
7.020060062408447266e+00 9.669344425201416016e-01 -6.423893451690673828e+00
1.384826374053955078e+01 -4.024009227752685547e+00 2.810209751129150391e+00
1.247113800048828125e+01 -2.863582849502563477e+00 3.046509742736816406e+00
1.123100090026855469e+01 -1.202878713607788086e+00 1.463837742805480957e+00
1.139328670501708984e+01 -9.332518577575683594e-01 3.183588385581970215e-01
9.932827949523925781e+00 -8.266150951385498047e-01 3.080192089080810547e+00
8.822075843811035156e+00 6.087071299552917480e-01 2.489427328109741211e+00
9.343464851379394531e+00 2.597753405570983887e-01 2.016080141067504883e+00
7.271231651306152344e+00 1.641669273376464844e+00 2.765039920806884766e+00
7.136570930480957031e+00 2.425109624862670898e+00 1.722518801689147949e+00
9.734070777893066406e+00 5.589056611061096191e-01 3.253716230392456055e-01
9.996242523193359375e+00 1.005438685417175293e+00 -9.629121422767639160e-01
7.988881587982177734e+00 2.421948671340942383e+00 3.556851744651794434e-01
3.354524374008178711e+00 4.275498867034912109e+00 -3.455848991870880127e-01
6.218959331512451172e+00 3.437098979949951172e+00 2.287999391555786133e-01
5.483652114868164062e+00 4.004248619079589844e+00 -2.219243288040161133e+00
3.678922414779663086e+00 4.385900974273681641e+00 -6.832891106605529785e-01
2.851307868957519531e+00 3.818294763565063477e+00 -2.453898429870605469e+00
2.962883710861206055e+00 3.503352642059326172e+00 -3.327208280563354492e+00
-9.883619546890258789e-01 3.796397686004638672e+00 -7.632145285606384277e-01
2.148825407028198242e+00 3.139601230621337891e+00 -4.383796215057373047e+00
1.125304959714412689e-02 4.162891387939453125e+00 -3.142794132232666016e+00
3.080899417400360107e-01 3.710931062698364258e+00 -4.698467254638671875e+00
2.382100582122802734e+00 3.806803941726684570e+00 -2.565161705017089844e+00
5.101806640625000000e+00 -8.806180357933044434e-01 -8.892801284790039062e+00
2.943338394165039062e+00 3.019060790538787842e-01 -9.606484413146972656e+00
5.064522743225097656e+00 4.952443838119506836e-01 -8.109448432922363281e+00
3.643995046615600586e+00 5.537494421005249023e-01 -8.966956138610839844e+00
2.523988723754882812e+00 4.962412118911743164e-01 -9.799637794494628906e+00
1.546784758567810059e+00 1.844951748847961426e+00 -9.911016464233398438e+00
3.305854499340057373e-01 3.145681858062744141e+00 -9.157416343688964844e+00
1.121339648962020874e-01 2.998725414276123047e+00 -1.045740222930908203e+01
5.657176971435546875e+00 2.791215896606445312e+00 -4.857134819030761719e+00
6.162546157836914062e+00 1.876156687736511230e+00 -6.087360858917236328e+00
4.700055122375488281e+00 2.685858011245727539e+00 -5.246602535247802734e+00
4.798812866210937500e+00 2.376394987106323242e+00 -5.959218502044677734e+00
6.602258205413818359e+00 3.697962522506713867e+00 -2.721109390258789062e+00
6.589323043823242188e+00 1.270612716674804688e+00 -6.425196647644042969e+00
5.715357303619384766e+00 1.657769680023193359e+00 -6.600795269012451172e+00
4.861428737640380859e+00 1.767428994178771973e+00 -7.033692359924316406e+00
2.736725091934204102e+00 2.843579053878784180e+00 -5.060200691223144531e+00
2.815026998519897461e+00 2.077739238739013672e+00 -7.355064868927001953e+00
2.027079343795776367e+00 2.322799205780029297e+00 -6.808450698852539062e+00
9.560857713222503662e-02 3.302577018737792969e+00 -6.270770549774169922e+00
2.714454233646392822e-01 2.958398103713989258e+00 -7.757827281951904297e+00
3.029431402683258057e-01 3.028931140899658203e+00 -8.136762619018554688e+00
-3.296195268630981445e+00 3.398763656616210938e+00 -2.585477352142333984e+00
-5.632752895355224609e+00 3.063665390014648438e+00 -7.732635021209716797e+00
-4.809722900390625000e+00 3.485956192016601562e+00 -7.635002613067626953e+00
-4.259180545806884766e+00 3.352640390396118164e+00 -6.673861503601074219e+00
-2.170175790786743164e+00 3.287606954574584961e+00 -2.322950363159179688e-01
-1.889805793762207031e+00 3.752309083938598633e+00 -1.355278968811035156e+00
-1.527769446372985840e+00 4.096723079681396484e+00 -2.469612360000610352e+00
-1.353137493133544922e+00 4.393830776214599609e+00 -3.694002866744995117e+00
-1.182649493217468262e+00 4.401716709136962891e+00 -4.988224506378173828e+00
-4.801160335540771484e+00 4.082051753997802734e+00 -8.504260063171386719e+00
-4.505267143249511719e+00 4.557857513427734375e+00 -9.024839401245117188e+00
-1.981592535972595215e+00 4.462422847747802734e+00 -7.511565208435058594e+00
-3.350248336791992188e+00 4.458517551422119141e+00 -8.332010269165039062e+00
-1.540545463562011719e+00 3.651689291000366211e+00 -1.119866180419921875e+01
-1.228193998336791992e+00 3.505923032760620117e+00 -1.106300544738769531e+01
-3.827357292175292969e+00 4.853882789611816406e+00 -1.070520591735839844e+01
-2.047219991683959961e+00 4.181406021118164062e+00 -9.850975990295410156e+00
-3.111827075481414795e-01 3.478883504867553711e+00 -9.966253280639648438e+00
-2.160190343856811523e+00 4.559102058410644531e+00 -6.121185302734375000e+00
5.247204303741455078e+00 3.017628669738769531e+00 2.212552309036254883e+00
6.028220176696777344e+00 2.976651668548583984e+00 1.682781577110290527e+00
1.965447306632995605e+00 6.992999315261840820e-01 -1.028605651855468750e+01
-5.169214010238647461e-01 2.792969226837158203e+00 -1.161494827270507812e+01
4.416311085224151611e-01 2.521420717239379883e+00 -1.076871681213378906e+01
