1.597305417060852051e+00 -4.911896705627441406e+00 -2.688481569290161133e+00
2.322913169860839844e+00 -4.747951030731201172e+00 -1.879369020462036133e+00
1.555506348609924316e+00 -4.764214992523193359e+00 -2.278709650039672852e+00
-5.063451290130615234e+00 -8.106739997863769531e+00 -7.813237667083740234e+00
-4.998230934143066406e+00 -8.062877655029296875e+00 -1.156103706359863281e+01
-4.182382106781005859e+00 -8.320513725280761719e+00 -9.412509918212890625e+00
-7.262220382690429688e+00 -7.466951847076416016e+00 -7.047998428344726562e+00
-7.767922401428222656e+00 -7.350289344787597656e+00 -7.956587314605712891e+00
-5.688980102539062500e+00 -8.128770828247070312e+00 -9.815480232238769531e+00
-6.216182231903076172e+00 -7.996647357940673828e+00 -9.052597045898437500e+00
-6.478882312774658203e+00 -7.346415519714355469e+00 -1.204682540893554688e+01
-8.407939910888671875e+00 -6.367763519287109375e+00 -1.056702232360839844e+01
-8.330221176147460938e+00 -6.190127849578857422e+00 -1.128512859344482422e+01
-9.636122703552246094e+00 -5.267637252807617188e+00 -8.352876663208007812e+00
-1.004559803009033203e+01 -4.326664924621582031e+00 -8.706550598144531250e+00
-9.584452629089355469e+00 -4.644494056701660156e+00 -1.085923385620117188e+01
-8.206529617309570312e+00 -6.690001964569091797e+00 -5.433290481567382812e+00
-9.052917480468750000e+00 -6.092610836029052734e+00 -4.917924880981445312e+00
-7.947715759277343750e+00 -5.744399547576904297e+00 -3.392680883407592773e+00
-8.473480224609375000e+00 -5.228860378265380859e+00 -2.215203046798706055e+00
-6.936427116394042969e+00 -5.438169479370117188e+00 -3.100294351577758789e+00
-2.554318904876708984e+00 -5.018414497375488281e+00 -1.527553439140319824e+00
-3.331511020660400391e+00 -4.868779659271240234e+00 -5.633931159973144531e-01
-1.387104749679565430e+00 -4.965881824493408203e+00 -2.086983919143676758e-01
-7.352012157440185547e+00 -3.219002008438110352e+00 2.321040153503417969e+00
-5.323045730590820312e+00 -3.508940219879150391e+00 1.291553854942321777e+00
-3.829058885574340820e+00 -5.060492038726806641e+00 -2.120043754577636719e+00
-7.278605937957763672e+00 -4.795309066772460938e+00 -1.615782976150512695e+00
-6.284305095672607422e+00 -5.164027690887451172e+00 -2.773989677429199219e+00
-3.697709083557128906e+00 -4.402105331420898438e+00 1.525264680385589600e-01
-4.757129192352294922e+00 -7.274763107299804688e+00 -5.283012866973876953e+00
-4.527443885803222656e+00 -6.492866516113281250e+00 -4.076657772064208984e+00
-2.277203083038330078e+00 -7.653309345245361328e+00 -6.408868312835693359e+00
-2.876432418823242188e+00 -7.162309169769287109e+00 -5.055721282958984375e+00
-2.209356546401977539e+00 -7.172590255737304688e+00 -5.288461208343505859e+00
-1.352060914039611816e+00 -6.796798229217529297e+00 -5.035043239593505859e+00
-2.765716791152954102e+00 -6.769219398498535156e+00 -4.426905632019042969e+00
-5.252529144287109375e+00 -6.846500873565673828e+00 -4.666041851043701172e+00
-6.145436286926269531e+00 -7.663916587829589844e+00 -6.731522560119628906e+00
-8.693991661071777344e+00 -6.651298999786376953e+00 -6.443230152130126953e+00
-1.376873373985290527e+00 -4.967227935791015625e+00 -1.813702344894409180e+00
-8.969636559486389160e-01 -5.029047012329101562e+00 -2.256168603897094727e+00
-2.204703092575073242e+00 -5.113523960113525391e+00 -2.002879858016967773e+00
-3.011712133884429932e-01 -5.060440540313720703e+00 -1.168779730796813965e+00
6.772457957267761230e-01 -4.594502925872802734e+00 -1.568307161331176758e+00
-7.831795215606689453e-01 -5.390783309936523438e+00 -3.003600835800170898e+00
2.107606083154678345e-02 -5.486076831817626953e+00 -3.331023454666137695e+00
6.490525603294372559e-01 -4.745788097381591797e+00 -2.100800514221191406e+00
-9.493175506591796875e+00 -4.817046642303466797e+00 -2.033260345458984375e+00
-9.926165580749511719e+00 -4.893194675445556641e+00 -4.667641162872314453e+00
-9.334138870239257812e+00 -5.582755088806152344e+00 -3.818956851959228516e+00
-1.017994499206542969e+01 -3.764112234115600586e+00 -3.276621103286743164e+00
-1.030772781372070312e+01 -3.589352130889892578e+00 -4.704498767852783203e+00
-9.094135284423828125e+00 -4.092897415161132812e+00 3.182753622531890869e-01
-9.758808135986328125e+00 -4.179045677185058594e+00 -1.397643566131591797e+00
-9.798686027526855469e+00 -3.238155841827392578e+00 -2.707571685314178467e-01
-9.576900482177734375e+00 -2.935608625411987305e+00 9.109984636306762695e-01
-9.090306282043457031e+00 -2.732590436935424805e+00 2.175173282623291016e+00
-9.262112617492675781e+00 -1.639264702796936035e+00 1.275870680809020996e+00
-1.015795898437500000e+01 -2.700003147125244141e+00 -2.513961076736450195e+00
-1.008643245697021484e+01 -1.613493442535400391e+00 -2.644690275192260742e+00
-9.452148437500000000e+00 -1.297414898872375488e+00 -8.819400072097778320e-01
-7.929489135742187500e+00 -4.192241132259368896e-01 -6.433504819869995117e-01
-1.005133056640625000e+01 -4.637352466583251953e+00 -5.533503055572509766e+00
-1.033731079101562500e+01 -3.655211448669433594e+00 -5.413416862487792969e+00
-1.052526092529296875e+01 -2.262063026428222656e+00 -5.292084217071533203e+00
-1.058412933349609375e+01 -2.103404760360717773e+00 -5.862900257110595703e+00
-1.007950401306152344e+01 -6.604564785957336426e-01 -5.348896026611328125e+00
-1.058479022979736328e+01 -2.847141742706298828e+00 -7.952972888946533203e+00
-1.070880413055419922e+01 -1.950791358947753906e+00 -8.879755020141601562e+00
-1.059958171844482422e+01 -8.159253001213073730e-01 -8.511651992797851562e+00
-9.950094223022460938e+00 -3.338867723941802979e-01 -6.701651096343994141e+00
-8.378457069396972656e+00 -2.031380236148834229e-01 -2.251293897628784180e+00
-6.928673744201660156e+00 1.702825903892517090e+00 -3.685351610183715820e+00
-9.017119407653808594e+00 3.849373757839202881e-01 -6.201470375061035156e+00
-7.577678203582763672e+00 1.438662648200988770e+00 -4.988020896911621094e+00
1.314582920074462891e+01 -5.115344047546386719e+00 4.993788242340087891e+00
1.346313095092773438e+01 -5.939060688018798828e+00 1.009104847908020020e+00
1.297036361694335938e+01 -5.707998752593994141e+00 1.728174090385437012e+00
1.481118011474609375e+01 -5.580832481384277344e+00 2.184133768081665039e+00
1.466334629058837891e+01 -4.656767368316650391e+00 3.315765380859375000e+00
1.192304515838623047e+01 -5.243010044097900391e+00 3.099686384201049805e+00
4.465476512908935547e+00 -8.601204156875610352e-01 5.141023635864257812e+00
5.311824798583984375e+00 -3.499102592468261719e-01 6.296976566314697266e+00
6.676289558410644531e+00 -4.776720523834228516e+00 -1.543668985366821289e+00
8.923735618591308594e+00 -6.112446308135986328e+00 -1.013009309768676758e+00
8.155303001403808594e+00 -6.023730754852294922e+00 -8.464432954788208008e-01
7.504026889801025391e+00 -6.056793689727783203e+00 -2.298104614019393921e-01
2.629412412643432617e+00 -5.325219154357910156e+00 4.952728152275085449e-01
4.340939998626708984e+00 -4.650294303894042969e+00 -1.413471698760986328e+00
5.220421314239501953e+00 -5.013218879699707031e+00 -1.044153809547424316e+00
2.352881669998168945e+00 -4.250329494476318359e+00 -1.212443590164184570e+00
4.166783332824707031e+00 -4.673665523529052734e+00 -1.192702531814575195e+00
5.187584400177001953e+00 -5.411380290985107422e+00 3.957118690013885498e-01
5.878249645233154297e+00 -5.838169097900390625e+00 -4.089640974998474121e-01
3.171394109725952148e+00 -5.415630340576171875e+00 -4.936406910419464111e-01
9.516494750976562500e+00 -4.577291011810302734e+00 3.515549898147583008e+00
1.008236694335937500e+01 -3.948844909667968750e+00 5.580274105072021484e+00
1.001319694519042969e+01 -4.118362426757812500e+00 4.799304485321044922e+00
8.816253662109375000e+00 -3.184696435928344727e+00 6.236919879913330078e+00
9.014084815979003906e+00 -4.378026962280273438e+00 3.588199615478515625e+00
9.066987991333007812e+00 -5.520015716552734375e+00 1.784109830856323242e+00
8.725248336791992188e+00 -5.762981414794921875e+00 1.268991351127624512e+00
5.598325729370117188e+00 -9.952802658081054688e-01 4.339525222778320312e+00
6.255410671234130859e+00 -3.381161928176879883e+00 2.668985605239868164e+00
5.676130294799804688e+00 -3.719153404235839844e+00 2.088838577270507812e+00
4.584792137145996094e+00 -1.672043919563293457e+00 3.242608785629272461e+00
4.684997081756591797e+00 -1.238885045051574707e+00 3.925561904907226562e+00
7.018174648284912109e+00 -1.966803431510925293e+00 4.740071773529052734e+00
6.789684295654296875e+00 -1.344748258590698242e+00 6.068611145019531250e+00
6.615042686462402344e+00 -5.200502872467041016e+00 1.190812826156616211e+00
1.209141921997070312e+01 -3.696949720382690430e+00 6.420734405517578125e+00
1.370957374572753906e+01 -4.107037544250488281e+00 4.840513229370117188e+00
1.261085033416748047e+01 -2.845003604888916016e+00 5.143457412719726562e+00
1.345597171783447266e+01 -2.910421133041381836e+00 3.403615236282348633e+00
7.883418560028076172e+00 -2.031203269958496094e+00 7.837252616882324219e+00
7.443337440490722656e+00 -1.554189324378967285e+00 7.440942764282226562e+00
4.229246616363525391e+00 -3.614395856857299805e-03 6.975745201110839844e+00
9.810283660888671875e+00 -3.287110328674316406e+00 7.856473922729492188e+00
1.045925045013427734e+01 -2.038341283798217773e+00 7.045049667358398438e+00
1.082432174682617188e+01 -1.681628227233886719e+00 5.902245998382568359e+00
8.717920303344726562e+00 -6.372688412666320801e-01 6.974556446075439453e+00
9.097041130065917969e+00 -3.116042315959930420e-01 5.814995288848876953e+00
1.116320705413818359e+01 -1.531695127487182617e+00 4.796482086181640625e+00
1.152824211120605469e+01 -1.317272424697875977e+00 3.714401721954345703e+00
6.681598663330078125e+00 -6.999138593673706055e-01 6.821479797363281250e+00
7.819240570068359375e+00 -9.941302984952926636e-02 6.734621047973632812e+00
7.077957630157470703e+00 7.265496850013732910e-01 5.976444244384765625e+00
6.302200317382812500e+00 4.111539125442504883e-01 6.233195304870605469e+00
5.658111572265625000e+00 1.471379876136779785e+00 5.694926738739013672e+00
8.148366928100585938e+00 9.011749029159545898e-01 4.681369304656982422e+00
5.723976612091064453e+00 2.531465768814086914e+00 4.261304378509521484e+00
6.136228084564208984e+00 2.630894899368286133e+00 3.779528141021728516e+00
-2.091394424438476562e+00 -2.758306264877319336e+00 3.804732799530029297e+00
-1.472915410995483398e+00 -3.764313697814941406e+00 1.697899341583251953e+00
-1.423650383949279785e+00 -4.619067668914794922e+00 4.209700524806976318e-01
-1.571625828742980957e+00 -2.817456245422363281e+00 3.532989740371704102e+00
-1.976125985383987427e-01 -2.605100393295288086e+00 2.422448635101318359e+00
-5.038185119628906250e+00 -3.472015380859375000e+00 1.484668254852294922e+00
-4.322904109954833984e+00 -3.304098367691040039e+00 2.221158981323242188e+00
-5.778182506561279297e+00 -2.596649169921875000e+00 3.405170917510986328e+00
-5.247559070587158203e+00 -3.014422655105590820e+00 2.550975322723388672e+00
-4.060997486114501953e+00 -2.811225175857543945e+00 3.400326490402221680e+00
-2.735966920852661133e+00 -1.585219860076904297e+00 4.900524616241455078e+00
-5.640124320983886719e+00 -1.267260789871215820e+00 4.717543125152587891e+00
-5.343006134033203125e+00 -7.339046001434326172e-01 4.917636871337890625e+00
2.586519241333007812e+00 -1.572268724441528320e+00 3.787177324295043945e+00
1.397924184799194336e+00 -7.762821316719055176e-01 4.207667350769042969e+00
-3.161016479134559631e-02 -1.122835397720336914e+00 3.703474760055541992e+00
1.096976637840270996e+00 -1.979077607393264771e-01 4.724279403686523438e+00
2.543723344802856445e+00 -8.456408977508544922e-01 5.417305946350097656e+00
3.508414506912231445e+00 -2.407087087631225586e-01 6.802182674407958984e+00
1.081341147422790527e+00 9.094431400299072266e-01 5.425238609313964844e+00
-3.207216262817382812e+00 -1.361156225204467773e+00 5.026260852813720703e+00
-4.250885009765625000e+00 3.147037923336029053e-01 5.016600131988525391e+00
-2.762757539749145508e+00 5.996226668357849121e-01 5.141770839691162109e+00
-1.206521511077880859e+00 1.673413395881652832e+00 4.404661655426025391e+00
-3.902994155883789062e+00 1.033264279365539551e+00 4.050334930419921875e+00
-3.839399337768554688e+00 1.429843425750732422e+00 2.889297723770141602e+00
-1.189608722925186157e-01 -5.058449745178222656e+00 -4.222993925213813782e-02
3.564862012863159180e-01 -4.912923812866210938e+00 -7.330001890659332275e-02
8.764675855636596680e-01 -4.911353111267089844e+00 8.555473387241363525e-02
1.710484027862548828e+00 -3.721567630767822266e+00 1.491691112518310547e+00
1.550616741180419922e+00 -4.923659324645996094e+00 6.480901837348937988e-01
1.664218783378601074e+00 -3.740328550338745117e+00 -1.327764272689819336e+00
1.944968461990356445e+00 -2.534252882003784180e+00 2.442917108535766602e+00
2.224049568176269531e+00 1.705409526824951172e+00 5.587249279022216797e+00
2.803784608840942383e+00 2.675458431243896484e+00 4.233305454254150391e+00
2.542514801025390625e+00 3.087135314941406250e+00 2.999033451080322266e+00
-9.028848409652709961e-01 2.521204710006713867e+00 2.610696077346801758e+00
-7.093115448951721191e-01 2.014212369918823242e+00 4.174906730651855469e+00
5.181350708007812500e-01 2.626279592514038086e+00 3.235920190811157227e+00
-1.738403081893920898e+00 3.176756620407104492e+00 1.072225272655487061e-01
-7.562833786010742188e+00 -2.468757390975952148e+00 3.563621282577514648e+00
-7.313291549682617188e+00 -1.434062600135803223e+00 4.223910331726074219e+00
-7.948945045471191406e+00 -8.242728114128112793e-01 2.912692785263061523e+00
-6.798742294311523438e+00 -1.168094038963317871e+00 4.469721794128417969e+00
-7.008626937866210938e+00 -3.753379285335540771e-01 3.064642429351806641e+00
-6.416015148162841797e+00 1.845341324806213379e-01 1.422369956970214844e+00
-6.216253280639648438e+00 1.349490880966186523e-01 2.394247055053710938e+00
-6.921946525573730469e+00 2.269844710826873779e-01 -8.138633370399475098e-01
-3.757900476455688477e+00 1.654249906539916992e+00 1.845305681228637695e+00
-5.364232540130615234e+00 2.018207788467407227e+00 -1.990981459617614746e+00
-3.648015022277832031e+00 3.032795429229736328e+00 -1.668122649192810059e+00
3.314727067947387695e+00 1.026980280876159668e+00 6.540680408477783203e+00
2.911550045013427734e+00 2.024980068206787109e+00 5.404000759124755859e+00
3.769583225250244141e+00 2.424880027770996094e+00 4.841226100921630859e+00
4.472352981567382812e+00 2.922100067138671875e+00 3.764805078506469727e+00
3.813839435577392578e+00 3.338101387023925781e+00 2.943047523498535156e+00
7.738033771514892578e+00 -4.896570682525634766e+00 -3.911055088043212891e+00
2.408935785293579102e+00 -5.053376197814941406e+00 -3.024560928344726562e+00
5.521675109863281250e+00 -4.700515747070312500e+00 -2.448232650756835938e+00
6.328693389892578125e+00 -4.658718109130859375e+00 -2.902719020843505859e+00
3.064569473266601562e+00 -4.989281177520751953e+00 -2.895195484161376953e+00
2.086248636245727539e+00 -5.932588577270507812e+00 -5.248959541320800781e+00
2.620200157165527344e+00 -5.812898159027099609e+00 -6.250326633453369141e+00
3.880057573318481445e+00 -5.145337104797363281e+00 -5.593245029449462891e+00
5.925130367279052734e+00 -4.801769733428955078e+00 -3.693870067596435547e+00
7.142693519592285156e+00 -4.954554080963134766e+00 -4.026134014129638672e+00
2.439996957778930664e+00 -5.624232292175292969e+00 -8.457172393798828125e+00
8.279844284057617188e+00 -5.011006355285644531e+00 -5.989153861999511719e+00
3.292292594909667969e+00 -5.336202621459960938e+00 -7.112556934356689453e+00
3.705350399017333984e+00 -4.727306842803955078e+00 -7.896529197692871094e+00
6.267905712127685547e+00 -5.087634563446044922e+00 -5.366971015930175781e+00
7.378022670745849609e+00 -4.951474189758300781e+00 -6.318789005279541016e+00
5.858765125274658203e+00 -4.193304538726806641e+00 -7.244625091552734375e+00
7.509480476379394531e+00 -4.052595615386962891e+00 -7.360215663909912109e+00
5.576425552368164062e+00 -3.872483730316162109e+00 -7.624021053314208984e+00
5.153709411621093750e+00 -2.844480276107788086e+00 -8.642519950866699219e+00
5.230704784393310547e+00 -2.084074497222900391e+00 -8.897442817687988281e+00
-3.349062442779541016e+00 -7.972025394439697266e+00 -1.205140399932861328e+01
-3.130134820938110352e+00 -8.215574264526367188e+00 -1.051170063018798828e+01
-3.961596488952636719e+00 -7.545673370361328125e+00 -1.315442180633544922e+01
-1.582607269287109375e+00 -6.564327716827392578e+00 -1.324010562896728516e+01
-3.558020830154418945e+00 -6.335994243621826172e+00 -1.445601558685302734e+01
-3.376781225204467773e+00 -5.282604217529296875e+00 -1.518900299072265625e+01
-6.630319118499755859e+00 -6.540626525878906250e+00 -1.316490459442138672e+01
-7.071274757385253906e+00 -6.217835903167724609e+00 -1.318240737915039062e+01
-7.758216857910156250e+00 -5.239758014678955078e+00 -1.366965675354003906e+01
-5.719299316406250000e+00 -7.134999752044677734e+00 -1.307205772399902344e+01
-8.471338272094726562e+00 -5.367509841918945312e+00 -1.255584430694580078e+01
-7.364942073822021484e+00 -4.570957183837890625e+00 -1.456912517547607422e+01
-4.152990818023681641e+00 -5.537340164184570312e+00 -1.502433586120605469e+01
-5.997187614440917969e+00 -4.387238979339599609e+00 -1.525291252136230469e+01
-2.712757825851440430e+00 -5.389602184295654297e+00 -1.501113796234130859e+01
-2.178259849548339844e+00 -4.297629356384277344e+00 -1.536864471435546875e+01
-3.724508762359619141e+00 -3.718261241912841797e+00 -1.574985313415527344e+01
-2.791506528854370117e+00 -3.189322471618652344e+00 -1.571449089050292969e+01
-4.991285324096679688e+00 -2.651968717575073242e+00 -1.593541049957275391e+01
-3.922486066818237305e+00 -1.506859898567199707e+00 -1.593251705169677734e+01
-9.299110412597656250e+00 -4.443869590759277344e+00 -1.221402072906494141e+01
-8.933667182922363281e+00 -4.005246162414550781e+00 -1.343930530548095703e+01
-9.910891532897949219e+00 -2.866125106811523438e+00 -1.233979225158691406e+01
-1.040086746215820312e+01 -1.441579222679138184e+00 -1.151417064666748047e+01
-8.549241065979003906e+00 -3.353680133819580078e+00 -1.435585784912109375e+01
-7.693795204162597656e+00 -2.972076892852783203e+00 -1.519426536560058594e+01
-9.821984291076660156e+00 -9.276484251022338867e-01 -1.327954769134521484e+01
-9.375683784484863281e+00 -3.313077688217163086e-01 -1.420200252532958984e+01
-8.488461494445800781e+00 -9.553278684616088867e-01 -1.507144069671630859e+01
-7.136624813079833984e+00 1.559850275516510010e-01 -1.576866054534912109e+01
-7.628354072570800781e+00 8.105431199073791504e-01 -1.553517627716064453e+01
-1.520787358283996582e+00 -7.554876804351806641e+00 -6.882907390594482422e+00
-4.213287234306335449e-01 -7.157504081726074219e+00 -8.630692481994628906e+00
7.174747437238693237e-02 -6.569734573364257812e+00 -5.589548587799072266e+00
6.177312135696411133e-01 -6.686763763427734375e+00 -6.756871223449707031e+00
-2.400069385766983032e-01 -6.931357383728027344e+00 -9.610295295715332031e+00
-5.120006948709487915e-02 -5.896160125732421875e+00 -1.240175914764404297e+01
1.350140213966369629e+00 -6.390942096710205078e+00 -6.418505191802978516e+00
2.018939256668090820e+00 -5.955597877502441406e+00 -8.190375328063964844e+00
-7.610829472541809082e-01 -5.088932991027832031e+00 -1.430332469940185547e+01
1.023695826530456543e+00 -4.963910579681396484e+00 -1.243768692016601562e+01
-1.230997443199157715e+00 -3.741908311843872070e+00 -1.520287418365478516e+01
-1.926845163106918335e-01 -3.008816719055175781e+00 -1.485991954803466797e+01
1.959152698516845703e+00 -5.054870605468750000e+00 -1.069727993011474609e+01
-1.088448524475097656e+00 -2.407157659530639648e+00 -1.528231430053710938e+01
-1.307894110679626465e+00 -1.699134469032287598e+00 -1.534144687652587891e+01
2.140403509140014648e+00 -3.537169933319091797e+00 -1.149198436737060547e+01
8.847172260284423828e-01 -1.870750904083251953e+00 -1.348785305023193359e+01
7.969295978546142578e-01 -1.144864678382873535e+00 -1.333516216278076172e+01
-2.607551813125610352e+00 -1.780916810035705566e+00 -1.569813919067382812e+01
-2.677186012268066406e+00 -8.113113045692443848e-01 -1.564019489288330078e+01
-5.086340427398681641e+00 4.510240554809570312e-01 -1.588600158691406250e+01
-2.887622594833374023e+00 1.005891799926757812e+00 -1.536679553985595703e+01
-2.165518522262573242e+00 1.173586606979370117e+00 -1.512467479705810547e+01
-4.990341365337371826e-01 1.149039030075073242e+00 -1.389021110534667969e+01
-2.883236169815063477e+00 2.078883171081542969e+00 -1.503627300262451172e+01
-2.466968297958374023e+00 2.787634849548339844e+00 -1.464725112915039062e+01
2.701565265655517578e+00 -3.969457626342773438e+00 -1.033657169342041016e+01
3.514585256576538086e+00 -2.611988544464111328e+00 -1.010896873474121094e+01
3.006589651107788086e+00 -1.848761916160583496e+00 -1.084871196746826172e+01
9.624173641204833984e-01 -2.823809087276458740e-01 -1.281340312957763672e+01
1.479840874671936035e+00 5.380664486438035965e-03 -1.210957813262939453e+01
2.345189571380615234e+00 -2.195676416158676147e-01 -1.122556686401367188e+01
1.078874945640563965e+00 4.158293306827545166e-01 -1.233570671081542969e+01
-1.051127624511718750e+01 -9.694554209709167480e-01 -1.098852825164794922e+01
-9.969150543212890625e+00 6.817458868026733398e-01 -1.292026805877685547e+01
-1.030204010009765625e+01 -2.059081755578517914e-02 -1.048397064208984375e+01
-1.007197952270507812e+01 -1.248328685760498047e-01 -9.021295547485351562e+00
-9.726352691650390625e+00 5.391312241554260254e-01 -1.002656459808349609e+01
-9.964150428771972656e+00 9.187870025634765625e-01 -1.155090045928955078e+01
-9.435236930847167969e+00 2.030789375305175781e+00 -1.278283977508544922e+01
-8.821739196777343750e+00 1.393946170806884766e+00 -9.341056823730468750e+00
-8.417544364929199219e+00 2.393687963485717773e+00 -1.037523746490478516e+01
-8.198711395263671875e+00 1.155241608619689941e+00 -6.069797039031982422e+00
-7.961828708648681641e+00 1.589437365531921387e+00 -7.150894641876220703e+00
-8.283432006835937500e+00 1.878799319267272949e+00 -8.737349510192871094e+00
-7.899945259094238281e+00 2.545372486114501953e+00 -9.732018470764160156e+00
-6.297859191894531250e+00 2.697781085968017578e+00 -7.677924633026123047e+00
-6.214813709259033203e+00 3.006594181060791016e+00 -8.161214828491210938e+00
-8.635614395141601562e+00 2.198331356048583984e+00 -1.429071521759033203e+01
-8.037507057189941406e+00 2.225629568099975586e+00 -1.472989654541015625e+01
-7.638515949249267578e+00 3.437583208084106445e+00 -1.351176548004150391e+01
-6.657824993133544922e+00 4.259012699127197266e+00 -1.313628196716308594e+01
-6.101942062377929688e+00 1.890451431274414062e+00 -1.547432804107666016e+01
-5.846077442169189453e+00 2.181531429290771484e+00 -1.532678508758544922e+01
-5.172634124755859375e+00 3.964262008666992188e+00 -1.412213230133056641e+01
-4.616736888885498047e+00 3.958312511444091797e+00 -1.424977302551269531e+01
-5.869293212890625000e+00 3.766727209091186523e+00 -1.412469959259033203e+01
-8.274543762207031250e+00 3.278581142425537109e+00 -1.224652290344238281e+01
-6.244209289550781250e+00 4.409701347351074219e+00 -1.238171482086181641e+01
-5.556870460510253906e+00 4.377979278564453125e+00 -1.074481773376464844e+01
-3.390170574188232422e+00 4.232053756713867188e+00 -1.348959636688232422e+01
-3.171852111816406250e+00 4.294246673583984375e+00 -1.287176227569580078e+01
-5.221203327178955078e+00 4.430613994598388672e+00 -1.222101783752441406e+01
-4.470293998718261719e+00 4.633275032043457031e+00 -1.232766723632812500e+01
-3.217364788055419922e+00 4.685256004333496094e+00 -1.144451904296875000e+01
-4.958637237548828125e+00 4.783088207244873047e+00 -1.084974384307861328e+01
-3.796321868896484375e+00 4.891716957092285156e+00 -1.117262744903564453e+01
-6.640251159667968750e+00 3.679023742675781250e+00 -1.050243759155273438e+01
-5.932398796081542969e+00 3.621341705322265625e+00 -9.034543037414550781e+00
3.054639339447021484e+00 -1.918315887451171875e-01 -1.030112266540527344e+01
-1.403845548629760742e-01 1.527370214462280273e+00 -1.287791156768798828e+01
-2.115492105484008789e+00 3.220174551010131836e+00 -1.359585762023925781e+01
9.939192533493041992e-01 8.004291653633117676e-01 -1.168918037414550781e+01
-1.055076718330383301e+00 2.883351325988769531e+00 -1.233934211730957031e+01
-2.714802742004394531e+00 3.844740867614746094e+00 -1.327162075042724609e+01
-1.650736212730407715e+00 3.646005153656005859e+00 -1.187654781341552734e+01
1.137408161163330078e+01 -6.458314418792724609e+00 -3.263295650482177734e+00
1.323030185699462891e+01 -6.550402164459228516e+00 -1.560429453849792480e+00
1.113892841339111328e+01 -6.264837265014648438e+00 -6.187722086906433105e-01
1.093018627166748047e+01 -6.366458415985107422e+00 -2.448329210281372070e+00
1.426978111267089844e+01 -6.950757980346679688e+00 -4.967268943786621094e+00
1.191223621368408203e+01 -6.553942680358886719e+00 -3.892657518386840820e+00
1.262379074096679688e+01 -6.592308998107910156e+00 -5.427331924438476562e+00
1.305281734466552734e+01 -6.816555976867675781e+00 -3.574067831039428711e+00
1.549528884887695312e+01 -6.954302787780761719e+00 -3.485615253448486328e+00
1.592222309112548828e+01 -5.918815135955810547e+00 -4.084050178527832031e+00
1.610922622680664062e+01 -6.331748008728027344e+00 -1.004263877868652344e+00
1.624804115295410156e+01 -5.586512565612792969e+00 -1.922353744506835938e+00
1.446691226959228516e+01 -6.327818393707275391e+00 2.655616700649261475e-01
1.468729782104492188e+01 -6.790064811706542969e+00 -1.384046792984008789e+00
1.526601028442382812e+01 -5.915193557739257812e+00 1.182361245155334473e+00
1.477320766448974609e+01 -3.698387384414672852e+00 2.148971319198608398e+00
1.510621547698974609e+01 -3.923409700393676758e+00 1.025208473205566406e+00
1.433428001403808594e+01 -3.031800508499145508e+00 1.182494044303894043e+00
1.571235752105712891e+01 -4.860230922698974609e+00 -3.267170190811157227e+00
1.513717651367187500e+01 -3.994453191757202148e+00 -2.481915712356567383e+00
1.515411090850830078e+01 -3.815499544143676758e+00 -9.080852270126342773e-01
1.488083553314208984e+01 -3.540580749511718750e+00 -1.417339801788330078e+00
1.425609302520751953e+01 -2.751610040664672852e+00 -7.813864350318908691e-01
1.371813488006591797e+01 -6.775677204132080078e+00 -6.193733215332031250e+00
1.514306735992431641e+01 -5.975847244262695312e+00 -6.481649875640869141e+00
1.227818012237548828e+01 -6.492406368255615234e+00 -6.611468791961669922e+00
1.281417942047119141e+01 -5.959563732147216797e+00 -7.399002552032470703e+00
1.578683757781982422e+01 -5.839596748352050781e+00 -5.554243087768554688e+00
1.545342731475830078e+01 -5.113667964935302734e+00 -5.851072788238525391e+00
1.489039802551269531e+01 -4.452739715576171875e+00 -5.469684123992919922e+00
1.314880943298339844e+01 -5.564298152923583984e+00 -7.252352714538574219e+00
1.252568054199218750e+01 -5.015120983123779297e+00 -6.566365718841552734e+00
1.337146186828613281e+01 -4.529699325561523438e+00 -6.035820960998535156e+00
1.348199272155761719e+01 -3.442081451416015625e+00 -4.869577884674072266e+00
1.486647319793701172e+01 -3.724131584167480469e+00 -2.722889423370361328e+00
1.477155017852783203e+01 -3.780963182449340820e+00 -4.426121711730957031e+00
1.418931865692138672e+01 -2.980862140655517578e+00 -3.656323194503784180e+00
1.012355613708496094e+01 -5.932720184326171875e+00 -2.617365121841430664e+00
7.000588417053222656e+00 -4.716858386993408203e+00 -2.268700599670410156e+00
7.292972564697265625e+00 -4.774704456329345703e+00 -1.820051789283752441e+00
6.843208312988281250e+00 -4.666081905364990234e+00 -2.855844974517822266e+00
1.044921588897705078e+01 -6.189677715301513672e+00 -2.187494277954101562e+00
9.001617431640625000e+00 -5.444888591766357422e+00 -1.783646941184997559e+00
7.961747169494628906e+00 -5.002979755401611328e+00 -1.418618202209472656e+00
9.552825927734375000e+00 -5.506346225738525391e+00 -3.352293491363525391e+00
9.894026756286621094e+00 -5.555129528045654297e+00 -4.611347198486328125e+00
8.297870635986328125e+00 -4.982836246490478516e+00 -3.899777650833129883e+00
1.352105808258056641e+01 -2.006763696670532227e+00 7.287488877773284912e-02
1.217758464813232422e+01 -7.387223243713378906e-01 -9.507077932357788086e-01
1.089382553100585938e+01 -5.980746746063232422e+00 -5.451713085174560547e+00
1.094649505615234375e+01 -5.456839084625244141e+00 -5.988987922668457031e+00
9.537132263183593750e+00 -5.101432800292968750e+00 -5.164266586303710938e+00
1.163065433502197266e+01 -4.747396469116210938e+00 -6.130073070526123047e+00
9.127337455749511719e+00 -4.354521751403808594e+00 -6.387338161468505859e+00
1.032969760894775391e+01 -3.587655544281005859e+00 -5.828483104705810547e+00
1.236953544616699219e+01 -3.745446920394897461e+00 -5.396845817565917969e+00
1.056605339050292969e+01 -3.252974271774291992e+00 -5.618700504302978516e+00
1.058665657043457031e+01 -2.327814579010009766e+00 -5.203526020050048828e+00
8.510335922241210938e+00 -3.706129550933837891e+00 -7.012653350830078125e+00
9.003796577453613281e+00 -3.116216182708740234e+00 -6.540149688720703125e+00
8.039852142333984375e+00 -2.043662786483764648e+00 -6.897705554962158203e+00
1.032571792602539062e+01 -1.662160754203796387e+00 -5.061591625213623047e+00
8.229649543762207031e+00 -1.726450443267822266e+00 -6.627089977264404297e+00
8.708969116210937500e+00 -5.126926302909851074e-01 -5.823853492736816406e+00
7.272557735443115234e+00 -1.714175194501876831e-01 -6.912409782409667969e+00
1.311012077331542969e+01 -2.222518205642700195e+00 -3.957740068435668945e+00
1.335764598846435547e+01 -1.681405186653137207e+00 -1.841428279876708984e+00
1.304615688323974609e+01 -1.430618286132812500e+00 -3.052654027938842773e+00
1.230971240997314453e+01 -4.772443771362304688e-01 -2.156732320785522461e+00
1.192372798919677734e+01 -2.208304405212402344e-01 -2.762262582778930664e+00
1.227964401245117188e+01 -2.005183219909667969e+00 -4.276650428771972656e+00
1.109358882904052734e+01 -1.323201060295104980e+00 -4.410222053527832031e+00
1.135005950927734375e+01 -6.905648708343505859e-01 -3.767318964004516602e+00
1.011528015136718750e+01 1.521579384803771973e+00 -1.690449118614196777e+00
9.215558052062988281e+00 2.285845756530761719e+00 -2.837102651596069336e+00
9.224747657775878906e+00 2.179305791854858398e+00 -3.282459735870361328e+00
8.540171623229980469e+00 2.890855550765991211e+00 -2.363515853881835938e+00
1.012435722351074219e+01 -9.844839572906494141e-01 -4.943307876586914062e+00
1.051091384887695312e+01 1.723958104848861694e-01 -4.021797657012939453e+00
8.354753494262695312e+00 1.160097941756248474e-01 -5.855859756469726562e+00
7.014014244079589844e+00 9.811750650405883789e-01 -6.428998470306396484e+00
1.386682796478271484e+01 -2.969843149185180664e+00 2.764149427413940430e+00
1.248446464538574219e+01 -1.914880394935607910e+00 3.059195041656494141e+00
1.127813053131103516e+01 -4.869770705699920654e-01 1.526182055473327637e+00
1.142949676513671875e+01 -4.434797465801239014e-01 3.584642708301544189e-01
1.000451755523681641e+01 1.051505878567695618e-01 3.256302118301391602e+00
8.885258674621582031e+00 1.395268678665161133e+00 2.689060211181640625e+00
9.426322937011718750e+00 1.014143824577331543e+00 2.159711122512817383e+00
7.329380035400390625e+00 2.431463003158569336e+00 3.019600868225097656e+00
7.164098739624023438e+00 2.987083911895751953e+00 1.853253602981567383e+00
9.788874626159667969e+00 1.074275612831115723e+00 4.056351184844970703e-01
1.001510429382324219e+01 1.362337231636047363e+00 -9.386984705924987793e-01
7.993287086486816406e+00 2.800379037857055664e+00 4.305683970451354980e-01
3.348758935928344727e+00 4.268600463867187500e+00 -3.472648262977600098e-01
6.220395088195800781e+00 3.658574819564819336e+00 2.834370434284210205e-01
5.476628303527832031e+00 4.029364585876464844e+00 -2.219649791717529297e+00
3.669791221618652344e+00 4.379890918731689453e+00 -6.853220462799072266e-01
2.846154928207397461e+00 3.813729286193847656e+00 -2.453497886657714844e+00
2.960551500320434570e+00 3.507792234420776367e+00 -3.326683282852172852e+00
-9.879818558692932129e-01 3.794166088104248047e+00 -7.640705704689025879e-01
2.148597955703735352e+00 3.143702507019042969e+00 -4.385652542114257812e+00
9.890465065836906433e-03 4.161470413208007812e+00 -3.142877817153930664e+00
3.075217008590698242e-01 3.711026906967163086e+00 -4.698279380798339844e+00
2.379544973373413086e+00 3.805740594863891602e+00 -2.565348148345947266e+00
5.100270748138427734e+00 -8.749048113822937012e-01 -8.894328117370605469e+00
2.941685438156127930e+00 3.089464008808135986e-01 -9.606925010681152344e+00
5.062274456024169922e+00 5.074713230133056641e-01 -8.112880706787109375e+00
3.642068147659301758e+00 5.635228157043457031e-01 -8.967877388000488281e+00
2.522362947463989258e+00 5.019781589508056641e-01 -9.800218582153320312e+00
1.545637249946594238e+00 1.849862217903137207e+00 -9.912057876586914062e+00
3.302225470542907715e-01 3.150159120559692383e+00 -9.157752990722656250e+00
1.112881079316139221e-01 3.002632856369018555e+00 -1.045823001861572266e+01
5.656043529510498047e+00 2.807862520217895508e+00 -4.857793331146240234e+00
6.164370536804199219e+00 1.889174699783325195e+00 -6.092052936553955078e+00
4.702524185180664062e+00 2.693439483642578125e+00 -5.246612071990966797e+00
4.799774169921875000e+00 2.388548374176025391e+00 -5.960270881652832031e+00
6.601485729217529297e+00 3.737561225891113281e+00 -2.724096775054931641e+00
6.586697578430175781e+00 1.284217357635498047e+00 -6.429379940032958984e+00
5.715692996978759766e+00 1.672873258590698242e+00 -6.605488777160644531e+00
4.861779689788818359e+00 1.782870650291442871e+00 -7.036683559417724609e+00
2.738021373748779297e+00 2.851476907730102539e+00 -5.060993194580078125e+00
2.816800117492675781e+00 2.091677427291870117e+00 -7.359076499938964844e+00
2.029599189758300781e+00 2.331014633178710938e+00 -6.811597347259521484e+00
9.565619379281997681e-02 3.304307699203491211e+00 -6.271035671234130859e+00
2.718996703624725342e-01 2.961119890213012695e+00 -7.758384227752685547e+00
3.029023408889770508e-01 3.033256769180297852e+00 -8.137436866760253906e+00
-3.297005414962768555e+00 3.399306058883666992e+00 -2.584277629852294922e+00
-5.634837627410888672e+00 3.067181587219238281e+00 -7.730668544769287109e+00
-4.809118747711181641e+00 3.486302852630615234e+00 -7.635033607482910156e+00
-4.258806705474853516e+00 3.353760242462158203e+00 -6.673982620239257812e+00
-2.169355869293212891e+00 3.286446571350097656e+00 -2.315740138292312622e-01
-1.891023874282836914e+00 3.753418445587158203e+00 -1.353623986244201660e+00
-1.528381943702697754e+00 4.097635269165039062e+00 -2.468322753906250000e+00
-1.353865385055541992e+00 4.393984794616699219e+00 -3.693774461746215820e+00
-1.182464122772216797e+00 4.402135372161865234e+00 -4.987793445587158203e+00
-4.801959991455078125e+00 4.081964492797851562e+00 -8.504940032958984375e+00
-4.506294250488281250e+00 4.557832717895507812e+00 -9.025279998779296875e+00
-1.981291294097900391e+00 4.464238166809082031e+00 -7.511897563934326172e+00
-3.350447416305541992e+00 4.461106777191162109e+00 -8.332216262817382812e+00
-1.541857957839965820e+00 3.653980493545532227e+00 -1.119945144653320312e+01
-1.229353189468383789e+00 3.508653879165649414e+00 -1.106370449066162109e+01
-3.828838348388671875e+00 4.853849887847900391e+00 -1.070553779602050781e+01
-2.048266410827636719e+00 4.182789802551269531e+00 -9.851106643676757812e+00
-3.122633397579193115e-01 3.481754064559936523e+00 -9.966818809509277344e+00
-2.158920764923095703e+00 4.561738491058349609e+00 -6.121653079986572266e+00
5.242670059204101562e+00 3.419092416763305664e+00 2.352022886276245117e+00
6.037677764892578125e+00 3.406113386154174805e+00 1.803676486015319824e+00
1.963763475418090820e+00 7.042129039764404297e-01 -1.028655815124511719e+01
-5.179755687713623047e-01 2.796003341674804688e+00 -1.161552429199218750e+01
4.406804740428924561e-01 2.525524616241455078e+00 -1.076942729949951172e+01
