1.601627826690673828e+00 -4.918788433074951172e+00 -2.691830873489379883e+00
2.328730821609497070e+00 -4.762633323669433594e+00 -1.887148022651672363e+00
1.559859633445739746e+00 -4.775791645050048828e+00 -2.283166646957397461e+00
-5.063656330108642578e+00 -8.107422828674316406e+00 -7.813200950622558594e+00
-4.998686790466308594e+00 -8.061650276184082031e+00 -1.156118869781494141e+01
-4.182481288909912109e+00 -8.320380210876464844e+00 -9.412549018859863281e+00
-7.262566089630126953e+00 -7.467403411865234375e+00 -7.048077583312988281e+00
-7.768153190612792969e+00 -7.350181102752685547e+00 -7.956671714782714844e+00
-5.689501285552978516e+00 -8.128396987915039062e+00 -9.815559387207031250e+00
-6.216488838195800781e+00 -7.996933460235595703e+00 -9.052616119384765625e+00
-6.479961872100830078e+00 -7.345394611358642578e+00 -1.204684829711914062e+01
-8.408061027526855469e+00 -6.366374015808105469e+00 -1.056656455993652344e+01
-8.331442832946777344e+00 -6.189453125000000000e+00 -1.128526496887207031e+01
-9.636217117309570312e+00 -5.267202377319335938e+00 -8.352466583251953125e+00
-1.004616165161132812e+01 -4.326356410980224609e+00 -8.706104278564453125e+00
-9.585143089294433594e+00 -4.644223690032958984e+00 -1.085857391357421875e+01
-8.206714630126953125e+00 -6.689753532409667969e+00 -5.433506488800048828e+00
-9.053155899047851562e+00 -6.092217922210693359e+00 -4.918188095092773438e+00
-7.948198795318603516e+00 -5.744634628295898438e+00 -3.392728090286254883e+00
-8.474149703979492188e+00 -5.229466915130615234e+00 -2.215231657028198242e+00
-6.936990737915039062e+00 -5.438603878021240234e+00 -3.100476503372192383e+00
-2.555378437042236328e+00 -5.021696567535400391e+00 -1.530497789382934570e+00
-3.332978963851928711e+00 -4.872568130493164062e+00 -5.660847425460815430e-01
-1.389071226119995117e+00 -4.974181652069091797e+00 -2.138407081365585327e-01
-7.352624416351318359e+00 -3.218967199325561523e+00 2.319234609603881836e+00
-5.323808670043945312e+00 -3.510727405548095703e+00 1.290341734886169434e+00
-3.829698324203491211e+00 -5.062221050262451172e+00 -2.121526718139648438e+00
-7.278975963592529297e+00 -4.795394897460937500e+00 -1.616048216819763184e+00
-6.284846305847167969e+00 -5.164892196655273438e+00 -2.774514436721801758e+00
-3.699431419372558594e+00 -4.405602931976318359e+00 1.501924693584442139e-01
-4.757473945617675781e+00 -7.275975227355957031e+00 -5.283230304718017578e+00
-4.527757644653320312e+00 -6.493635177612304688e+00 -4.077788829803466797e+00
-2.277324199676513672e+00 -7.653851509094238281e+00 -6.409251689910888672e+00
-2.876535892486572266e+00 -7.163936138153076172e+00 -5.056035041809082031e+00
-2.209095478057861328e+00 -7.173900127410888672e+00 -5.289144992828369141e+00
-1.351390957832336426e+00 -6.797240257263183594e+00 -5.036732673645019531e+00
-2.765621662139892578e+00 -6.771111488342285156e+00 -4.427559375762939453e+00
-5.252850055694580078e+00 -6.847193241119384766e+00 -4.666483402252197266e+00
-6.145988464355468750e+00 -7.665361881256103516e+00 -6.731462001800537109e+00
-8.694159507751464844e+00 -6.650722503662109375e+00 -6.443177700042724609e+00
-1.376728057861328125e+00 -4.971849918365478516e+00 -1.816747307777404785e+00
-8.960724472999572754e-01 -5.034059524536132812e+00 -2.259071826934814453e+00
-2.204763650894165039e+00 -5.116454124450683594e+00 -2.005389213562011719e+00
-3.016552627086639404e-01 -5.069962978363037109e+00 -1.174469232559204102e+00
6.800388097763061523e-01 -4.607301235198974609e+00 -1.573696374893188477e+00
-7.820180654525756836e-01 -5.393130302429199219e+00 -3.006037235260009766e+00
2.298522368073463440e-02 -5.489142894744873047e+00 -3.333359718322753906e+00
6.514753699302673340e-01 -4.753727912902832031e+00 -2.104330062866210938e+00
-9.493706703186035156e+00 -4.816890716552734375e+00 -2.033322811126708984e+00
-9.926082611083984375e+00 -4.893109798431396484e+00 -4.667892456054687500e+00
-9.334434509277343750e+00 -5.582788467407226562e+00 -3.819036006927490234e+00
-1.017981243133544922e+01 -3.763853549957275391e+00 -3.276746988296508789e+00
-1.030739212036132812e+01 -3.588855266571044922e+00 -4.704879283905029297e+00
-9.094576835632324219e+00 -4.093145847320556641e+00 3.177613019943237305e-01
-9.759367942810058594e+00 -4.179075241088867188e+00 -1.397671341896057129e+00
-9.799507141113281250e+00 -3.238431453704833984e+00 -2.707480788230895996e-01
-9.577676773071289062e+00 -2.936230659484863281e+00 9.105679392814636230e-01
-9.090982437133789062e+00 -2.733601570129394531e+00 2.174440145492553711e+00
-9.262630462646484375e+00 -1.639718055725097656e+00 1.276172757148742676e+00
-1.015852451324462891e+01 -2.700000047683715820e+00 -2.513973474502563477e+00
-1.008675289154052734e+01 -1.613261222839355469e+00 -2.644453048706054688e+00
-9.452794075012207031e+00 -1.297274589538574219e+00 -8.816932439804077148e-01
-7.929956436157226562e+00 -4.190036356449127197e-01 -6.427453756332397461e-01
-1.005170249938964844e+01 -4.637032032012939453e+00 -5.533673763275146484e+00
-1.033741092681884766e+01 -3.654146194458007812e+00 -5.413949966430664062e+00
-1.052559471130371094e+01 -2.260199069976806641e+00 -5.292372703552246094e+00
-1.058490848541259766e+01 -2.100674867630004883e+00 -5.862443923950195312e+00
-1.008061695098876953e+01 -6.580276489257812500e-01 -5.347723484039306641e+00
-1.058486652374267578e+01 -2.844367265701293945e+00 -7.952511310577392578e+00
-1.070901584625244141e+01 -1.948363184928894043e+00 -8.879806518554687500e+00
-1.060144138336181641e+01 -8.111049532890319824e-01 -8.510519981384277344e+00
-9.952041625976562500e+00 -3.294655680656433105e-01 -6.700338840484619141e+00
-8.379628181457519531e+00 -2.018439620733261108e-01 -2.249974489212036133e+00
-6.926323413848876953e+00 1.701754808425903320e+00 -3.687076091766357422e+00
-9.017286300659179688e+00 3.873746693134307861e-01 -6.201570987701416016e+00
-7.575913429260253906e+00 1.439697146415710449e+00 -4.988190650939941406e+00
1.321182441711425781e+01 -6.395332336425781250e+00 5.195396423339843750e+00
1.348847007751464844e+01 -6.251202106475830078e+00 1.018743991851806641e+00
1.300757503509521484e+01 -6.033176898956298828e+00 1.771757602691650391e+00
1.486561203002929688e+01 -6.266416072845458984e+00 2.177286386489868164e+00
1.474849891662597656e+01 -5.697420120239257812e+00 3.399636030197143555e+00
1.198955917358398438e+01 -5.741917133331298828e+00 3.200695037841796875e+00
4.432737827301025391e+00 -1.232269048690795898e+00 4.993116855621337891e+00
5.261323928833007812e+00 -1.034456491470336914e+00 6.107327461242675781e+00
6.693180561065673828e+00 -4.808918476104736328e+00 -1.566365599632263184e+00
8.942788124084472656e+00 -6.151999473571777344e+00 -1.040205717086791992e+00
8.171965599060058594e+00 -6.065602302551269531e+00 -8.824298977851867676e-01
7.516469001770019531e+00 -6.109628200531005859e+00 -2.658595144748687744e-01
2.634831190109252930e+00 -5.345215797424316406e+00 4.771030843257904053e-01
4.351160049438476562e+00 -4.670367717742919922e+00 -1.429947853088378906e+00
5.231795787811279297e+00 -5.046111106872558594e+00 -1.067540168762207031e+00
2.357631206512451172e+00 -4.268238067626953125e+00 -1.222870111465454102e+00
4.175636768341064453e+00 -4.696055412292480469e+00 -1.209285974502563477e+00
5.192051887512207031e+00 -5.446944236755371094e+00 3.671391606330871582e-01
5.886969089508056641e+00 -5.884330749511718750e+00 -4.413949549198150635e-01
3.175896883010864258e+00 -5.437680721282958984e+00 -5.121002793312072754e-01
9.587203979492187500e+00 -4.814270019531250000e+00 3.505888223648071289e+00
1.018449592590332031e+01 -4.753341197967529297e+00 5.519048690795898438e+00
1.011648750305175781e+01 -4.602390766143798828e+00 4.796855926513671875e+00
8.879890441894531250e+00 -3.697034835815429688e+00 5.802608966827392578e+00
9.065981864929199219e+00 -4.530172824859619141e+00 3.524353027343750000e+00
9.094891548156738281e+00 -5.612156391143798828e+00 1.750876545906066895e+00
8.739307403564453125e+00 -5.812075614929199219e+00 1.232404232025146484e+00
5.581640720367431641e+00 -1.229052543640136719e+00 4.181596279144287109e+00
6.263166427612304688e+00 -3.461829900741577148e+00 2.580584287643432617e+00
5.680029392242431641e+00 -3.771193027496337891e+00 2.036901235580444336e+00
4.573113918304443359e+00 -1.751947760581970215e+00 3.151174068450927734e+00
4.660966396331787109e+00 -1.384834527969360352e+00 3.820194244384765625e+00
7.050954341888427734e+00 -2.154442310333251953e+00 4.541046619415283203e+00
6.773026943206787109e+00 -1.834702253341674805e+00 5.752427577972412109e+00
6.626068115234375000e+00 -5.257726192474365234e+00 1.151277065277099609e+00
1.211452293395996094e+01 -5.334066390991210938e+00 7.080502986907958984e+00
1.368978786468505859e+01 -5.307068824768066406e+00 4.990387916564941406e+00
1.258282184600830078e+01 -4.109853267669677734e+00 5.371536731719970703e+00
1.342996025085449219e+01 -3.929736614227294922e+00 3.522919893264770508e+00
7.951406955718994141e+00 -2.771945238113403320e+00 7.048460960388183594e+00
7.435786247253417969e+00 -2.401934623718261719e+00 6.943680763244628906e+00
4.179727077484130859e+00 -7.049803733825683594e-01 6.708240032196044922e+00
9.767525672912597656e+00 -4.467001914978027344e+00 6.981157302856445312e+00
1.053002166748046875e+01 -3.182000160217285156e+00 6.684045314788818359e+00
1.083977031707763672e+01 -2.899499177932739258e+00 5.805254459381103516e+00
8.691991806030273438e+00 -1.597596406936645508e+00 6.580223083496093750e+00
9.043108940124511719e+00 -1.327950477600097656e+00 5.611753940582275391e+00
1.111440181732177734e+01 -2.681273937225341797e+00 4.768203735351562500e+00
1.145303249359130859e+01 -2.359031200408935547e+00 3.717599153518676758e+00
6.606134891510009766e+00 -1.533286094665527344e+00 6.537040233612060547e+00
7.745162010192871094e+00 -1.015567660331726074e+00 6.440065860748291016e+00
6.993308067321777344e+00 -1.903901100158691406e-01 5.710750102996826172e+00
6.232397079467773438e+00 -3.916698694229125977e-01 6.039525508880615234e+00
5.614290237426757812e+00 6.255972981452941895e-01 5.375400543212890625e+00
8.079583168029785156e+00 8.918285369873046875e-03 4.493512630462646484e+00
5.688755035400390625e+00 1.781224608421325684e+00 4.015747070312500000e+00
6.084383964538574219e+00 1.925074815750122070e+00 3.583073139190673828e+00
-2.096615791320800781e+00 -2.770362377166748047e+00 3.798524379730224609e+00
-1.478528141975402832e+00 -3.779191732406616211e+00 1.688443779945373535e+00
-1.426779866218566895e+00 -4.630343914031982422e+00 4.144740700721740723e-01
-1.583831667900085449e+00 -2.837578058242797852e+00 3.518255710601806641e+00
-2.153643816709518433e-01 -2.627190828323364258e+00 2.394748210906982422e+00
-5.039330482482910156e+00 -3.473961114883422852e+00 1.482361674308776855e+00
-4.325023174285888672e+00 -3.308206558227539062e+00 2.219041585922241211e+00
-5.779638767242431641e+00 -2.600485801696777344e+00 3.405200004577636719e+00
-5.248897552490234375e+00 -3.017616510391235352e+00 2.549973487854003906e+00
-4.064144611358642578e+00 -2.818288564682006836e+00 3.399977922439575195e+00
-2.737730979919433594e+00 -1.594681382179260254e+00 4.898334026336669922e+00
-5.641859054565429688e+00 -1.272743821144104004e+00 4.721123695373535156e+00
-5.345138549804687500e+00 -7.407640814781188965e-01 4.927216053009033203e+00
2.540816307067871094e+00 -1.694463849067687988e+00 3.685523509979248047e+00
1.367365360260009766e+00 -8.672825098037719727e-01 4.132699012756347656e+00
-5.757827311754226685e-02 -1.155488848686218262e+00 3.665534734725952148e+00
1.076205968856811523e+00 -3.149245381355285645e-01 4.661574363708496094e+00
2.485550403594970703e+00 -1.136373996734619141e+00 5.272095680236816406e+00
3.458349704742431641e+00 -7.234125137329101562e-01 6.603747367858886719e+00
1.077451944351196289e+00 7.659946680068969727e-01 5.367532253265380859e+00
-3.208899736404418945e+00 -1.372100830078125000e+00 5.035349369049072266e+00
-4.251472949981689453e+00 3.067294955253601074e-01 5.023283481597900391e+00
-2.762717962265014648e+00 5.896833539009094238e-01 5.146292209625244141e+00
-1.203292846679687500e+00 1.652449369430541992e+00 4.400589942932128906e+00
-3.903423309326171875e+00 1.027324318885803223e+00 4.052366733551025391e+00
-3.841039896011352539e+00 1.429432034492492676e+00 2.891302108764648438e+00
-1.216613650321960449e-01 -5.071063518524169922e+00 -4.972262308001518250e-02
3.539881408214569092e-01 -4.929857254028320312e+00 -8.473950624465942383e-02
8.751267790794372559e-01 -4.935732841491699219e+00 6.601601094007492065e-02
1.699496626853942871e+00 -3.756329298019409180e+00 1.452944397926330566e+00
1.550518035888671875e+00 -4.954318046569824219e+00 6.222922205924987793e-01
1.668782949447631836e+00 -3.755753517150878906e+00 -1.336031436920166016e+00
1.919609189033508301e+00 -2.583736658096313477e+00 2.383919715881347656e+00
2.262028217315673828e+00 1.319199085235595703e+00 5.411544322967529297e+00
2.815997600555419922e+00 2.208276033401489258e+00 4.026296138763427734e+00
2.543883562088012695e+00 2.938726663589477539e+00 2.939054727554321289e+00
-9.024768471717834473e-01 2.501473665237426758e+00 2.603504180908203125e+00
-7.037913799285888672e-01 1.972278594970703125e+00 4.164524555206298828e+00
5.200436115264892578e-01 2.558049201965332031e+00 3.209506273269653320e+00
-1.738701939582824707e+00 3.179786205291748047e+00 1.063904836773872375e-01
-7.563650608062744141e+00 -2.470829010009765625e+00 3.562290430068969727e+00
-7.314195632934570312e+00 -1.437351465225219727e+00 4.224840641021728516e+00
-7.949341297149658203e+00 -8.262535333633422852e-01 2.913635492324829102e+00
-6.800201892852783203e+00 -1.172217965126037598e+00 4.472437858581542969e+00
-7.008465766906738281e+00 -3.786283433437347412e-01 3.066629171371459961e+00
-6.416086196899414062e+00 1.840468347072601318e-01 1.423423767089843750e+00
-6.216404438018798828e+00 1.335322409868240356e-01 2.395541906356811523e+00
-6.922221660614013672e+00 2.277180552482604980e-01 -8.129390478134155273e-01
-3.759529352188110352e+00 1.656730175018310547e+00 1.846562266349792480e+00
-5.362175941467285156e+00 2.014729261398315430e+00 -1.992897987365722656e+00
-3.647292852401733398e+00 3.035261154174804688e+00 -1.669226527214050293e+00
3.336356878280639648e+00 4.682004451751708984e-01 6.275141716003417969e+00
2.939038753509521484e+00 1.466102361679077148e+00 5.139780044555664062e+00
3.761261940002441406e+00 1.702147722244262695e+00 4.528265953063964844e+00
4.459426403045654297e+00 2.326930761337280273e+00 3.537194252014160156e+00
3.828710794448852539e+00 3.049196243286132812e+00 2.863340854644775391e+00
7.762259006500244141e+00 -4.938317775726318359e+00 -3.928395748138427734e+00
2.413926124572753906e+00 -5.060771465301513672e+00 -3.028354167938232422e+00
5.534446716308593750e+00 -4.718885421752929688e+00 -2.463257789611816406e+00
6.346528053283691406e+00 -4.685361862182617188e+00 -2.920140743255615234e+00
3.071606636047363281e+00 -4.998292446136474609e+00 -2.901644706726074219e+00
2.088389635086059570e+00 -5.936544418334960938e+00 -5.251294136047363281e+00
2.622842550277709961e+00 -5.813468456268310547e+00 -6.252708435058593750e+00
3.885814905166625977e+00 -5.148687839508056641e+00 -5.596970558166503906e+00
5.939581394195556641e+00 -4.818353176116943359e+00 -3.704274654388427734e+00
7.162290096282958984e+00 -4.982394695281982422e+00 -4.041098594665527344e+00
2.441242456436157227e+00 -5.624010086059570312e+00 -8.458204269409179688e+00
8.302539825439453125e+00 -5.035063743591308594e+00 -6.005098819732666016e+00
3.296080112457275391e+00 -5.337331295013427734e+00 -7.115265846252441406e+00
3.709340572357177734e+00 -4.728899955749511719e+00 -7.898662090301513672e+00
6.280179977416992188e+00 -5.096685409545898438e+00 -5.375798702239990234e+00
7.393887519836425781e+00 -4.963882446289062500e+00 -6.328507900238037109e+00
5.870042800903320312e+00 -4.198177814483642578e+00 -7.250335216522216797e+00
7.523139476776123047e+00 -4.062197685241699219e+00 -7.365325450897216797e+00
5.584704399108886719e+00 -3.877439737319946289e+00 -7.627905845642089844e+00
5.157972812652587891e+00 -2.846502304077148438e+00 -8.643532752990722656e+00
5.233650207519531250e+00 -2.084821224212646484e+00 -8.897358894348144531e+00
-3.349565744400024414e+00 -7.970885276794433594e+00 -1.205112075805664062e+01
-3.130315065383911133e+00 -8.214969635009765625e+00 -1.051165962219238281e+01
-3.962114334106445312e+00 -7.544239521026611328e+00 -1.315412330627441406e+01
-1.582812190055847168e+00 -6.563662052154541016e+00 -1.323970508575439453e+01
-3.558321714401245117e+00 -6.335219383239746094e+00 -1.445591735839843750e+01
-3.376780986785888672e+00 -5.282024383544921875e+00 -1.518911933898925781e+01
-6.631587505340576172e+00 -6.537694454193115234e+00 -1.316429996490478516e+01
-7.072539806365966797e+00 -6.213726043701171875e+00 -1.318180561065673828e+01
-7.758589267730712891e+00 -5.233808517456054688e+00 -1.366841030120849609e+01
-5.720060825347900391e+00 -7.132881164550781250e+00 -1.307162952423095703e+01
-8.473236083984375000e+00 -5.366472721099853516e+00 -1.255629730224609375e+01
-7.365134239196777344e+00 -4.566248893737792969e+00 -1.456752681732177734e+01
-4.152980804443359375e+00 -5.536348819732666016e+00 -1.502505111694335938e+01
-5.997437477111816406e+00 -4.383960247039794922e+00 -1.525285625457763672e+01
-2.713081598281860352e+00 -5.388843059539794922e+00 -1.501084136962890625e+01
-2.178869009017944336e+00 -4.296915054321289062e+00 -1.536762142181396484e+01
-3.724783420562744141e+00 -3.717546463012695312e+00 -1.574997901916503906e+01
-2.792189836502075195e+00 -3.188908576965332031e+00 -1.571379089355468750e+01
-4.991359710693359375e+00 -2.651600360870361328e+00 -1.593877601623535156e+01
-3.922168016433715820e+00 -1.505314350128173828e+00 -1.593430042266845703e+01
-9.300130844116210938e+00 -4.442280292510986328e+00 -1.221385955810546875e+01
-8.934495925903320312e+00 -4.002909183502197266e+00 -1.343849277496337891e+01
-9.910488128662109375e+00 -2.864606380462646484e+00 -1.234017181396484375e+01
-1.040036106109619141e+01 -1.440537095069885254e+00 -1.151409244537353516e+01
-8.549715042114257812e+00 -3.350513696670532227e+00 -1.435470104217529297e+01
-7.693166255950927734e+00 -2.968061923980712891e+00 -1.519290542602539062e+01
-9.821794509887695312e+00 -9.254442453384399414e-01 -1.327985382080078125e+01
-9.375477790832519531e+00 -3.279334604740142822e-01 -1.420172786712646484e+01
-8.487976074218750000e+00 -9.515767693519592285e-01 -1.507085037231445312e+01
-7.136497497558593750e+00 1.603306978940963745e-01 -1.576795387268066406e+01
-7.628359317779541016e+00 8.155680298805236816e-01 -1.553496170043945312e+01
-1.520632982254028320e+00 -7.555658340454101562e+00 -6.883415699005126953e+00
-4.213013350963592529e-01 -7.157173633575439453e+00 -8.630860328674316406e+00
7.259820401668548584e-02 -6.570856094360351562e+00 -5.590898513793945312e+00
6.182227134704589844e-01 -6.687225818634033203e+00 -6.757666110992431641e+00
-2.398886233568191528e-01 -6.931035041809082031e+00 -9.610373497009277344e+00
-5.142746865749359131e-02 -5.895750045776367188e+00 -1.240141201019287109e+01
1.350903749465942383e+00 -6.393079280853271484e+00 -6.419938564300537109e+00
2.019504070281982422e+00 -5.954716205596923828e+00 -8.191281318664550781e+00
-7.616915702819824219e-01 -5.088133335113525391e+00 -1.430256843566894531e+01
1.023666858673095703e+00 -4.963480949401855469e+00 -1.243750095367431641e+01
-1.231928586959838867e+00 -3.741079807281494141e+00 -1.520144462585449219e+01
-1.931726783514022827e-01 -3.008408546447753906e+00 -1.485967159271240234e+01
1.959293127059936523e+00 -5.054325103759765625e+00 -1.069758224487304688e+01
-1.089306712150573730e+00 -2.406685829162597656e+00 -1.528065109252929688e+01
-1.308658838272094727e+00 -1.698725819587707520e+00 -1.534063148498535156e+01
2.141183853149414062e+00 -3.537091016769409180e+00 -1.149258708953857422e+01
8.843327760696411133e-01 -1.870598077774047852e+00 -1.348734855651855469e+01
7.970078587532043457e-01 -1.144803285598754883e+00 -1.333467864990234375e+01
-2.607437849044799805e+00 -1.780428528785705566e+00 -1.569790077209472656e+01
-2.676988124847412109e+00 -8.106526136398315430e-01 -1.564078903198242188e+01
-5.085547447204589844e+00 4.535271525382995605e-01 -1.588818454742431641e+01
-2.886709928512573242e+00 1.006869077682495117e+00 -1.536708164215087891e+01
-2.164445161819458008e+00 1.174075245857238770e+00 -1.512434291839599609e+01
-4.978776872158050537e-01 1.148772239685058594e+00 -1.388986968994140625e+01
-2.882437229156494141e+00 2.079582691192626953e+00 -1.503579044342041016e+01
-2.466073989868164062e+00 2.787932395935058594e+00 -1.464607906341552734e+01
2.702818155288696289e+00 -3.969795465469360352e+00 -1.033763694763183594e+01
3.519633769989013672e+00 -2.613750219345092773e+00 -1.011174297332763672e+01
3.012214183807373047e+00 -1.850441813468933105e+00 -1.085289287567138672e+01
9.638870358467102051e-01 -2.826013863086700439e-01 -1.281303882598876953e+01
1.482876062393188477e+00 4.703796934336423874e-03 -1.211025333404541016e+01
2.349068164825439453e+00 -2.210484147071838379e-01 -1.122739028930664062e+01
1.081337690353393555e+00 4.153550267219543457e-01 -1.233595371246337891e+01
-1.051173973083496094e+01 -9.673399925231933594e-01 -1.098839378356933594e+01
-9.968473434448242188e+00 6.842774748802185059e-01 -1.291967678070068359e+01
-1.030338191986083984e+01 -1.699684187769889832e-02 -1.048314857482910156e+01
-1.007275772094726562e+01 -1.218305155634880066e-01 -9.020488739013671875e+00
-9.727435111999511719e+00 5.428140163421630859e-01 -1.002541923522949219e+01
-9.964930534362792969e+00 9.227811694145202637e-01 -1.155003356933593750e+01
-9.435510635375976562e+00 2.034468412399291992e+00 -1.278221416473388672e+01
-8.822064399719238281e+00 1.396024465560913086e+00 -9.341365814208984375e+00
-8.418365478515625000e+00 2.397083282470703125e+00 -1.037449073791503906e+01
-8.198945045471191406e+00 1.157673954963684082e+00 -6.069815158843994141e+00
-7.961778640747070312e+00 1.592859745025634766e+00 -7.151256084442138672e+00
-8.283810615539550781e+00 1.879012465476989746e+00 -8.737268447875976562e+00
-7.901513099670410156e+00 2.546676635742187500e+00 -9.731695175170898438e+00
-6.298142910003662109e+00 2.697506189346313477e+00 -7.678737640380859375e+00
-6.214662551879882812e+00 3.006773948669433594e+00 -8.161474227905273438e+00
-8.636539459228515625e+00 2.203178405761718750e+00 -1.428971004486083984e+01
-8.037507057189941406e+00 2.231832504272460938e+00 -1.472974586486816406e+01
-7.638913154602050781e+00 3.443798303604125977e+00 -1.351154518127441406e+01
-6.656752586364746094e+00 4.264382839202880859e+00 -1.313642215728759766e+01
-6.100916385650634766e+00 1.894397139549255371e+00 -1.547479438781738281e+01
-5.845496177673339844e+00 2.185014486312866211e+00 -1.532614517211914062e+01
-5.171567440032958984e+00 3.967234134674072266e+00 -1.412134647369384766e+01
-4.615509033203125000e+00 3.959881067276000977e+00 -1.424850654602050781e+01
-5.868916511535644531e+00 3.770045518875122070e+00 -1.412463665008544922e+01
-8.275287628173828125e+00 3.284192562103271484e+00 -1.224569892883300781e+01
-6.243857860565185547e+00 4.413939952850341797e+00 -1.238028907775878906e+01
-5.556241512298583984e+00 4.379274845123291016e+00 -1.074396991729736328e+01
-3.388953685760498047e+00 4.232350826263427734e+00 -1.348790359497070312e+01
-3.170768022537231445e+00 4.293554306030273438e+00 -1.287017059326171875e+01
-5.220479965209960938e+00 4.433979511260986328e+00 -1.221927356719970703e+01
-4.468960285186767578e+00 4.633945941925048828e+00 -1.232633495330810547e+01
-3.216680049896240234e+00 4.683457851409912109e+00 -1.144302463531494141e+01
-4.957779407501220703e+00 4.783682823181152344e+00 -1.084848690032958984e+01
-3.795377254486083984e+00 4.890223026275634766e+00 -1.117161273956298828e+01
-6.641063213348388672e+00 3.681799173355102539e+00 -1.050124740600585938e+01
-5.932648658752441406e+00 3.622546672821044922e+00 -9.034119606018066406e+00
3.057214021682739258e+00 -1.948863416910171509e-01 -1.030160617828369141e+01
-1.389101296663284302e-01 1.526252150535583496e+00 -1.287740898132324219e+01
-2.114242315292358398e+00 3.219756603240966797e+00 -1.359484100341796875e+01
9.955538511276245117e-01 7.981240153312683105e-01 -1.168915367126464844e+01
-1.053994417190551758e+00 2.882051229476928711e+00 -1.233845329284667969e+01
-2.713856935501098633e+00 3.844262123107910156e+00 -1.327021408081054688e+01
-1.649907112121582031e+00 3.644385814666748047e+00 -1.187533569335937500e+01
1.140128231048583984e+01 -6.541420459747314453e+00 -3.285609006881713867e+00
1.325199604034423828e+01 -6.753130435943603516e+00 -1.572374701499938965e+00
1.115481758117675781e+01 -6.306935310363769531e+00 -6.333897113800048828e-01
1.095274066925048828e+01 -6.434414386749267578e+00 -2.469539642333984375e+00
1.431713676452636719e+01 -7.066190719604492188e+00 -4.987573623657226562e+00
1.194748687744140625e+01 -6.642360210418701172e+00 -3.914439439773559570e+00
1.267089939117431641e+01 -6.671344280242919922e+00 -5.447674274444580078e+00
1.308550834655761719e+01 -6.939339160919189453e+00 -3.596391677856445312e+00
1.553264331817626953e+01 -7.129707336425781250e+00 -3.501981258392333984e+00
1.598942852020263672e+01 -6.080160140991210938e+00 -4.089462280273437500e+00
1.613917350769042969e+01 -6.584804058074951172e+00 -1.009489893913269043e+00
1.628631782531738281e+01 -5.824086189270019531e+00 -1.909622430801391602e+00
1.448853969573974609e+01 -6.607575416564941406e+00 2.473017424345016479e-01
1.471135330200195312e+01 -6.992926597595214844e+00 -1.403720140457153320e+00
1.529717540740966797e+01 -6.355132102966308594e+00 1.181382536888122559e+00
1.477983665466308594e+01 -4.424488067626953125e+00 2.257774591445922852e+00
1.510712051391601562e+01 -4.397449970245361328e+00 1.080452561378479004e+00
1.431746768951416016e+01 -3.577621698379516602e+00 1.245426297187805176e+00
1.574090862274169922e+01 -5.053709030151367188e+00 -3.254339456558227539e+00
1.518874931335449219e+01 -4.195484638214111328e+00 -2.464056491851806641e+00
1.517465209960937500e+01 -4.103220462799072266e+00 -8.761845231056213379e-01
1.493500518798828125e+01 -3.766389131546020508e+00 -1.389529466629028320e+00
1.431746864318847656e+01 -3.025382995605468750e+00 -7.357490658760070801e-01
1.377840042114257812e+01 -6.843263149261474609e+00 -6.212453365325927734e+00
1.521816539764404297e+01 -6.052848815917968750e+00 -6.494723796844482422e+00
1.233811855316162109e+01 -6.543824195861816406e+00 -6.632659912109375000e+00
1.288151168823242188e+01 -6.005843639373779297e+00 -7.414645671844482422e+00
1.586768627166748047e+01 -5.965363979339599609e+00 -5.563867092132568359e+00
1.556087112426757812e+01 -5.202225685119628906e+00 -5.861283779144287109e+00
1.500007820129394531e+01 -4.535094261169433594e+00 -5.473057746887207031e+00
1.322265148162841797e+01 -5.615101814270019531e+00 -7.263490200042724609e+00
1.259431552886962891e+01 -5.062834262847900391e+00 -6.573667526245117188e+00
1.345431613922119141e+01 -4.588927745819091797e+00 -6.039901256561279297e+00
1.357315635681152344e+01 -3.514865875244140625e+00 -4.864326477050781250e+00
1.494533348083496094e+01 -3.881875038146972656e+00 -2.705949068069458008e+00
1.487597274780273438e+01 -3.885859489440917969e+00 -4.416823863983154297e+00
1.431339550018310547e+01 -3.063659191131591797e+00 -3.648845195770263672e+00
1.015060043334960938e+01 -5.983914375305175781e+00 -2.639936447143554688e+00
7.020583152770996094e+00 -4.750387191772460938e+00 -2.290446996688842773e+00
7.312537193298339844e+00 -4.809446334838867188e+00 -1.843820452690124512e+00
6.864073753356933594e+00 -4.701153755187988281e+00 -2.875682353973388672e+00
1.047049522399902344e+01 -6.247166633605957031e+00 -2.207669258117675781e+00
9.024949073791503906e+00 -5.486326694488525391e+00 -1.809279680252075195e+00
7.981594562530517578e+00 -5.044342041015625000e+00 -1.448160290718078613e+00
9.585525512695312500e+00 -5.547355175018310547e+00 -3.376681566238403320e+00
9.931180953979492188e+00 -5.614461421966552734e+00 -4.636141777038574219e+00
8.326084136962890625e+00 -5.027345657348632812e+00 -3.920666217803955078e+00
1.357961368560791016e+01 -2.297731399536132812e+00 1.332398653030395508e-01
1.218659687042236328e+01 -1.009457349777221680e+00 -9.288750886917114258e-01
1.093793296813964844e+01 -6.049055576324462891e+00 -5.476341724395751953e+00
1.099961662292480469e+01 -5.507497787475585938e+00 -6.007769107818603516e+00
9.573717117309570312e+00 -5.148028850555419922e+00 -5.186706066131591797e+00
1.169000244140625000e+01 -4.790718555450439453e+00 -6.140127658843994141e+00
9.162133216857910156e+00 -4.379634857177734375e+00 -6.400218009948730469e+00
1.037606716156005859e+01 -3.618427038192749023e+00 -5.839915275573730469e+00
1.243720531463623047e+01 -3.793736696243286133e+00 -5.398767948150634766e+00
1.061702060699462891e+01 -3.286448717117309570e+00 -5.623347282409667969e+00
1.063324832916259766e+01 -2.365364074707031250e+00 -5.195457935333251953e+00
8.529729843139648438e+00 -3.720455169677734375e+00 -7.016792774200439453e+00
9.032192230224609375e+00 -3.139069557189941406e+00 -6.543365001678466797e+00
8.048157691955566406e+00 -2.056739091873168945e+00 -6.893303394317626953e+00
1.036325931549072266e+01 -1.696917414665222168e+00 -5.052633285522460938e+00
8.242002487182617188e+00 -1.747235178947448730e+00 -6.619043827056884766e+00
8.726568222045898438e+00 -5.367961525917053223e-01 -5.812777996063232422e+00
7.279726982116699219e+00 -1.843006461858749390e-01 -6.906959056854248047e+00
1.321436214447021484e+01 -2.292514085769653320e+00 -3.949256658554077148e+00
1.344406986236572266e+01 -1.860222220420837402e+00 -1.806321024894714355e+00
1.315149593353271484e+01 -1.507237076759338379e+00 -3.028544664382934570e+00
1.238173675537109375e+01 -6.006278991699218750e-01 -2.116835594177246094e+00
1.202194309234619141e+01 -2.651491761207580566e-01 -2.737834692001342773e+00
1.235924339294433594e+01 -2.053780794143676758e+00 -4.268133163452148438e+00
1.115725421905517578e+01 -1.361509203910827637e+00 -4.395994663238525391e+00
1.143434810638427734e+01 -7.208305001258850098e-01 -3.758164644241333008e+00
1.013406848907470703e+01 1.427715539932250977e+00 -1.656539559364318848e+00
9.235996246337890625e+00 2.222636222839355469e+00 -2.809441804885864258e+00
9.250304222106933594e+00 2.152992248535156250e+00 -3.271034717559814453e+00
8.550377845764160156e+00 2.829513072967529297e+00 -2.348964452743530273e+00
1.015202522277832031e+01 -1.016332745552062988e+00 -4.928680896759033203e+00
1.054950332641601562e+01 1.419932693243026733e-01 -4.008425235748291016e+00
8.364682197570800781e+00 1.016457676887512207e-01 -5.848216056823730469e+00
7.017782211303710938e+00 9.686669707298278809e-01 -6.422730445861816406e+00
1.384030151367187500e+01 -3.826750993728637695e+00 2.854186058044433594e+00
1.248443317413330078e+01 -2.715542316436767578e+00 3.113284111022949219e+00
1.121759891510009766e+01 -1.140509963035583496e+00 1.512518286705017090e+00
1.137852478027343750e+01 -8.818636536598205566e-01 3.497284352779388428e-01
9.918720245361328125e+00 -7.699195146560668945e-01 3.172453403472900391e+00
8.807116508483886719e+00 6.404527425765991211e-01 2.576775312423706055e+00
9.323025703430175781e+00 3.038982748985290527e-01 2.085040807723999023e+00
7.256799221038818359e+00 1.687669754028320312e+00 2.855176210403442383e+00
7.130335330963134766e+00 2.457034111022949219e+00 1.775399446487426758e+00
9.722387313842773438e+00 6.031513214111328125e-01 3.686203658580780029e-01
9.996100425720214844e+00 1.060169458389282227e+00 -9.252715110778808594e-01
7.985173225402832031e+00 2.460822582244873047e+00 3.939444124698638916e-01
3.353821754455566406e+00 4.277161598205566406e+00 -3.427597880363464355e-01
6.214946746826171875e+00 3.458375692367553711e+00 2.517538070678710938e-01
5.483590126037597656e+00 4.006048202514648438e+00 -2.214605093002319336e+00
3.679214954376220703e+00 4.385651111602783203e+00 -6.806038618087768555e-01
2.851256608963012695e+00 3.816729068756103516e+00 -2.452046871185302734e+00
2.962333679199218750e+00 3.505174160003662109e+00 -3.326311111450195312e+00
-9.878168106079101562e-01 3.794956922531127930e+00 -7.641310691833496094e-01
2.148748159408569336e+00 3.139764070510864258e+00 -4.384073734283447266e+00
1.114604808390140533e-02 4.160074710845947266e+00 -3.142494678497314453e+00
3.082309961318969727e-01 3.708148717880249023e+00 -4.696819305419921875e+00
2.381895780563354492e+00 3.805783510208129883e+00 -2.564466238021850586e+00
5.102707386016845703e+00 -8.791489005088806152e-01 -8.893204689025878906e+00
2.942453145980834961e+00 3.030694425106048584e-01 -9.606305122375488281e+00
5.063279151916503906e+00 4.961424171924591064e-01 -8.108124732971191406e+00
3.642799377441406250e+00 5.559616088867187500e-01 -8.966204643249511719e+00
2.522992849349975586e+00 4.970546960830688477e-01 -9.799600601196289062e+00
1.546095013618469238e+00 1.845820665359497070e+00 -9.910720825195312500e+00
3.290811777114868164e-01 3.144817113876342773e+00 -9.155684471130371094e+00
1.116986349225044250e-01 2.999801635742187500e+00 -1.045692348480224609e+01
5.657856941223144531e+00 2.795159816741943359e+00 -4.856166839599609375e+00
6.164823055267333984e+00 1.876838922500610352e+00 -6.087239265441894531e+00
4.702329158782958984e+00 2.688444852828979492e+00 -5.245835781097412109e+00
4.797621250152587891e+00 2.379463434219360352e+00 -5.957873821258544922e+00
6.603631019592285156e+00 3.703325510025024414e+00 -2.717134475708007812e+00
6.587547302246093750e+00 1.271538972854614258e+00 -6.424273014068603516e+00
5.714056491851806641e+00 1.657737135887145996e+00 -6.599997043609619141e+00
4.858740806579589844e+00 1.768303155899047852e+00 -7.031328201293945312e+00
2.737460613250732422e+00 2.845277547836303711e+00 -5.059277057647705078e+00
2.815432071685791016e+00 2.080960750579833984e+00 -7.355021953582763672e+00
2.028318405151367188e+00 2.325549125671386719e+00 -6.809833526611328125e+00
9.578248858451843262e-02 3.300940036773681641e+00 -6.269619941711425781e+00
2.719258069992065430e-01 2.957404375076293945e+00 -7.756920337677001953e+00
3.029572367668151855e-01 3.028665542602539062e+00 -8.135910987854003906e+00
-3.296619415283203125e+00 3.400045394897460938e+00 -2.584493398666381836e+00
-5.633811473846435547e+00 3.066570281982421875e+00 -7.731344223022460938e+00
-4.808966636657714844e+00 3.484661579132080078e+00 -7.635159015655517578e+00
-4.259271621704101562e+00 3.353263139724731445e+00 -6.673349857330322266e+00
-2.170645713806152344e+00 3.289479970932006836e+00 -2.309491336345672607e-01
-1.889124155044555664e+00 3.751434803009033203e+00 -1.354820489883422852e+00
-1.527436375617980957e+00 4.094438552856445312e+00 -2.468712568283081055e+00
-1.353297233581542969e+00 4.391359806060791016e+00 -3.692726373672485352e+00
-1.182011961936950684e+00 4.399869918823242188e+00 -4.986251354217529297e+00
-4.800765514373779297e+00 4.079814434051513672e+00 -8.505076408386230469e+00
-4.505508899688720703e+00 4.556005001068115234e+00 -9.025026321411132812e+00
-1.980542063713073730e+00 4.462779998779296875e+00 -7.510573863983154297e+00
-3.350151062011718750e+00 4.460019588470458984e+00 -8.331253051757812500e+00
-1.541221380233764648e+00 3.651840448379516602e+00 -1.119820308685302734e+01
-1.228669762611389160e+00 3.506365537643432617e+00 -1.106229209899902344e+01
-3.827985525131225586e+00 4.852852821350097656e+00 -1.070473003387451172e+01
-2.047865152359008789e+00 4.180730342864990234e+00 -9.849832534790039062e+00
-3.117364048957824707e-01 3.478850603103637695e+00 -9.965313911437988281e+00
-2.159109115600585938e+00 4.560376167297363281e+00 -6.119841575622558594e+00
5.242472648620605469e+00 3.038242340087890625e+00 2.255281686782836914e+00
6.021022319793701172e+00 2.991436719894409180e+00 1.716416954994201660e+00
1.964598417282104492e+00 7.002465724945068359e-01 -1.028580379486083984e+01
-5.172400474548339844e-01 2.793759584426879883e+00 -1.161444187164306641e+01
4.411147832870483398e-01 2.522395849227905273e+00 -1.076812934875488281e+01
