1.597871065139770508e+00 -4.911827564239501953e+00 -2.689087629318237305e+00
2.323048114776611328e+00 -4.746216773986816406e+00 -1.880973100662231445e+00
1.555521726608276367e+00 -4.763877391815185547e+00 -2.279602766036987305e+00
-5.063722610473632812e+00 -8.107309341430664062e+00 -7.813151836395263672e+00
-4.998987197875976562e+00 -8.062152862548828125e+00 -1.156133079528808594e+01
-4.182675361633300781e+00 -8.320459365844726562e+00 -9.412577629089355469e+00
-7.262496471405029297e+00 -7.467497348785400391e+00 -7.048013210296630859e+00
-7.768052577972412109e+00 -7.350390911102294922e+00 -7.956709384918212891e+00
-5.689639568328857422e+00 -8.128777503967285156e+00 -9.815719604492187500e+00
-6.216502189636230469e+00 -7.997111797332763672e+00 -9.052700996398925781e+00
-6.480155944824218750e+00 -7.345816612243652344e+00 -1.204698944091796875e+01
-8.407695770263671875e+00 -6.367114543914794922e+00 -1.056674385070800781e+01
-8.331279754638671875e+00 -6.190351009368896484e+00 -1.128520679473876953e+01
-9.636375427246093750e+00 -5.268132209777832031e+00 -8.352852821350097656e+00
-1.004617309570312500e+01 -4.327368736267089844e+00 -8.706422805786132812e+00
-9.584935188293457031e+00 -4.644484996795654297e+00 -1.085909080505371094e+01
-8.206631660461425781e+00 -6.689957618713378906e+00 -5.433296203613281250e+00
-9.052691459655761719e+00 -6.092391967773437500e+00 -4.918100833892822266e+00
-7.947818279266357422e+00 -5.744543075561523438e+00 -3.392534732818603516e+00
-8.473852157592773438e+00 -5.229467391967773438e+00 -2.214804172515869141e+00
-6.936633110046386719e+00 -5.438406467437744141e+00 -3.100275993347167969e+00
-2.554747819900512695e+00 -5.018650054931640625e+00 -1.528028607368469238e+00
-3.331848144531250000e+00 -4.868551254272460938e+00 -5.637459158897399902e-01
-1.387472152709960938e+00 -4.965421199798583984e+00 -2.096910476684570312e-01
-7.351648330688476562e+00 -3.216590642929077148e+00 2.319046497344970703e+00
-5.322832584381103516e+00 -3.508166313171386719e+00 1.290649533271789551e+00
-3.829381942749023438e+00 -5.060620307922363281e+00 -2.120242834091186523e+00
-7.278904438018798828e+00 -4.795438766479492188e+00 -1.615844845771789551e+00
-6.284515380859375000e+00 -5.164256095886230469e+00 -2.774002313613891602e+00
-3.697865009307861328e+00 -4.401733398437500000e+00 1.520237177610397339e-01
-4.757442474365234375e+00 -7.275525569915771484e+00 -5.283035278320312500e+00
-4.527497768402099609e+00 -6.492628574371337891e+00 -4.077290058135986328e+00
-2.277501106262207031e+00 -7.653280258178710938e+00 -6.408936500549316406e+00
-2.876573085784912109e+00 -7.163139820098876953e+00 -5.055665493011474609e+00
-2.209311246871948242e+00 -7.173352718353271484e+00 -5.288392066955566406e+00
-1.351519823074340820e+00 -6.797815799713134766e+00 -5.035152435302734375e+00
-2.765611648559570312e+00 -6.769975662231445312e+00 -4.426913261413574219e+00
-5.252708911895751953e+00 -6.846606254577636719e+00 -4.666414737701416016e+00
-6.146011829376220703e+00 -7.665094375610351562e+00 -6.731429100036621094e+00
-8.694020271301269531e+00 -6.651101112365722656e+00 -6.443188667297363281e+00
-1.377394556999206543e+00 -4.967010974884033203e+00 -1.814921021461486816e+00
-8.974019289016723633e-01 -5.028905868530273438e+00 -2.257520198822021484e+00
-2.205029249191284180e+00 -5.113638401031494141e+00 -2.003736495971679688e+00
-3.018435537815093994e-01 -5.059057712554931641e+00 -1.170371651649475098e+00
6.766079664230346680e-01 -4.592545032501220703e+00 -1.570622563362121582e+00
-7.828789353370666504e-01 -5.391227245330810547e+00 -3.004358530044555664e+00
2.159273251891136169e-02 -5.486361503601074219e+00 -3.331471443176269531e+00
6.489297151565551758e-01 -4.745695114135742188e+00 -2.101948022842407227e+00
-9.493574142456054688e+00 -4.816692352294921875e+00 -2.033224105834960938e+00
-9.925429344177246094e+00 -4.893089294433593750e+00 -4.667894363403320312e+00
-9.333901405334472656e+00 -5.582561016082763672e+00 -3.819014072418212891e+00
-1.017951297760009766e+01 -3.763674974441528320e+00 -3.276687860488891602e+00
-1.030696582794189453e+01 -3.589572906494140625e+00 -4.704700946807861328e+00
-9.094356536865234375e+00 -4.092566490173339844e+00 3.180454969406127930e-01
-9.759417533874511719e+00 -4.178829669952392578e+00 -1.397398829460144043e+00
-9.799329757690429688e+00 -3.237915992736816406e+00 -2.704563140869140625e-01
-9.577064514160156250e+00 -2.935285329818725586e+00 9.107667803764343262e-01
-9.090176582336425781e+00 -2.731902122497558594e+00 2.174532175064086914e+00
-9.262292861938476562e+00 -1.638921618461608887e+00 1.275861978530883789e+00
-1.015853023529052734e+01 -2.699739694595336914e+00 -2.513758659362792969e+00
-1.008696746826171875e+01 -1.613295555114746094e+00 -2.644418239593505859e+00
-9.452611923217773438e+00 -1.297109961509704590e+00 -8.817527890205383301e-01
-7.929460048675537109e+00 -4.195587038993835449e-01 -6.436265707015991211e-01
-1.005086421966552734e+01 -4.637799263000488281e+00 -5.534049987792968750e+00
-1.033683109283447266e+01 -3.656091690063476562e+00 -5.414291381835937500e+00
-1.052559947967529297e+01 -2.262068033218383789e+00 -5.292016506195068359e+00
-1.058507442474365234e+01 -2.103399515151977539e+00 -5.862801551818847656e+00
-1.007965946197509766e+01 -6.608059406280517578e-01 -5.349126338958740234e+00
-1.058564376831054688e+01 -2.847435712814331055e+00 -7.952771663665771484e+00
-1.070873069763183594e+01 -1.950597763061523438e+00 -8.880277633666992188e+00
-1.059922695159912109e+01 -8.155149817466735840e-01 -8.512831687927246094e+00
-9.949533462524414062e+00 -3.341133296489715576e-01 -6.702962875366210938e+00
-8.379070281982421875e+00 -2.022700905799865723e-01 -2.250886917114257812e+00
-6.926117420196533203e+00 1.702013731002807617e+00 -3.686707973480224609e+00
-9.016510963439941406e+00 3.850055336952209473e-01 -6.203034877777099609e+00
-7.576185226440429688e+00 1.438231110572814941e+00 -4.988588333129882812e+00
1.316712379455566406e+01 -4.799444198608398438e+00 4.908546924591064453e+00
1.345939350128173828e+01 -5.934913635253906250e+00 1.007982373237609863e+00
1.296510124206542969e+01 -5.678581714630126953e+00 1.716389775276184082e+00
1.479755687713623047e+01 -5.541159629821777344e+00 2.186024665832519531e+00
1.465124893188476562e+01 -4.544941425323486328e+00 3.294672727584838867e+00
1.191956329345703125e+01 -5.196263790130615234e+00 3.073022127151489258e+00
4.439868927001953125e+00 -8.118884563446044922e-01 5.083175182342529297e+00
5.279654502868652344e+00 -2.888706922531127930e-01 6.231527328491210938e+00
6.677376747131347656e+00 -4.773853778839111328e+00 -1.551119327545166016e+00
8.922666549682617188e+00 -6.112091064453125000e+00 -1.024612426757812500e+00
8.155270576477050781e+00 -6.024706840515136719e+00 -8.613662123680114746e-01
7.500885963439941406e+00 -6.065856933593750000e+00 -2.474055141210556030e-01
2.629900455474853516e+00 -5.323143482208251953e+00 4.920851588249206543e-01
4.340876102447509766e+00 -4.649810314178466797e+00 -1.418932080268859863e+00
5.219989776611328125e+00 -5.014672756195068359e+00 -1.053563475608825684e+00
2.352407693862915039e+00 -4.246515274047851562e+00 -1.215446829795837402e+00
4.166768550872802734e+00 -4.671980381011962891e+00 -1.198362112045288086e+00
5.186307907104492188e+00 -5.411886215209960938e+00 3.840320408344268799e-01
5.876804351806640625e+00 -5.839860916137695312e+00 -4.238426387310028076e-01
3.170628070831298828e+00 -5.411826133728027344e+00 -4.974305033683776855e-01
9.494449615478515625e+00 -4.618397712707519531e+00 3.481392383575439453e+00
1.004607391357421875e+01 -3.854479074478149414e+00 5.362406253814697266e+00
9.984983444213867188e+00 -4.159693241119384766e+00 4.727331161499023438e+00
8.785880088806152344e+00 -3.073301076889038086e+00 5.904333591461181641e+00
8.992501258850097656e+00 -4.396982669830322266e+00 3.535323858261108398e+00
9.055472373962402344e+00 -5.543393135070800781e+00 1.761868953704833984e+00
8.719575881958007812e+00 -5.774769306182861328e+00 1.250109195709228516e+00
5.559206008911132812e+00 -9.408596754074096680e-01 4.227880001068115234e+00
6.242616176605224609e+00 -3.370193243026733398e+00 2.622571706771850586e+00
5.669753551483154297e+00 -3.715166330337524414e+00 2.065223455429077148e+00
4.568537712097167969e+00 -1.662359356880187988e+00 3.203398942947387695e+00
4.658441543579101562e+00 -1.210340976715087891e+00 3.867087125778198242e+00
6.992000102996826172e+00 -1.914184331893920898e+00 4.597717761993408203e+00
6.754504203796386719e+00 -1.262560963630676270e+00 5.866551876068115234e+00
6.610088348388671875e+00 -5.203345298767089844e+00 1.173215270042419434e+00
1.212735462188720703e+01 -3.233746767044067383e+00 6.211315155029296875e+00
1.370112800598144531e+01 -3.852783441543579102e+00 4.779545783996582031e+00
1.259440708160400391e+01 -2.570896387100219727e+00 5.105241298675537109e+00
1.343491744995117188e+01 -2.777029275894165039e+00 3.353483915328979492e+00
7.877859115600585938e+00 -1.952674150466918945e+00 7.353092670440673828e+00
7.429686546325683594e+00 -1.495863676071166992e+00 7.192394733428955078e+00
4.213377475738525391e+00 5.058420449495315552e-02 6.931083679199218750e+00
9.789155006408691406e+00 -2.846799612045288086e+00 7.077660083770751953e+00
1.051727199554443359e+01 -1.717220544815063477e+00 6.912547588348388672e+00
1.079015541076660156e+01 -1.473661780357360840e+00 5.818554878234863281e+00
8.680406570434570312e+00 -5.201811790466308594e-01 6.887164115905761719e+00
9.008746147155761719e+00 -2.811715304851531982e-01 5.746213436126708984e+00
1.106066226959228516e+01 -1.470697164535522461e+00 4.722685337066650391e+00
1.139407730102539062e+01 -1.396703839302062988e+00 3.643092393875122070e+00
6.652321338653564453e+00 -6.558205485343933105e-01 6.679485321044921875e+00
7.754669189453125000e+00 -2.081013098359107971e-02 6.669016838073730469e+00
6.995241165161132812e+00 7.332708239555358887e-01 5.913558959960937500e+00
6.251264572143554688e+00 4.750946462154388428e-01 6.198022365570068359e+00
5.626366138458251953e+00 1.539016842842102051e+00 5.692340850830078125e+00
8.036574363708496094e+00 8.518722653388977051e-01 4.606991291046142578e+00
5.704430103302001953e+00 2.640530109405517578e+00 4.287760257720947266e+00
6.081688880920410156e+00 2.632552146911621094e+00 3.760390520095825195e+00
-2.091187477111816406e+00 -2.754703760147094727e+00 3.801576375961303711e+00
-1.473248958587646484e+00 -3.763212442398071289e+00 1.696395993232727051e+00
-1.424132704734802246e+00 -4.618340492248535156e+00 4.198158979415893555e-01
-1.572585940361022949e+00 -2.813329696655273438e+00 3.529188394546508789e+00
-1.997091472148895264e-01 -2.601023197174072266e+00 2.418012619018554688e+00
-5.037952899932861328e+00 -3.471370697021484375e+00 1.483843684196472168e+00
-4.322948455810546875e+00 -3.303465843200683594e+00 2.220679283142089844e+00
-5.777917861938476562e+00 -2.595672607421875000e+00 3.403504848480224609e+00
-5.247233867645263672e+00 -3.013446331024169922e+00 2.549616098403930664e+00
-4.060935497283935547e+00 -2.809744119644165039e+00 3.399262905120849609e+00
-2.736026287078857422e+00 -1.583298444747924805e+00 4.898808002471923828e+00
-5.639987945556640625e+00 -1.266280412673950195e+00 4.716427803039550781e+00
-5.342861175537109375e+00 -7.332152128219604492e-01 4.917035579681396484e+00
2.573570966720581055e+00 -1.554348230361938477e+00 3.763822793960571289e+00
1.390460371971130371e+00 -7.599221467971801758e-01 4.195301055908203125e+00
-3.513639792799949646e-02 -1.115348458290100098e+00 3.697512388229370117e+00
1.090769410133361816e+00 -1.774938702583312988e-01 4.716350078582763672e+00
2.530278444290161133e+00 -8.139085173606872559e-01 5.393810749053955078e+00
3.493513584136962891e+00 -2.067826688289642334e-01 6.772328853607177734e+00
1.071724534034729004e+00 9.337522983551025391e-01 5.428778648376464844e+00
-3.207505464553833008e+00 -1.359973430633544922e+00 5.025165081024169922e+00
-4.251201629638671875e+00 3.156204223632812500e-01 5.015935420989990234e+00
-2.764016389846801758e+00 6.009516119956970215e-01 5.141206741333007812e+00
-1.209380269050598145e+00 1.676507711410522461e+00 4.404567718505859375e+00
-3.903897762298583984e+00 1.033913016319274902e+00 4.048781394958496094e+00
-3.840374708175659180e+00 1.432389736175537109e+00 2.888299703598022461e+00
-1.191828474402427673e-01 -5.056371688842773438e+00 -4.415896534919738770e-02
3.560282886028289795e-01 -4.911576271057128906e+00 -7.539395987987518311e-02
8.761550188064575195e-01 -4.908861160278320312e+00 8.225667476654052734e-02
1.708789825439453125e+00 -3.717060327529907227e+00 1.485700845718383789e+00
1.550603151321411133e+00 -4.921145915985107422e+00 6.455078125000000000e-01
1.663244605064392090e+00 -3.737309694290161133e+00 -1.330874085426330566e+00
1.939840674400329590e+00 -2.526229143142700195e+00 2.430661439895629883e+00
2.203303575515747070e+00 1.758788585662841797e+00 5.608025550842285156e+00
2.787404060363769531e+00 2.730358123779296875e+00 4.250111579895019531e+00
2.536567687988281250e+00 3.106973409652709961e+00 3.004018306732177734e+00
-9.034027457237243652e-01 2.522958993911743164e+00 2.610182046890258789e+00
-7.134847044944763184e-01 2.022147178649902344e+00 4.175526618957519531e+00
5.143643021583557129e-01 2.634942531585693359e+00 3.237136840820312500e+00
-1.738101720809936523e+00 3.180953264236450195e+00 1.070599406957626343e-01
-7.562337398529052734e+00 -2.467772483825683594e+00 3.561796903610229492e+00
-7.313105106353759766e+00 -1.433638691902160645e+00 4.223379135131835938e+00
-7.949183940887451172e+00 -8.236555457115173340e-01 2.912464380264282227e+00
-6.798589229583740234e+00 -1.167564153671264648e+00 4.469148635864257812e+00
-7.008819103240966797e+00 -3.748165369033813477e-01 3.064273834228515625e+00
-6.416154861450195312e+00 1.848169118165969849e-01 1.422133564949035645e+00
-6.216416835784912109e+00 1.353705525398254395e-01 2.393862247467041016e+00
-6.922001361846923828e+00 2.279441058635711670e-01 -8.138934969902038574e-01
-3.758082151412963867e+00 1.656321048736572266e+00 1.844816446304321289e+00
-5.362297534942626953e+00 2.015553712844848633e+00 -1.992684960365295410e+00
-3.647186517715454102e+00 3.036621809005737305e+00 -1.668971300125122070e+00
3.297072172164916992e+00 1.085336327552795410e+00 6.541411399841308594e+00
2.889018058776855469e+00 2.100090980529785156e+00 5.428493022918701172e+00
3.746450662612915039e+00 2.529641151428222656e+00 4.874321937561035156e+00
4.453701972961425781e+00 3.032287359237670898e+00 3.800724029541015625e+00
3.800849437713623047e+00 3.389587640762329102e+00 2.954132795333862305e+00
7.745210647583007812e+00 -4.901965618133544922e+00 -3.915252208709716797e+00
2.409464836120605469e+00 -5.052956581115722656e+00 -3.025476217269897461e+00
5.523461341857910156e+00 -4.699937820434570312e+00 -2.453346490859985352e+00
6.332471370697021484e+00 -4.660761356353759766e+00 -2.908511161804199219e+00
3.065266370773315430e+00 -4.988367557525634766e+00 -2.897143125534057617e+00
2.085969209671020508e+00 -5.931643486022949219e+00 -5.249065876007080078e+00
2.619638681411743164e+00 -5.808749675750732422e+00 -6.250581264495849609e+00
3.881042003631591797e+00 -5.143867492675781250e+00 -5.593984127044677734e+00
5.928647518157958984e+00 -4.801177978515625000e+00 -3.696635007858276367e+00
7.148738384246826172e+00 -4.955744266510009766e+00 -4.030001640319824219e+00
2.439902544021606445e+00 -5.622853279113769531e+00 -8.457218170166015625e+00
8.286898612976074219e+00 -5.005879402160644531e+00 -5.993789196014404297e+00
3.292424678802490234e+00 -5.333386421203613281e+00 -7.112995147705078125e+00
3.705919981002807617e+00 -4.725551605224609375e+00 -7.896800041198730469e+00
6.270758152008056641e+00 -5.081815719604492188e+00 -5.368496417999267578e+00
7.382027626037597656e+00 -4.945690155029296875e+00 -6.320369243621826172e+00
5.860641479492187500e+00 -4.186989784240722656e+00 -7.244406223297119141e+00
7.512382030487060547e+00 -4.049333572387695312e+00 -7.361574172973632812e+00
5.577376842498779297e+00 -3.870162010192871094e+00 -7.624329090118408203e+00
5.153855800628662109e+00 -2.843231439590454102e+00 -8.642301559448242188e+00
5.231035709381103516e+00 -2.083047866821289062e+00 -8.897510528564453125e+00
-3.349785327911376953e+00 -7.971238136291503906e+00 -1.205123901367187500e+01
-3.130551576614379883e+00 -8.215036392211914062e+00 -1.051162147521972656e+01
-3.962375402450561523e+00 -7.544595241546630859e+00 -1.315417003631591797e+01
-1.582811117172241211e+00 -6.564021587371826172e+00 -1.324002361297607422e+01
-3.558490037918090820e+00 -6.335435867309570312e+00 -1.445580291748046875e+01
-3.377120971679687500e+00 -5.282114028930664062e+00 -1.518901538848876953e+01
-6.632100105285644531e+00 -6.538757324218750000e+00 -1.316490077972412109e+01
-7.073011875152587891e+00 -6.215259075164794922e+00 -1.318236064910888672e+01
-7.759227752685546875e+00 -5.235776424407958984e+00 -1.366899585723876953e+01
-5.720515727996826172e+00 -7.133421897888183594e+00 -1.307180404663085938e+01
-8.473652839660644531e+00 -5.368914604187011719e+00 -1.255679702758789062e+01
-7.365653038024902344e+00 -4.567845344543457031e+00 -1.456820011138916016e+01
-4.153158664703369141e+00 -5.536335945129394531e+00 -1.502465057373046875e+01
-5.997684001922607422e+00 -4.384230613708496094e+00 -1.525229167938232422e+01
-2.713247537612915039e+00 -5.388953208923339844e+00 -1.501092624664306641e+01
-2.179011583328247070e+00 -4.296708583831787109e+00 -1.536758422851562500e+01
-3.724861383438110352e+00 -3.717684507369995117e+00 -1.574927806854248047e+01
-2.792172193527221680e+00 -3.188724994659423828e+00 -1.571382331848144531e+01
-4.991547584533691406e+00 -2.650674343109130859e+00 -1.593703079223632812e+01
-3.922042608261108398e+00 -1.505928277969360352e+00 -1.593409919738769531e+01
-9.299856185913085938e+00 -4.443818569183349609e+00 -1.221427154541015625e+01
-8.935112953186035156e+00 -4.004359722137451172e+00 -1.343918991088867188e+01
-9.910757064819335938e+00 -2.865518331527709961e+00 -1.234043121337890625e+01
-1.040056133270263672e+01 -1.441141486167907715e+00 -1.151515197753906250e+01
-8.550224304199218750e+00 -3.352429151535034180e+00 -1.435502338409423828e+01
-7.693529129028320312e+00 -2.969411611557006836e+00 -1.519323444366455078e+01
-9.822262763977050781e+00 -9.267506599426269531e-01 -1.328053092956542969e+01
-9.376128196716308594e+00 -3.302544951438903809e-01 -1.420277309417724609e+01
-8.488475799560546875e+00 -9.537896513938903809e-01 -1.507131958007812500e+01
-7.135960102081298828e+00 1.586368232965469360e-01 -1.576881217956542969e+01
-7.628145217895507812e+00 8.122995495796203613e-01 -1.553593826293945312e+01
-1.521083950996398926e+00 -7.554841995239257812e+00 -6.882943630218505859e+00
-4.217860400676727295e-01 -7.156765460968017578e+00 -8.630463600158691406e+00
7.178745418787002563e-02 -6.569523334503173828e+00 -5.589643001556396484e+00
6.175414323806762695e-01 -6.686220169067382812e+00 -6.756812095642089844e+00
-2.403879612684249878e-01 -6.930799007415771484e+00 -9.610110282897949219e+00
-5.150922387838363647e-02 -5.895730018615722656e+00 -1.240149974822998047e+01
1.349386453628540039e+00 -6.389814376831054688e+00 -6.418417930603027344e+00
2.018420934677124023e+00 -5.952974319458007812e+00 -8.190294265747070312e+00
-7.619834542274475098e-01 -5.087965965270996094e+00 -1.430248451232910156e+01
1.023782491683959961e+00 -4.963621139526367188e+00 -1.243770980834960938e+01
-1.232116460800170898e+00 -3.740913629531860352e+00 -1.520152664184570312e+01
-1.939285546541213989e-01 -3.008205652236938477e+00 -1.485887432098388672e+01
1.959206581115722656e+00 -5.054280281066894531e+00 -1.069744777679443359e+01
-1.089335560798645020e+00 -2.406529188156127930e+00 -1.528106689453125000e+01
-1.308447957038879395e+00 -1.698349595069885254e+00 -1.534050941467285156e+01
2.140906333923339844e+00 -3.537043333053588867e+00 -1.149269866943359375e+01
8.838396668434143066e-01 -1.870792150497436523e+00 -1.348720455169677734e+01
7.967242002487182617e-01 -1.145011663436889648e+00 -1.333485031127929688e+01
-2.607574701309204102e+00 -1.780278325080871582e+00 -1.569783401489257812e+01
-2.677286624908447266e+00 -8.110460638999938965e-01 -1.564064598083496094e+01
-5.085205078125000000e+00 4.526199996471405029e-01 -1.588879776000976562e+01
-2.887072086334228516e+00 1.006206274032592773e+00 -1.536714363098144531e+01
-2.165027379989624023e+00 1.173818469047546387e+00 -1.512410640716552734e+01
-4.985909461975097656e-01 1.148741126060485840e+00 -1.389034748077392578e+01
-2.882746219635009766e+00 2.078231573104858398e+00 -1.503592967987060547e+01
-2.466540336608886719e+00 2.787731409072875977e+00 -1.464689254760742188e+01
2.702197551727294922e+00 -3.969036102294921875e+00 -1.033744239807128906e+01
3.517893075942993164e+00 -2.612609148025512695e+00 -1.011227416992187500e+01
3.010799884796142578e+00 -1.849435448646545410e+00 -1.085326004028320312e+01
9.636198878288269043e-01 -2.825440764427185059e-01 -1.281396484375000000e+01
1.481598377227783203e+00 5.285585299134254456e-03 -1.211098957061767578e+01
2.347010612487792969e+00 -2.199934273958206177e-01 -1.122734546661376953e+01
1.080384731292724609e+00 4.161306917667388916e-01 -1.233675861358642578e+01
-1.051141929626464844e+01 -9.690365791320800781e-01 -1.098908710479736328e+01
-9.968847274780273438e+00 6.840292811393737793e-01 -1.292088317871093750e+01
-1.030171203613281250e+01 -1.951770111918449402e-02 -1.048497676849365234e+01
-1.007065296173095703e+01 -1.250982135534286499e-01 -9.022824287414550781e+00
-9.725453376770019531e+00 5.399680733680725098e-01 -1.002722167968750000e+01
-9.963845252990722656e+00 9.201872944831848145e-01 -1.155156040191650391e+01
-9.434354782104492188e+00 2.031045198440551758e+00 -1.278423023223876953e+01
-8.820227622985839844e+00 1.392986655235290527e+00 -9.343307495117187500e+00
-8.416789054870605469e+00 2.394000053405761719e+00 -1.037586307525634766e+01
-8.198275566101074219e+00 1.155745625495910645e+00 -6.071054935455322266e+00
-7.961319446563720703e+00 1.591180443763732910e+00 -7.152048110961914062e+00
-8.282832145690917969e+00 1.876718640327453613e+00 -8.738368034362792969e+00
-7.899449825286865234e+00 2.543045282363891602e+00 -9.733236312866210938e+00
-6.297561645507812500e+00 2.695085525512695312e+00 -7.679705619812011719e+00
-6.213477134704589844e+00 3.003563165664672852e+00 -8.163194656372070312e+00
-8.636103630065917969e+00 2.199342489242553711e+00 -1.429215526580810547e+01
-8.037126541137695312e+00 2.227280139923095703e+00 -1.473187160491943359e+01
-7.637357234954833984e+00 3.437907218933105469e+00 -1.351336002349853516e+01
-6.656119346618652344e+00 4.259626865386962891e+00 -1.313826370239257812e+01
-6.100632667541503906e+00 1.892819881439208984e+00 -1.547670364379882812e+01
-5.845220565795898438e+00 2.182543992996215820e+00 -1.532759857177734375e+01
-5.171354770660400391e+00 3.964665412902832031e+00 -1.412216663360595703e+01
-4.615992069244384766e+00 3.958483219146728516e+00 -1.424970531463623047e+01
-5.868189334869384766e+00 3.767038822174072266e+00 -1.412553501129150391e+01
-8.274072647094726562e+00 3.278939723968505859e+00 -1.224768924713134766e+01
-6.243527889251708984e+00 4.408914566040039062e+00 -1.238245677947998047e+01
-5.556373119354248047e+00 4.376396656036376953e+00 -1.074518394470214844e+01
-3.389618635177612305e+00 4.231463909149169922e+00 -1.348911571502685547e+01
-3.171295166015625000e+00 4.293838024139404297e+00 -1.287171649932861328e+01
-5.220423221588134766e+00 4.430295467376708984e+00 -1.222083854675292969e+01
-4.469684600830078125e+00 4.632588863372802734e+00 -1.232753467559814453e+01
-3.217378854751586914e+00 4.684057235717773438e+00 -1.144414997100830078e+01
-4.958998203277587891e+00 4.782043933868408203e+00 -1.084960651397705078e+01
-3.796632766723632812e+00 4.889492034912109375e+00 -1.117252159118652344e+01
-6.639732360839843750e+00 3.676625728607177734e+00 -1.050349998474121094e+01
-5.931328773498535156e+00 3.618422508239746094e+00 -9.036067008972167969e+00
3.055164098739624023e+00 -1.930075734853744507e-01 -1.030184364318847656e+01
-1.394278705120086670e-01 1.527409195899963379e+00 -1.287823867797851562e+01
-2.114699125289916992e+00 3.219960689544677734e+00 -1.359569740295410156e+01
9.946336746215820312e-01 8.001450300216674805e-01 -1.168948268890380859e+01
-1.054343938827514648e+00 2.883307933807373047e+00 -1.233909606933593750e+01
-2.714211463928222656e+00 3.844511508941650391e+00 -1.327147293090820312e+01
-1.650225877761840820e+00 3.645680189132690430e+00 -1.187632751464843750e+01
1.138246250152587891e+01 -6.468258380889892578e+00 -3.268854379653930664e+00
1.323280525207519531e+01 -6.563615322113037109e+00 -1.557837724685668945e+00
1.113902568817138672e+01 -6.270238399505615234e+00 -6.217135190963745117e-01
1.093367958068847656e+01 -6.379462718963623047e+00 -2.452532768249511719e+00
1.428806114196777344e+01 -6.956142902374267578e+00 -4.970482349395751953e+00
1.192714118957519531e+01 -6.561893939971923828e+00 -3.897739887237548828e+00
1.264590930938720703e+01 -6.586908340454101562e+00 -5.434082508087158203e+00
1.306500148773193359e+01 -6.824391365051269531e+00 -3.576659917831420898e+00
1.550603294372558594e+01 -6.989649295806884766e+00 -3.480947494506835938e+00
1.595036792755126953e+01 -5.952871322631835938e+00 -4.081154346466064453e+00
1.611116218566894531e+01 -6.381397724151611328e+00 -9.827852845191955566e-01
1.624829864501953125e+01 -5.646740436553955078e+00 -1.907231569290161133e+00
1.446294689178466797e+01 -6.355482578277587891e+00 2.746409475803375244e-01
1.468895053863525391e+01 -6.822133064270019531e+00 -1.376639127731323242e+00
1.525202274322509766e+01 -5.956167697906494141e+00 1.207173228263854980e+00
1.474205303192138672e+01 -3.700231313705444336e+00 2.122759103775024414e+00
1.507512283325195312e+01 -3.962454080581665039e+00 1.023666262626647949e+00
1.429170703887939453e+01 -3.074191331863403320e+00 1.149684429168701172e+00
1.568503189086914062e+01 -4.914338588714599609e+00 -3.254814147949218750e+00
1.513462448120117188e+01 -4.032956600189208984e+00 -2.482575178146362305e+00
1.514448833465576172e+01 -3.864850997924804688e+00 -9.086108207702636719e-01
1.488999843597412109e+01 -3.572485685348510742e+00 -1.421061992645263672e+00
1.426784133911132812e+01 -2.764040946960449219e+00 -8.026373386383056641e-01
1.374466609954833984e+01 -6.757046699523925781e+00 -6.201473712921142578e+00
1.517441654205322266e+01 -5.960811614990234375e+00 -6.487222671508789062e+00
1.230846977233886719e+01 -6.472691059112548828e+00 -6.625349521636962891e+00
1.284545898437500000e+01 -5.930117130279541016e+00 -7.410327434539794922e+00
1.582602977752685547e+01 -5.855092048645019531e+00 -5.555246353149414062e+00
1.549959278106689453e+01 -5.108630657196044922e+00 -5.854177951812744141e+00
1.492993068695068359e+01 -4.446810245513916016e+00 -5.470726966857910156e+00
1.318080139160156250e+01 -5.535603523254394531e+00 -7.262770652770996094e+00
1.255191421508789062e+01 -4.988854408264160156e+00 -6.577120304107666016e+00
1.340078163146972656e+01 -4.507411479949951172e+00 -6.043981552124023438e+00
1.350551986694335938e+01 -3.432221412658691406e+00 -4.873827934265136719e+00
1.488118934631347656e+01 -3.738738059997558594e+00 -2.728163957595825195e+00
1.480140399932861328e+01 -3.780573606491088867e+00 -4.426072120666503906e+00
1.422076892852783203e+01 -2.968481779098510742e+00 -3.666013479232788086e+00
1.013097381591796875e+01 -5.931442737579345703e+00 -2.622603178024291992e+00
7.004515171051025391e+00 -4.715135574340820312e+00 -2.274692535400390625e+00
7.295008182525634766e+00 -4.769875526428222656e+00 -1.825281858444213867e+00
6.848281383514404297e+00 -4.670216560363769531e+00 -2.861984729766845703e+00
1.044987201690673828e+01 -6.196339607238769531e+00 -2.190525054931640625e+00
9.005303382873535156e+00 -5.439056873321533203e+00 -1.789098739624023438e+00
7.962976932525634766e+00 -5.000602245330810547e+00 -1.425166606903076172e+00
9.566615104675292969e+00 -5.494990825653076172e+00 -3.360599756240844727e+00
9.913081169128417969e+00 -5.555379867553710938e+00 -4.621722698211669922e+00
8.307785987854003906e+00 -4.981878280639648438e+00 -3.906437158584594727e+00
1.350586414337158203e+01 -2.032739639282226562e+00 4.663467407226562500e-02
1.215025424957275391e+01 -7.620743513107299805e-01 -9.649743437767028809e-01
1.092094326019287109e+01 -5.989771842956542969e+00 -5.463157176971435547e+00
1.096925449371337891e+01 -5.452984809875488281e+00 -6.000717163085937500e+00
9.550994873046875000e+00 -5.102233886718750000e+00 -5.174796104431152344e+00
1.165056991577148438e+01 -4.730565547943115234e+00 -6.139738082885742188e+00
9.138359069824218750e+00 -4.346993923187255859e+00 -6.391731739044189453e+00
1.034115982055664062e+01 -3.576762437820434570e+00 -5.833540916442871094e+00
1.238679599761962891e+01 -3.728540658950805664e+00 -5.403663635253906250e+00
1.057519054412841797e+01 -3.243268489837646484e+00 -5.619987010955810547e+00
1.058673381805419922e+01 -2.326757192611694336e+00 -5.192193984985351562e+00
8.515010833740234375e+00 -3.700814723968505859e+00 -7.013594627380371094e+00
9.007662773132324219e+00 -3.111648797988891602e+00 -6.538563251495361328e+00
8.037572860717773438e+00 -2.044723510742187500e+00 -6.892354011535644531e+00
1.031995391845703125e+01 -1.664499163627624512e+00 -5.046325683593750000e+00
8.222572326660156250e+00 -1.729824185371398926e+00 -6.616087436676025391e+00
8.700702667236328125e+00 -5.167261958122253418e-01 -5.810748100280761719e+00
7.267855167388916016e+00 -1.749888360500335693e-01 -6.905586719512939453e+00
1.312981224060058594e+01 -2.214262485504150391e+00 -3.965366125106811523e+00
1.337642097473144531e+01 -1.677276492118835449e+00 -1.862493515014648438e+00
1.306579589843750000e+01 -1.419964432716369629e+00 -3.063817739486694336e+00
1.231222248077392578e+01 -4.729013144969940186e-01 -2.168793201446533203e+00
1.194078445434570312e+01 -2.019141614437103271e-01 -2.771441698074340820e+00
1.229293441772460938e+01 -1.995620608329772949e+00 -4.279557704925537109e+00
1.109765720367431641e+01 -1.319240808486938477e+00 -4.402281761169433594e+00
1.136664485931396484e+01 -6.739667654037475586e-01 -3.774646759033203125e+00
1.012689781188964844e+01 1.546120285987854004e+00 -1.695462703704833984e+00
9.221539497375488281e+00 2.303535699844360352e+00 -2.843690872192382812e+00
9.226778030395507812e+00 2.184966802597045898e+00 -3.285154342651367188e+00
8.539983749389648438e+00 2.898735284805297852e+00 -2.369918107986450195e+00
1.011488437652587891e+01 -9.882556796073913574e-01 -4.927469730377197266e+00
1.051070690155029297e+01 1.766014397144317627e-01 -4.017907142639160156e+00
8.349387168884277344e+00 1.135555878281593323e-01 -5.847954750061035156e+00
7.009305000305175781e+00 9.780408143997192383e-01 -6.423279762268066406e+00
1.382487583160400391e+01 -2.951456785202026367e+00 2.723973512649536133e+00
1.240431976318359375e+01 -1.916528344154357910e+00 3.010497093200683594e+00
1.117993736267089844e+01 -5.605026483535766602e-01 1.482564926147460938e+00
1.138840007781982422e+01 -4.571422040462493896e-01 3.353962600231170654e-01
9.890422821044921875e+00 5.286937952041625977e-02 3.191912889480590820e+00
8.778628349304199219e+00 1.310101985931396484e+00 2.634492158889770508e+00
9.339473724365234375e+00 9.568669795989990234e-01 2.113768577575683594e+00
7.237560749053955078e+00 2.359269618988037109e+00 2.969048738479614258e+00
7.112917423248291016e+00 2.948596000671386719e+00 1.826472282409667969e+00
9.745939254760742188e+00 1.062776923179626465e+00 3.840924799442291260e-01
1.000631713867187500e+01 1.387708544731140137e+00 -9.448278546333312988e-01
7.959379673004150391e+00 2.783298969268798828e+00 4.158244729042053223e-01
3.347563982009887695e+00 4.273177623748779297e+00 -3.476645052433013916e-01
6.207122325897216797e+00 3.666788101196289062e+00 2.769154906272888184e-01
5.475414752960205078e+00 4.037340641021728516e+00 -2.221115350723266602e+00
3.668484449386596680e+00 4.384923458099365234e+00 -6.863517761230468750e-01
2.846380949020385742e+00 3.818374156951904297e+00 -2.454286813735961914e+00
2.959215164184570312e+00 3.508048534393310547e+00 -3.326219558715820312e+00
-9.865794777870178223e-01 3.794682264328002930e+00 -7.645304799079895020e-01
2.146394014358520508e+00 3.140991926193237305e+00 -4.383540630340576172e+00
9.914066642522811890e-03 4.162191867828369141e+00 -3.142740011215209961e+00
3.068752288818359375e-01 3.710821628570556641e+00 -4.697749137878417969e+00
2.379383325576782227e+00 3.807024002075195312e+00 -2.564951419830322266e+00
5.099252700805664062e+00 -8.762840032577514648e-01 -8.892767906188964844e+00
2.940606832504272461e+00 3.069233596324920654e-01 -9.606772422790527344e+00
5.057663440704345703e+00 5.020151734352111816e-01 -8.107366561889648438e+00
3.640144586563110352e+00 5.605390667915344238e-01 -8.966141700744628906e+00
2.521625280380249023e+00 5.006842613220214844e-01 -9.800065994262695312e+00
1.545355916023254395e+00 1.849008083343505859e+00 -9.911585807800292969e+00
3.302621543407440186e-01 3.149632930755615234e+00 -9.156988143920898438e+00
1.113679856061935425e-01 3.002051115036010742e+00 -1.045788574218750000e+01
5.654515743255615234e+00 2.805906772613525391e+00 -4.854138374328613281e+00
6.160341262817382812e+00 1.884995937347412109e+00 -6.087810516357421875e+00
4.699636459350585938e+00 2.686424970626831055e+00 -5.242243766784667969e+00
4.795156002044677734e+00 2.379396200180053711e+00 -5.954448699951171875e+00
6.605684757232666016e+00 3.753634452819824219e+00 -2.727208614349365234e+00
6.582123279571533203e+00 1.279922127723693848e+00 -6.423938751220703125e+00
5.709155559539794922e+00 1.664180874824523926e+00 -6.597221374511718750e+00
4.856662750244140625e+00 1.774761557579040527e+00 -7.029512405395507812e+00
2.735182523727416992e+00 2.848050832748413086e+00 -5.057979583740234375e+00
2.814846038818359375e+00 2.088257074356079102e+00 -7.356934547424316406e+00
2.027123212814331055e+00 2.329381704330444336e+00 -6.810070514678955078e+00
9.446183592081069946e-02 3.303197622299194336e+00 -6.270431995391845703e+00
2.708361744880676270e-01 2.960083007812500000e+00 -7.757791996002197266e+00
3.023732602596282959e-01 3.032115221023559570e+00 -8.136832237243652344e+00
-3.296986103057861328e+00 3.402219057083129883e+00 -2.584792375564575195e+00
-5.633573532104492188e+00 3.064897775650024414e+00 -7.731840133666992188e+00
-4.808560371398925781e+00 3.483470439910888672e+00 -7.635952472686767578e+00
-4.258394718170166016e+00 3.352016210556030273e+00 -6.674448013305664062e+00
-2.169668912887573242e+00 3.289880037307739258e+00 -2.320297807455062866e-01
-1.889305949211120605e+00 3.753243684768676758e+00 -1.355235576629638672e+00
-1.527469754219055176e+00 4.096837520599365234e+00 -2.469532012939453125e+00
-1.353394985198974609e+00 4.394255161285400391e+00 -3.694266319274902344e+00
-1.183087944984436035e+00 4.401665210723876953e+00 -4.987301826477050781e+00
-4.800566196441650391e+00 4.078608989715576172e+00 -8.505627632141113281e+00
-4.506350040435791016e+00 4.555663585662841797e+00 -9.025216102600097656e+00
-1.981730222702026367e+00 4.463588237762451172e+00 -7.511560916900634766e+00
-3.350794792175292969e+00 4.459246158599853516e+00 -8.332273483276367188e+00
-1.541537761688232422e+00 3.653540611267089844e+00 -1.119909763336181641e+01
-1.228956937789916992e+00 3.508348226547241211e+00 -1.106324958801269531e+01
-3.829088211059570312e+00 4.852339267730712891e+00 -1.070549011230468750e+01
-2.048400402069091797e+00 4.181546211242675781e+00 -9.850851058959960938e+00
-3.120189905166625977e-01 3.481266021728515625e+00 -9.966359138488769531e+00
-2.159989595413208008e+00 4.560506820678710938e+00 -6.120761871337890625e+00
5.223903656005859375e+00 3.464057445526123047e+00 2.358828067779541016e+00
6.005891799926757812e+00 3.395914077758789062e+00 1.789222002029418945e+00
1.963783383369445801e+00 7.032974362373352051e-01 -1.028661632537841797e+01
-5.176187753677368164e-01 2.795803308486938477e+00 -1.161510276794433594e+01
4.407409727573394775e-01 2.524979352951049805e+00 -1.076904678344726562e+01
