1.599864840507507324e+00 -4.916354656219482422e+00 -2.689177513122558594e+00
2.326417207717895508e+00 -4.758160114288330078e+00 -1.881705045700073242e+00
1.558340787887573242e+00 -4.772734642028808594e+00 -2.279547691345214844e+00
-5.063527584075927734e+00 -8.107336044311523438e+00 -7.813278198242187500e+00
-4.998600006103515625e+00 -8.061870574951171875e+00 -1.156158256530761719e+01
-4.182433128356933594e+00 -8.320471763610839844e+00 -9.412687301635742188e+00
-7.262178421020507812e+00 -7.467556953430175781e+00 -7.048103809356689453e+00
-7.767892360687255859e+00 -7.350387573242187500e+00 -7.956768989562988281e+00
-5.689325332641601562e+00 -8.128629684448242188e+00 -9.815886497497558594e+00
-6.216281414031982422e+00 -7.997071266174316406e+00 -9.052859306335449219e+00
-6.479503154754638672e+00 -7.345430374145507812e+00 -1.204728507995605469e+01
-8.407423973083496094e+00 -6.367173194885253906e+00 -1.056732845306396484e+01
-8.330569267272949219e+00 -6.189608097076416016e+00 -1.128621101379394531e+01
-9.636159896850585938e+00 -5.267447471618652344e+00 -8.352783203125000000e+00
-1.004568290710449219e+01 -4.326241016387939453e+00 -8.706373214721679688e+00
-9.583998680114746094e+00 -4.643156051635742188e+00 -1.085933780670166016e+01
-8.206401824951171875e+00 -6.690011501312255859e+00 -5.433357715606689453e+00
-9.052704811096191406e+00 -6.092477798461914062e+00 -4.918057918548583984e+00
-7.947834014892578125e+00 -5.744718074798583984e+00 -3.392684936523437500e+00
-8.473696708679199219e+00 -5.229365825653076172e+00 -2.215115070343017578e+00
-6.936727046966552734e+00 -5.438439846038818359e+00 -3.100503921508789062e+00
-2.555299997329711914e+00 -5.020577430725097656e+00 -1.528577923774719238e+00
-3.332530260086059570e+00 -4.871117591857910156e+00 -5.647119879722595215e-01
-1.388293385505676270e+00 -4.971890449523925781e+00 -2.104482799768447876e-01
-7.352670192718505859e+00 -3.218726873397827148e+00 2.318867683410644531e+00
-5.323779582977294922e+00 -3.509983301162719727e+00 1.290192127227783203e+00
-3.829760789871215820e+00 -5.061684131622314453e+00 -2.120617866516113281e+00
-7.278757095336914062e+00 -4.795400142669677734e+00 -1.616021156311035156e+00
-6.284776687622070312e+00 -5.164620399475097656e+00 -2.774221181869506836e+00
-3.698818683624267578e+00 -4.404036045074462891e+00 1.512680649757385254e-01
-4.757329463958740234e+00 -7.275527477264404297e+00 -5.283184051513671875e+00
-4.527725696563720703e+00 -6.492846965789794922e+00 -4.077521800994873047e+00
-2.277386426925659180e+00 -7.653406143188476562e+00 -6.409117698669433594e+00
-2.876600980758666992e+00 -7.163235187530517578e+00 -5.055779933929443359e+00
-2.209188222885131836e+00 -7.173698425292968750e+00 -5.288708686828613281e+00
-1.351181030273437500e+00 -6.798914909362792969e+00 -5.035333633422851562e+00
-2.765745639801025391e+00 -6.770630836486816406e+00 -4.426954746246337891e+00
-5.252758026123046875e+00 -6.846816539764404297e+00 -4.666338920593261719e+00
-6.145726680755615234e+00 -7.665181159973144531e+00 -6.731525421142578125e+00
-8.693866729736328125e+00 -6.651001930236816406e+00 -6.443125247955322266e+00
-1.377125859260559082e+00 -4.970487594604492188e+00 -1.814527869224548340e+00
-8.965881466865539551e-01 -5.032982349395751953e+00 -2.256751537322998047e+00
-2.204935312271118164e+00 -5.115873336791992188e+00 -2.003710746765136719e+00
-3.017428219318389893e-01 -5.066454410552978516e+00 -1.170943737030029297e+00
6.789509057998657227e-01 -4.602643966674804688e+00 -1.569801092147827148e+00
-7.824199199676513672e-01 -5.393232822418212891e+00 -3.004275560379028320e+00
2.233139984309673309e-02 -5.488403320312500000e+00 -3.331751585006713867e+00
6.506946682929992676e-01 -4.751655578613281250e+00 -2.101263284683227539e+00
-9.493514060974121094e+00 -4.817119121551513672e+00 -2.033389568328857422e+00
-9.925552368164062500e+00 -4.893226146697998047e+00 -4.668022632598876953e+00
-9.334017753601074219e+00 -5.582991600036621094e+00 -3.819010734558105469e+00
-1.017945384979248047e+01 -3.764189243316650391e+00 -3.276937007904052734e+00
-1.030739212036132812e+01 -3.589174747467041016e+00 -4.704913139343261719e+00
-9.094260215759277344e+00 -4.093140125274658203e+00 3.176403343677520752e-01
-9.759053230285644531e+00 -4.179193496704101562e+00 -1.397868275642395020e+00
-9.798966407775878906e+00 -3.238479137420654297e+00 -2.710821926593780518e-01
-9.577238082885742188e+00 -2.936091423034667969e+00 9.103347659111022949e-01
-9.090770721435546875e+00 -2.733376979827880859e+00 2.174235343933105469e+00
-9.262450218200683594e+00 -1.639698863029479980e+00 1.275860548019409180e+00
-1.015810489654541016e+01 -2.700142621994018555e+00 -2.514178991317749023e+00
-1.008702850341796875e+01 -1.613694429397583008e+00 -2.644565343856811523e+00
-9.452668190002441406e+00 -1.297522187232971191e+00 -8.817642331123352051e-01
-7.929839134216308594e+00 -4.188423156738281250e-01 -6.431643366813659668e-01
-1.005151844024658203e+01 -4.637608528137207031e+00 -5.533891677856445312e+00
-1.033734703063964844e+01 -3.654653549194335938e+00 -5.414152622222900391e+00
-1.052574062347412109e+01 -2.261272668838500977e+00 -5.292751789093017578e+00
-1.058467674255371094e+01 -2.102138042449951172e+00 -5.863687038421630859e+00
-1.008063697814941406e+01 -6.593381762504577637e-01 -5.348643779754638672e+00
-1.058488750457763672e+01 -2.845865011215209961e+00 -7.953394412994384766e+00
-1.070818424224853516e+01 -1.950286030769348145e+00 -8.881199836730957031e+00
-1.059881782531738281e+01 -8.150369524955749512e-01 -8.513153076171875000e+00
-9.949874877929687500e+00 -3.331279158592224121e-01 -6.702593326568603516e+00
-8.379229545593261719e+00 -2.026464492082595825e-01 -2.250747203826904297e+00
-6.926203250885009766e+00 1.699452638626098633e+00 -3.687370538711547852e+00
-9.017318725585937500e+00 3.851269483566284180e-01 -6.202266216278076172e+00
-7.575448989868164062e+00 1.437248826026916504e+00 -4.989166259765625000e+00
1.316739082336425781e+01 -5.696435451507568359e+00 5.099644660949707031e+00
1.346364116668701172e+01 -6.105207920074462891e+00 1.036543488502502441e+00
1.297327136993408203e+01 -5.869775772094726562e+00 1.763553977012634277e+00
1.481105041503906250e+01 -5.913703918457031250e+00 2.224577188491821289e+00
1.465738964080810547e+01 -5.122335910797119141e+00 3.402832984924316406e+00
1.194015502929687500e+01 -5.506473064422607422e+00 3.172145128250122070e+00
4.433418750762939453e+00 -1.188657879829406738e+00 5.174073219299316406e+00
5.248583316802978516e+00 -8.892557621002197266e-01 6.381196975708007812e+00
6.685929775238037109e+00 -4.799614429473876953e+00 -1.549960136413574219e+00
8.931494712829589844e+00 -6.136201858520507812e+00 -1.013571143150329590e+00
8.164997100830078125e+00 -6.045128345489501953e+00 -8.501296043395996094e-01
7.511694431304931641e+00 -6.089667797088623047e+00 -2.386133670806884766e-01
2.633008241653442383e+00 -5.336627960205078125e+00 4.854133427143096924e-01
4.346637248992919922e+00 -4.665818214416503906e+00 -1.418937325477600098e+00
5.227345466613769531e+00 -5.036469459533691406e+00 -1.052450776100158691e+00
2.356891632080078125e+00 -4.261636257171630859e+00 -1.217258334159851074e+00
4.172595977783203125e+00 -4.688649654388427734e+00 -1.199075818061828613e+00
5.191169261932373047e+00 -5.435143470764160156e+00 3.849031031131744385e-01
5.885075092315673828e+00 -5.864681720733642578e+00 -4.196434020996093750e-01
3.174562215805053711e+00 -5.429304122924804688e+00 -5.017700791358947754e-01
9.527783393859863281e+00 -4.878006935119628906e+00 3.630299568176269531e+00
1.004822349548339844e+01 -5.315388202667236328e+00 5.995759010314941406e+00
9.998806953430175781e+00 -4.882842063903808594e+00 5.005186557769775391e+00
8.916282653808593750e+00 -3.900061130523681641e+00 6.258182525634765625e+00
9.036122322082519531e+00 -4.607997417449951172e+00 3.660963296890258789e+00
9.072449684143066406e+00 -5.640708923339843750e+00 1.812160253524780273e+00
8.729981422424316406e+00 -5.812985897064208984e+00 1.269637346267700195e+00
5.597338676452636719e+00 -1.257353782653808594e+00 4.359065055847167969e+00
6.271778583526611328e+00 -3.467915058135986328e+00 2.652828216552734375e+00
5.682941913604736328e+00 -3.766456127166748047e+00 2.077615737915039062e+00
4.586003780364990234e+00 -1.751398682594299316e+00 3.235338211059570312e+00
4.676457881927490234e+00 -1.397661209106445312e+00 3.946951150894165039e+00
7.068013191223144531e+00 -2.219913482666015625e+00 4.721826553344726562e+00
6.794568538665771484e+00 -1.826384782791137695e+00 5.973587989807128906e+00
6.623816490173339844e+00 -5.244354248046875000e+00 1.180265545845031738e+00
1.213357830047607422e+01 -4.388844490051269531e+00 6.603250026702880859e+00
1.368927860260009766e+01 -4.680868148803710938e+00 4.948908805847167969e+00
1.257634449005126953e+01 -3.417600870132446289e+00 5.309891700744628906e+00
1.341440773010253906e+01 -3.404639720916748047e+00 3.507927417755126953e+00
7.975865840911865234e+00 -2.756666660308837891e+00 7.364585876464843750e+00
7.474421977996826172e+00 -2.307901620864868164e+00 7.162323474884033203e+00
4.131973266601562500e+00 -5.521417856216430664e-01 7.053682804107666016e+00
9.849071502685546875e+00 -4.476277351379394531e+00 8.251484870910644531e+00
1.052019500732421875e+01 -2.741028785705566406e+00 7.495250701904296875e+00
1.082526111602783203e+01 -2.304741621017456055e+00 6.185743808746337891e+00
8.741771697998046875e+00 -1.271728754043579102e+00 6.956690311431884766e+00
9.059019088745117188e+00 -9.385046958923339844e-01 5.904490470886230469e+00
1.109696578979492188e+01 -2.144559144973754883e+00 4.959969997406005859e+00
1.141617393493652344e+01 -1.937411785125732422e+00 3.820382118225097656e+00
6.642665386199951172e+00 -1.386890888214111328e+00 6.777779579162597656e+00
7.761348724365234375e+00 -7.880805134773254395e-01 6.701376914978027344e+00
6.993315696716308594e+00 1.020483374595642090e-01 6.012353897094726562e+00
6.223109722137451172e+00 -1.816297173500061035e-01 6.326570987701416016e+00
5.596466064453125000e+00 9.042132496833801270e-01 5.732976913452148438e+00
8.063637733459472656e+00 3.025818467140197754e-01 4.730331420898437500e+00
5.681749343872070312e+00 2.063643455505371094e+00 4.301769256591796875e+00
6.067652702331542969e+00 2.155632019042968750e+00 3.787868976593017578e+00
-2.095681190490722656e+00 -2.767782688140869141e+00 3.801993608474731445e+00
-1.476349592208862305e+00 -3.774741649627685547e+00 1.694337964057922363e+00
-1.425423502922058105e+00 -4.626932144165039062e+00 4.186127483844757080e-01
-1.579566121101379395e+00 -2.833065509796142578e+00 3.528156042098999023e+00
-2.079849243164062500e-01 -2.621817588806152344e+00 2.411665439605712891e+00
-5.039258003234863281e+00 -3.473215103149414062e+00 1.482822537422180176e+00
-4.324579715728759766e+00 -3.306921005249023438e+00 2.219515085220336914e+00
-5.779365539550781250e+00 -2.599532365798950195e+00 3.403208971023559570e+00
-5.248817920684814453e+00 -3.016751527786254883e+00 2.549295186996459961e+00
-4.063602447509765625e+00 -2.816529273986816406e+00 3.398928403854370117e+00
-2.738291025161743164e+00 -1.592132449150085449e+00 4.898546218872070312e+00
-5.641026973724365234e+00 -1.270386338233947754e+00 4.715734004974365234e+00
-5.343412399291992188e+00 -7.378293275833129883e-01 4.916272640228271484e+00
2.556216955184936523e+00 -1.684901237487792969e+00 3.771430969238281250e+00
1.378895163536071777e+00 -8.528136014938354492e-01 4.188935279846191406e+00
-4.587022960186004639e-02 -1.148778438568115234e+00 3.690217494964599609e+00
1.081809759140014648e+00 -2.898647189140319824e-01 4.713148593902587891e+00
2.486974000930786133e+00 -1.084265470504760742e+00 5.390047073364257812e+00
3.428335189819335938e+00 -6.348381042480468750e-01 6.774386882781982422e+00
1.062181472778320312e+00 8.000658750534057617e-01 5.425528526306152344e+00
-3.209016799926757812e+00 -1.367708086967468262e+00 5.024942874908447266e+00
-4.251569271087646484e+00 3.096548616886138916e-01 5.015755176544189453e+00
-2.765189170837402344e+00 5.909752845764160156e-01 5.142063617706298828e+00
-1.207021832466125488e+00 1.657527446746826172e+00 4.404892444610595703e+00
-3.904268980026245117e+00 1.029759526252746582e+00 4.049616813659667969e+00
-3.841353654861450195e+00 1.430900931358337402e+00 2.889606475830078125e+00
-1.204245686531066895e-01 -5.066296100616455078e+00 -4.579242691397666931e-02
3.553321063518524170e-01 -4.923447132110595703e+00 -7.916329801082611084e-02
8.765220642089843750e-01 -4.926845073699951172e+00 7.547286152839660645e-02
1.703858733177185059e+00 -3.748707056045532227e+00 1.477882385253906250e+00
1.550986886024475098e+00 -4.944304943084716797e+00 6.360357999801635742e-01
1.666935324668884277e+00 -3.749657630920410156e+00 -1.329694151878356934e+00
1.929305195808410645e+00 -2.578806161880493164e+00 2.428297996520996094e+00
2.220300436019897461e+00 1.416339159011840820e+00 5.566910266876220703e+00
2.799080610275268555e+00 2.411518096923828125e+00 4.213956832885742188e+00
2.538683414459228516e+00 2.997789382934570312e+00 3.003896713256835938e+00
-9.024173021316528320e-01 2.509178161621093750e+00 2.612410545349121094e+00
-7.091841101646423340e-01 1.983063817024230957e+00 4.179997920989990234e+00
5.160638093948364258e-01 2.589491605758666992e+00 3.242367506027221680e+00
-1.738236546516418457e+00 3.179839372634887695e+00 1.077357903122901917e-01
-7.563424110412597656e+00 -2.469885826110839844e+00 3.561539649963378906e+00
-7.313833236694335938e+00 -1.435833334922790527e+00 4.223062992095947266e+00
-7.949297904968261719e+00 -8.252611756324768066e-01 2.912259578704833984e+00
-6.799059391021728516e+00 -1.170486092567443848e+00 4.468605041503906250e+00
-7.009226799011230469e+00 -3.762711584568023682e-01 3.064135789871215820e+00
-6.416303634643554688e+00 1.847565174102783203e-01 1.422393441200256348e+00
-6.216863155364990234e+00 1.350161880254745483e-01 2.394191026687622070e+00
-6.922185420989990234e+00 2.279140204191207886e-01 -8.136358857154846191e-01
-3.759088754653930664e+00 1.656749844551086426e+00 1.845669388771057129e+00
-5.362224102020263672e+00 2.013595819473266602e+00 -1.993369579315185547e+00
-3.647185564041137695e+00 3.035010814666748047e+00 -1.668826460838317871e+00
3.275488853454589844e+00 5.611128807067871094e-01 6.482685089111328125e+00
2.901050329208374023e+00 1.608489155769348145e+00 5.344583511352539062e+00
3.744575977325439453e+00 1.996957659721374512e+00 4.830281734466552734e+00
4.450916767120361328e+00 2.558572769165039062e+00 3.761795282363891602e+00
3.813524723052978516e+00 3.125160932540893555e+00 2.939758300781250000e+00
7.754082679748535156e+00 -4.922430992126464844e+00 -3.912891387939453125e+00
2.411904811859130859e+00 -5.057785987854003906e+00 -3.025650501251220703e+00
5.530014991760253906e+00 -4.717808723449707031e+00 -2.452182531356811523e+00
6.340092182159423828e+00 -4.678761482238769531e+00 -2.906137704849243164e+00
3.068791389465332031e+00 -4.996408462524414062e+00 -2.897024869918823242e+00
2.087614297866821289e+00 -5.934389114379882812e+00 -5.249176502227783203e+00
2.621988296508789062e+00 -5.810800075531005859e+00 -6.250719070434570312e+00
3.883846044540405273e+00 -5.145910263061523438e+00 -5.594253063201904297e+00
5.934601306915283203e+00 -4.812181949615478516e+00 -3.696200370788574219e+00
7.156043529510498047e+00 -4.970997810363769531e+00 -4.028897285461425781e+00
2.440808773040771484e+00 -5.623381137847900391e+00 -8.457060813903808594e+00
8.296525001525878906e+00 -5.021758079528808594e+00 -5.991525650024414062e+00
3.295080423355102539e+00 -5.335379600524902344e+00 -7.113332271575927734e+00
3.708645343780517578e+00 -4.727906703948974609e+00 -7.897111892700195312e+00
6.276662349700927734e+00 -5.089895725250244141e+00 -5.368710041046142578e+00
7.390297889709472656e+00 -4.955968856811523438e+00 -6.319460391998291016e+00
5.867230415344238281e+00 -4.194393634796142578e+00 -7.244792938232421875e+00
7.520419120788574219e+00 -4.058191299438476562e+00 -7.358949661254882812e+00
5.583052635192871094e+00 -3.875410556793212891e+00 -7.626281261444091797e+00
5.157584667205810547e+00 -2.846035480499267578e+00 -8.642148971557617188e+00
5.233511447906494141e+00 -2.085375547409057617e+00 -8.898280143737792969e+00
-3.349536180496215820e+00 -7.971006393432617188e+00 -1.205140113830566406e+01
-3.130156517028808594e+00 -8.214896202087402344e+00 -1.051175689697265625e+01
-3.961970329284667969e+00 -7.544545173645019531e+00 -1.315450954437255859e+01
-1.582557916641235352e+00 -6.563989162445068359e+00 -1.324003314971923828e+01
-3.558053731918334961e+00 -6.335473537445068359e+00 -1.445609855651855469e+01
-3.376634359359741211e+00 -5.282152175903320312e+00 -1.518912220001220703e+01
-6.631028652191162109e+00 -6.538002967834472656e+00 -1.316478157043457031e+01
-7.071554660797119141e+00 -6.214045524597167969e+00 -1.318257522583007812e+01
-7.757797718048095703e+00 -5.234300136566162109e+00 -1.366986274719238281e+01
-5.719728946685791016e+00 -7.133282184600830078e+00 -1.307217121124267578e+01
-8.472047805786132812e+00 -5.366545677185058594e+00 -1.255733299255371094e+01
-7.364923954010009766e+00 -4.567145347595214844e+00 -1.456902503967285156e+01
-4.152822494506835938e+00 -5.536448001861572266e+00 -1.502503299713134766e+01
-5.997028350830078125e+00 -4.383975028991699219e+00 -1.525323772430419922e+01
-2.712850093841552734e+00 -5.389074325561523438e+00 -1.501114654541015625e+01
-2.178619623184204102e+00 -4.297038078308105469e+00 -1.536766624450683594e+01
-3.724435567855834961e+00 -3.717316389083862305e+00 -1.574959945678710938e+01
-2.791916847229003906e+00 -3.188862800598144531e+00 -1.571296405792236328e+01
-4.991307735443115234e+00 -2.651144504547119141e+00 -1.593799304962158203e+01
-3.922325849533081055e+00 -1.506004214286804199e+00 -1.593373966217041016e+01
-9.299054145812988281e+00 -4.443168163299560547e+00 -1.221486473083496094e+01
-8.934170722961425781e+00 -4.003343582153320312e+00 -1.343970394134521484e+01
-9.909820556640625000e+00 -2.864346265792846680e+00 -1.234095382690429688e+01
-1.039976310729980469e+01 -1.440345644950866699e+00 -1.151536464691162109e+01
-8.549417495727539062e+00 -3.350941419601440430e+00 -1.435573577880859375e+01
-7.692803859710693359e+00 -2.968756198883056641e+00 -1.519424533843994141e+01
-9.821343421936035156e+00 -9.261575937271118164e-01 -1.328085994720458984e+01
-9.374867439270019531e+00 -3.292184174060821533e-01 -1.420317554473876953e+01
-8.487794876098632812e+00 -9.527317285537719727e-01 -1.507214164733886719e+01
-7.135966300964355469e+00 1.594326198101043701e-01 -1.576889801025390625e+01
-7.627629280090332031e+00 8.135430216789245605e-01 -1.553620052337646484e+01
-1.520516395568847656e+00 -7.555770874023437500e+00 -6.882978439331054688e+00
-4.211186766624450684e-01 -7.157263755798339844e+00 -8.630285263061523438e+00
7.234188914299011230e-02 -6.570718288421630859e+00 -5.589630603790283203e+00
6.182001233100891113e-01 -6.686902523040771484e+00 -6.756541252136230469e+00
-2.398690581321716309e-01 -6.931106090545654297e+00 -9.609993934631347656e+00
-5.129107832908630371e-02 -5.895796298980712891e+00 -1.240144157409667969e+01
1.350690245628356934e+00 -6.391720771789550781e+00 -6.418180465698242188e+00
2.019272565841674805e+00 -5.953729629516601562e+00 -8.190107345581054688e+00
-7.616187334060668945e-01 -5.088115215301513672e+00 -1.430248069763183594e+01
1.023876190185546875e+00 -4.963562965393066406e+00 -1.243735408782958984e+01
-1.231715321540832520e+00 -3.741139650344848633e+00 -1.520176792144775391e+01
-1.933762729167938232e-01 -3.008319377899169922e+00 -1.485926914215087891e+01
1.959442973136901855e+00 -5.054289817810058594e+00 -1.069698619842529297e+01
-1.089178681373596191e+00 -2.406714200973510742e+00 -1.528097820281982422e+01
-1.308598041534423828e+00 -1.698925614356994629e+00 -1.534078025817871094e+01
2.141180753707885742e+00 -3.537238121032714844e+00 -1.149226379394531250e+01
8.844901323318481445e-01 -1.870626211166381836e+00 -1.348746871948242188e+01
7.968602776527404785e-01 -1.145063519477844238e+00 -1.333481121063232422e+01
-2.607751846313476562e+00 -1.780382871627807617e+00 -1.569782161712646484e+01
-2.676638364791870117e+00 -8.110309243202209473e-01 -1.564090919494628906e+01
-5.084730625152587891e+00 4.531157910823822021e-01 -1.588859939575195312e+01
-2.886346101760864258e+00 1.006483197212219238e+00 -1.536754798889160156e+01
-2.164629220962524414e+00 1.173764944076538086e+00 -1.512433052062988281e+01
-4.980650842189788818e-01 1.148630738258361816e+00 -1.389011192321777344e+01
-2.882220268249511719e+00 2.078780651092529297e+00 -1.503592014312744141e+01
-2.466063261032104492e+00 2.787364959716796875e+00 -1.464656162261962891e+01
2.702968358993530273e+00 -3.969410419464111328e+00 -1.033704662322998047e+01
3.519925594329833984e+00 -2.614202976226806641e+00 -1.011226272583007812e+01
3.011849164962768555e+00 -1.850606441497802734e+00 -1.085254764556884766e+01
9.637031555175781250e-01 -2.829273343086242676e-01 -1.281334304809570312e+01
1.482022643089294434e+00 4.211568739265203476e-03 -1.211007308959960938e+01
2.347867965698242188e+00 -2.212797403335571289e-01 -1.122659587860107422e+01
1.080698251724243164e+00 4.147338271141052246e-01 -1.233597850799560547e+01
-1.051043224334716797e+01 -9.689998626708984375e-01 -1.099016571044921875e+01
-9.967002868652343750e+00 6.841595172882080078e-01 -1.292156600952148438e+01
-1.030101203918457031e+01 -1.893006078898906708e-02 -1.048523521423339844e+01
-1.007066631317138672e+01 -1.230821833014488220e-01 -9.022535324096679688e+00
-9.724472999572753906e+00 5.406777858734130859e-01 -1.002776527404785156e+01
-9.962232589721679688e+00 9.208425283432006836e-01 -1.155223751068115234e+01
-9.432888031005859375e+00 2.031736135482788086e+00 -1.278480815887451172e+01
-8.820240974426269531e+00 1.394921541213989258e+00 -9.342983245849609375e+00
-8.416864395141601562e+00 2.396631717681884766e+00 -1.037619876861572266e+01
-8.197257041931152344e+00 1.154756069183349609e+00 -6.071227073669433594e+00
-7.959722042083740234e+00 1.589280366897583008e+00 -7.152725696563720703e+00
-8.282163619995117188e+00 1.877915978431701660e+00 -8.738590240478515625e+00
-7.899548053741455078e+00 2.546416282653808594e+00 -9.733230590820312500e+00
-6.296968460083007812e+00 2.695053100585937500e+00 -7.680298328399658203e+00
-6.213238239288330078e+00 3.004508733749389648e+00 -8.163721084594726562e+00
-8.634821891784667969e+00 2.201214313507080078e+00 -1.429273796081542969e+01
-8.036166191101074219e+00 2.229280233383178711e+00 -1.473255157470703125e+01
-7.637063980102539062e+00 3.442176342010498047e+00 -1.351406669616699219e+01
-6.655396461486816406e+00 4.264374732971191406e+00 -1.313929843902587891e+01
-6.099993705749511719e+00 1.893175363540649414e+00 -1.547621726989746094e+01
-5.844801902770996094e+00 2.182822227478027344e+00 -1.532699298858642578e+01
-5.170472145080566406e+00 3.965482711791992188e+00 -1.412193775177001953e+01
-4.615000247955322266e+00 3.958642005920410156e+00 -1.424925804138183594e+01
-5.867690086364746094e+00 3.768597602844238281e+00 -1.412562942504882812e+01
-8.273384094238281250e+00 3.282675981521606445e+00 -1.224816036224365234e+01
-6.242739677429199219e+00 4.413046360015869141e+00 -1.238241004943847656e+01
-5.555711746215820312e+00 4.379421234130859375e+00 -1.074489688873291016e+01
-3.388620615005493164e+00 4.231568813323974609e+00 -1.348896026611328125e+01
-3.170208454132080078e+00 4.293711662292480469e+00 -1.287108516693115234e+01
-5.219688415527343750e+00 4.433360576629638672e+00 -1.222070693969726562e+01
-4.468377113342285156e+00 4.633559703826904297e+00 -1.232714366912841797e+01
-3.216458320617675781e+00 4.683612823486328125e+00 -1.144371414184570312e+01
-4.957624435424804688e+00 4.784058570861816406e+00 -1.084908866882324219e+01
-3.795181751251220703e+00 4.890459537506103516e+00 -1.117224025726318359e+01
-6.639501571655273438e+00 3.680846214294433594e+00 -1.050329971313476562e+01
-5.931302070617675781e+00 3.621249675750732422e+00 -9.035593032836914062e+00
3.056686878204345703e+00 -1.953013688325881958e-01 -1.030144405364990234e+01
-1.393324434757232666e-01 1.526082158088684082e+00 -1.287747478485107422e+01
-2.114182710647583008e+00 3.219599246978759766e+00 -1.359533882141113281e+01
9.946392774581909180e-01 7.980949878692626953e-01 -1.168842220306396484e+01
-1.053999423980712891e+00 2.882167100906372070e+00 -1.233865833282470703e+01
-2.713339567184448242e+00 3.844080448150634766e+00 -1.327096843719482422e+01
-1.649558305740356445e+00 3.644770622253417969e+00 -1.187571716308593750e+01
1.138974380493164062e+01 -6.511429786682128906e+00 -3.260867357254028320e+00
1.323818397521972656e+01 -6.670001029968261719e+00 -1.543969154357910156e+00
1.114430236816406250e+01 -6.290341854095458984e+00 -6.180096864700317383e-01
1.094114780426025391e+01 -6.407480716705322266e+00 -2.447019100189208984e+00
1.430137062072753906e+01 -7.018718719482421875e+00 -4.957907199859619141e+00
1.193553733825683594e+01 -6.610422134399414062e+00 -3.887163400650024414e+00
1.265708732604980469e+01 -6.635258674621582031e+00 -5.421508312225341797e+00
1.307321929931640625e+01 -6.891345500946044922e+00 -3.567177772521972656e+00
1.551763153076171875e+01 -7.069431304931640625e+00 -3.469186305999755859e+00
1.596512699127197266e+01 -6.020075321197509766e+00 -4.058792591094970703e+00
1.612088966369628906e+01 -6.494407653808593750e+00 -9.716530442237854004e-01
1.625914382934570312e+01 -5.744561195373535156e+00 -1.881376028060913086e+00
1.446777153015136719e+01 -6.499107837677001953e+00 2.874976396560668945e-01
1.469641590118408203e+01 -6.921702861785888672e+00 -1.367080330848693848e+00
1.526344013214111328e+01 -6.162086963653564453e+00 1.222894430160522461e+00
1.473965835571289062e+01 -4.071732044219970703e+00 2.236295700073242188e+00
1.507997512817382812e+01 -4.186534881591796875e+00 1.088350653648376465e+00
1.429344177246093750e+01 -3.328605175018310547e+00 1.240768909454345703e+00
1.570457935333251953e+01 -4.987203598022460938e+00 -3.224644899368286133e+00
1.515161418914794922e+01 -4.119634628295898438e+00 -2.439914226531982422e+00
1.515049266815185547e+01 -3.989975452423095703e+00 -8.620274662971496582e-01
1.490492057800292969e+01 -3.672215461730957031e+00 -1.373988986015319824e+00
1.428048419952392578e+01 -2.902785062789916992e+00 -7.342198491096496582e-01
1.376230907440185547e+01 -6.804812431335449219e+00 -6.185953140258789062e+00
1.519624900817871094e+01 -6.007839202880859375e+00 -6.466233730316162109e+00
1.232352924346923828e+01 -6.510725498199462891e+00 -6.609018325805664062e+00
1.286514568328857422e+01 -5.970984935760498047e+00 -7.391221523284912109e+00
1.584149837493896484e+01 -5.911736011505126953e+00 -5.533233642578125000e+00
1.552895832061767578e+01 -5.155807495117187500e+00 -5.831353187561035156e+00
1.496545314788818359e+01 -4.489674568176269531e+00 -5.444974422454833984e+00
1.320359134674072266e+01 -5.577076435089111328e+00 -7.241037845611572266e+00
1.257567596435546875e+01 -5.026635646820068359e+00 -6.554903984069824219e+00
1.342809104919433594e+01 -4.548782825469970703e+00 -6.018795013427734375e+00
1.353752803802490234e+01 -3.476419210433959961e+00 -4.842706680297851562e+00
1.490640163421630859e+01 -3.809983491897583008e+00 -2.685109376907348633e+00
1.483706951141357422e+01 -3.830623865127563477e+00 -4.392570972442626953e+00
1.425753593444824219e+01 -3.020311832427978516e+00 -3.623543739318847656e+00
1.013931465148925781e+01 -5.960686206817626953e+00 -2.617597341537475586e+00
7.012829303741455078e+00 -4.736641883850097656e+00 -2.272595643997192383e+00
7.303997039794921875e+00 -4.796485424041748047e+00 -1.824267148971557617e+00
6.856966018676757812e+00 -4.689158439636230469e+00 -2.859553575515747070e+00
1.045771598815917969e+01 -6.222196102142333984e+00 -2.186161041259765625e+00
9.015184402465820312e+00 -5.466639518737792969e+00 -1.783903598785400391e+00
7.972633361816406250e+00 -5.026736259460449219e+00 -1.422977447509765625e+00
9.575877189636230469e+00 -5.524816989898681641e+00 -3.355072259902954102e+00
9.921702384948730469e+00 -5.586252689361572266e+00 -4.614248752593994141e+00
8.316802978515625000e+00 -5.007612228393554688e+00 -3.902435779571533203e+00
1.353107547760009766e+01 -2.177310466766357422e+00 1.263677775859832764e-01
1.214331054687500000e+01 -9.203271269798278809e-01 -9.061407446861267090e-01
1.092673397064208984e+01 -6.021648883819580078e+00 -5.452239513397216797e+00
1.098568820953369141e+01 -5.480888843536376953e+00 -5.987678050994873047e+00
9.562904357910156250e+00 -5.125422477722167969e+00 -5.168647766113281250e+00
1.167235565185546875e+01 -4.761126041412353516e+00 -6.121801853179931641e+00
9.153005599975585938e+00 -4.364603519439697266e+00 -6.387472629547119141e+00
1.036056327819824219e+01 -3.599237442016601562e+00 -5.824157238006591797e+00
1.241111755371093750e+01 -3.764576435089111328e+00 -5.378009319305419922e+00
1.059744930267333984e+01 -3.265496253967285156e+00 -5.606679439544677734e+00
1.061239242553710938e+01 -2.345505475997924805e+00 -5.181497573852539062e+00
8.524764060974121094e+00 -3.712644100189208984e+00 -7.009055614471435547e+00
9.020907402038574219e+00 -3.126096010208129883e+00 -6.531559467315673828e+00
8.044826507568359375e+00 -2.051009178161621094e+00 -6.891568660736083984e+00
1.034559440612792969e+01 -1.679245352745056152e+00 -5.040115833282470703e+00
8.234984397888183594e+00 -1.737945079803466797e+00 -6.614507675170898438e+00
8.717290878295898438e+00 -5.258213281631469727e-01 -5.809030055999755859e+00
7.275732040405273438e+00 -1.801753640174865723e-01 -6.905912876129150391e+00
1.316477680206298828e+01 -2.258930444717407227e+00 -3.924736976623535156e+00
1.339890003204345703e+01 -1.772735357284545898e+00 -1.796896696090698242e+00
1.310758495330810547e+01 -1.460201740264892578e+00 -3.014325857162475586e+00
1.233691692352294922e+01 -5.416604876518249512e-01 -2.106202840805053711e+00
1.198686027526855469e+01 -2.279721498489379883e-01 -2.730047225952148438e+00
1.232703685760498047e+01 -2.023502111434936523e+00 -4.252354621887207031e+00
1.113244724273681641e+01 -1.336225986480712891e+00 -4.385027408599853516e+00
1.140735054016113281e+01 -6.918032765388488770e-01 -3.749996900558471680e+00
1.011753273010253906e+01 1.460989832878112793e+00 -1.649832010269165039e+00
9.223405838012695312e+00 2.248449802398681641e+00 -2.805699825286865234e+00
9.240775108337402344e+00 2.167927503585815430e+00 -3.267530441284179688e+00
8.542387962341308594e+00 2.852826833724975586e+00 -2.342791557312011719e+00
1.013876628875732422e+01 -9.997391104698181152e-01 -4.921635627746582031e+00
1.053402900695800781e+01 1.622972339391708374e-01 -4.003191471099853516e+00
8.360013961791992188e+00 1.075860634446144104e-01 -5.846903800964355469e+00
7.016049861907958984e+00 9.727412462234497070e-01 -6.423019409179687500e+00
1.381470108032226562e+01 -3.406810045242309570e+00 2.846045970916748047e+00
1.244074344635009766e+01 -2.330345869064331055e+00 3.144640922546386719e+00
1.117924118041992188e+01 -8.991893529891967773e-01 1.580435156822204590e+00
1.134936523437500000e+01 -7.393919229507446289e-01 3.975277841091156006e-01
9.899382591247558594e+00 -4.465600550174713135e-01 3.333179473876953125e+00
8.770442008972167969e+00 8.616245388984680176e-01 2.719997644424438477e+00
9.312028884887695312e+00 5.542283058166503906e-01 2.201747894287109375e+00
7.228273868560791016e+00 1.911429882049560547e+00 3.023299932479858398e+00
7.110616207122802734e+00 2.618910789489746094e+00 1.874745726585388184e+00
9.704649925231933594e+00 7.574096918106079102e-01 4.383054375648498535e-01
9.974322319030761719e+00 1.162668466567993164e+00 -8.858208060264587402e-01
7.962459564208984375e+00 2.567077398300170898e+00 4.507175981998443604e-01
3.352020502090454102e+00 4.270726203918457031e+00 -3.382018208503723145e-01
6.211387157440185547e+00 3.537235736846923828e+00 2.962827086448669434e-01
5.478978633880615234e+00 4.013846874237060547e+00 -2.207981824874877930e+00
3.674753189086914062e+00 4.379853248596191406e+00 -6.746498942375183105e-01
2.847678422927856445e+00 3.812847137451171875e+00 -2.447296142578125000e+00
2.959528446197509766e+00 3.503423690795898438e+00 -3.322295904159545898e+00
-9.878208041191101074e-01 3.795124292373657227e+00 -7.635147571563720703e-01
2.147254943847656250e+00 3.137907981872558594e+00 -4.381878852844238281e+00
1.051221136003732681e-02 4.161555290222167969e+00 -3.142020940780639648e+00
3.070181310176849365e-01 3.708811044692993164e+00 -4.696498870849609375e+00
2.380344629287719727e+00 3.804021596908569336e+00 -2.562097787857055664e+00
5.101624011993408203e+00 -8.802823424339294434e-01 -8.892990112304687500e+00
2.941590070724487305e+00 3.022879064083099365e-01 -9.606006622314453125e+00
5.061375617980957031e+00 4.953785240650177002e-01 -8.107396125793457031e+00
3.641329765319824219e+00 5.541819930076599121e-01 -8.965374946594238281e+00
2.522124290466308594e+00 4.966515302658081055e-01 -9.799148559570312500e+00
1.545629382133483887e+00 1.846140623092651367e+00 -9.910402297973632812e+00
3.301950395107269287e-01 3.145551443099975586e+00 -9.155442237854003906e+00
1.117195934057235718e-01 2.999961376190185547e+00 -1.045676994323730469e+01
5.651611804962158203e+00 2.788765668869018555e+00 -4.849002361297607422e+00
6.161697387695312500e+00 1.876683235168457031e+00 -6.085326671600341797e+00
4.699676990509033203e+00 2.682909965515136719e+00 -5.241803646087646484e+00
4.796822071075439453e+00 2.374862432479858398e+00 -5.954548835754394531e+00
6.599227428436279297e+00 3.711096763610839844e+00 -2.713071584701538086e+00
6.586400985717773438e+00 1.274463415145874023e+00 -6.423877239227294922e+00
5.711606025695800781e+00 1.658716917037963867e+00 -6.596953868865966797e+00
4.858373165130615234e+00 1.764679431915283203e+00 -7.029405117034912109e+00
2.736419200897216797e+00 2.843304157257080078e+00 -5.057519912719726562e+00
2.815784692764282227e+00 2.083149433135986328e+00 -7.356175422668457031e+00
2.028040647506713867e+00 2.325762271881103516e+00 -6.809472084045410156e+00
9.512287378311157227e-02 3.301645278930664062e+00 -6.269315242767333984e+00
2.717614471912384033e-01 2.958380222320556641e+00 -7.756380081176757812e+00
3.026572465896606445e-01 3.029797077178955078e+00 -8.135454177856445312e+00
-3.297684669494628906e+00 3.401354312896728516e+00 -2.584103107452392578e+00
-5.633488655090332031e+00 3.065136194229125977e+00 -7.731976032257080078e+00
-4.808730602264404297e+00 3.483634710311889648e+00 -7.636107921600341797e+00
-4.258565425872802734e+00 3.352684736251831055e+00 -6.674192905426025391e+00
-2.169327259063720703e+00 3.287963628768920898e+00 -2.303181588649749756e-01
-1.889708876609802246e+00 3.752131223678588867e+00 -1.353445410728454590e+00
-1.528621435165405273e+00 4.097270488739013672e+00 -2.467873573303222656e+00
-1.354225993156433105e+00 4.394299507141113281e+00 -3.693584442138671875e+00
-1.182477831840515137e+00 4.402599334716796875e+00 -4.986961841583251953e+00
-4.800749301910400391e+00 4.079611778259277344e+00 -8.505602836608886719e+00
-4.505534648895263672e+00 4.556911945343017578e+00 -9.025151252746582031e+00
-1.981325984001159668e+00 4.462641716003417969e+00 -7.511001586914062500e+00
-3.350529432296752930e+00 4.459435462951660156e+00 -8.331952095031738281e+00
-1.540937066078186035e+00 3.652346372604370117e+00 -1.119855499267578125e+01
-1.228582859039306641e+00 3.506886959075927734e+00 -1.106255435943603516e+01
-3.827806711196899414e+00 4.853237152099609375e+00 -1.070519828796386719e+01
-2.047753810882568359e+00 4.181269168853759766e+00 -9.850291252136230469e+00
-3.115977346897125244e-01 3.479572057723999023e+00 -9.965332984924316406e+00
-2.159701347351074219e+00 4.560640811920166016e+00 -6.120233535766601562e+00
5.228467464447021484e+00 3.164837598800659180e+00 2.357866764068603516e+00
6.005604267120361328e+00 3.121342182159423828e+00 1.799552798271179199e+00
1.963915586471557617e+00 7.001100182533264160e-01 -1.028516960144042969e+01
-5.171386003494262695e-01 2.794147253036499023e+00 -1.161457538604736328e+01
4.410189390182495117e-01 2.522728681564331055e+00 -1.076796817779541016e+01
