1.599699974060058594e+00 -4.911919593811035156e+00 -2.691618680953979492e+00
2.326405525207519531e+00 -4.747024536132812500e+00 -1.886407971382141113e+00
1.557984232902526855e+00 -4.764955043792724609e+00 -2.282810211181640625e+00
-5.063554286956787109e+00 -8.107232093811035156e+00 -7.813165187835693359e+00
-4.999070167541503906e+00 -8.061236381530761719e+00 -1.156146717071533203e+01
-4.182689189910888672e+00 -8.320308685302734375e+00 -9.412673950195312500e+00
-7.262363910675048828e+00 -7.467630386352539062e+00 -7.047824382781982422e+00
-7.767994403839111328e+00 -7.350509166717529297e+00 -7.956480979919433594e+00
-5.689562797546386719e+00 -8.128207206726074219e+00 -9.815814018249511719e+00
-6.216362953186035156e+00 -7.996974945068359375e+00 -9.052654266357421875e+00
-6.480150222778320312e+00 -7.344356536865234375e+00 -1.204680824279785156e+01
-8.407391548156738281e+00 -6.366260528564453125e+00 -1.056637382507324219e+01
-8.331127166748046875e+00 -6.187698364257812500e+00 -1.128444099426269531e+01
-9.636898040771484375e+00 -5.267954826354980469e+00 -8.351673126220703125e+00
-1.004714202880859375e+01 -4.326534748077392578e+00 -8.705451011657714844e+00
-9.585657119750976562e+00 -4.642923831939697266e+00 -1.085817527770996094e+01
-8.206666946411132812e+00 -6.689967155456542969e+00 -5.433222293853759766e+00
-9.053050041198730469e+00 -6.092182159423828125e+00 -4.917950630187988281e+00
-7.948050975799560547e+00 -5.744507312774658203e+00 -3.392623662948608398e+00
-8.473869323730468750e+00 -5.229146957397460938e+00 -2.215099334716796875e+00
-6.936820983886718750e+00 -5.438325881958007812e+00 -3.100287199020385742e+00
-2.554636478424072266e+00 -5.019181728363037109e+00 -1.528590798377990723e+00
-3.332031250000000000e+00 -4.869881629943847656e+00 -5.642529726028442383e-01
-1.387559533119201660e+00 -4.967726230621337891e+00 -2.110023498535156250e-01
-7.352014541625976562e+00 -3.217354536056518555e+00 2.318927049636840820e+00
-5.323336601257324219e+00 -3.508843898773193359e+00 1.290207505226135254e+00
-3.829355716705322266e+00 -5.060910224914550781e+00 -2.120512485504150391e+00
-7.278830528259277344e+00 -4.795462131500244141e+00 -1.615793228149414062e+00
-6.284687519073486328e+00 -5.164314270019531250e+00 -2.774078130722045898e+00
-3.698360919952392578e+00 -4.402930259704589844e+00 1.514700651168823242e-01
-4.757237434387207031e+00 -7.275544166564941406e+00 -5.282929897308349609e+00
-4.527611255645751953e+00 -6.492755889892578125e+00 -4.077249050140380859e+00
-2.277194261550903320e+00 -7.653411388397216797e+00 -6.409063339233398438e+00
-2.876351833343505859e+00 -7.163198947906494141e+00 -5.055649280548095703e+00
-2.208872318267822266e+00 -7.173482418060302734e+00 -5.288662433624267578e+00
-1.350824832916259766e+00 -6.797995090484619141e+00 -5.035635948181152344e+00
-2.765409946441650391e+00 -6.770004749298095703e+00 -4.426957607269287109e+00
-5.252728939056396484e+00 -6.846664905548095703e+00 -4.666238307952880859e+00
-6.145750522613525391e+00 -7.665105819702148438e+00 -6.731297969818115234e+00
-8.694050788879394531e+00 -6.651042938232421875e+00 -6.442899703979492188e+00
-1.376518249511718750e+00 -4.967678546905517578e+00 -1.815409183502197266e+00
-8.963007926940917969e-01 -5.029360771179199219e+00 -2.258188009262084961e+00
-2.204438447952270508e+00 -5.113870143890380859e+00 -2.004119396209716797e+00
-3.007218539714813232e-01 -5.061742782592773438e+00 -1.171952486038208008e+00
6.787744760513305664e-01 -4.595951080322265625e+00 -1.572082400321960449e+00
-7.819664478302001953e-01 -5.391367912292480469e+00 -3.005068540573120117e+00
2.272949554026126862e-02 -5.486641407012939453e+00 -3.332561492919921875e+00
6.505990028381347656e-01 -4.746804237365722656e+00 -2.103449821472167969e+00
-9.493534088134765625e+00 -4.816834449768066406e+00 -2.033367395401000977e+00
-9.926114082336425781e+00 -4.893075466156005859e+00 -4.667709350585937500e+00
-9.334331512451171875e+00 -5.582659721374511719e+00 -3.819038152694702148e+00
-1.017998504638671875e+01 -3.763888359069824219e+00 -3.276725530624389648e+00
-1.030785655975341797e+01 -3.589346408843994141e+00 -4.704588413238525391e+00
-9.094351768493652344e+00 -4.092839717864990234e+00 3.178521990776062012e-01
-9.759207725524902344e+00 -4.178915500640869141e+00 -1.397697687149047852e+00
-9.799172401428222656e+00 -3.238074541091918945e+00 -2.708266973495483398e-01
-9.577095031738281250e+00 -2.935537815093994141e+00 9.104523658752441406e-01
-9.090241432189941406e+00 -2.732202768325805664e+00 2.174203872680664062e+00
-9.262400627136230469e+00 -1.639133930206298828e+00 1.275702476501464844e+00
-1.015855121612548828e+01 -2.699942111968994141e+00 -2.514084100723266602e+00
-1.008727836608886719e+01 -1.613571643829345703e+00 -2.644572257995605469e+00
-9.453035354614257812e+00 -1.297274470329284668e+00 -8.819069266319274902e-01
-7.930116176605224609e+00 -4.199112057685852051e-01 -6.434814929962158203e-01
-1.005166912078857422e+01 -4.637485504150390625e+00 -5.533463001251220703e+00
-1.033798980712890625e+01 -3.655273437500000000e+00 -5.413455486297607422e+00
-1.052590847015380859e+01 -2.261426925659179688e+00 -5.292393207550048828e+00
-1.058488845825195312e+01 -2.102055311203002930e+00 -5.863031387329101562e+00
-1.007987213134765625e+01 -6.602321863174438477e-01 -5.348841190338134766e+00
-1.058551979064941406e+01 -2.845476150512695312e+00 -7.952388763427734375e+00
-1.070944023132324219e+01 -1.948338985443115234e+00 -8.879688262939453125e+00
-1.059926414489746094e+01 -8.124331831932067871e-01 -8.511977195739746094e+00
-9.950736999511718750e+00 -3.309692740440368652e-01 -6.701876640319824219e+00
-8.379088401794433594e+00 -2.030089646577835083e-01 -2.251117229461669922e+00
-6.925308704376220703e+00 1.701376557350158691e+00 -3.686587095260620117e+00
-9.018803596496582031e+00 3.884535133838653564e-01 -6.201987266540527344e+00
-7.574759006500244141e+00 1.437929630279541016e+00 -4.989116191864013672e+00
1.304258441925048828e+01 -5.535893440246582031e+00 5.041653156280517578e+00
1.345199775695800781e+01 -6.113009929656982422e+00 1.024601817131042480e+00
1.296259689331054688e+01 -5.831841468811035156e+00 1.741771340370178223e+00
1.478250980377197266e+01 -5.968017101287841797e+00 2.227497816085815430e+00
1.460562324523925781e+01 -5.246300220489501953e+00 3.436695098876953125e+00
1.190145206451416016e+01 -5.412839889526367188e+00 3.110820770263671875e+00
4.444072723388671875e+00 -9.112715721130371094e-01 5.055689334869384766e+00
5.289019584655761719e+00 -4.645302891731262207e-01 6.209950447082519531e+00
6.685252189636230469e+00 -4.757639884948730469e+00 -1.562971591949462891e+00
8.931507110595703125e+00 -6.104260444641113281e+00 -1.042025089263916016e+00
8.162999153137207031e+00 -6.003370285034179688e+00 -8.793276548385620117e-01
7.509562492370605469e+00 -6.053407669067382812e+00 -2.647229433059692383e-01
2.631556987762451172e+00 -5.328988552093505859e+00 4.864220917224884033e-01
4.345739841461181641e+00 -4.646753787994384766e+00 -1.426737308502197266e+00
5.225976943969726562e+00 -5.008633136749267578e+00 -1.063071131706237793e+00
2.354579448699951172e+00 -4.249570846557617188e+00 -1.221807479858398438e+00
4.170642852783203125e+00 -4.671441078186035156e+00 -1.205101966857910156e+00
5.188131332397460938e+00 -5.418375015258789062e+00 3.764101564884185791e-01
5.883453369140625000e+00 -5.833850383758544922e+00 -4.382562041282653809e-01
3.172750949859619141e+00 -5.416718959808349609e+00 -5.055630803108215332e-01
9.514931678771972656e+00 -4.649788379669189453e+00 3.476811885833740234e+00
1.005793762207031250e+01 -4.131394386291503906e+00 5.468317985534667969e+00
1.001416969299316406e+01 -4.255736351013183594e+00 4.749728679656982422e+00
8.797863960266113281e+00 -3.255940437316894531e+00 5.898321151733398438e+00
9.011990547180175781e+00 -4.422587394714355469e+00 3.529883146286010742e+00
9.064215660095214844e+00 -5.546231746673583984e+00 1.748097538948059082e+00
8.725929260253906250e+00 -5.767353057861328125e+00 1.234025120735168457e+00
5.563976764678955078e+00 -1.006487965583801270e+00 4.189455032348632812e+00
6.246904850006103516e+00 -3.391325473785400391e+00 2.605269193649291992e+00
5.671496391296386719e+00 -3.727113485336303711e+00 2.053735256195068359e+00
4.568239212036132812e+00 -1.685061573982238770e+00 3.183699369430541992e+00
4.658936023712158203e+00 -1.251722335815429688e+00 3.845399856567382812e+00
7.006276607513427734e+00 -1.975927710533142090e+00 4.562691688537597656e+00
6.765359878540039062e+00 -1.387520670890808105e+00 5.777337074279785156e+00
6.617080688476562500e+00 -5.207528114318847656e+00 1.159133911132812500e+00
1.199697971343994141e+01 -4.130551338195800781e+00 6.666217803955078125e+00
1.365633296966552734e+01 -4.555940151214599609e+00 5.016644477844238281e+00
1.252335834503173828e+01 -3.289200782775878906e+00 5.280477523803710938e+00
1.338209438323974609e+01 -3.377496957778930664e+00 3.496155261993408203e+00
7.917227745056152344e+00 -2.093631267547607422e+00 7.159467220306396484e+00
7.464781761169433594e+00 -1.704359650611877441e+00 6.999876976013183594e+00
4.211045265197753906e+00 -1.220806241035461426e-01 6.910544395446777344e+00
9.700325012207031250e+00 -3.421322107315063477e+00 7.312013149261474609e+00
1.047737407684326172e+01 -2.167255878448486328e+00 7.087683677673339844e+00
1.080609989166259766e+01 -1.967565774917602539e+00 5.936557292938232422e+00
8.736987113952636719e+00 -7.064716815948486328e-01 6.730872631072998047e+00
9.087235450744628906e+00 -5.393472909927368164e-01 5.723546981811523438e+00
1.109602928161621094e+01 -1.936597108840942383e+00 4.813847541809082031e+00
1.144859218597412109e+01 -1.751502394676208496e+00 3.734570264816284180e+00
6.668482303619384766e+00 -8.552269935607910156e-01 6.596321582794189453e+00
7.791241645812988281e+00 -2.770250439643859863e-01 6.488979339599609375e+00
7.026906013488769531e+00 4.890977740287780762e-01 5.798787593841552734e+00
6.261697292327880859e+00 2.295764386653900146e-01 6.113413333892822266e+00
5.603802204132080078e+00 1.191262841224670410e+00 5.513731956481933594e+00
8.112973213195800781e+00 6.538206338882446289e-01 4.565171718597412109e+00
5.678504943847656250e+00 2.268499612808227539e+00 4.109546184539794922e+00
6.093602180480957031e+00 2.391160249710083008e+00 3.668453693389892578e+00
-2.092514038085937500e+00 -2.759612798690795898e+00 3.799991607666015625e+00
-1.474434971809387207e+00 -3.767257213592529297e+00 1.693476438522338867e+00
-1.424461126327514648e+00 -4.621555805206298828e+00 4.180443882942199707e-01
-1.575330615043640137e+00 -2.820421934127807617e+00 3.525675535202026367e+00
-2.036549448966979980e-01 -2.608371496200561523e+00 2.410877943038940430e+00
-5.038640975952148438e+00 -3.471927404403686523e+00 1.482924818992614746e+00
-4.323736667633056641e+00 -3.304703235626220703e+00 2.219490289688110352e+00
-5.778324127197265625e+00 -2.596777915954589844e+00 3.403035640716552734e+00
-5.247946739196777344e+00 -3.014361143112182617e+00 2.549021482467651367e+00
-4.061716556549072266e+00 -2.812077522277832031e+00 3.398145198822021484e+00
-2.736443042755126953e+00 -1.586846470832824707e+00 4.897752761840820312e+00
-5.640094757080078125e+00 -1.267653822898864746e+00 4.715824604034423828e+00
-5.342637062072753906e+00 -7.348749637603759766e-01 4.916309833526611328e+00
2.567552089691162109e+00 -1.591301441192626953e+00 3.740252256393432617e+00
1.385706543922424316e+00 -7.893967628479003906e-01 4.176652908325195312e+00
-4.067268595099449158e-02 -1.127092957496643066e+00 3.688205242156982422e+00
1.087747454643249512e+00 -2.151378989219665527e-01 4.698563098907470703e+00
2.525194644927978516e+00 -8.963851928710937500e-01 5.356246948242187500e+00
3.494085311889648438e+00 -3.283128738403320312e-01 6.719257354736328125e+00
1.073838591575622559e+00 8.868729472160339355e-01 5.406828403472900391e+00
-3.207539319992065430e+00 -1.362794637680053711e+00 5.024272441864013672e+00
-4.250905513763427734e+00 3.134198784828186035e-01 5.015241146087646484e+00
-2.763686180114746094e+00 5.977716445922851562e-01 5.140534877777099609e+00
-1.207893371582031250e+00 1.670381665229797363e+00 4.402644634246826172e+00
-3.903767347335815430e+00 1.032287716865539551e+00 4.048358917236328125e+00
-3.840820789337158203e+00 1.431613802909851074e+00 2.887767553329467773e+00
-1.192334368824958801e-01 -5.061185359954833984e+00 -4.560560360550880432e-02
3.564224541187286377e-01 -4.915855407714843750e+00 -7.851041108369827271e-02
8.767616152763366699e-01 -4.914792060852050781e+00 7.649759948253631592e-02
1.706805825233459473e+00 -3.727772951126098633e+00 1.476049661636352539e+00
1.551071643829345703e+00 -4.929549694061279297e+00 6.373635530471801758e-01
1.665175557136535645e+00 -3.740948200225830078e+00 -1.333496212959289551e+00
1.935423493385314941e+00 -2.541855573654174805e+00 2.417098045349121094e+00
2.219810009002685547e+00 1.636032104492187500e+00 5.546087741851806641e+00
2.796108245849609375e+00 2.591065168380737305e+00 4.184184074401855469e+00
2.537350654602050781e+00 3.072462320327758789e+00 2.984132051467895508e+00
-9.045906662940979004e-01 2.520314931869506836e+00 2.608319282531738281e+00
-7.118805646896362305e-01 2.009997606277465820e+00 4.171699523925781250e+00
5.136573314666748047e-01 2.621197938919067383e+00 3.229875802993774414e+00
-1.738877177238464355e+00 3.181655168533325195e+00 1.070530414581298828e-01
-7.562545299530029297e+00 -2.468442678451538086e+00 3.561672925949096680e+00
-7.313144207000732422e+00 -1.434288859367370605e+00 4.223145008087158203e+00
-7.949066162109375000e+00 -8.241515159606933594e-01 2.912228345870971680e+00
-6.798540592193603516e+00 -1.168396353721618652e+00 4.468830108642578125e+00
-7.008760452270507812e+00 -3.753442168235778809e-01 3.064068317413330078e+00
-6.416088104248046875e+00 1.846826374530792236e-01 1.422140955924987793e+00
-6.216538906097412109e+00 1.352310478687286377e-01 2.393884420394897461e+00
-6.922336578369140625e+00 2.275965511798858643e-01 -8.137215971946716309e-01
-3.758444786071777344e+00 1.655174255371093750e+00 1.844064593315124512e+00
-5.361809730529785156e+00 2.017004966735839844e+00 -1.991901516914367676e+00
-3.647655487060546875e+00 3.035742998123168945e+00 -1.669146895408630371e+00
3.309708833694458008e+00 9.133707284927368164e-01 6.461890220642089844e+00
2.905100822448730469e+00 1.904348254203796387e+00 5.326651573181152344e+00
3.746566057205200195e+00 2.228616714477539062e+00 4.721188068389892578e+00
4.454901695251464844e+00 2.774006843566894531e+00 3.682387828826904297e+00
3.812567234039306641e+00 3.293393850326538086e+00 2.921608209609985352e+00
7.756466388702392578e+00 -4.897913932800292969e+00 -3.926822185516357422e+00
2.412002325057983398e+00 -5.051520824432373047e+00 -3.028738737106323242e+00
5.529942989349365234e+00 -4.694722652435302734e+00 -2.461881875991821289e+00
6.340897560119628906e+00 -4.656938552856445312e+00 -2.918319463729858398e+00
3.069089412689208984e+00 -4.986007690429687500e+00 -2.902272462844848633e+00
2.088234424591064453e+00 -5.931961059570312500e+00 -5.250900745391845703e+00
2.623814105987548828e+00 -5.810839176177978516e+00 -6.252468585968017578e+00
3.886038780212402344e+00 -5.145796775817871094e+00 -5.596763610839843750e+00
5.935964584350585938e+00 -4.801077842712402344e+00 -3.703697204589843750e+00
7.158198833465576172e+00 -4.952539443969726562e+00 -4.039612293243408203e+00
2.441751003265380859e+00 -5.622328758239746094e+00 -8.457999229431152344e+00
8.300959587097167969e+00 -5.005330562591552734e+00 -6.004891872406005859e+00
3.296397447586059570e+00 -5.334157466888427734e+00 -7.115093231201171875e+00
3.709474325180053711e+00 -4.725056171417236328e+00 -7.898558139801025391e+00
6.278946876525878906e+00 -5.081607341766357422e+00 -5.375275135040283203e+00
7.393352031707763672e+00 -4.945972919464111328e+00 -6.329032897949218750e+00
5.868333339691162109e+00 -4.186164855957031250e+00 -7.249386787414550781e+00
7.522723674774169922e+00 -4.048002243041992188e+00 -7.368640422821044922e+00
5.582978725433349609e+00 -3.868581056594848633e+00 -7.627616882324218750e+00
5.156831741333007812e+00 -2.841083288192749023e+00 -8.643523216247558594e+00
5.232440948486328125e+00 -2.079921960830688477e+00 -8.896566390991210938e+00
-3.349876403808593750e+00 -7.970434188842773438e+00 -1.205136585235595703e+01
-3.130563259124755859e+00 -8.214660644531250000e+00 -1.051174831390380859e+01
-3.962495088577270508e+00 -7.543558120727539062e+00 -1.315430355072021484e+01
-1.582967996597290039e+00 -6.563204288482666016e+00 -1.323982048034667969e+01
-3.558637380599975586e+00 -6.334100246429443359e+00 -1.445577907562255859e+01
-3.377241134643554688e+00 -5.280160903930664062e+00 -1.518873691558837891e+01
-6.631864547729492188e+00 -6.535964012145996094e+00 -1.316414546966552734e+01
-7.072781085968017578e+00 -6.211710929870605469e+00 -1.318100166320800781e+01
-7.758892536163330078e+00 -5.231920242309570312e+00 -1.366778564453125000e+01
-5.720536708831787109e+00 -7.132145404815673828e+00 -1.307192611694335938e+01
-8.473515510559082031e+00 -5.364060878753662109e+00 -1.255517673492431641e+01
-7.365280151367187500e+00 -4.565475463867187500e+00 -1.456757926940917969e+01
-4.153254985809326172e+00 -5.534707546234130859e+00 -1.502436733245849609e+01
-5.997478008270263672e+00 -4.381727695465087891e+00 -1.525174903869628906e+01
-2.713587522506713867e+00 -5.387189388275146484e+00 -1.501028919219970703e+01
-2.179285764694213867e+00 -4.295045852661132812e+00 -1.536701679229736328e+01
-3.724590301513671875e+00 -3.715269088745117188e+00 -1.574918079376220703e+01
-2.792025327682495117e+00 -3.186387777328491211e+00 -1.571369647979736328e+01
-4.990880966186523438e+00 -2.649258136749267578e+00 -1.593742656707763672e+01
-3.921984195709228516e+00 -1.503905653953552246e+00 -1.593420886993408203e+01
-9.300480842590332031e+00 -4.440879344940185547e+00 -1.221284961700439453e+01
-8.934332847595214844e+00 -4.000379085540771484e+00 -1.343816947937011719e+01
-9.910034179687500000e+00 -2.861811399459838867e+00 -1.233933258056640625e+01
-1.039949798583984375e+01 -1.437954425811767578e+00 -1.151435661315917969e+01
-8.549892425537109375e+00 -3.348959684371948242e+00 -1.435459899902343750e+01
-7.693215847015380859e+00 -2.966037273406982422e+00 -1.519278907775878906e+01
-9.821887969970703125e+00 -9.228631854057312012e-01 -1.327904129028320312e+01
-9.375737190246582031e+00 -3.268726170063018799e-01 -1.420219039916992188e+01
-8.488058090209960938e+00 -9.502184391021728516e-01 -1.507137870788574219e+01
-7.135823726654052734e+00 1.610345095396041870e-01 -1.576954841613769531e+01
-7.627514362335205078e+00 8.155462741851806641e-01 -1.553634357452392578e+01
-1.520577669143676758e+00 -7.555243968963623047e+00 -6.883131980895996094e+00
-4.212427139282226562e-01 -7.156858921051025391e+00 -8.630641937255859375e+00
7.288876175880432129e-02 -6.569896221160888672e+00 -5.590234279632568359e+00
6.184865236282348633e-01 -6.686392784118652344e+00 -6.757242679595947266e+00
-2.399516850709915161e-01 -6.930999279022216797e+00 -9.610233306884765625e+00
-5.148417502641677856e-02 -5.895439147949218750e+00 -1.240147495269775391e+01
1.351368427276611328e+00 -6.390478134155273438e+00 -6.419471740722656250e+00
2.020114898681640625e+00 -5.953322887420654297e+00 -8.191285133361816406e+00
-7.620008587837219238e-01 -5.087208271026611328e+00 -1.430250358581542969e+01
1.024103760719299316e+00 -4.963447570800781250e+00 -1.243770122528076172e+01
-1.232002496719360352e+00 -3.740017414093017578e+00 -1.520201492309570312e+01
-1.940049827098846436e-01 -3.007550239562988281e+00 -1.485879230499267578e+01
1.959779143333435059e+00 -5.053903102874755859e+00 -1.069749736785888672e+01
-1.089338183403015137e+00 -2.405477762222290039e+00 -1.528110599517822266e+01
-1.308391332626342773e+00 -1.697349429130554199e+00 -1.534044933319091797e+01
2.141276836395263672e+00 -3.536442756652832031e+00 -1.149249744415283203e+01
8.838087916374206543e-01 -1.870265603065490723e+00 -1.348708629608154297e+01
7.968434691429138184e-01 -1.144365668296813965e+00 -1.333452033996582031e+01
-2.607213020324707031e+00 -1.777675747871398926e+00 -1.569820308685302734e+01
-2.676669120788574219e+00 -8.089207410812377930e-01 -1.564054965972900391e+01
-5.085010051727294922e+00 4.548238515853881836e-01 -1.588875198364257812e+01
-2.886752843856811523e+00 1.008221626281738281e+00 -1.536706733703613281e+01
-2.164498090744018555e+00 1.175327897071838379e+00 -1.512460517883300781e+01
-4.978724420070648193e-01 1.150117158889770508e+00 -1.389046955108642578e+01
-2.882402658462524414e+00 2.080481290817260742e+00 -1.503553295135498047e+01
-2.466024160385131836e+00 2.789258480072021484e+00 -1.464673614501953125e+01
2.703303575515747070e+00 -3.967983484268188477e+00 -1.033749485015869141e+01
3.519680976867675781e+00 -2.610313177108764648e+00 -1.011237335205078125e+01
3.012022018432617188e+00 -1.847938537597656250e+00 -1.085319900512695312e+01
9.636299014091491699e-01 -2.813339531421661377e-01 -1.281336307525634766e+01
1.482246518135070801e+00 7.005436345934867859e-03 -1.211050224304199219e+01
2.348466396331787109e+00 -2.177255749702453613e-01 -1.122734165191650391e+01
1.080968379974365234e+00 4.176409840583801270e-01 -1.233652782440185547e+01
-1.051266002655029297e+01 -9.657291769981384277e-01 -1.098781871795654297e+01
-9.969588279724121094e+00 6.878984570503234863e-01 -1.291983222961425781e+01
-1.030410957336425781e+01 -1.344050932675600052e-02 -1.048266601562500000e+01
-1.007226085662841797e+01 -1.202152743935585022e-01 -9.021078109741210938e+00
-9.727033615112304688e+00 5.455813407897949219e-01 -1.002568340301513672e+01
-9.964982986450195312e+00 9.249794483184814453e-01 -1.155033683776855469e+01
-9.434744834899902344e+00 2.034911155700683594e+00 -1.278382778167724609e+01
-8.822349548339843750e+00 1.398422241210937500e+00 -9.341052055358886719e+00
-8.417285919189453125e+00 2.399162530899047852e+00 -1.037463569641113281e+01
-8.200428962707519531e+00 1.157662749290466309e+00 -6.070364475250244141e+00
-7.962267398834228516e+00 1.595766186714172363e+00 -7.150968074798583984e+00
-8.283076286315917969e+00 1.882548809051513672e+00 -8.737026214599609375e+00
-7.899101734161376953e+00 2.548357725143432617e+00 -9.732162475585937500e+00
-6.297796726226806641e+00 2.699058532714843750e+00 -7.678572654724121094e+00
-6.213223934173583984e+00 3.007957458496093750e+00 -8.162480354309082031e+00
-8.635429382324218750e+00 2.203033924102783203e+00 -1.429230022430419922e+01
-8.036604881286621094e+00 2.230783462524414062e+00 -1.473225212097167969e+01
-7.636730670928955078e+00 3.441120862960815430e+00 -1.351313877105712891e+01
-6.655160903930664062e+00 4.261293411254882812e+00 -1.313724708557128906e+01
-6.100162506103515625e+00 1.895687103271484375e+00 -1.547675514221191406e+01
-5.844953060150146484e+00 2.184978008270263672e+00 -1.532728576660156250e+01
-5.171376705169677734e+00 3.966862678527832031e+00 -1.412172222137451172e+01
-4.615580081939697266e+00 3.960391521453857422e+00 -1.424928951263427734e+01
-5.867863655090332031e+00 3.769139528274536133e+00 -1.412505149841308594e+01
-8.273908615112304688e+00 3.283141374588012695e+00 -1.224729251861572266e+01
-6.243798255920410156e+00 4.413533687591552734e+00 -1.238124275207519531e+01
-5.556644916534423828e+00 4.380933284759521484e+00 -1.074387645721435547e+01
-3.389225006103515625e+00 4.233699321746826172e+00 -1.348877811431884766e+01
-3.171040534973144531e+00 4.295967578887939453e+00 -1.287096214294433594e+01
-5.220685005187988281e+00 4.435008049011230469e+00 -1.221968364715576172e+01
-4.469360351562500000e+00 4.635697841644287109e+00 -1.232664585113525391e+01
-3.216764211654663086e+00 4.686838150024414062e+00 -1.144403076171875000e+01
-4.958447456359863281e+00 4.786538600921630859e+00 -1.084843063354492188e+01
-3.795888662338256836e+00 4.893873214721679688e+00 -1.117208576202392578e+01
-6.640274524688720703e+00 3.683433294296264648e+00 -1.050169277191162109e+01
-5.930867195129394531e+00 3.623387098312377930e+00 -9.035052299499511719e+00
3.058565378189086914e+00 -1.884373426437377930e-01 -1.030301189422607422e+01
-1.386494189500808716e-01 1.529334664344787598e+00 -1.287840652465820312e+01
-2.114213705062866211e+00 3.221944093704223633e+00 -1.359574031829833984e+01
9.959610700607299805e-01 8.026948571205139160e-01 -1.168960094451904297e+01
-1.053729653358459473e+00 2.885321140289306641e+00 -1.233942317962646484e+01
-2.714032888412475586e+00 3.846292972564697266e+00 -1.327097797393798828e+01
-1.649800896644592285e+00 3.647661209106445312e+00 -1.187617588043212891e+01
1.138940334320068359e+01 -6.486104011535644531e+00 -3.280520915985107422e+00
1.323125648498535156e+01 -6.670400142669677734e+00 -1.558160662651062012e+00
1.114152336120605469e+01 -6.276508808135986328e+00 -6.328590512275695801e-01
1.094033813476562500e+01 -6.382685661315917969e+00 -2.467863798141479492e+00
1.430086612701416016e+01 -7.023304939270019531e+00 -4.973030567169189453e+00
1.193747806549072266e+01 -6.587296962738037109e+00 -3.907824516296386719e+00
1.266055488586425781e+01 -6.623682498931884766e+00 -5.439196586608886719e+00
1.307097434997558594e+01 -6.888283252716064453e+00 -3.583582401275634766e+00
1.551165580749511719e+01 -7.086926460266113281e+00 -3.479103803634643555e+00
1.597239208221435547e+01 -6.048840999603271484e+00 -4.071601390838623047e+00
1.610987663269042969e+01 -6.518194675445556641e+00 -9.766061305999755859e-01
1.625548744201660156e+01 -5.777488231658935547e+00 -1.889405608177185059e+00
1.445477390289306641e+01 -6.509770870208740234e+00 2.756692171096801758e-01
1.468713855743408203e+01 -6.931048870086669922e+00 -1.378348469734191895e+00
1.524963474273681641e+01 -6.208166122436523438e+00 1.224164247512817383e+00
1.470036792755126953e+01 -4.152540206909179688e+00 2.242511749267578125e+00
1.504284858703613281e+01 -4.244651317596435547e+00 1.088803291320800781e+00
1.424746799468994141e+01 -3.402302742004394531e+00 1.229440093040466309e+00
1.570821094512939453e+01 -5.021052837371826172e+00 -3.236524105072021484e+00
1.514069271087646484e+01 -4.163148403167724609e+00 -2.452131271362304688e+00
1.512229919433593750e+01 -4.034431934356689453e+00 -8.690017461776733398e-01
1.488469505310058594e+01 -3.720128059387207031e+00 -1.385728955268859863e+00
1.425093078613281250e+01 -2.957707166671752930e+00 -7.459877729415893555e-01
1.376401329040527344e+01 -6.806927204132080078e+00 -6.203305721282958984e+00
1.520240592956542969e+01 -6.020755290985107422e+00 -6.484883308410644531e+00
1.232682228088378906e+01 -6.499656200408935547e+00 -6.628399848937988281e+00
1.286894035339355469e+01 -5.967747211456298828e+00 -7.411109447479248047e+00
1.585717010498046875e+01 -5.937287807464599609e+00 -5.549290657043457031e+00
1.553858470916748047e+01 -5.179543495178222656e+00 -5.844680309295654297e+00
1.497030448913574219e+01 -4.519238471984863281e+00 -5.456881999969482422e+00
1.321189975738525391e+01 -5.580047130584716797e+00 -7.262437820434570312e+00
1.258369636535644531e+01 -5.022458553314208984e+00 -6.580589771270751953e+00
1.343897151947021484e+01 -4.557369232177734375e+00 -6.040515422821044922e+00
1.355041885375976562e+01 -3.488655567169189453e+00 -4.865383148193359375e+00
1.490341758728027344e+01 -3.850304126739501953e+00 -2.702695131301879883e+00
1.484222793579101562e+01 -3.861973524093627930e+00 -4.407751560211181641e+00
1.427686500549316406e+01 -3.040537357330322266e+00 -3.647755861282348633e+00
1.013993644714355469e+01 -5.929457664489746094e+00 -2.635974407196044922e+00
7.014792919158935547e+00 -4.700016498565673828e+00 -2.289088249206542969e+00
7.305703163146972656e+00 -4.749426841735839844e+00 -1.841247797012329102e+00
6.857771873474121094e+00 -4.666399002075195312e+00 -2.873681545257568359e+00
1.045718574523925781e+01 -6.194804668426513672e+00 -2.206384420394897461e+00
9.015729904174804688e+00 -5.432391166687011719e+00 -1.807219505310058594e+00
7.978088855743408203e+00 -4.977207660675048828e+00 -1.442987799644470215e+00
9.579159736633300781e+00 -5.490821838378906250e+00 -3.374672889709472656e+00
9.924680709838867188e+00 -5.556725978851318359e+00 -4.632935047149658203e+00
8.319936752319335938e+00 -4.978548049926757812e+00 -3.919087171554565430e+00
1.352730369567871094e+01 -2.198994874954223633e+00 1.078841686248779297e-01
1.217983913421630859e+01 -8.756173253059387207e-01 -9.386376738548278809e-01
1.093056297302246094e+01 -5.995379924774169922e+00 -5.472646236419677734e+00
1.099053478240966797e+01 -5.462558269500732422e+00 -6.009328842163085938e+00
9.568610191345214844e+00 -5.101533412933349609e+00 -5.187222003936767578e+00
1.168047618865966797e+01 -4.753274917602539062e+00 -6.148139953613281250e+00
9.159760475158691406e+00 -4.347511768341064453e+00 -6.406750202178955078e+00
1.037247085571289062e+01 -3.583335638046264648e+00 -5.854025363922119141e+00
1.242597484588623047e+01 -3.760039567947387695e+00 -5.408810615539550781e+00
1.061343574523925781e+01 -3.251909255981445312e+00 -5.641533851623535156e+00
1.062787914276123047e+01 -2.332254409790039062e+00 -5.213517189025878906e+00
8.530683517456054688e+00 -3.699917793273925781e+00 -7.026556968688964844e+00
9.033587455749511719e+00 -3.110709190368652344e+00 -6.557662010192871094e+00
8.048893928527832031e+00 -2.042917728424072266e+00 -6.901140689849853516e+00
1.035911369323730469e+01 -1.668298363685607910e+00 -5.067277908325195312e+00
8.243029594421386719e+00 -1.729044795036315918e+00 -6.630390644073486328e+00
8.724232673645019531e+00 -5.176187753677368164e-01 -5.824410438537597656e+00
7.279995918273925781e+00 -1.697111278772354126e-01 -6.914126396179199219e+00
1.318936157226562500e+01 -2.267319679260253906e+00 -3.957066774368286133e+00
1.339689540863037109e+01 -1.810343861579895020e+00 -1.821735024452209473e+00
1.311989402770996094e+01 -1.484155178070068359e+00 -3.044027566909790039e+00
1.234261417388916016e+01 -5.757954120635986328e-01 -2.145634412765502930e+00
1.198826980590820312e+01 -2.476344257593154907e-01 -2.758211612701416016e+00
1.234230327606201172e+01 -2.026936531066894531e+00 -4.281305789947509766e+00
1.114592456817626953e+01 -1.333005070686340332e+00 -4.414380073547363281e+00
1.141286182403564453e+01 -7.003456950187683105e-01 -3.774787902832031250e+00
1.012848091125488281e+01 1.480117440223693848e+00 -1.688146233558654785e+00
9.226122856140136719e+00 2.260358333587646484e+00 -2.834862232208251953e+00
9.236146926879882812e+00 2.166118144989013672e+00 -3.281334400177001953e+00
8.548474311828613281e+00 2.875832080841064453e+00 -2.364623785018920898e+00
1.014592266082763672e+01 -9.958052039146423340e-01 -4.941165447235107422e+00
1.053262901306152344e+01 1.551965475082397461e-01 -4.017170429229736328e+00
8.363698005676269531e+00 1.153707876801490784e-01 -5.857091426849365234e+00
7.019767761230468750e+00 9.820817708969116211e-01 -6.428603172302246094e+00
1.377675151824951172e+01 -3.469690561294555664e+00 2.837749481201171875e+00
1.244208335876464844e+01 -2.269368410110473633e+00 3.102086782455444336e+00
1.124049282073974609e+01 -7.412641644477844238e-01 1.529901981353759766e+00
1.144447231292724609e+01 -5.561336278915405273e-01 3.718360066413879395e-01
9.975019454956054688e+00 -1.601724028587341309e-01 3.226082086563110352e+00
8.842599868774414062e+00 1.153222560882568359e+00 2.629252910614013672e+00
9.417272567749023438e+00 8.128681182861328125e-01 2.132848262786865234e+00
7.274544239044189453e+00 2.161644697189331055e+00 2.922631978988647461e+00
7.138935089111328125e+00 2.806478500366210938e+00 1.807127952575683594e+00
9.828176498413085938e+00 9.913275241851806641e-01 4.008318781852722168e-01
1.004013252258300781e+01 1.283300638198852539e+00 -9.387783408164978027e-01
7.996977806091308594e+00 2.705529212951660156e+00 4.094959795475006104e-01
3.351477861404418945e+00 4.283781528472900391e+00 -3.449971079826354980e-01
6.219555854797363281e+00 3.604719638824462891e+00 2.675341069698333740e-01
5.484813213348388672e+00 4.040907382965087891e+00 -2.220435857772827148e+00
3.675673007965087891e+00 4.399195194244384766e+00 -6.842401027679443359e-01
2.850827932357788086e+00 3.828567028045654297e+00 -2.454078674316406250e+00
2.964231014251708984e+00 3.519039869308471680e+00 -3.327043056488037109e+00
-9.875588417053222656e-01 3.795151472091674805e+00 -7.649948596954345703e-01
2.151901006698608398e+00 3.151212930679321289e+00 -4.385415554046630859e+00
1.088624354451894760e-02 4.164905071258544922e+00 -3.142321109771728516e+00
3.082037270069122314e-01 3.712577104568481445e+00 -4.697042942047119141e+00
2.382578372955322266e+00 3.813606739044189453e+00 -2.565003156661987305e+00
5.103647708892822266e+00 -8.704528808593750000e-01 -8.894663810729980469e+00
2.946291208267211914e+00 3.143287003040313721e-01 -9.608688354492187500e+00
5.068429470062255859e+00 5.145947933197021484e-01 -8.115313529968261719e+00
3.647234439849853516e+00 5.701444149017333984e-01 -8.970066070556640625e+00
2.525528669357299805e+00 5.060889720916748047e-01 -9.800723075866699219e+00
1.547471642494201660e+00 1.852961540222167969e+00 -9.912092208862304688e+00
3.316729962825775146e-01 3.152625322341918945e+00 -9.157131195068359375e+00
1.126578524708747864e-01 3.005166769027709961e+00 -1.045805835723876953e+01
5.661622524261474609e+00 2.813360929489135742e+00 -4.858763694763183594e+00
6.172234535217285156e+00 1.898051619529724121e+00 -6.094929218292236328e+00
4.706729412078857422e+00 2.699853420257568359e+00 -5.247103214263916016e+00
4.805067539215087891e+00 2.397698402404785156e+00 -5.962244510650634766e+00
6.612545490264892578e+00 3.751093387603759766e+00 -2.726713895797729492e+00
6.592382431030273438e+00 1.289221644401550293e+00 -6.430378437042236328e+00
5.723279953002929688e+00 1.682549476623535156e+00 -6.608583927154541016e+00
4.869277477264404297e+00 1.794701695442199707e+00 -7.041344642639160156e+00
2.741738796234130859e+00 2.859453916549682617e+00 -5.061607837677001953e+00
2.821014404296875000e+00 2.097967624664306641e+00 -7.360157012939453125e+00
2.032393932342529297e+00 2.336230516433715820e+00 -6.811815738677978516e+00
9.643615782260894775e-02 3.305336475372314453e+00 -6.270421981811523438e+00
2.733880877494812012e-01 2.963379859924316406e+00 -7.758275508880615234e+00
3.044047951698303223e-01 3.035511255264282227e+00 -8.137266159057617188e+00
-3.297371625900268555e+00 3.400016546249389648e+00 -2.585657835006713867e+00
-5.633576393127441406e+00 3.067784786224365234e+00 -7.731162548065185547e+00
-4.808203697204589844e+00 3.485737085342407227e+00 -7.635706901550292969e+00
-4.258214950561523438e+00 3.354183912277221680e+00 -6.674329757690429688e+00
-2.170585870742797852e+00 3.289865732192993164e+00 -2.319265604019165039e-01
-1.890198469161987305e+00 3.752173900604248047e+00 -1.355901360511779785e+00
-1.527121782302856445e+00 4.097079753875732422e+00 -2.469899892807006836e+00
-1.353751778602600098e+00 4.394183635711669922e+00 -3.693963766098022461e+00
-1.181981563568115234e+00 4.404044151306152344e+00 -4.987487316131591797e+00
-4.800287246704101562e+00 4.082394599914550781e+00 -8.504944801330566406e+00
-4.505467414855957031e+00 4.559935569763183594e+00 -9.024425506591796875e+00
-1.980321407318115234e+00 4.466302871704101562e+00 -7.511551856994628906e+00
-3.349592924118041992e+00 4.462270736694335938e+00 -8.331986427307128906e+00
-1.540763020515441895e+00 3.655781745910644531e+00 -1.119920921325683594e+01
-1.228108286857604980e+00 3.510717153549194336e+00 -1.106333827972412109e+01
-3.828173875808715820e+00 4.856441974639892578e+00 -1.070490741729736328e+01
-2.047410488128662109e+00 4.184416770935058594e+00 -9.850817680358886719e+00
-3.110552430152893066e-01 3.483832597732543945e+00 -9.966300964355468750e+00
-2.158656835556030273e+00 4.563142299652099609e+00 -6.120874881744384766e+00
5.242940902709960938e+00 3.354113817214965820e+00 2.327127695083618164e+00
6.031662940979003906e+00 3.304244995117187500e+00 1.771994113922119141e+00
1.966567397117614746e+00 7.075898647308349609e-01 -1.028698444366455078e+01
-5.163416266441345215e-01 2.798314332962036133e+00 -1.161570072174072266e+01
4.422534406185150146e-01 2.528149366378784180e+00 -1.076953887939453125e+01
