1.600218653678894043e+00 -4.910795688629150391e+00 -2.696781396865844727e+00
2.327623367309570312e+00 -4.746139049530029297e+00 -1.891923785209655762e+00
1.560624480247497559e+00 -4.759097576141357422e+00 -2.289886474609375000e+00
-5.063285827636718750e+00 -8.106098175048828125e+00 -7.813368797302246094e+00
-4.998453617095947266e+00 -8.060574531555175781e+00 -1.156130504608154297e+01
-4.182431221008300781e+00 -8.319598197937011719e+00 -9.412664413452148438e+00
-7.262667655944824219e+00 -7.465574264526367188e+00 -7.047834396362304688e+00
-7.768232822418212891e+00 -7.349230289459228516e+00 -7.956578254699707031e+00
-5.688834667205810547e+00 -8.126404762268066406e+00 -9.815916061401367188e+00
-6.216081619262695312e+00 -7.995300292968750000e+00 -9.052625656127929688e+00
-6.479422092437744141e+00 -7.344541549682617188e+00 -1.204731655120849609e+01
-8.407841682434082031e+00 -6.366553306579589844e+00 -1.056749439239501953e+01
-8.330780982971191406e+00 -6.189233779907226562e+00 -1.128629016876220703e+01
-9.636693000793457031e+00 -5.266176223754882812e+00 -8.352796554565429688e+00
-1.004615497589111328e+01 -4.325317859649658203e+00 -8.706734657287597656e+00
-9.584098815917968750e+00 -4.642269134521484375e+00 -1.085968875885009766e+01
-8.206913948059082031e+00 -6.685047149658203125e+00 -5.433398723602294922e+00
-9.053368568420410156e+00 -6.081847667694091797e+00 -4.918938636779785156e+00
-7.945943355560302734e+00 -5.723223686218261719e+00 -3.399959802627563477e+00
-8.471131324768066406e+00 -5.182816505432128906e+00 -2.232775926589965820e+00
-6.933463573455810547e+00 -5.421902179718017578e+00 -3.107516527175903320e+00
-2.551432132720947266e+00 -5.000396728515625000e+00 -1.539173603057861328e+00
-3.328464508056640625e+00 -4.852043628692626953e+00 -5.743363499641418457e-01
-1.382244229316711426e+00 -4.931513309478759766e+00 -2.282506972551345825e-01
-7.350022315979003906e+00 -3.191586494445800781e+00 2.305308103561401367e+00
-5.321115493774414062e+00 -3.496420383453369141e+00 1.282782554626464844e+00
-3.827822446823120117e+00 -5.049371242523193359e+00 -2.126959800720214844e+00
-7.276156902313232422e+00 -4.778186321258544922e+00 -1.622761011123657227e+00
-6.282132148742675781e+00 -5.153685092926025391e+00 -2.779140472412109375e+00
-3.696051597595214844e+00 -4.390777587890625000e+00 1.449262499809265137e-01
-4.756954193115234375e+00 -7.274068832397460938e+00 -5.283174991607666016e+00
-4.526680946350097656e+00 -6.486894607543945312e+00 -4.079744338989257812e+00
-2.276843070983886719e+00 -7.653456687927246094e+00 -6.409476757049560547e+00
-2.875972270965576172e+00 -7.162080764770507812e+00 -5.056265830993652344e+00
-2.208411216735839844e+00 -7.173607349395751953e+00 -5.289356231689453125e+00
-1.349831342697143555e+00 -6.798591613769531250e+00 -5.037271499633789062e+00
-2.764788627624511719e+00 -6.767097473144531250e+00 -4.428712368011474609e+00
-5.251916885375976562e+00 -6.843621253967285156e+00 -4.667004585266113281e+00
-6.145590782165527344e+00 -7.663385868072509766e+00 -6.731674671173095703e+00
-8.694358825683593750e+00 -6.647443294525146484e+00 -6.442565441131591797e+00
-1.373629808425903320e+00 -4.949968338012695312e+00 -1.828850746154785156e+00
-8.935559391975402832e-01 -5.014423370361328125e+00 -2.271433115005493164e+00
-2.202236413955688477e+00 -5.099031925201416016e+00 -2.014446735382080078e+00
-2.958439290523529053e-01 -5.035758495330810547e+00 -1.187340855598449707e+00
6.845451593399047852e-01 -4.572270393371582031e+00 -1.588947057723999023e+00
-7.803066372871398926e-01 -5.387078762054443359e+00 -3.010465145111083984e+00
2.369612641632556915e-02 -5.484785079956054688e+00 -3.336945533752441406e+00
6.537316441535949707e-01 -4.735570430755615234e+00 -2.114961624145507812e+00
-9.491629600524902344e+00 -4.785053730010986328e+00 -2.042280435562133789e+00
-9.929627418518066406e+00 -4.882208347320556641e+00 -4.669324874877929688e+00
-9.332579612731933594e+00 -5.561525344848632812e+00 -3.823419332504272461e+00
-1.018477153778076172e+01 -3.747722387313842773e+00 -3.280440807342529297e+00
-1.031396770477294922e+01 -3.581013679504394531e+00 -4.705983638763427734e+00
-9.092717170715332031e+00 -4.048714637756347656e+00 2.999791502952575684e-01
-9.761023521423339844e+00 -4.150238037109375000e+00 -1.406099200248718262e+00
-9.805055618286132812e+00 -3.212519407272338867e+00 -2.771358489990234375e-01
-9.580522537231445312e+00 -2.907469987869262695e+00 9.020691514015197754e-01
-9.090126037597656250e+00 -2.706627368927001953e+00 2.164083480834960938e+00
-9.266730308532714844e+00 -1.618699312210083008e+00 1.271003007888793945e+00
-1.016348934173583984e+01 -2.682139396667480469e+00 -2.517957925796508789e+00
-1.009116554260253906e+01 -1.600893139839172363e+00 -2.646416187286376953e+00
-9.457560539245605469e+00 -1.278197169303894043e+00 -8.853074908256530762e-01
-7.930781364440917969e+00 -4.127676486968994141e-01 -6.455250978469848633e-01
-1.005652141571044922e+01 -4.634680271148681641e+00 -5.533080577850341797e+00
-1.034389019012451172e+01 -3.651873826980590820e+00 -5.413734436035156250e+00
-1.053061771392822266e+01 -2.256451845169067383e+00 -5.293129920959472656e+00
-1.058690738677978516e+01 -2.098825216293334961e+00 -5.864461898803710938e+00
-1.008036518096923828e+01 -6.576824188232421875e-01 -5.349508762359619141e+00
-1.058611869812011719e+01 -2.844040870666503906e+00 -7.954139232635498047e+00
-1.070845699310302734e+01 -1.948336482048034668e+00 -8.881591796875000000e+00
-1.059954357147216797e+01 -8.119037747383117676e-01 -8.513435363769531250e+00
-9.950302124023437500e+00 -3.302834928035736084e-01 -6.703158855438232422e+00
-8.379179954528808594e+00 -1.988382488489151001e-01 -2.252750158309936523e+00
-6.925899028778076172e+00 1.701425075531005859e+00 -3.687661647796630859e+00
-9.016185760498046875e+00 3.865274786949157715e-01 -6.203100204467773438e+00
-7.575789451599121094e+00 1.440794825553894043e+00 -4.989269733428955078e+00
1.336037158966064453e+01 -4.474515914916992188e+00 4.451375484466552734e+00
1.348951721191406250e+01 -5.923797607421875000e+00 8.936146497726440430e-01
1.301157093048095703e+01 -5.608829975128173828e+00 1.571055650711059570e+00
1.486169338226318359e+01 -5.538556098937988281e+00 2.016587018966674805e+00
1.480130672454833984e+01 -4.456342220306396484e+00 3.004746437072753906e+00
1.199490261077880859e+01 -5.013418197631835938e+00 2.860737800598144531e+00
4.530108451843261719e+00 -6.801054477691650391e-01 4.895111560821533203e+00
5.421299934387207031e+00 -9.677472710609436035e-02 5.969784259796142578e+00
6.680620670318603516e+00 -4.780634880065917969e+00 -1.566798329353332520e+00
8.929215431213378906e+00 -6.115789413452148438e+00 -1.057322621345520020e+00
8.157691955566406250e+00 -6.039849758148193359e+00 -8.870105147361755371e-01
7.497959136962890625e+00 -6.088088512420654297e+00 -2.604790031909942627e-01
2.628803968429565430e+00 -5.321354866027832031e+00 4.866795241832733154e-01
4.345851898193359375e+00 -4.653337001800537109e+00 -1.434709191322326660e+00
5.222195148468017578e+00 -5.021301746368408203e+00 -1.066880345344543457e+00
2.362088441848754883e+00 -4.244867324829101562e+00 -1.235385298728942871e+00
4.173597335815429688e+00 -4.676071643829345703e+00 -1.220826268196105957e+00
5.184339046478271484e+00 -5.414065361022949219e+00 3.715430498123168945e-01
5.871244907379150391e+00 -5.851790428161621094e+00 -4.320563971996307373e-01
3.172024011611938477e+00 -5.413120269775390625e+00 -5.109672546386718750e-01
9.540616035461425781e+00 -4.533392429351806641e+00 3.350801229476928711e+00
1.026631736755371094e+01 -3.536788463592529297e+00 4.972537040710449219e+00
1.010715675354003906e+01 -3.961705446243286133e+00 4.483268260955810547e+00
8.978353500366210938e+00 -2.835942029953002930e+00 5.522360324859619141e+00
9.026988983154296875e+00 -4.347365379333496094e+00 3.442316770553588867e+00
9.072710990905761719e+00 -5.517241001129150391e+00 1.707250356674194336e+00
8.725055694580078125e+00 -5.774662494659423828e+00 1.218611359596252441e+00
5.614022731781005859e+00 -8.379129171371459961e-01 3.998199224472045898e+00
6.251837730407714844e+00 -3.356275558471679688e+00 2.561769723892211914e+00
5.675249576568603516e+00 -3.709852218627929688e+00 2.032440423965454102e+00
4.584007740020751953e+00 -1.645354628562927246e+00 3.129203796386718750e+00
4.697944641113281250e+00 -1.143323063850402832e+00 3.731098651885986328e+00
7.036086082458496094e+00 -1.840804815292358398e+00 4.400210380554199219e+00
6.869812965393066406e+00 -1.089443325996398926e+00 5.508170604705810547e+00
6.609901905059814453e+00 -5.214930534362792969e+00 1.157199501991271973e+00
1.250310420989990234e+01 -2.711383104324340820e+00 5.557633876800537109e+00
1.404490661621093750e+01 -3.550902366638183594e+00 4.358189105987548828e+00
1.298315429687500000e+01 -2.146111249923706055e+00 4.645970821380615234e+00
1.369022274017333984e+01 -2.529788255691528320e+00 3.012874841690063477e+00
8.162778854370117188e+00 -1.635883808135986328e+00 6.745253562927246094e+00
7.686876773834228516e+00 -1.284429073333740234e+00 6.651029586791992188e+00
4.374802589416503906e+00 2.253922522068023682e-01 6.702734947204589844e+00
1.008960151672363281e+01 -2.506289958953857422e+00 6.523871421813964844e+00
1.086230945587158203e+01 -1.288022994995117188e+00 6.318432331085205078e+00
1.116263389587402344e+01 -9.647863507270812988e-01 5.376456737518310547e+00
8.957821846008300781e+00 -2.090499699115753174e-01 6.403719902038574219e+00
9.290748596191406250e+00 1.384689807891845703e-01 5.411250591278076172e+00
1.139649295806884766e+01 -9.955982565879821777e-01 4.386139392852783203e+00
1.165924930572509766e+01 -1.004240274429321289e+00 3.369933843612670898e+00
6.855817794799804688e+00 -4.492720961570739746e-01 6.293155193328857422e+00
7.975183010101318359e+00 2.175438702106475830e-01 6.239144802093505859e+00
7.168451786041259766e+00 9.976614713668823242e-01 5.649198532104492188e+00
6.411723613739013672e+00 6.911234855651855469e-01 5.926215171813964844e+00
5.748357295989990234e+00 1.762609601020812988e+00 5.531188488006591797e+00
8.242879867553710938e+00 1.222378611564636230e+00 4.385580539703369141e+00
5.807363986968994141e+00 2.875973939895629883e+00 4.175114154815673828e+00
6.197982311248779297e+00 2.893466949462890625e+00 3.661707401275634766e+00
-2.085889816284179688e+00 -2.745724678039550781e+00 3.793671846389770508e+00
-1.470207333564758301e+00 -3.737893104553222656e+00 1.678487062454223633e+00
-1.420591354370117188e+00 -4.583249092102050781e+00 3.988799452781677246e-01
-1.566630005836486816e+00 -2.793490648269653320e+00 3.513648748397827148e+00
-1.923735886812210083e-01 -2.586362600326538086e+00 2.405804157257080078e+00
-5.036326408386230469e+00 -3.459830522537231445e+00 1.476088643074035645e+00
-4.321568012237548828e+00 -3.292387723922729492e+00 2.214216709136962891e+00
-5.774769306182861328e+00 -2.571636199951171875e+00 3.387664079666137695e+00
-5.244635581970214844e+00 -2.995365619659423828e+00 2.538535356521606445e+00
-4.058291435241699219e+00 -2.799218654632568359e+00 3.391727447509765625e+00
-2.732628583908081055e+00 -1.579250812530517578e+00 4.895053386688232422e+00
-5.637213230133056641e+00 -1.248068690299987793e+00 4.702476024627685547e+00
-5.340120792388916016e+00 -7.211537361145019531e-01 4.910077571868896484e+00
2.614985466003417969e+00 -1.497843146324157715e+00 3.691156864166259766e+00
1.414852857589721680e+00 -7.272823452949523926e-01 4.155873298645019531e+00
-2.525515481829643250e-02 -1.099057555198669434e+00 3.682895898818969727e+00
1.113462567329406738e+00 -1.447676569223403931e-01 4.683453083038330078e+00
2.617601156234741211e+00 -7.158154845237731934e-01 5.280888080596923828e+00
3.634053945541381836e+00 -5.040067434310913086e-02 6.579012870788574219e+00
1.108939528465270996e+00 9.736579656600952148e-01 5.398212909698486328e+00
-3.203925609588623047e+00 -1.352741837501525879e+00 5.021615028381347656e+00
-4.247356414794921875e+00 3.233755528926849365e-01 5.014514923095703125e+00
-2.758496522903442383e+00 6.067537665367126465e-01 5.136184215545654297e+00
-1.201867818832397461e+00 1.684017658233642578e+00 4.402344226837158203e+00
-3.900161504745483398e+00 1.038530826568603516e+00 4.047423839569091797e+00
-3.837400436401367188e+00 1.434410572052001953e+00 2.886853694915771484e+00
-1.166494637727737427e-01 -5.023198604583740234e+00 -6.455267965793609619e-02
3.608742654323577881e-01 -4.891648769378662109e+00 -9.155251085758209229e-02
8.834002614021301270e-01 -4.895992279052734375e+00 6.759825348854064941e-02
1.715155601501464844e+00 -3.701399564743041992e+00 1.467025995254516602e+00
1.552289247512817383e+00 -4.909084796905517578e+00 6.320197582244873047e-01
1.675807595252990723e+00 -3.721019744873046875e+00 -1.362421989440917969e+00
1.955009698867797852e+00 -2.500692844390869141e+00 2.396968364715576172e+00
2.275872945785522461e+00 1.847541689872741699e+00 5.519909858703613281e+00
2.838460445404052734e+00 2.826266527175903320e+00 4.195209503173828125e+00
2.560783863067626953e+00 3.141388893127441406e+00 2.974780082702636719e+00
-8.992397189140319824e-01 2.528563261032104492e+00 2.607527732849121094e+00
-7.024132013320922852e-01 2.035758495330810547e+00 4.168281078338623047e+00
5.273788571357727051e-01 2.652705430984497070e+00 3.224927186965942383e+00
-1.737147450447082520e+00 3.178764104843139648e+00 1.052094846963882446e-01
-7.560004234313964844e+00 -2.444729566574096680e+00 3.548034906387329102e+00
-7.312126636505126953e+00 -1.414264559745788574e+00 4.214719295501708984e+00
-7.951586723327636719e+00 -8.038655519485473633e-01 2.907313823699951172e+00
-6.797011852264404297e+00 -1.150050401687622070e+00 4.460884094238281250e+00
-7.008177757263183594e+00 -3.620075881481170654e-01 3.058490991592407227e+00
-6.415233612060546875e+00 1.884063780307769775e-01 1.419703602790832520e+00
-6.214761734008789062e+00 1.399276554584503174e-01 2.391122102737426758e+00
-6.921757221221923828e+00 2.285071164369583130e-01 -8.148977756500244141e-01
-3.756447315216064453e+00 1.655457496643066406e+00 1.843566298484802246e+00
-5.361254692077636719e+00 2.014066934585571289e+00 -1.993956923484802246e+00
-3.646201848983764648e+00 3.032732486724853516e+00 -1.670398354530334473e+00
3.416941642761230469e+00 1.218953251838684082e+00 6.397559165954589844e+00
2.969824314117431641e+00 2.227372169494628906e+00 5.332234859466552734e+00
3.836250782012939453e+00 2.716581344604492188e+00 4.785054683685302734e+00
4.523559093475341797e+00 3.219604492187500000e+00 3.734752416610717773e+00
3.833313226699829102e+00 3.486132383346557617e+00 2.913410902023315430e+00
7.749309062957763672e+00 -4.897933006286621094e+00 -3.941272735595703125e+00
2.411469697952270508e+00 -5.054020881652832031e+00 -3.031829118728637695e+00
5.527280807495117188e+00 -4.699183464050292969e+00 -2.467644214630126953e+00
6.336965560913085938e+00 -4.658432960510253906e+00 -2.925170183181762695e+00
3.067556858062744141e+00 -4.989632606506347656e+00 -2.905433416366577148e+00
2.087122440338134766e+00 -5.933037281036376953e+00 -5.253273010253906250e+00
2.621092319488525391e+00 -5.809611797332763672e+00 -6.254337787628173828e+00
3.881914138793945312e+00 -5.142827033996582031e+00 -5.599101543426513672e+00
5.931840896606445312e+00 -4.799765110015869141e+00 -3.710318088531494141e+00
7.152582645416259766e+00 -4.952582836151123047e+00 -4.050391674041748047e+00
2.439651012420654297e+00 -5.622211933135986328e+00 -8.459488868713378906e+00
8.287613868713378906e+00 -5.004845619201660156e+00 -6.022190570831298828e+00
3.292116880416870117e+00 -5.331987380981445312e+00 -7.116583824157714844e+00
3.704277038574218750e+00 -4.723419666290283203e+00 -7.899655342102050781e+00
6.272178173065185547e+00 -5.080144882202148438e+00 -5.382503986358642578e+00
7.381887435913085938e+00 -4.943916320800781250e+00 -6.338944911956787109e+00
5.859487056732177734e+00 -4.186142921447753906e+00 -7.255429744720458984e+00
7.509302139282226562e+00 -4.047715663909912109e+00 -7.378939628601074219e+00
5.575803756713867188e+00 -3.867629289627075195e+00 -7.631161689758300781e+00
5.152336597442626953e+00 -2.840350627899169922e+00 -8.645285606384277344e+00
5.229741573333740234e+00 -2.080991029739379883e+00 -8.897689819335937500e+00
-3.349520921707153320e+00 -7.970149040222167969e+00 -1.205109882354736328e+01
-3.130520105361938477e+00 -8.214184761047363281e+00 -1.051157760620117188e+01
-3.961860656738281250e+00 -7.543915271759033203e+00 -1.315457248687744141e+01
-1.582674503326416016e+00 -6.563919544219970703e+00 -1.324027633666992188e+01
-3.558332681655883789e+00 -6.335028648376464844e+00 -1.445640277862548828e+01
-3.377057552337646484e+00 -5.281610488891601562e+00 -1.518955516815185547e+01
-6.631049633026123047e+00 -6.537279605865478516e+00 -1.316504859924316406e+01
-7.071678161621093750e+00 -6.213552474975585938e+00 -1.318284797668457031e+01
-7.757799148559570312e+00 -5.233569145202636719e+00 -1.366981029510498047e+01
-5.719784736633300781e+00 -7.132269859313964844e+00 -1.307205104827880859e+01
-8.471803665161132812e+00 -5.365819931030273438e+00 -1.255746936798095703e+01
-7.364347457885742188e+00 -4.565632343292236328e+00 -1.456864166259765625e+01
-4.153127670288085938e+00 -5.535248756408691406e+00 -1.502560424804687500e+01
-5.996859073638916016e+00 -4.382947921752929688e+00 -1.525349998474121094e+01
-2.713206291198730469e+00 -5.388405799865722656e+00 -1.501124668121337891e+01
-2.179097175598144531e+00 -4.295974254608154297e+00 -1.536727142333984375e+01
-3.724885702133178711e+00 -3.715647459030151367e+00 -1.575007057189941406e+01
-2.792025327682495117e+00 -3.187627553939819336e+00 -1.571416473388671875e+01
-4.990863800048828125e+00 -2.649600744247436523e+00 -1.593840312957763672e+01
-3.922141551971435547e+00 -1.504935383796691895e+00 -1.593413734436035156e+01
-9.298123359680175781e+00 -4.441646099090576172e+00 -1.221521472930908203e+01
-8.933415412902832031e+00 -4.002473354339599609e+00 -1.343962574005126953e+01
-9.909888267517089844e+00 -2.863482713699340820e+00 -1.234121417999267578e+01
-1.039982128143310547e+01 -1.439559459686279297e+00 -1.151503276824951172e+01
-8.549018859863281250e+00 -3.349514961242675781e+00 -1.435574722290039062e+01
-7.692783832550048828e+00 -2.967220783233642578e+00 -1.519404125213623047e+01
-9.821489334106445312e+00 -9.244465231895446777e-01 -1.328034210205078125e+01
-9.375131607055664062e+00 -3.274095654487609863e-01 -1.420291423797607422e+01
-8.487634658813476562e+00 -9.514305591583251953e-01 -1.507192993164062500e+01
-7.135658740997314453e+00 1.605238467454910278e-01 -1.576893997192382812e+01
-7.627726078033447266e+00 8.153021931648254395e-01 -1.553588485717773438e+01
-1.520055174827575684e+00 -7.555202484130859375e+00 -6.884313583374023438e+00
-4.210169613361358643e-01 -7.157619953155517578e+00 -8.631821632385253906e+00
7.253281772136688232e-02 -6.569647312164306641e+00 -5.592510700225830078e+00
6.183331608772277832e-01 -6.687222957611083984e+00 -6.758942127227783203e+00
-2.397954314947128296e-01 -6.931406974792480469e+00 -9.611032485961914062e+00
-5.141120404005050659e-02 -5.895836830139160156e+00 -1.240182018280029297e+01
1.350687146186828613e+00 -6.391327857971191406e+00 -6.421580314636230469e+00
2.018757343292236328e+00 -5.953294277191162109e+00 -8.192573547363281250e+00
-7.617527246475219727e-01 -5.087914943695068359e+00 -1.430299568176269531e+01
1.023807168006896973e+00 -4.963489532470703125e+00 -1.243811035156250000e+01
-1.231939792633056641e+00 -3.740433454513549805e+00 -1.520182800292968750e+01
-1.937494724988937378e-01 -3.007964849472045898e+00 -1.485909366607666016e+01
1.959212660789489746e+00 -5.054213523864746094e+00 -1.069841384887695312e+01
-1.089224815368652344e+00 -2.406136989593505859e+00 -1.528125476837158203e+01
-1.308419466018676758e+00 -1.698086500167846680e+00 -1.534079360961914062e+01
2.140757083892822266e+00 -3.536735296249389648e+00 -1.149331569671630859e+01
8.837260603904724121e-01 -1.870332002639770508e+00 -1.348723030090332031e+01
7.964502573013305664e-01 -1.144387960433959961e+00 -1.333483123779296875e+01
-2.607707023620605469e+00 -1.779752969741821289e+00 -1.569791793823242188e+01
-2.677037000656127930e+00 -8.105134963989257812e-01 -1.564091777801513672e+01
-5.084948539733886719e+00 4.545991420745849609e-01 -1.588908863067626953e+01
-2.886816263198852539e+00 1.007682561874389648e+00 -1.536785221099853516e+01
-2.164962768554687500e+00 1.174451231956481934e+00 -1.512471103668212891e+01
-4.984936714172363281e-01 1.149673938751220703e+00 -1.389073753356933594e+01
-2.882401943206787109e+00 2.079936504364013672e+00 -1.503600502014160156e+01
-2.466233015060424805e+00 2.788635253906250000e+00 -1.464743423461914062e+01
2.701940059661865234e+00 -3.967888116836547852e+00 -1.033858680725097656e+01
3.516838788986206055e+00 -2.610427379608154297e+00 -1.011348438262939453e+01
3.010523796081542969e+00 -1.847746372222900391e+00 -1.085418605804443359e+01
9.629710912704467773e-01 -2.816736102104187012e-01 -1.281418228149414062e+01
1.480957031250000000e+00 6.335102021694183350e-03 -1.211150550842285156e+01
2.346557378768920898e+00 -2.187530696392059326e-01 -1.122807407379150391e+01
1.079874992370605469e+00 4.170531034469604492e-01 -1.233726596832275391e+01
-1.051054763793945312e+01 -9.664969444274902344e-01 -1.098989772796630859e+01
-9.967495918273925781e+00 6.864243149757385254e-01 -1.292103004455566406e+01
-1.030159854888916016e+01 -1.534353196620941162e-02 -1.048534584045410156e+01
-1.007127857208251953e+01 -1.207534223794937134e-01 -9.022984504699707031e+00
-9.725240707397460938e+00 5.450581908226013184e-01 -1.002755737304687500e+01
-9.963020324707031250e+00 9.252412915229797363e-01 -1.155188369750976562e+01
-9.434046745300292969e+00 2.035892963409423828e+00 -1.278404140472412109e+01
-8.820749282836914062e+00 1.398692131042480469e+00 -9.343354225158691406e+00
-8.417110443115234375e+00 2.400770187377929688e+00 -1.037585449218750000e+01
-8.198040962219238281e+00 1.157720804214477539e+00 -6.071434020996093750e+00
-7.960696697235107422e+00 1.593047976493835449e+00 -7.152781963348388672e+00
-8.283080101013183594e+00 1.881760358810424805e+00 -8.738639831542968750e+00
-7.900389194488525391e+00 2.551743030548095703e+00 -9.732574462890625000e+00
-6.297173500061035156e+00 2.698598384857177734e+00 -7.680091857910156250e+00
-6.213473796844482422e+00 3.009757041931152344e+00 -8.162896156311035156e+00
-8.635609626770019531e+00 2.204419374465942383e+00 -1.429191207885742188e+01
-8.036792755126953125e+00 2.231481552124023438e+00 -1.473166656494140625e+01
-7.637009143829345703e+00 3.445088386535644531e+00 -1.351430130004882812e+01
-6.655207633972167969e+00 4.265670299530029297e+00 -1.313903141021728516e+01
-6.100484848022460938e+00 1.895884513854980469e+00 -1.547603321075439453e+01
-5.844869136810302734e+00 2.184602022171020508e+00 -1.532707881927490234e+01
-5.170447349548339844e+00 3.967903375625610352e+00 -1.412252521514892578e+01
-4.615076541900634766e+00 3.960587978363037109e+00 -1.424993419647216797e+01
-5.867561340332031250e+00 3.771365642547607422e+00 -1.412595939636230469e+01
-8.273873329162597656e+00 3.285554170608520508e+00 -1.224814128875732422e+01
-6.242775917053222656e+00 4.415657997131347656e+00 -1.238256454467773438e+01
-5.555825710296630859e+00 4.383625507354736328e+00 -1.074490356445312500e+01
-3.388756513595581055e+00 4.233612060546875000e+00 -1.348972034454345703e+01
-3.170498371124267578e+00 4.296310424804687500e+00 -1.287197685241699219e+01
-5.219520092010498047e+00 4.436193466186523438e+00 -1.222058963775634766e+01
-4.468456268310546875e+00 4.636387825012207031e+00 -1.232760143280029297e+01
-3.216355800628662109e+00 4.687150478363037109e+00 -1.144469928741455078e+01
-4.957340717315673828e+00 4.787467956542968750e+00 -1.084935188293457031e+01
-3.795139551162719727e+00 4.893710136413574219e+00 -1.117271423339843750e+01
-6.639981269836425781e+00 3.685577630996704102e+00 -1.050282478332519531e+01
-5.931823253631591797e+00 3.626713991165161133e+00 -9.034957885742187500e+00
3.055017709732055664e+00 -1.910413950681686401e-01 -1.030322742462158203e+01
-1.396320015192031860e-01 1.528756260871887207e+00 -1.287894248962402344e+01
-2.114718914031982422e+00 3.221426486968994141e+00 -1.359638786315917969e+01
9.945251345634460449e-01 8.017038106918334961e-01 -1.169043159484863281e+01
-1.054392337799072266e+00 2.884897232055664062e+00 -1.234006690979003906e+01
-2.713789701461791992e+00 3.846275568008422852e+00 -1.327199649810791016e+01
-1.649828553199768066e+00 3.647809505462646484e+00 -1.187709045410156250e+01
1.138643646240234375e+01 -6.472733020782470703e+00 -3.327497720718383789e+00
1.324575328826904297e+01 -6.583348274230957031e+00 -1.645188331604003906e+00
1.114135456085205078e+01 -6.277669906616210938e+00 -6.590222716331481934e-01
1.093875598907470703e+01 -6.382825374603271484e+00 -2.503921747207641602e+00
1.428906726837158203e+01 -6.977406978607177734e+00 -5.049951076507568359e+00
1.192902088165283203e+01 -6.565958499908447266e+00 -3.961573600769042969e+00
1.264408016204833984e+01 -6.595921516418457031e+00 -5.502448081970214844e+00
1.306775665283203125e+01 -6.843104839324951172e+00 -3.650299072265625000e+00
1.551461696624755859e+01 -7.019303798675537109e+00 -3.566105842590332031e+00
1.595748329162597656e+01 -5.983661174774169922e+00 -4.174290657043457031e+00
1.613196945190429688e+01 -6.404143333435058594e+00 -1.076011538505554199e+00
1.626262092590332031e+01 -5.678905963897705078e+00 -2.009445905685424805e+00
1.448455238342285156e+01 -6.384917259216308594e+00 1.763655245304107666e-01
1.470405006408691406e+01 -6.851533412933349609e+00 -1.461397051811218262e+00
1.528730678558349609e+01 -5.976777076721191406e+00 1.085062980651855469e+00
1.483494567871093750e+01 -3.659505844116210938e+00 1.890730142593383789e+00
1.512206840515136719e+01 -3.975725173950195312e+00 8.523212671279907227e-01
1.437159824371337891e+01 -3.036528825759887695e+00 9.478382468223571777e-01
1.569396495819091797e+01 -4.942704677581787109e+00 -3.359487533569335938e+00
1.514452648162841797e+01 -4.059935092926025391e+00 -2.599336385726928711e+00
1.516821575164794922e+01 -3.886955261230468750e+00 -1.043107628822326660e+00
1.490432739257812500e+01 -3.593455076217651367e+00 -1.547288298606872559e+00
1.429284095764160156e+01 -2.756883144378662109e+00 -9.365155696868896484e-01
1.374035930633544922e+01 -6.774229526519775391e+00 -6.276978492736816406e+00
1.517338371276855469e+01 -5.984462261199951172e+00 -6.572721481323242188e+00
1.230065822601318359e+01 -6.482941150665283203e+00 -6.689216136932373047e+00
1.283559894561767578e+01 -5.947783946990966797e+00 -7.481766700744628906e+00
1.583184242248535156e+01 -5.884277343750000000e+00 -5.645371913909912109e+00
1.550335121154785156e+01 -5.136065006256103516e+00 -5.944650173187255859e+00
1.493510341644287109e+01 -4.470439910888671875e+00 -5.565701484680175781e+00
1.317646408081054688e+01 -5.554109573364257812e+00 -7.343883991241455078e+00
1.254925060272216797e+01 -5.001923561096191406e+00 -6.653368949890136719e+00
1.340439701080322266e+01 -4.521039962768554688e+00 -6.131746768951416016e+00
1.351461124420166016e+01 -3.440075159072875977e+00 -4.971325397491455078e+00
1.489002418518066406e+01 -3.757415294647216797e+00 -2.844442129135131836e+00
1.480747795104980469e+01 -3.801257610321044922e+00 -4.528788089752197266e+00
1.423449039459228516e+01 -2.973889350891113281e+00 -3.775905132293701172e+00
1.013671588897705078e+01 -5.929699420928955078e+00 -2.666298866271972656e+00
7.008882522583007812e+00 -4.715019226074218750e+00 -2.295679807662963867e+00
7.298855781555175781e+00 -4.778001785278320312e+00 -1.847725272178649902e+00
6.853167057037353516e+00 -4.666868209838867188e+00 -2.882025480270385742e+00
1.045477294921875000e+01 -6.198788642883300781e+00 -2.235354185104370117e+00
9.011770248413085938e+00 -5.436960697174072266e+00 -1.824440121650695801e+00
7.967999458312988281e+00 -5.009655952453613281e+00 -1.453879117965698242e+00
9.571462631225585938e+00 -5.491259098052978516e+00 -3.401525497436523438e+00
9.914927482604980469e+00 -5.552647590637207031e+00 -4.668410778045654297e+00
8.311924934387207031e+00 -4.977103233337402344e+00 -3.939469575881958008e+00
1.354125690460205078e+01 -1.997241377830505371e+00 -9.021647274494171143e-02
1.221551036834716797e+01 -6.723285317420959473e-01 -1.071829080581665039e+00
1.091668987274169922e+01 -5.984128475189208984e+00 -5.517511367797851562e+00
1.096706771850585938e+01 -5.452380657196044922e+00 -6.059715270996093750e+00
9.554470062255859375e+00 -5.097715377807617188e+00 -5.215494155883789062e+00
1.165082263946533203e+01 -4.737587928771972656e+00 -6.209602832794189453e+00
9.139880180358886719e+00 -4.347505569458007812e+00 -6.432178974151611328e+00
1.034670162200927734e+01 -3.579175710678100586e+00 -5.888451576232910156e+00
1.239247417449951172e+01 -3.734729766845703125e+00 -5.483883857727050781e+00
1.058276271820068359e+01 -3.243660926818847656e+00 -5.684093952178955078e+00
1.059348106384277344e+01 -2.327299594879150391e+00 -5.254517555236816406e+00
8.512397766113281250e+00 -3.699922561645507812e+00 -7.041497707366943359e+00
9.010313987731933594e+00 -3.112082481384277344e+00 -6.576876640319824219e+00
8.036903381347656250e+00 -2.043208599090576172e+00 -6.906261920928955078e+00
1.032415485382080078e+01 -1.666556954383850098e+00 -5.095554828643798828e+00
8.223255157470703125e+00 -1.729284167289733887e+00 -6.636678695678710938e+00
8.700017929077148438e+00 -5.170795917510986328e-01 -5.833324909210205078e+00
7.268180847167968750e+00 -1.724610626697540283e-01 -6.914825439453125000e+00
1.314088821411132812e+01 -2.216812610626220703e+00 -4.067145347595214844e+00
1.338705348968505859e+01 -1.675088644027709961e+00 -1.975610971450805664e+00
1.304878425598144531e+01 -1.442498803138732910e+00 -3.154461622238159180e+00
1.231661224365234375e+01 -4.707682430744171143e-01 -2.268444776535034180e+00
1.191708469390869141e+01 -2.198306322097778320e-01 -2.840385437011718750e+00
1.229592037200927734e+01 -1.996518611907958984e+00 -4.363304138183593750e+00
1.109757232666015625e+01 -1.323564887046813965e+00 -4.467225551605224609e+00
1.135173606872558594e+01 -6.878784298896789551e-01 -3.833992242813110352e+00
1.014443397521972656e+01 1.592938780784606934e+00 -1.758688926696777344e+00
9.225495338439941406e+00 2.335919380187988281e+00 -2.891499042510986328e+00
9.218945503234863281e+00 2.190833568572998047e+00 -3.308758020401000977e+00
8.555385589599609375e+00 2.945565223693847656e+00 -2.403117895126342773e+00
1.011318778991699219e+01 -9.909322261810302734e-01 -4.962899208068847656e+00
1.049538707733154297e+01 1.670148223638534546e-01 -4.045123100280761719e+00
8.348582267761230469e+00 1.141407638788223267e-01 -5.859438419342041016e+00
7.008643150329589844e+00 9.789657592773437500e-01 -6.428143024444580078e+00
1.398901557922363281e+01 -2.821472406387329102e+00 2.452668428421020508e+00
1.259425163269042969e+01 -1.678864955902099609e+00 2.773204326629638672e+00
1.136396503448486328e+01 -2.747222185134887695e-01 1.312008619308471680e+00
1.154324913024902344e+01 -2.257687151432037354e-01 2.191557586193084717e-01
1.011399459838867188e+01 4.237211048603057861e-01 2.964264631271362305e+00
8.939070701599121094e+00 1.629227757453918457e+00 2.484037637710571289e+00
9.542236328125000000e+00 1.290464878082275391e+00 1.963819742202758789e+00
7.367577075958251953e+00 2.632140398025512695e+00 2.850406408309936523e+00
7.190144062042236328e+00 3.166760683059692383e+00 1.741845726966857910e+00
9.941699981689453125e+00 1.361337184906005859e+00 2.809738516807556152e-01
1.012010574340820312e+01 1.572887301445007324e+00 -1.050579667091369629e+00
8.022126197814941406e+00 2.939299583435058594e+00 3.503411710262298584e-01
3.349718332290649414e+00 4.279891967773437500e+00 -3.546754419803619385e-01
6.240490436553955078e+00 3.772101402282714844e+00 2.516506016254425049e-01
5.482060909271240234e+00 4.064351081848144531e+00 -2.234189271926879883e+00
3.672049999237060547e+00 4.395662784576416016e+00 -6.969891786575317383e-01
2.848900079727172852e+00 3.825354337692260742e+00 -2.460629224777221680e+00
2.961861848831176758e+00 3.514734745025634766e+00 -3.329950332641601562e+00
-9.867946505546569824e-01 3.793891429901123047e+00 -7.657857537269592285e-01
2.148995161056518555e+00 3.146358966827392578e+00 -4.386178970336914062e+00
1.024902332574129105e-02 4.162218570709228516e+00 -3.143170595169067383e+00
3.075612783432006836e-01 3.711374998092651367e+00 -4.697910785675048828e+00
2.380717515945434570e+00 3.810925960540771484e+00 -2.567280292510986328e+00
5.098284244537353516e+00 -8.740872740745544434e-01 -8.894512176513671875e+00
2.941228866577148438e+00 3.093923628330230713e-01 -9.608352661132812500e+00
5.059620857238769531e+00 5.081632733345031738e-01 -8.112730026245117188e+00
3.641191244125366211e+00 5.643046498298645020e-01 -8.968539237976074219e+00
2.522180795669555664e+00 5.026971101760864258e-01 -9.801439285278320312e+00
1.545793652534484863e+00 1.850920081138610840e+00 -9.912604331970214844e+00
3.307487368583679199e-01 3.151536464691162109e+00 -9.157809257507324219e+00
1.118810400366783142e-01 3.004348039627075195e+00 -1.045874881744384766e+01
5.659260272979736328e+00 2.818420886993408203e+00 -4.858945846557617188e+00
6.163271903991699219e+00 1.892183423042297363e+00 -6.090266227722167969e+00
4.703236579895019531e+00 2.696692228317260742e+00 -5.246632099151611328e+00
4.800064563751220703e+00 2.392135381698608398e+00 -5.960418701171875000e+00
6.617125988006591797e+00 3.791733741760253906e+00 -2.740202188491821289e+00
6.582776069641113281e+00 1.283684253692626953e+00 -6.427049160003662109e+00
5.713041782379150391e+00 1.673758745193481445e+00 -6.603438854217529297e+00
4.861194133758544922e+00 1.784978747367858887e+00 -7.037033081054687500e+00
2.738341569900512695e+00 2.853877305984497070e+00 -5.061692237854003906e+00
2.816692352294921875e+00 2.092131853103637695e+00 -7.359216213226318359e+00
2.028863430023193359e+00 2.331924438476562500e+00 -6.811409950256347656e+00
9.556290507316589355e-02 3.304748296737670898e+00 -6.271127700805664062e+00
2.720693945884704590e-01 2.961881637573242188e+00 -7.758559226989746094e+00
3.030580282211303711e-01 3.034062147140502930e+00 -8.137575149536132812e+00
-3.295843601226806641e+00 3.398865222930908203e+00 -2.586143970489501953e+00
-5.633012771606445312e+00 3.067617893218994141e+00 -7.731770038604736328e+00
-4.808107852935791016e+00 3.485553264617919922e+00 -7.636183261871337891e+00
-4.259209632873535156e+00 3.354609251022338867e+00 -6.673696517944335938e+00
-2.168204307556152344e+00 3.284873723983764648e+00 -2.343828231096267700e-01
-1.888262033462524414e+00 3.750467061996459961e+00 -1.356608867645263672e+00
-1.527294158935546875e+00 4.095433712005615234e+00 -2.470379352569580078e+00
-1.353732585906982422e+00 4.393915653228759766e+00 -3.694491624832153320e+00
-1.182541012763977051e+00 4.401897907257080078e+00 -4.987721920013427734e+00
-4.799395561218261719e+00 4.081850051879882812e+00 -8.505769729614257812e+00
-4.504712581634521484e+00 4.559808731079101562e+00 -9.025176048278808594e+00
-1.980965256690979004e+00 4.465151786804199219e+00 -7.511737346649169922e+00
-3.349985837936401367e+00 4.461538791656494141e+00 -8.332178115844726562e+00
-1.540959596633911133e+00 3.655720472335815430e+00 -1.119994640350341797e+01
-1.228533864021301270e+00 3.510434865951538086e+00 -1.106416606903076172e+01
-3.827639341354370117e+00 4.856517791748046875e+00 -1.070557117462158203e+01
-2.047619342803955078e+00 4.183892250061035156e+00 -9.851189613342285156e+00
-3.114009797573089600e-01 3.483609437942504883e+00 -9.967028617858886719e+00
-2.159289598464965820e+00 4.561782360076904297e+00 -6.121130943298339844e+00
5.278451442718505859e+00 3.646205902099609375e+00 2.321415424346923828e+00
6.076007843017578125e+00 3.613828420639038086e+00 1.752215147018432617e+00
1.964120745658874512e+00 7.050336003303527832e-01 -1.028790092468261719e+01
-5.174198746681213379e-01 2.797629594802856445e+00 -1.161631965637207031e+01
4.410257935523986816e-01 2.526896715164184570e+00 -1.077009868621826172e+01
