1.598872423171997070e+00 -4.912000656127929688e+00 -2.690495491027832031e+00
2.325009107589721680e+00 -4.746827125549316406e+00 -1.885281443595886230e+00
1.556543588638305664e+00 -4.765088081359863281e+00 -2.281750917434692383e+00
-5.063564777374267578e+00 -8.107097625732421875e+00 -7.812993526458740234e+00
-4.998582363128662109e+00 -8.061085700988769531e+00 -1.156124782562255859e+01
-4.182513713836669922e+00 -8.320233345031738281e+00 -9.412528991699218750e+00
-7.262411594390869141e+00 -7.467272281646728516e+00 -7.047890186309814453e+00
-7.768074989318847656e+00 -7.350138187408447266e+00 -7.956658840179443359e+00
-5.689242362976074219e+00 -8.128118515014648438e+00 -9.815484046936035156e+00
-6.216331958770751953e+00 -7.996803760528564453e+00 -9.052427291870117188e+00
-6.479491710662841797e+00 -7.344250679016113281e+00 -1.204675674438476562e+01
-8.407205581665039062e+00 -6.366240978240966797e+00 -1.056677150726318359e+01
-8.330191612243652344e+00 -6.187946319580078125e+00 -1.128518486022949219e+01
-9.636645317077636719e+00 -5.266946792602539062e+00 -8.353007316589355469e+00
-1.004613971710205078e+01 -4.325137138366699219e+00 -8.705757141113281250e+00
-9.585089683532714844e+00 -4.642991542816162109e+00 -1.085873413085937500e+01
-8.206448554992675781e+00 -6.689722537994384766e+00 -5.433381080627441406e+00
-9.052796363830566406e+00 -6.091874122619628906e+00 -4.918489456176757812e+00
-7.947947025299072266e+00 -5.744278907775878906e+00 -3.392955541610717773e+00
-8.473957061767578125e+00 -5.229144573211669922e+00 -2.215355873107910156e+00
-6.936840534210205078e+00 -5.438128471374511719e+00 -3.100439786911010742e+00
-2.554759263992309570e+00 -5.018131732940673828e+00 -1.528654932975769043e+00
-3.331919908523559570e+00 -4.869119167327880859e+00 -5.642195343971252441e-01
-1.387596249580383301e+00 -4.967140674591064453e+00 -2.102931588888168335e-01
-7.351862907409667969e+00 -3.217073678970336914e+00 2.318995237350463867e+00
-5.323010444641113281e+00 -3.508851528167724609e+00 1.290647983551025391e+00
-3.829470157623291016e+00 -5.060261726379394531e+00 -2.120589733123779297e+00
-7.278910636901855469e+00 -4.795351982116699219e+00 -1.615940332412719727e+00
-6.284701824188232422e+00 -5.163961410522460938e+00 -2.774185657501220703e+00
-3.698136329650878906e+00 -4.402776718139648438e+00 1.519411355257034302e-01
-4.757411003112792969e+00 -7.275440216064453125e+00 -5.282715797424316406e+00
-4.527710437774658203e+00 -6.492516040802001953e+00 -4.077084064483642578e+00
-2.277519941329956055e+00 -7.653245449066162109e+00 -6.408985614776611328e+00
-2.876772880554199219e+00 -7.162977218627929688e+00 -5.055559158325195312e+00
-2.209377527236938477e+00 -7.173271179199218750e+00 -5.288634300231933594e+00
-1.351400136947631836e+00 -6.797460556030273438e+00 -5.035736083984375000e+00
-2.765819787979125977e+00 -6.769811630249023438e+00 -4.426900863647460938e+00
-5.252802848815917969e+00 -6.846672058105468750e+00 -4.666043758392333984e+00
-6.145737648010253906e+00 -7.664980888366699219e+00 -6.731165885925292969e+00
-8.694085121154785156e+00 -6.650393009185791016e+00 -6.443394184112548828e+00
-1.377223014831542969e+00 -4.967451572418212891e+00 -1.815228343009948730e+00
-8.970747590065002441e-01 -5.029376506805419922e+00 -2.257799625396728516e+00
-2.204969167709350586e+00 -5.113381862640380859e+00 -2.004297971725463867e+00
-3.017279207706451416e-01 -5.061583518981933594e+00 -1.170627593994140625e+00
6.772091388702392578e-01 -4.595406055450439453e+00 -1.570561528205871582e+00
-7.825523614883422852e-01 -5.391030788421630859e+00 -3.005094766616821289e+00
2.231383696198463440e-02 -5.486458301544189453e+00 -3.332158327102661133e+00
6.495414376258850098e-01 -4.746895313262939453e+00 -2.102296113967895508e+00
-9.493701934814453125e+00 -4.816608428955078125e+00 -2.033725738525390625e+00
-9.925914764404296875e+00 -4.892661094665527344e+00 -4.668434619903564453e+00
-9.334203720092773438e+00 -5.582314014434814453e+00 -3.819651842117309570e+00
-1.017983341217041016e+01 -3.763475179672241211e+00 -3.277053594589233398e+00
-1.030777835845947266e+01 -3.588651418685913086e+00 -4.704859733581542969e+00
-9.094405174255371094e+00 -4.092563629150390625e+00 3.177067935466766357e-01
-9.759145736694335938e+00 -4.178681373596191406e+00 -1.397954225540161133e+00
-9.798976898193359375e+00 -3.237785100936889648e+00 -2.710950970649719238e-01
-9.577035903930664062e+00 -2.935255289077758789e+00 9.103128314018249512e-01
-9.090298652648925781e+00 -2.732070922851562500e+00 2.174210786819458008e+00
-9.262351036071777344e+00 -1.638861894607543945e+00 1.275606393814086914e+00
-1.015817928314208984e+01 -2.699587821960449219e+00 -2.514214992523193359e+00
-1.008685779571533203e+01 -1.613031625747680664e+00 -2.644696235656738281e+00
-9.452582359313964844e+00 -1.296854257583618164e+00 -8.821548223495483398e-01
-7.929702281951904297e+00 -4.190436303615570068e-01 -6.436631679534912109e-01
-1.005154228210449219e+01 -4.636727809906005859e+00 -5.534153938293457031e+00
-1.033763599395751953e+01 -3.654068470001220703e+00 -5.414286136627197266e+00
-1.052595233917236328e+01 -2.260697364807128906e+00 -5.292194843292236328e+00
-1.058491420745849609e+01 -2.100994825363159180e+00 -5.862929344177246094e+00
-1.008005428314208984e+01 -6.588926911354064941e-01 -5.348591804504394531e+00
-1.058585834503173828e+01 -2.843837738037109375e+00 -7.952643394470214844e+00
-1.070952320098876953e+01 -1.948299050331115723e+00 -8.879934310913085938e+00
-1.060005187988281250e+01 -8.121875524520874023e-01 -8.511792182922363281e+00
-9.950414657592773438e+00 -3.311816751956939697e-01 -6.701575279235839844e+00
-8.378956794738769531e+00 -2.021939903497695923e-01 -2.251079559326171875e+00
-6.926949024200439453e+00 1.703861951828002930e+00 -3.686854124069213867e+00
-9.016693115234375000e+00 3.874463140964508057e-01 -6.202393531799316406e+00
-7.577129840850830078e+00 1.443719148635864258e+00 -4.988251686096191406e+00
1.303063392639160156e+01 -5.383295536041259766e+00 4.964599132537841797e+00
1.345459461212158203e+01 -6.074145317077636719e+00 1.012212395668029785e+00
1.296305370330810547e+01 -5.786479473114013672e+00 1.721447706222534180e+00
1.478588867187500000e+01 -5.892970085144042969e+00 2.212515830993652344e+00
1.462646961212158203e+01 -5.135943412780761719e+00 3.403775453567504883e+00
1.190127849578857422e+01 -5.342006683349609375e+00 3.079635858535766602e+00
4.447434425354003906e+00 -8.789951801300048828e-01 5.062091827392578125e+00
5.295398712158203125e+00 -4.047059118747711182e-01 6.213433265686035156e+00
6.682925701141357422e+00 -4.758225917816162109e+00 -1.563659429550170898e+00
8.929782867431640625e+00 -6.094418525695800781e+00 -1.040157198905944824e+00
8.160497665405273438e+00 -6.000190734863281250e+00 -8.769031167030334473e-01
7.507470607757568359e+00 -6.051160335540771484e+00 -2.625357210636138916e-01
2.631657838821411133e+00 -5.328260898590087891e+00 4.885653257369995117e-01
4.344448566436767578e+00 -4.645012378692626953e+00 -1.425411105155944824e+00
5.224490642547607422e+00 -5.005725383758544922e+00 -1.060865044593811035e+00
2.353387117385864258e+00 -4.249794960021972656e+00 -1.220071554183959961e+00
4.168804168701171875e+00 -4.670353889465332031e+00 -1.204016447067260742e+00
5.188534259796142578e+00 -5.412507057189941406e+00 3.758883178234100342e-01
5.881829738616943359e+00 -5.834321022033691406e+00 -4.359230697154998779e-01
3.173163890838623047e+00 -5.414515972137451172e+00 -5.032693743705749512e-01
9.508697509765625000e+00 -4.628214359283447266e+00 3.467839241027832031e+00
1.006786155700683594e+01 -4.038053035736083984e+00 5.435486793518066406e+00
1.001132869720458984e+01 -4.208857059478759766e+00 4.727217674255371094e+00
8.806793212890625000e+00 -3.202952623367309570e+00 5.878330230712890625e+00
9.007443428039550781e+00 -4.410870552062988281e+00 3.526313066482543945e+00
9.061814308166503906e+00 -5.539460182189941406e+00 1.748130917549133301e+00
8.724064826965332031e+00 -5.766346454620361328e+00 1.236853599548339844e+00
5.562751770019531250e+00 -9.817486405372619629e-01 4.181493282318115234e+00
6.244504451751708984e+00 -3.385554552078247070e+00 2.605485916137695312e+00
5.671363353729248047e+00 -3.722366571426391602e+00 2.054599523544311523e+00
4.567702293395996094e+00 -1.678907036781311035e+00 3.186227560043334961e+00
4.658971786499023438e+00 -1.239229679107666016e+00 3.846716642379760742e+00
7.003566265106201172e+00 -1.957576751708984375e+00 4.552271842956542969e+00
6.771620750427246094e+00 -1.342296481132507324e+00 5.756401062011718750e+00
6.614212989807128906e+00 -5.205796718597412109e+00 1.162414431571960449e+00
1.204374885559082031e+01 -3.909070730209350586e+00 6.560482978820800781e+00
1.371433925628662109e+01 -4.416327953338623047e+00 4.949961185455322266e+00
1.258655166625976562e+01 -3.121947526931762695e+00 5.244257450103759766e+00
1.341540145874023438e+01 -3.269091129302978516e+00 3.468756914138793945e+00
7.933459758758544922e+00 -2.029430866241455078e+00 7.129359722137451172e+00
7.482839107513427734e+00 -1.641983985900878906e+00 6.971830368041992188e+00
4.227484703063964844e+00 -7.876215875148773193e-02 6.935657024383544922e+00
9.731421470642089844e+00 -3.260326623916625977e+00 7.290764808654785156e+00
1.053817558288574219e+01 -1.940957069396972656e+00 7.125554084777832031e+00
1.084616470336914062e+01 -1.809784173965454102e+00 5.938091278076171875e+00
8.755670547485351562e+00 -6.080623865127563477e-01 6.749574184417724609e+00
9.103466033935546875e+00 -4.419353604316711426e-01 5.724481105804443359e+00
1.113880157470703125e+01 -1.783331871032714844e+00 4.810040473937988281e+00
1.149040603637695312e+01 -1.606617331504821777e+00 3.724187135696411133e+00
6.693058967590332031e+00 -7.815200686454772949e-01 6.566610336303710938e+00
7.804970264434814453e+00 -1.857791543006896973e-01 6.491443634033203125e+00
7.027505874633789062e+00 5.573816895484924316e-01 5.804082870483398438e+00
6.281017303466796875e+00 3.309873342514038086e-01 6.138736248016357422e+00
5.615500926971435547e+00 1.279120922088623047e+00 5.554756164550781250e+00
8.120313644409179688e+00 7.331957221031188965e-01 4.565998077392578125e+00
5.687165260314941406e+00 2.355113744735717773e+00 4.146545886993408203e+00
6.097862720489501953e+00 2.457436084747314453e+00 3.688887596130371094e+00
-2.092046976089477539e+00 -2.757816553115844727e+00 3.800435066223144531e+00
-1.474052071571350098e+00 -3.765984296798706055e+00 1.694536209106445312e+00
-1.424369692802429199e+00 -4.620938777923583984e+00 4.190402030944824219e-01
-1.574516892433166504e+00 -2.817833662033081055e+00 3.526425600051879883e+00
-2.022138237953186035e-01 -2.606431722640991211e+00 2.413089990615844727e+00
-5.038362979888916016e+00 -3.472047805786132812e+00 1.483610033988952637e+00
-4.323318004608154297e+00 -3.304521799087524414e+00 2.220220804214477539e+00
-5.778136730194091797e+00 -2.596456766128540039e+00 3.403435468673706055e+00
-5.247524261474609375e+00 -3.014153003692626953e+00 2.549535512924194336e+00
-4.061419010162353516e+00 -2.811355829238891602e+00 3.398830890655517578e+00
-2.736318826675415039e+00 -1.585567831993103027e+00 4.898148536682128906e+00
-5.640012741088867188e+00 -1.267193317413330078e+00 4.716254234313964844e+00
-5.342556476593017578e+00 -7.342815399169921875e-01 4.916670322418212891e+00
2.570985317230224609e+00 -1.581876635551452637e+00 3.747886896133422852e+00
1.388726115226745605e+00 -7.819046378135681152e-01 4.182448387145996094e+00
-3.863629326224327087e-02 -1.124112248420715332e+00 3.690831899642944336e+00
1.090440511703491211e+00 -2.081832438707351685e-01 4.703053474426269531e+00
2.531439304351806641e+00 -8.765748143196105957e-01 5.369308948516845703e+00
3.501381874084472656e+00 -2.993338704109191895e-01 6.742496967315673828e+00
1.076296925544738770e+00 8.955130577087402344e-01 5.408817768096923828e+00
-3.207547187805175781e+00 -1.361642122268676758e+00 5.024735450744628906e+00
-4.251136779785156250e+00 3.143586516380310059e-01 5.015634059906005859e+00
-2.763802289962768555e+00 5.988627672195434570e-01 5.140977859497070312e+00
-1.207902193069458008e+00 1.671621322631835938e+00 4.403167724609375000e+00
-3.903880596160888672e+00 1.033018469810485840e+00 4.048647403717041016e+00
-3.840076684951782227e+00 1.430343031883239746e+00 2.887696266174316406e+00
-1.195339113473892212e-01 -5.060940265655517578e+00 -4.442319273948669434e-02
3.557900786399841309e-01 -4.915745258331298828e+00 -7.683923095464706421e-02
8.766193985939025879e-01 -4.914138793945312500e+00 7.865256071090698242e-02
1.707680106163024902e+00 -3.726068735122680664e+00 1.479018449783325195e+00
1.551476120948791504e+00 -4.929075241088867188e+00 6.403053998947143555e-01
1.663709640502929688e+00 -3.740251541137695312e+00 -1.332017064094543457e+00
1.937140583992004395e+00 -2.538390398025512695e+00 2.421570062637329102e+00
2.218313455581665039e+00 1.664575219154357910e+00 5.562056064605712891e+00
2.795877218246459961e+00 2.625425338745117188e+00 4.200369358062744141e+00
2.537763357162475586e+00 3.081643819808959961e+00 2.988327980041503906e+00
-9.038348197937011719e-01 2.521475791931152344e+00 2.609031915664672852e+00
-7.114404439926147461e-01 2.012346744537353516e+00 4.173120498657226562e+00
5.142903923988342285e-01 2.626530885696411133e+00 3.232967138290405273e+00
-1.738507628440856934e+00 3.181349039077758789e+00 1.066465377807617188e-01
-7.562490463256835938e+00 -2.468228101730346680e+00 3.561749696731567383e+00
-7.313117980957031250e+00 -1.434087872505187988e+00 4.223305225372314453e+00
-7.949153423309326172e+00 -8.240009546279907227e-01 2.912332773208618164e+00
-6.798521995544433594e+00 -1.168178796768188477e+00 4.469089031219482422e+00
-7.008754730224609375e+00 -3.752168416976928711e-01 3.064209938049316406e+00
-6.416140079498291016e+00 1.847528666257858276e-01 1.422079563140869141e+00
-6.216390609741210938e+00 1.350523233413696289e-01 2.393819093704223633e+00
-6.921926975250244141e+00 2.277406901121139526e-01 -8.140511512756347656e-01
-3.757991313934326172e+00 1.654528856277465820e+00 1.844100713729858398e+00
-5.362921714782714844e+00 2.016803979873657227e+00 -1.992739081382751465e+00
-3.646008968353271484e+00 3.033873558044433594e+00 -1.670405745506286621e+00
3.311136245727539062e+00 9.514304995536804199e-01 6.483329772949218750e+00
2.903754949569702148e+00 1.948045730590820312e+00 5.350769519805908203e+00
3.749338150024414062e+00 2.294708013534545898e+00 4.754460334777832031e+00
4.457629203796386719e+00 2.836006641387939453e+00 3.709619522094726562e+00
3.811664819717407227e+00 3.322783946990966797e+00 2.930277347564697266e+00
7.754596710205078125e+00 -4.896838665008544922e+00 -3.928083181381225586e+00
2.411111116409301758e+00 -5.051235198974609375e+00 -3.027846097946166992e+00
5.527367115020751953e+00 -4.691876411437988281e+00 -2.462596893310546875e+00
6.338167667388916016e+00 -4.653861999511718750e+00 -2.919794082641601562e+00
3.067686080932617188e+00 -4.984966754913330078e+00 -2.901234388351440430e+00
2.087810993194580078e+00 -5.932141780853271484e+00 -5.250364303588867188e+00
2.623466730117797852e+00 -5.810548305511474609e+00 -6.252299308776855469e+00
3.884572267532348633e+00 -5.143219947814941406e+00 -5.596785545349121094e+00
5.933907508850097656e+00 -4.797448635101318359e+00 -3.704478263854980469e+00
7.156256675720214844e+00 -4.951053142547607422e+00 -4.040403366088867188e+00
2.441008567810058594e+00 -5.622067451477050781e+00 -8.458137512207031250e+00
8.299805641174316406e+00 -5.002217292785644531e+00 -6.005507946014404297e+00
3.296019554138183594e+00 -5.333516597747802734e+00 -7.115306854248046875e+00
3.708388328552246094e+00 -4.724220275878906250e+00 -7.898447036743164062e+00
6.277308940887451172e+00 -5.079630374908447266e+00 -5.375111579895019531e+00
7.391394615173339844e+00 -4.942935943603515625e+00 -6.327592372894287109e+00
5.866332530975341797e+00 -4.183297634124755859e+00 -7.248128890991210938e+00
7.520530223846435547e+00 -4.046310901641845703e+00 -7.367137432098388672e+00
5.580687999725341797e+00 -3.866312980651855469e+00 -7.626137733459472656e+00
5.155188560485839844e+00 -2.839657545089721680e+00 -8.642804145812988281e+00
5.231785297393798828e+00 -2.080202341079711914e+00 -8.896539688110351562e+00
-3.349590063095092773e+00 -7.970217227935791016e+00 -1.205141830444335938e+01
-3.130543231964111328e+00 -8.214468002319335938e+00 -1.051175212860107422e+01
-3.961983442306518555e+00 -7.543705940246582031e+00 -1.315456104278564453e+01
-1.582603335380554199e+00 -6.563470363616943359e+00 -1.324010658264160156e+01
-3.558126926422119141e+00 -6.334616184234619141e+00 -1.445632457733154297e+01
-3.376305103302001953e+00 -5.280931472778320312e+00 -1.518992042541503906e+01
-6.630810260772705078e+00 -6.536013126373291016e+00 -1.316441059112548828e+01
-7.071287631988525391e+00 -6.211260318756103516e+00 -1.318208789825439453e+01
-7.756406784057617188e+00 -5.230939388275146484e+00 -1.366886520385742188e+01
-5.719966888427734375e+00 -7.132184505462646484e+00 -1.307189655303955078e+01
-8.471317291259765625e+00 -5.363558292388916016e+00 -1.255599880218505859e+01
-7.363831043243408203e+00 -4.564555168151855469e+00 -1.456728935241699219e+01
-4.152642726898193359e+00 -5.535651683807373047e+00 -1.502588462829589844e+01
-5.997015953063964844e+00 -4.382865905761718750e+00 -1.525388431549072266e+01
-2.713113307952880859e+00 -5.387612819671630859e+00 -1.501050186157226562e+01
-2.178702831268310547e+00 -4.295644283294677734e+00 -1.536765575408935547e+01
-3.724062681198120117e+00 -3.716053724288940430e+00 -1.575054454803466797e+01
-2.791613578796386719e+00 -3.186792373657226562e+00 -1.571474456787109375e+01
-4.990701675415039062e+00 -2.650353431701660156e+00 -1.593992614746093750e+01
-3.921355724334716797e+00 -1.504218697547912598e+00 -1.593562126159667969e+01
-9.299535751342773438e+00 -4.442341327667236328e+00 -1.221380138397216797e+01
-8.932828903198242188e+00 -4.001915931701660156e+00 -1.343853282928466797e+01
-9.909311294555664062e+00 -2.862988948822021484e+00 -1.234059333801269531e+01
-1.039972782135009766e+01 -1.439334273338317871e+00 -1.151442432403564453e+01
-8.548955917358398438e+00 -3.349010944366455078e+00 -1.435489559173583984e+01
-7.692947387695312500e+00 -2.966894388198852539e+00 -1.519347763061523438e+01
-9.821245193481445312e+00 -9.252715706825256348e-01 -1.328081130981445312e+01
-9.375916481018066406e+00 -3.287084698677062988e-01 -1.420276069641113281e+01
-8.487992286682128906e+00 -9.512307047843933105e-01 -1.507166767120361328e+01
-7.135806083679199219e+00 1.608385294675827026e-01 -1.576928520202636719e+01
-7.627729415893554688e+00 8.150842785835266113e-01 -1.553607177734375000e+01
-1.520820617675781250e+00 -7.554792404174804688e+00 -6.883208274841308594e+00
-4.213743209838867188e-01 -7.156866550445556641e+00 -8.630815505981445312e+00
7.214973121881484985e-02 -6.569365024566650391e+00 -5.590203762054443359e+00
6.179291009902954102e-01 -6.686161041259765625e+00 -6.757309436798095703e+00
-2.399695217609405518e-01 -6.930980682373046875e+00 -9.610411643981933594e+00
-5.139645934104919434e-02 -5.895513057708740234e+00 -1.240169239044189453e+01
1.350854754447937012e+00 -6.390629291534423828e+00 -6.419063091278076172e+00
2.019632577896118164e+00 -5.953315258026123047e+00 -8.191024780273437500e+00
-7.616900801658630371e-01 -5.087547779083251953e+00 -1.430272388458251953e+01
1.023891687393188477e+00 -4.963354587554931641e+00 -1.243784618377685547e+01
-1.231744527816772461e+00 -3.740203619003295898e+00 -1.520153808593750000e+01
-1.936392784118652344e-01 -3.007741928100585938e+00 -1.485866355895996094e+01
1.959425568580627441e+00 -5.053722381591796875e+00 -1.069763755798339844e+01
-1.088918805122375488e+00 -2.405861139297485352e+00 -1.528126335144042969e+01
-1.307775855064392090e+00 -1.697715044021606445e+00 -1.534126663208007812e+01
2.141022682189941406e+00 -3.536438226699829102e+00 -1.149261760711669922e+01
8.838002681732177734e-01 -1.870215892791748047e+00 -1.348693561553955078e+01
7.966672182083129883e-01 -1.144558429718017578e+00 -1.333454322814941406e+01
-2.607030868530273438e+00 -1.778085827827453613e+00 -1.569910717010498047e+01
-2.676406860351562500e+00 -8.091688752174377441e-01 -1.564133739471435547e+01
-5.084677219390869141e+00 4.545471966266632080e-01 -1.588927841186523438e+01
-2.886627435684204102e+00 1.007702708244323730e+00 -1.536706352233886719e+01
-2.164666175842285156e+00 1.174956202507019043e+00 -1.512427330017089844e+01
-4.981732666492462158e-01 1.149754762649536133e+00 -1.389022159576416016e+01
-2.882601737976074219e+00 2.079875946044921875e+00 -1.503536605834960938e+01
-2.466381311416625977e+00 2.788555383682250977e+00 -1.464633083343505859e+01
2.702961683273315430e+00 -3.968042135238647461e+00 -1.033777904510498047e+01
3.518928527832031250e+00 -2.610197544097900391e+00 -1.011258697509765625e+01
3.011073589324951172e+00 -1.847797274589538574e+00 -1.085293388366699219e+01
9.636918306350708008e-01 -2.815357148647308350e-01 -1.281363296508789062e+01
1.482624053955078125e+00 6.568340584635734558e-03 -1.211099243164062500e+01
2.348564624786376953e+00 -2.181209921836853027e-01 -1.122789096832275391e+01
1.081108927726745605e+00 4.171827137470245361e-01 -1.233678245544433594e+01
-1.051110172271728516e+01 -9.671000838279724121e-01 -1.099012947082519531e+01
-9.967544555664062500e+00 6.859111189842224121e-01 -1.292153072357177734e+01
-1.030221271514892578e+01 -1.710303872823715210e-02 -1.048413562774658203e+01
-1.007144737243652344e+01 -1.223449110984802246e-01 -9.021970748901367188e+00
-9.725788116455078125e+00 5.427924990653991699e-01 -1.002729129791259766e+01
-9.964340209960937500e+00 9.234440922737121582e-01 -1.155122566223144531e+01
-9.434638023376464844e+00 2.034382104873657227e+00 -1.278446865081787109e+01
-8.820591926574707031e+00 1.396481037139892578e+00 -9.343004226684570312e+00
-8.417373657226562500e+00 2.399248361587524414e+00 -1.037633323669433594e+01
-8.199540138244628906e+00 1.160479664802551270e+00 -6.070433616638183594e+00
-7.961964607238769531e+00 1.596303939819335938e+00 -7.152441978454589844e+00
-8.283478736877441406e+00 1.882228255271911621e+00 -8.738804817199707031e+00
-7.900125980377197266e+00 2.549802064895629883e+00 -9.733436584472656250e+00
-6.298171520233154297e+00 2.700860023498535156e+00 -7.679239749908447266e+00
-6.214619636535644531e+00 3.010544776916503906e+00 -8.162575721740722656e+00
-8.635865211486816406e+00 2.202544927597045898e+00 -1.429294204711914062e+01
-8.036766052246093750e+00 2.230809688568115234e+00 -1.473293304443359375e+01
-7.637077331542968750e+00 3.441893815994262695e+00 -1.351431751251220703e+01
-6.655387401580810547e+00 4.263489246368408203e+00 -1.313900089263916016e+01
-6.100091457366943359e+00 1.895421743392944336e+00 -1.547754955291748047e+01
-5.844531059265136719e+00 2.184909820556640625e+00 -1.532856845855712891e+01
-5.170552253723144531e+00 3.967119216918945312e+00 -1.412247085571289062e+01
-4.615250110626220703e+00 3.960564374923706055e+00 -1.424966526031494141e+01
-5.867249965667724609e+00 3.769994020462036133e+00 -1.412602233886718750e+01
-8.273776054382324219e+00 3.284073352813720703e+00 -1.224861621856689453e+01
-6.243577480316162109e+00 4.415512561798095703e+00 -1.238236618041992188e+01
-5.556422233581542969e+00 4.383205413818359375e+00 -1.074462699890136719e+01
-3.388995885848999023e+00 4.233370304107666016e+00 -1.348881149291992188e+01
-3.170972108840942383e+00 4.295536041259765625e+00 -1.287095260620117188e+01
-5.220491409301757812e+00 4.435766220092773438e+00 -1.222043132781982422e+01
-4.469140052795410156e+00 4.635865688323974609e+00 -1.232701110839843750e+01
-3.216727256774902344e+00 4.686307430267333984e+00 -1.144408130645751953e+01
-4.958227157592773438e+00 4.787728786468505859e+00 -1.084904956817626953e+01
-3.795715332031250000e+00 4.893388748168945312e+00 -1.117255020141601562e+01
-6.640436649322509766e+00 3.685028791427612305e+00 -1.050284385681152344e+01
-5.931661605834960938e+00 3.625354290008544922e+00 -9.035384178161621094e+00
3.058105707168579102e+00 -1.896546632051467896e-01 -1.030293750762939453e+01
-1.386216580867767334e-01 1.528903365135192871e+00 -1.287844944000244141e+01
-2.114556074142456055e+00 3.221197843551635742e+00 -1.359542465209960938e+01
9.963400363922119141e-01 8.021575212478637695e-01 -1.169007396697998047e+01
-1.053782343864440918e+00 2.884878396987915039e+00 -1.233940410614013672e+01
-2.713966608047485352e+00 3.845883369445800781e+00 -1.327090549468994141e+01
-1.650076508522033691e+00 3.646901607513427734e+00 -1.187604999542236328e+01
1.138721370697021484e+01 -6.487657070159912109e+00 -3.281413555145263672e+00
1.323260402679443359e+01 -6.654887676239013672e+00 -1.562994241714477539e+00
1.113883781433105469e+01 -6.285586357116699219e+00 -6.308287382125854492e-01
1.093737697601318359e+01 -6.388537883758544922e+00 -2.466801643371582031e+00
1.429683685302734375e+01 -7.018607139587402344e+00 -4.976784706115722656e+00
1.193363285064697266e+01 -6.588151931762695312e+00 -3.908225059509277344e+00
1.265403556823730469e+01 -6.623270511627197266e+00 -5.441694736480712891e+00
1.306845474243164062e+01 -6.883817195892333984e+00 -3.585180044174194336e+00
1.550972175598144531e+01 -7.078575134277343750e+00 -3.482897758483886719e+00
1.596534633636474609e+01 -6.039947986602783203e+00 -4.075973510742187500e+00
1.611248970031738281e+01 -6.505054950714111328e+00 -9.795437455177307129e-01
1.625313186645507812e+01 -5.764731407165527344e+00 -1.893641710281372070e+00
1.445834350585937500e+01 -6.486492633819580078e+00 2.704471349716186523e-01
1.468866634368896484e+01 -6.920514583587646484e+00 -1.380264043807983398e+00
1.525116157531738281e+01 -6.172742366790771484e+00 1.217237234115600586e+00
1.471487617492675781e+01 -4.078536987304687500e+00 2.220315217971801758e+00
1.505164337158203125e+01 -4.204084873199462891e+00 1.071489691734313965e+00
1.425918483734130859e+01 -3.354748249053955078e+00 1.210461974143981934e+00
1.569844341278076172e+01 -5.013164520263671875e+00 -3.241706848144531250e+00
1.513519859313964844e+01 -4.152246475219726562e+00 -2.457652807235717773e+00
1.512836265563964844e+01 -4.016997814178466797e+00 -8.775773644447326660e-01
1.488265132904052734e+01 -3.702878475189208984e+00 -1.391762971878051758e+00
1.424941253662109375e+01 -2.935381889343261719e+00 -7.567955255508422852e-01
1.375918102264404297e+01 -6.802381515502929688e+00 -6.207067489624023438e+00
1.519814109802246094e+01 -6.016628742218017578e+00 -6.489870548248291016e+00
1.232116603851318359e+01 -6.496891498565673828e+00 -6.630474090576171875e+00
1.286384487152099609e+01 -5.964146614074707031e+00 -7.415082454681396484e+00
1.585218524932861328e+01 -5.930465698242187500e+00 -5.553058624267578125e+00
1.553127670288085938e+01 -5.173866271972656250e+00 -5.848434925079345703e+00
1.496256637573242188e+01 -4.515204429626464844e+00 -5.460712432861328125e+00
1.320611000061035156e+01 -5.575522899627685547e+00 -7.267673492431640625e+00
1.258009147644042969e+01 -5.018929958343505859e+00 -6.583584308624267578e+00
1.343387603759765625e+01 -4.551049709320068359e+00 -6.046907424926757812e+00
1.354518795013427734e+01 -3.482289552688598633e+00 -4.870556354522705078e+00
1.489615631103515625e+01 -3.839051961898803711e+00 -2.705948591232299805e+00
1.483389472961425781e+01 -3.856902360916137695e+00 -4.411506175994873047e+00
1.426611614227294922e+01 -3.034657955169677734e+00 -3.652989864349365234e+00
1.014143657684326172e+01 -5.927983283996582031e+00 -2.639458179473876953e+00
7.011196136474609375e+00 -4.701118469238281250e+00 -2.289161682128906250e+00
7.302153587341308594e+00 -4.751286506652832031e+00 -1.839760303497314453e+00
6.855338573455810547e+00 -4.663682937622070312e+00 -2.875118255615234375e+00
1.045648193359375000e+01 -6.197018146514892578e+00 -2.206647872924804688e+00
9.016000747680664062e+00 -5.424163818359375000e+00 -1.805720686912536621e+00
7.972392082214355469e+00 -4.981585025787353516e+00 -1.440147519111633301e+00
9.578355789184570312e+00 -5.490679740905761719e+00 -3.375296354293823242e+00
9.921863555908203125e+00 -5.557684898376464844e+00 -4.634574890136718750e+00
8.318515777587890625e+00 -4.976624488830566406e+00 -3.920046806335449219e+00
1.352290916442871094e+01 -2.171959161758422852e+00 9.666929394006729126e-02
1.217636585235595703e+01 -8.498026132583618164e-01 -9.439034461975097656e-01
1.092706298828125000e+01 -5.996586799621582031e+00 -5.473393440246582031e+00
1.098712158203125000e+01 -5.460424900054931641e+00 -6.010836124420166016e+00
9.566825866699218750e+00 -5.099714279174804688e+00 -5.188450813293457031e+00
1.167684745788574219e+01 -4.749010562896728516e+00 -6.150413513183593750e+00
9.159171104431152344e+00 -4.346011638641357422e+00 -6.409422397613525391e+00
1.037123203277587891e+01 -3.579484462738037109e+00 -5.856773376464843750e+00
1.242246627807617188e+01 -3.753268241882324219e+00 -5.414277076721191406e+00
1.061158180236816406e+01 -3.246620655059814453e+00 -5.644199371337890625e+00
1.062798595428466797e+01 -2.328684806823730469e+00 -5.219281673431396484e+00
8.527836799621582031e+00 -3.697826862335205078e+00 -7.025856494903564453e+00
9.032135963439941406e+00 -3.108283281326293945e+00 -6.559158802032470703e+00
8.047872543334960938e+00 -2.042053699493408203e+00 -6.901019573211669922e+00
1.035790061950683594e+01 -1.663203835487365723e+00 -5.072499275207519531e+00
8.241172790527343750e+00 -1.726217865943908691e+00 -6.629538536071777344e+00
8.723052978515625000e+00 -5.158235430717468262e-01 -5.825294971466064453e+00
7.277737140655517578e+00 -1.700028777122497559e-01 -6.912677764892578125e+00
1.317895412445068359e+01 -2.261260509490966797e+00 -3.961073160171508789e+00
1.338651180267333984e+01 -1.793561697006225586e+00 -1.829180836677551270e+00
1.310841941833496094e+01 -1.477894663810729980e+00 -3.049055576324462891e+00
1.233174037933349609e+01 -5.624985694885253906e-01 -2.152569532394409180e+00
1.197930431365966797e+01 -2.424909174442291260e-01 -2.763742923736572266e+00
1.233660030364990234e+01 -2.021177768707275391e+00 -4.285683155059814453e+00
1.114204978942871094e+01 -1.329683899879455566e+00 -4.420326232910156250e+00
1.140689659118652344e+01 -6.967203617095947266e-01 -3.779751062393188477e+00
1.012873268127441406e+01 1.492519736289978027e+00 -1.695071578025817871e+00
9.226270675659179688e+00 2.268968820571899414e+00 -2.839946985244750977e+00
9.233290672302246094e+00 2.168632507324218750e+00 -3.282567739486694336e+00
8.548598289489746094e+00 2.882963418960571289e+00 -2.366699934005737305e+00
1.014551544189453125e+01 -9.917545318603515625e-01 -4.946192741394042969e+00
1.052813911437988281e+01 1.579413115978240967e-01 -4.019136428833007812e+00
8.361968994140625000e+00 1.157679855823516846e-01 -5.856895923614501953e+00
7.019721984863281250e+00 9.831508994102478027e-01 -6.428896903991699219e+00
1.380092620849609375e+01 -3.378474235534667969e+00 2.815309286117553711e+00
1.245986366271972656e+01 -2.177865028381347656e+00 3.089648485183715820e+00
1.125763893127441406e+01 -6.607721447944641113e-01 1.519738554954528809e+00
1.145934295654296875e+01 -5.052573084831237793e-01 3.621428906917572021e-01
9.985883712768554688e+00 -7.817757129669189453e-02 3.217310190200805664e+00
8.846440315246582031e+00 1.209093570709228516e+00 2.627854108810424805e+00
9.428144454956054688e+00 8.850375413894653320e-01 2.125897884368896484e+00
7.280767917633056641e+00 2.228732109069824219e+00 2.933762073516845703e+00
7.141702651977539062e+00 2.859967708587646484e+00 1.814618110656738281e+00
9.838880538940429688e+00 1.040831565856933594e+00 3.953519165515899658e-01
1.004553318023681641e+01 1.318355321884155273e+00 -9.486896991729736328e-01
7.995479583740234375e+00 2.738280057907104492e+00 4.111891686916351318e-01
3.350671768188476562e+00 4.283615112304687500e+00 -3.445967137813568115e-01
6.219194412231445312e+00 3.626915216445922852e+00 2.719891369342803955e-01
5.482639789581298828e+00 4.041942119598388672e+00 -2.220186948776245117e+00
3.674749374389648438e+00 4.399214267730712891e+00 -6.839529871940612793e-01
2.849689722061157227e+00 3.825039148330688477e+00 -2.451978683471679688e+00
2.964047193527221680e+00 3.522218704223632812e+00 -3.327036380767822266e+00
-9.870851635932922363e-01 3.794848203659057617e+00 -7.647737264633178711e-01
2.151483774185180664e+00 3.155754089355468750e+00 -4.385811805725097656e+00
1.062198448926210403e-02 4.164598464965820312e+00 -3.142311096191406250e+00
3.078205287456512451e-01 3.712777853012084961e+00 -4.697281360626220703e+00
2.383081436157226562e+00 3.821902751922607422e+00 -2.565354585647583008e+00
5.102187633514404297e+00 -8.725509047508239746e-01 -8.893668174743652344e+00
2.945262193679809570e+00 3.128443658351898193e-01 -9.607814788818359375e+00
5.066694736480712891e+00 5.114866495132446289e-01 -8.113474845886230469e+00
3.645481348037719727e+00 5.680792331695556641e-01 -8.968499183654785156e+00
2.525494575500488281e+00 5.050916075706481934e-01 -9.800898551940917969e+00
1.547532081604003906e+00 1.851951956748962402e+00 -9.912094116210937500e+00
3.318854570388793945e-01 3.152157068252563477e+00 -9.157258033752441406e+00
1.131094396114349365e-01 3.004760265350341797e+00 -1.045841121673583984e+01
5.663109302520751953e+00 2.823573112487792969e+00 -4.861196517944335938e+00
6.168910503387451172e+00 1.896655082702636719e+00 -6.092890739440917969e+00
4.705902099609375000e+00 2.704709291458129883e+00 -5.247449874877929688e+00
4.803307533264160156e+00 2.398038387298583984e+00 -5.961078166961669922e+00
6.612701892852783203e+00 3.754859685897827148e+00 -2.725166559219360352e+00
6.590622425079345703e+00 1.288428664207458496e+00 -6.429593086242675781e+00
5.719184398651123047e+00 1.678268790245056152e+00 -6.605046272277832031e+00
4.866315364837646484e+00 1.787907958030700684e+00 -7.037299633026123047e+00
2.741264581680297852e+00 2.862626075744628906e+00 -5.060827255249023438e+00
2.819873571395874023e+00 2.097157716751098633e+00 -7.359212875366210938e+00
2.032305955886840820e+00 2.336804151535034180e+00 -6.810900211334228516e+00
9.656882286071777344e-02 3.306306362152099609e+00 -6.270553588867187500e+00
2.734431028366088867e-01 2.963358640670776367e+00 -7.757854938507080078e+00
3.045234680175781250e-01 3.035122156143188477e+00 -8.137104034423828125e+00
-3.295838594436645508e+00 3.398899316787719727e+00 -2.585492610931396484e+00
-5.634251594543457031e+00 3.069174528121948242e+00 -7.730852603912353516e+00
-4.808239459991455078e+00 3.486477851867675781e+00 -7.635829925537109375e+00
-4.258131027221679688e+00 3.354356050491333008e+00 -6.674427986145019531e+00
-2.169329166412353516e+00 3.288125753402709961e+00 -2.328046262264251709e-01
-1.888692975044250488e+00 3.751490831375122070e+00 -1.355206012725830078e+00
-1.527279376983642578e+00 4.094367980957031250e+00 -2.469310045242309570e+00
-1.353491544723510742e+00 4.392325878143310547e+00 -3.694274663925170898e+00
-1.182007908821105957e+00 4.403430461883544922e+00 -4.987638950347900391e+00
-4.800250053405761719e+00 4.082705020904541016e+00 -8.505442619323730469e+00
-4.505182743072509766e+00 4.560716152191162109e+00 -9.024847030639648438e+00
-1.980724453926086426e+00 4.465418815612792969e+00 -7.511474132537841797e+00
-3.349763154983520508e+00 4.461710453033447266e+00 -8.332137107849121094e+00
-1.540989160537719727e+00 3.655040979385375977e+00 -1.119915294647216797e+01
-1.228135228157043457e+00 3.509978532791137695e+00 -1.106336402893066406e+01
-3.827888488769531250e+00 4.856449127197265625e+00 -1.070539760589599609e+01
-2.047477245330810547e+00 4.183770179748535156e+00 -9.850830078125000000e+00
-3.108603954315185547e-01 3.483542919158935547e+00 -9.966578483581542969e+00
-2.159096717834472656e+00 4.562649726867675781e+00 -6.120894432067871094e+00
5.243623256683349609e+00 3.396387100219726562e+00 2.338367700576782227e+00
6.032856464385986328e+00 3.346262216567993164e+00 1.781889319419860840e+00
1.966693282127380371e+00 7.065197229385375977e-01 -1.028736591339111328e+01
-5.162653923034667969e-01 2.797746181488037109e+00 -1.161586189270019531e+01
4.426672756671905518e-01 2.527547597885131836e+00 -1.076994037628173828e+01
