1.590834736824035645e+00 -4.911983013153076172e+00 -2.690161943435668945e+00
2.313861846923828125e+00 -4.749274730682373047e+00 -1.883584737777709961e+00
1.547759771347045898e+00 -4.765397548675537109e+00 -2.280616998672485352e+00
-5.063471794128417969e+00 -8.107511520385742188e+00 -7.813440322875976562e+00
-4.998073101043701172e+00 -8.062435150146484375e+00 -1.156184291839599609e+01
-4.182163238525390625e+00 -8.320720672607421875e+00 -9.412910461425781250e+00
-7.262534141540527344e+00 -7.467991828918457031e+00 -7.047965526580810547e+00
-7.768019676208496094e+00 -7.350789546966552734e+00 -7.956502437591552734e+00
-5.688694953918457031e+00 -8.129183769226074219e+00 -9.816051483154296875e+00
-6.216033458709716797e+00 -7.997455596923828125e+00 -9.052828788757324219e+00
-6.479562759399414062e+00 -7.346588134765625000e+00 -1.204736042022705078e+01
-8.407733917236328125e+00 -6.367975711822509766e+00 -1.056629467010498047e+01
-8.331357955932617188e+00 -6.191379070281982422e+00 -1.128507614135742188e+01
-9.637136459350585938e+00 -5.269175529479980469e+00 -8.351371765136718750e+00
-1.004816627502441406e+01 -4.328743457794189453e+00 -8.704033851623535156e+00
-9.586470603942871094e+00 -4.646890640258789062e+00 -1.085714435577392578e+01
-8.206665992736816406e+00 -6.690246105194091797e+00 -5.433229923248291016e+00
-9.053207397460937500e+00 -6.093297481536865234e+00 -4.917254924774169922e+00
-7.947912693023681641e+00 -5.745274543762207031e+00 -3.392253875732421875e+00
-8.473803520202636719e+00 -5.229765415191650391e+00 -2.214557886123657227e+00
-6.936826705932617188e+00 -5.438828468322753906e+00 -3.100232839584350586e+00
-2.556863307952880859e+00 -5.019960403442382812e+00 -1.528219580650329590e+00
-3.333433866500854492e+00 -4.870170116424560547e+00 -5.639060735702514648e-01
-1.389955520629882812e+00 -4.969204425811767578e+00 -2.098533362150192261e-01
-7.351819038391113281e+00 -3.218828678131103516e+00 2.319399833679199219e+00
-5.323222160339355469e+00 -3.509890794754028320e+00 1.290582656860351562e+00
-3.830720186233520508e+00 -5.061343193054199219e+00 -2.120445966720581055e+00
-7.278927803039550781e+00 -4.795556068420410156e+00 -1.615707993507385254e+00
-6.285181999206542969e+00 -5.164555072784423828e+00 -2.774154663085937500e+00
-3.698760986328125000e+00 -4.403369903564453125e+00 1.517485976219177246e-01
-4.757650852203369141e+00 -7.275485992431640625e+00 -5.283584594726562500e+00
-4.528328895568847656e+00 -6.493106842041015625e+00 -4.077500343322753906e+00
-2.277971982955932617e+00 -7.653382301330566406e+00 -6.409210205078125000e+00
-2.877376556396484375e+00 -7.163486003875732422e+00 -5.055914402008056641e+00
-2.210214138031005859e+00 -7.173462390899658203e+00 -5.288926124572753906e+00
-1.353435754776000977e+00 -6.797856330871582031e+00 -5.035859584808349609e+00
-2.767010450363159180e+00 -6.770596981048583984e+00 -4.427077293395996094e+00
-5.253004074096679688e+00 -6.846879005432128906e+00 -4.666606426239013672e+00
-6.146025180816650391e+00 -7.665328025817871094e+00 -6.731709003448486328e+00
-8.694101333618164062e+00 -6.651657581329345703e+00 -6.442573070526123047e+00
-1.380516171455383301e+00 -4.969182968139648438e+00 -1.814649105072021484e+00
-9.013126492500305176e-01 -5.030735492706298828e+00 -2.257395505905151367e+00
-2.207562208175659180e+00 -5.114918708801269531e+00 -2.003698348999023438e+00
-3.061312437057495117e-01 -5.063700675964355469e+00 -1.170582294464111328e+00
6.705534458160400391e-01 -4.596765518188476562e+00 -1.569996595382690430e+00
-7.860712409019470215e-01 -5.391380786895751953e+00 -3.005053997039794922e+00
1.770531013607978821e-02 -5.486613750457763672e+00 -3.332363367080688477e+00
6.431673765182495117e-01 -4.747258663177490234e+00 -2.102154016494750977e+00
-9.493803977966308594e+00 -4.817796707153320312e+00 -2.032159328460693359e+00
-9.926965713500976562e+00 -4.894721984863281250e+00 -4.666266441345214844e+00
-9.334424018859863281e+00 -5.583732128143310547e+00 -3.818000555038452148e+00
-1.018076801300048828e+01 -3.765179872512817383e+00 -3.274919748306274414e+00
-1.030967521667480469e+01 -3.591098546981811523e+00 -4.702305316925048828e+00
-9.094281196594238281e+00 -4.093531608581542969e+00 3.185333907604217529e-01
-9.759371757507324219e+00 -4.179788112640380859e+00 -1.396370291709899902e+00
-9.799068450927734375e+00 -3.238463878631591797e+00 -2.697126567363739014e-01
-9.576730728149414062e+00 -2.936229467391967773e+00 9.111915230751037598e-01
-9.089972496032714844e+00 -2.733339786529541016e+00 2.174843072891235352e+00
-9.262147903442382812e+00 -1.639729022979736328e+00 1.276293158531188965e+00
-1.015864276885986328e+01 -2.700605154037475586e+00 -2.512567520141601562e+00
-1.008698558807373047e+01 -1.613970994949340820e+00 -2.643487691879272461e+00
-9.452692031860351562e+00 -1.297603964805603027e+00 -8.810658454895019531e-01
-7.929600715637207031e+00 -4.201245009899139404e-01 -6.432585120201110840e-01
-1.005248641967773438e+01 -4.639089584350585938e+00 -5.532249927520751953e+00
-1.034013462066650391e+01 -3.657322645187377930e+00 -5.411237716674804688e+00
-1.052887058258056641e+01 -2.263774871826171875e+00 -5.289195060729980469e+00
-1.058991146087646484e+01 -2.105500459671020508e+00 -5.858465194702148438e+00
-1.008178520202636719e+01 -6.619492769241333008e-01 -5.346339225769042969e+00
-1.058942890167236328e+01 -2.849313259124755859e+00 -7.949353218078613281e+00
-1.071255397796630859e+01 -1.952499508857727051e+00 -8.876593589782714844e+00
-1.060281467437744141e+01 -8.163540959358215332e-01 -8.509038925170898438e+00
-9.952827453613281250e+00 -3.354852497577667236e-01 -6.699389457702636719e+00
-8.378797531127929688e+00 -2.024426758289337158e-01 -2.250916719436645508e+00
-6.925947666168212891e+00 1.699612021446228027e+00 -3.687005281448364258e+00
-9.018174171447753906e+00 3.824849128723144531e-01 -6.200597286224365234e+00
-7.576701641082763672e+00 1.437326431274414062e+00 -4.988264083862304688e+00
1.319084739685058594e+01 -5.195939064025878906e+00 5.009926319122314453e+00
1.339471721649169922e+01 -5.792042732238769531e+00 8.730608820915222168e-01
1.295447540283203125e+01 -5.587589740753173828e+00 1.638328552246093750e+00
1.477144050598144531e+01 -5.495182991027832031e+00 1.979912996292114258e+00
1.465324687957763672e+01 -4.649007797241210938e+00 3.171746492385864258e+00
1.194762229919433594e+01 -5.214140415191650391e+00 3.069758892059326172e+00
4.479171276092529297e+00 -8.494943976402282715e-01 4.996654510498046875e+00
5.347008705139160156e+00 -3.379634618759155273e-01 6.136454582214355469e+00
6.653831005096435547e+00 -4.763503074645996094e+00 -1.558945655822753906e+00
8.892049789428710938e+00 -6.090645313262939453e+00 -1.040044426918029785e+00
8.131679534912109375e+00 -6.009888172149658203e+00 -8.755369186401367188e-01
7.487769126892089844e+00 -6.060004234313964844e+00 -2.609558403491973877e-01
2.626784086227416992e+00 -5.331267833709716797e+00 4.897706210613250732e-01
4.327473163604736328e+00 -4.652639865875244141e+00 -1.422698616981506348e+00
5.204091548919677734e+00 -5.016045570373535156e+00 -1.059446096420288086e+00
2.344241857528686523e+00 -4.251351356506347656e+00 -1.217881798744201660e+00
4.155260086059570312e+00 -4.677698612213134766e+00 -1.201421856880187988e+00
5.179934978485107422e+00 -5.420939445495605469e+00 3.754595518112182617e-01
5.865067481994628906e+00 -5.839813709259033203e+00 -4.359458982944488525e-01
3.162680387496948242e+00 -5.417345046997070312e+00 -5.028286576271057129e-01
9.518146514892578125e+00 -4.615528583526611328e+00 3.461216449737548828e+00
1.014438438415527344e+01 -3.864353895187377930e+00 5.324533462524414062e+00
1.004667663574218750e+01 -4.138087272644042969e+00 4.683871269226074219e+00
8.873757362365722656e+00 -3.096869945526123047e+00 5.746674060821533203e+00
9.013713836669921875e+00 -4.405788898468017578e+00 3.511516809463500977e+00
9.058932304382324219e+00 -5.544838428497314453e+00 1.750784993171691895e+00
8.707882881164550781e+00 -5.775745391845703125e+00 1.241524815559387207e+00
5.584405422210693359e+00 -9.428190588951110840e-01 4.111160278320312500e+00
6.248328208923339844e+00 -3.379822492599487305e+00 2.586161136627197266e+00
5.670952320098876953e+00 -3.723820209503173828e+00 2.045408487319946289e+00
4.573537349700927734e+00 -1.674434900283813477e+00 3.159532546997070312e+00
4.673621177673339844e+00 -1.219023823738098145e+00 3.799478292465209961e+00
7.023180484771728516e+00 -1.919909358024597168e+00 4.487700462341308594e+00
6.822882652282714844e+00 -1.259565591812133789e+00 5.652953624725341797e+00
6.606226444244384766e+00 -5.208290576934814453e+00 1.157897830009460449e+00
1.210178565979003906e+01 -3.674678087234497070e+00 6.399239540100097656e+00
1.378607177734375000e+01 -4.135454654693603516e+00 4.666486263275146484e+00
1.262877941131591797e+01 -2.823416709899902344e+00 5.062811374664306641e+00
1.341306304931640625e+01 -3.006969213485717773e+00 3.301118850708007812e+00
8.041285514831542969e+00 -1.913311243057250977e+00 6.922692298889160156e+00
7.596574306488037109e+00 -1.528397917747497559e+00 6.829479694366455078e+00
4.271997451782226562e+00 -7.446968555450439453e-02 6.838284969329833984e+00
9.834372520446777344e+00 -3.148005485534667969e+00 7.058153629302978516e+00
1.063054752349853516e+01 -1.838190913200378418e+00 6.678567409515380859e+00
1.095299720764160156e+01 -1.598524570465087891e+00 5.686532974243164062e+00
8.867465019226074219e+00 -4.629937112331390381e-01 6.602886676788330078e+00
9.207931518554687500e+00 -2.152863442897796631e-01 5.600532054901123047e+00
1.126259422302246094e+01 -1.474032044410705566e+00 4.677561283111572266e+00
1.154506683349609375e+01 -1.405869603157043457e+00 3.627587556838989258e+00
6.780078411102294922e+00 -6.826488375663757324e-01 6.470488548278808594e+00
7.907900810241699219e+00 9.583204984664916992e-03 6.461029529571533203e+00
7.126126766204833984e+00 7.892805337905883789e-01 5.826139450073242188e+00
6.327550411224365234e+00 4.554421603679656982e-01 6.126246452331542969e+00
5.674747943878173828e+00 1.438240885734558105e+00 5.571093082427978516e+00
8.217863082885742188e+00 9.775198101997375488e-01 4.561020851135253906e+00
5.727393627166748047e+00 2.462509155273437500e+00 4.114115715026855469e+00
6.159394264221191406e+00 2.610061883926391602e+00 3.678641080856323242e+00
-2.091325998306274414e+00 -2.760162591934204102e+00 3.799878120422363281e+00
-1.474539518356323242e+00 -3.767221689224243164e+00 1.693501591682434082e+00
-1.425859093666076660e+00 -4.622339248657226562e+00 4.188360273838043213e-01
-1.574286937713623047e+00 -2.820096731185913086e+00 3.524806022644042969e+00
-2.026155441999435425e-01 -2.608228921890258789e+00 2.408967733383178711e+00
-5.038655281066894531e+00 -3.472918748855590820e+00 1.483243703842163086e+00
-4.323481082916259766e+00 -3.305773019790649414e+00 2.219794988632202148e+00
-5.777828216552734375e+00 -2.599885702133178711e+00 3.403985500335693359e+00
-5.247442722320556641e+00 -3.016365528106689453e+00 2.549669265747070312e+00
-4.060955047607421875e+00 -2.814038991928100586e+00 3.398961305618286133e+00
-2.735199213027954102e+00 -1.588112592697143555e+00 4.898253917694091797e+00
-5.639413356781005859e+00 -1.270872712135314941e+00 4.716791152954101562e+00
-5.341636657714843750e+00 -7.373211979866027832e-01 4.916581153869628906e+00
2.582472324371337891e+00 -1.575756192207336426e+00 3.715934991836547852e+00
1.392367243766784668e+00 -7.850153446197509766e-01 4.162612438201904297e+00
-3.907252848148345947e-02 -1.126530408859252930e+00 3.684074640274047852e+00
1.093402862548828125e+00 -2.145915478467941284e-01 4.685535430908203125e+00
2.553802967071533203e+00 -8.833439350128173828e-01 5.317245483398437500e+00
3.542681694030761719e+00 -3.083204925060272217e-01 6.659392833709716797e+00
1.085951566696166992e+00 8.892679214477539062e-01 5.388710975646972656e+00
-3.206317424774169922e+00 -1.364603996276855469e+00 5.025154590606689453e+00
-4.249792575836181641e+00 3.115611970424652100e-01 5.015430450439453125e+00
-2.761983633041381836e+00 5.969699025154113770e-01 5.140357494354248047e+00
-1.205523252487182617e+00 1.670456171035766602e+00 4.401434898376464844e+00
-3.902343511581420898e+00 1.030132174491882324e+00 4.048162937164306641e+00
-3.839993476867675781e+00 1.429927229881286621e+00 2.888873338699340820e+00
-1.218847185373306274e-01 -5.063199043273925781e+00 -4.441222921013832092e-02
3.522362112998962402e-01 -4.917996883392333984e+00 -7.694560289382934570e-02
8.712378144264221191e-01 -4.917032718658447266e+00 7.906169444322586060e-02
1.706406474113464355e+00 -3.726736307144165039e+00 1.473795413970947266e+00
1.547192811965942383e+00 -4.930759429931640625e+00 6.401485204696655273e-01
1.656664013862609863e+00 -3.742225170135498047e+00 -1.330307483673095703e+00
1.940149188041687012e+00 -2.535849094390869141e+00 2.406795263290405273e+00
2.247203350067138672e+00 1.640384197235107422e+00 5.493089199066162109e+00
2.812391757965087891e+00 2.617912292480468750e+00 4.151598453521728516e+00
2.540003776550292969e+00 3.077806234359741211e+00 2.965731382369995117e+00
-9.036840796470642090e-01 2.516920328140258789e+00 2.605286598205566406e+00
-7.085807919502258301e-01 2.011668205261230469e+00 4.167294502258300781e+00
5.165687799453735352e-01 2.624338865280151367e+00 3.222920179367065430e+00
-1.737795233726501465e+00 3.172775983810424805e+00 1.047931313514709473e-01
-7.562477588653564453e+00 -2.471372842788696289e+00 3.562803030014038086e+00
-7.312480449676513672e+00 -1.436991930007934570e+00 4.223737239837646484e+00
-7.948454380035400391e+00 -8.257139325141906738e-01 2.912602901458740234e+00
-6.797399997711181641e+00 -1.171568632125854492e+00 4.468083381652832031e+00
-7.008405685424804688e+00 -3.767042756080627441e-01 3.064284324645996094e+00
-6.415861129760742188e+00 1.836428791284561157e-01 1.422252774238586426e+00
-6.216063976287841797e+00 1.339950114488601685e-01 2.393949985504150391e+00
-6.921649932861328125e+00 2.256686240434646606e-01 -8.136060237884521484e-01
-3.758696317672729492e+00 1.654016971588134766e+00 1.845401763916015625e+00
-5.360940456390380859e+00 2.010779380798339844e+00 -1.993996620178222656e+00
-3.645878791809082031e+00 3.031724214553833008e+00 -1.670943260192871094e+00
3.354475975036621094e+00 8.994258642196655273e-01 6.339405536651611328e+00
2.934191226959228516e+00 1.922673106193542480e+00 5.259229183197021484e+00
3.779923915863037109e+00 2.333655357360839844e+00 4.689281940460205078e+00
4.473197460174560547e+00 2.841650485992431641e+00 3.636654853820800781e+00
3.812536001205444336e+00 3.298551321029663086e+00 2.881481885910034180e+00
7.708778381347656250e+00 -4.871253490447998047e+00 -3.926403045654296875e+00
2.402034997940063477e+00 -5.052966594696044922e+00 -3.027452230453491211e+00
5.505231857299804688e+00 -4.695144176483154297e+00 -2.457720518112182617e+00
6.307585239410400391e+00 -4.645559310913085938e+00 -2.913310766220092773e+00
3.054913043975830078e+00 -4.989511489868164062e+00 -2.899988412857055664e+00
2.081248998641967773e+00 -5.931960582733154297e+00 -5.250339984893798828e+00
2.614499330520629883e+00 -5.807867050170898438e+00 -6.252059936523437500e+00
3.873103857040405273e+00 -5.140747547149658203e+00 -5.596065521240234375e+00
5.909494400024414062e+00 -4.794767379760742188e+00 -3.701470613479614258e+00
7.120725631713867188e+00 -4.936419963836669922e+00 -4.038366794586181641e+00
2.437168359756469727e+00 -5.621409416198730469e+00 -8.458189010620117188e+00
8.259555816650390625e+00 -4.988533020019531250e+00 -6.007790565490722656e+00
3.286660671234130859e+00 -5.330594539642333984e+00 -7.114649772644042969e+00
3.701183319091796875e+00 -4.722785949707031250e+00 -7.898458003997802734e+00
6.254373073577880859e+00 -5.075296401977539062e+00 -5.375495910644531250e+00
7.363175392150878906e+00 -4.940268039703369141e+00 -6.333343982696533203e+00
5.847903728485107422e+00 -4.178559303283691406e+00 -7.250289916992187500e+00
7.506075382232666016e+00 -4.042997837066650391e+00 -7.384629726409912109e+00
5.570542812347412109e+00 -3.864043712615966797e+00 -7.629858493804931641e+00
5.149320125579833984e+00 -2.837574005126953125e+00 -8.644321441650390625e+00
5.230134010314941406e+00 -2.080936431884765625e+00 -8.899195671081542969e+00
-3.349178075790405273e+00 -7.971134662628173828e+00 -1.205181980133056641e+01
-3.130061388015747070e+00 -8.215130805969238281e+00 -1.051202774047851562e+01
-3.961708545684814453e+00 -7.544547557830810547e+00 -1.315496730804443359e+01
-1.582628846168518066e+00 -6.563581943511962891e+00 -1.324028491973876953e+01
-3.558189153671264648e+00 -6.334781169891357422e+00 -1.445618247985839844e+01
-3.377076148986816406e+00 -5.281089305877685547e+00 -1.518939399719238281e+01
-6.631816387176513672e+00 -6.539715290069580078e+00 -1.316523742675781250e+01
-7.073194503784179688e+00 -6.215614795684814453e+00 -1.318194675445556641e+01
-7.759500503540039062e+00 -5.236887931823730469e+00 -1.366884613037109375e+01
-5.719877719879150391e+00 -7.133960723876953125e+00 -1.307249164581298828e+01
-8.474190711975097656e+00 -5.369572639465332031e+00 -1.255602741241455078e+01
-7.365853786468505859e+00 -4.568447589874267578e+00 -1.456763362884521484e+01
-4.153315544128417969e+00 -5.535032272338867188e+00 -1.502424335479736328e+01
-5.997368335723876953e+00 -4.382059097290039062e+00 -1.525155735015869141e+01
-2.712956666946411133e+00 -5.388298511505126953e+00 -1.501177692413330078e+01
-2.177819728851318359e+00 -4.296530723571777344e+00 -1.536958217620849609e+01
-3.723906755447387695e+00 -3.714885950088500977e+00 -1.575196456909179688e+01
-2.790393352508544922e+00 -3.186498165130615234e+00 -1.571657085418701172e+01
-4.992311954498291016e+00 -2.645823717117309570e+00 -1.593491172790527344e+01
-3.921351671218872070e+00 -1.502189874649047852e+00 -1.593532276153564453e+01
-9.302398681640625000e+00 -4.447921752929687500e+00 -1.221225452423095703e+01
-8.936503410339355469e+00 -4.007264137268066406e+00 -1.343828868865966797e+01
-9.914128303527832031e+00 -2.869129180908203125e+00 -1.233799839019775391e+01
-1.040474987030029297e+01 -1.444433093070983887e+00 -1.151088047027587891e+01
-8.551176071166992188e+00 -3.353584766387939453e+00 -1.435404586791992188e+01
-7.693558692932128906e+00 -2.968802928924560547e+00 -1.519348144531250000e+01
-9.824675559997558594e+00 -9.290621876716613770e-01 -1.327791404724121094e+01
-9.377049446105957031e+00 -3.309538066387176514e-01 -1.420105075836181641e+01
-8.489335060119628906e+00 -9.536344408988952637e-01 -1.507018852233886719e+01
-7.136625289916992188e+00 1.589425653219223022e-01 -1.576905822753906250e+01
-7.629198551177978516e+00 8.132767081260681152e-01 -1.553537178039550781e+01
-1.521868109703063965e+00 -7.554744720458984375e+00 -6.883383274078369141e+00
-4.224368333816528320e-01 -7.156833648681640625e+00 -8.630947113037109375e+00
6.961549818515777588e-02 -6.569587707519531250e+00 -5.590307712554931641e+00
6.159088015556335449e-01 -6.686138153076171875e+00 -6.757456779479980469e+00
-2.404300570487976074e-01 -6.931000232696533203e+00 -9.610542297363281250e+00
-5.144767463207244873e-02 -5.895691394805908203e+00 -1.240182971954345703e+01
1.346315622329711914e+00 -6.390129566192626953e+00 -6.419428348541259766e+00
2.016113281250000000e+00 -5.952485561370849609e+00 -8.191203117370605469e+00
-7.615978717803955078e-01 -5.088088512420654297e+00 -1.430330944061279297e+01
1.023474097251892090e+00 -4.963446140289306641e+00 -1.243797874450683594e+01
-1.231237649917602539e+00 -3.740685701370239258e+00 -1.520270252227783203e+01
-1.933706104755401611e-01 -3.008033275604248047e+00 -1.485942745208740234e+01
1.958306670188903809e+00 -5.053696632385253906e+00 -1.069791126251220703e+01
-1.088180184364318848e+00 -2.405631303787231445e+00 -1.528238868713378906e+01
-1.307478785514831543e+00 -1.697491645812988281e+00 -1.534190559387207031e+01
2.140268802642822266e+00 -3.536540985107421875e+00 -1.149311351776123047e+01
8.837466835975646973e-01 -1.870415210723876953e+00 -1.348743820190429688e+01
7.965226173400878906e-01 -1.144552230834960938e+00 -1.333504772186279297e+01
-2.605986356735229492e+00 -1.777402400970458984e+00 -1.570190525054931641e+01
-2.676537275314331055e+00 -8.090089559555053711e-01 -1.564176559448242188e+01
-5.085075378417968750e+00 4.545528888702392578e-01 -1.589000129699707031e+01
-2.886865854263305664e+00 1.008269309997558594e+00 -1.536772346496582031e+01
-2.164871454238891602e+00 1.175194978713989258e+00 -1.512514781951904297e+01
-4.986439049243927002e-01 1.149865984916687012e+00 -1.389099979400634766e+01
-2.882477998733520508e+00 2.080726623535156250e+00 -1.503651046752929688e+01
-2.466925859451293945e+00 2.788833856582641602e+00 -1.464703273773193359e+01
2.701088190078735352e+00 -3.967867851257324219e+00 -1.033827400207519531e+01
3.517181634902954102e+00 -2.610233783721923828e+00 -1.011499309539794922e+01
3.011424779891967773e+00 -1.848062157630920410e+00 -1.085572719573974609e+01
9.633377790451049805e-01 -2.815196216106414795e-01 -1.281491947174072266e+01
1.482013344764709473e+00 6.532534491270780563e-03 -1.211290359497070312e+01
2.348136901855468750e+00 -2.183752804994583130e-01 -1.123023319244384766e+01
1.079974889755249023e+00 4.168340563774108887e-01 -1.233801174163818359e+01
-1.051477622985839844e+01 -9.711406230926513672e-01 -1.098593616485595703e+01
-9.970656394958496094e+00 6.812583804130554199e-01 -1.291890907287597656e+01
-1.030592441558837891e+01 -1.987451501190662384e-02 -1.048124694824218750e+01
-1.007467269897460938e+01 -1.246431022882461548e-01 -9.019132614135742188e+00
-9.729249000549316406e+00 5.398002266883850098e-01 -1.002438640594482422e+01
-9.966884613037109375e+00 9.188801050186157227e-01 -1.154893589019775391e+01
-9.436572074890136719e+00 2.029616355895996094e+00 -1.278194618225097656e+01
-8.823599815368652344e+00 1.393051385879516602e+00 -9.340861320495605469e+00
-8.419024467468261719e+00 2.393617868423461914e+00 -1.037429046630859375e+01
-8.200310707092285156e+00 1.155207157135009766e+00 -6.068861007690429688e+00
-7.965108871459960938e+00 1.591300725936889648e+00 -7.148590087890625000e+00
-8.286634445190429688e+00 1.877345323562622070e+00 -8.735465049743652344e+00
-7.902396678924560547e+00 2.544896125793457031e+00 -9.731071472167968750e+00
-6.300273418426513672e+00 2.696071624755859375e+00 -7.678061962127685547e+00
-6.216950416564941406e+00 3.006134033203125000e+00 -8.160790443420410156e+00
-8.636967658996582031e+00 2.200351953506469727e+00 -1.429043292999267578e+01
-8.038092613220214844e+00 2.228295803070068359e+00 -1.473122119903564453e+01
-7.638548851013183594e+00 3.438175916671752930e+00 -1.351189422607421875e+01
-6.657357692718505859e+00 4.260156631469726562e+00 -1.313691616058349609e+01
-6.100688457489013672e+00 1.894509553909301758e+00 -1.547839164733886719e+01
-5.845049381256103516e+00 2.184285402297973633e+00 -1.532868671417236328e+01
-5.172132968902587891e+00 3.965744495391845703e+00 -1.412194728851318359e+01
-4.616552352905273438e+00 3.959525585174560547e+00 -1.424943161010742188e+01
-5.869002342224121094e+00 3.768171787261962891e+00 -1.412538242340087891e+01
-8.275261878967285156e+00 3.278295993804931641e+00 -1.224658107757568359e+01
-6.245063781738281250e+00 4.410166263580322266e+00 -1.238079261779785156e+01
-5.558707714080810547e+00 4.379817962646484375e+00 -1.074298858642578125e+01
-3.390444040298461914e+00 4.232810497283935547e+00 -1.348873138427734375e+01
-3.172463417053222656e+00 4.294883728027343750e+00 -1.287089443206787109e+01
-5.222094058990478516e+00 4.432582378387451172e+00 -1.221916198730468750e+01
-4.470862388610839844e+00 4.634169578552246094e+00 -1.232630920410156250e+01
-3.218299865722656250e+00 4.685402393341064453e+00 -1.144393920898437500e+01
-4.960304737091064453e+00 4.784774303436279297e+00 -1.084810638427734375e+01
-3.797539949417114258e+00 4.891791820526123047e+00 -1.117172336578369141e+01
-6.641862392425537109e+00 3.678483009338378906e+00 -1.050154113769531250e+01
-5.934963703155517578e+00 3.622522354125976562e+00 -9.032828330993652344e+00
3.057440996170043945e+00 -1.903712302446365356e-01 -1.030614089965820312e+01
-1.400954574346542358e-01 1.528302431106567383e+00 -1.287931346893310547e+01
-2.115691184997558594e+00 3.221084833145141602e+00 -1.359592437744140625e+01
9.947499632835388184e-01 8.013925552368164062e-01 -1.169159603118896484e+01
-1.055480003356933594e+00 2.884102344512939453e+00 -1.233984947204589844e+01
-2.715283632278442383e+00 3.845414161682128906e+00 -1.327120018005371094e+01
-1.651426315307617188e+00 3.646490335464477539e+00 -1.187636375427246094e+01
1.128619480133056641e+01 -6.434141635894775391e+00 -3.302481651306152344e+00
1.311978530883789062e+01 -6.448267936706542969e+00 -1.665468096733093262e+00
1.109798717498779297e+01 -6.244500637054443359e+00 -6.517424583435058594e-01
1.085397720336914062e+01 -6.351573467254638672e+00 -2.486383199691772461e+00
1.415266895294189453e+01 -6.874493598937988281e+00 -4.968533039093017578e+00
1.181636810302734375e+01 -6.534369468688964844e+00 -3.927408218383789062e+00
1.253346920013427734e+01 -6.558987617492675781e+00 -5.453356266021728516e+00
1.293660354614257812e+01 -6.753478050231933594e+00 -3.611171722412109375e+00
1.533726596832275391e+01 -6.827214717864990234e+00 -3.513388156890869141e+00
1.588699150085449219e+01 -5.828337669372558594e+00 -4.039947509765625000e+00
1.595210266113281250e+01 -6.224862098693847656e+00 -1.129523158073425293e+00
1.609540939331054688e+01 -5.495467662811279297e+00 -1.928979992866516113e+00
1.435372447967529297e+01 -6.199281215667724609e+00 8.494612574577331543e-02
1.454225349426269531e+01 -6.650702953338623047e+00 -1.488587856292724609e+00
1.516504287719726562e+01 -5.842778682708740234e+00 9.941483736038208008e-01
1.464962387084960938e+01 -3.772311687469482422e+00 2.071723699569702148e+00
1.500503540039062500e+01 -3.917901277542114258e+00 9.437833428382873535e-01
1.436272048950195312e+01 -2.972716331481933594e+00 1.117547988891601562e+00
1.560085010528564453e+01 -4.850693225860595703e+00 -3.207082986831665039e+00
1.512466430664062500e+01 -3.952249765396118164e+00 -2.458985090255737305e+00
1.510951328277587891e+01 -3.770945072174072266e+00 -9.339653849601745605e-01
1.484433078765869141e+01 -3.532319784164428711e+00 -1.394644498825073242e+00
1.420667839050292969e+01 -2.775872230529785156e+00 -7.656371593475341797e-01
1.363329219818115234e+01 -6.747481822967529297e+00 -6.199743270874023438e+00
1.505024528503417969e+01 -5.956385135650634766e+00 -6.440172672271728516e+00
1.221666812896728516e+01 -6.457770824432373047e+00 -6.644412994384765625e+00
1.276258468627929688e+01 -5.919326305389404297e+00 -7.424542903900146484e+00
1.564587306976318359e+01 -5.763900279998779297e+00 -5.443706989288330078e+00
1.531450271606445312e+01 -5.227622509002685547e+00 -5.708334922790527344e+00
1.473275661468505859e+01 -4.640954494476318359e+00 -5.304074764251708984e+00
1.309368228912353516e+01 -5.531836509704589844e+00 -7.254834651947021484e+00
1.247166728973388672e+01 -4.985970020294189453e+00 -6.581660747528076172e+00
1.329537487030029297e+01 -4.561014652252197266e+00 -5.989407539367675781e+00
1.336271762847900391e+01 -3.566746473312377930e+00 -4.756953716278076172e+00
1.480188560485839844e+01 -3.790284395217895508e+00 -2.646705627441406250e+00
1.460879898071289062e+01 -3.985586404800415039e+00 -4.267454624176025391e+00
1.403562927246093750e+01 -3.173033237457275391e+00 -3.505517005920410156e+00
1.006709289550781250e+01 -5.884051322937011719e+00 -2.649523258209228516e+00
6.973817348480224609e+00 -4.694263935089111328e+00 -2.282983541488647461e+00
7.265145778656005859e+00 -4.753754138946533203e+00 -1.836624026298522949e+00
6.817898273468017578e+00 -4.644536972045898438e+00 -2.868086814880371094e+00
1.038731384277343750e+01 -6.164432525634765625e+00 -2.217911243438720703e+00
8.962658882141113281e+00 -5.412018775939941406e+00 -1.806772470474243164e+00
7.930912971496582031e+00 -4.982512950897216797e+00 -1.439388513565063477e+00
9.509540557861328125e+00 -5.457116127014160156e+00 -3.382489204406738281e+00
9.836635589599609375e+00 -5.525955200195312500e+00 -4.643397808074951172e+00
8.261307716369628906e+00 -4.945771217346191406e+00 -3.921112537384033203e+00
1.343750381469726562e+01 -2.086928129196166992e+00 6.854856014251708984e-02
1.217066955566406250e+01 -7.545950412750244141e-01 -9.402928948402404785e-01
1.082793426513671875e+01 -5.957845687866210938e+00 -5.488586425781250000e+00
1.089939117431640625e+01 -5.420532703399658203e+00 -6.025095939636230469e+00
9.503646850585937500e+00 -5.059974193572998047e+00 -5.189386844635009766e+00
1.158736133575439453e+01 -4.712236404418945312e+00 -6.165287971496582031e+00
9.107617378234863281e+00 -4.326639175415039062e+00 -6.415710926055908203e+00
1.030177402496337891e+01 -3.557215452194213867e+00 -5.860459804534912109e+00
1.230667114257812500e+01 -3.763179779052734375e+00 -5.381711959838867188e+00
1.052954769134521484e+01 -3.241494178771972656e+00 -5.633861064910888672e+00
1.054378128051757812e+01 -2.337024927139282227e+00 -5.194705009460449219e+00
8.502702713012695312e+00 -3.686149358749389648e+00 -7.038704872131347656e+00
8.990534782409667969e+00 -3.098538398742675781e+00 -6.562775611877441406e+00
8.033617019653320312e+00 -2.037141561508178711e+00 -6.903511524200439453e+00
1.029679489135742188e+01 -1.666525483131408691e+00 -5.053869247436523438e+00
8.220739364624023438e+00 -1.720375299453735352e+00 -6.631260395050048828e+00
8.702213287353515625e+00 -5.101358294486999512e-01 -5.824146270751953125e+00
7.271507740020751953e+00 -1.679257601499557495e-01 -6.915836334228515625e+00
1.295247077941894531e+01 -2.411666154861450195e+00 -3.798810720443725586e+00
1.329824066162109375e+01 -1.744049072265625000e+00 -1.798393249511718750e+00
1.290650558471679688e+01 -1.600723266601562500e+00 -2.939575195312500000e+00
1.224920845031738281e+01 -5.708809494972229004e-01 -2.117859363555908203e+00
1.194360446929931641e+01 -2.444095760583877563e-01 -2.754807472229003906e+00
1.220590686798095703e+01 -2.085458517074584961e+00 -4.211262702941894531e+00
1.105192565917968750e+01 -1.356005430221557617e+00 -4.380509853363037109e+00
1.132321834564208984e+01 -7.267186641693115234e-01 -3.739979982376098633e+00
1.012649345397949219e+01 1.521848082542419434e+00 -1.689120054244995117e+00
9.230578422546386719e+00 2.303811550140380859e+00 -2.834059953689575195e+00
9.228541374206542969e+00 2.179396390914916992e+00 -3.277735948562622070e+00
8.544072151184082031e+00 2.886980533599853516e+00 -2.366005420684814453e+00
1.011055088043212891e+01 -9.876545667648315430e-01 -4.936343193054199219e+00
1.051304912567138672e+01 1.691052913665771484e-01 -4.015199661254882812e+00
8.354676246643066406e+00 1.197939217090606689e-01 -5.858264923095703125e+00
7.014310359954833984e+00 9.838980436325073242e-01 -6.431853771209716797e+00
1.381527137756347656e+01 -3.023458003997802734e+00 2.678840875625610352e+00
1.248999118804931641e+01 -1.958963871002197266e+00 2.988350629806518555e+00
1.131452560424804688e+01 -4.549742937088012695e-01 1.478952288627624512e+00
1.144711971282958984e+01 -4.095851778984069824e-01 3.425907194614410400e-01
1.005667209625244141e+01 1.495069414377212524e-01 3.157576560974121094e+00
8.947238922119140625e+00 1.437760949134826660e+00 2.616744756698608398e+00
9.489366531372070312e+00 1.057211279869079590e+00 2.106407165527343750e+00
7.375555992126464844e+00 2.453266859054565430e+00 2.948948860168457031e+00
7.187019824981689453e+00 2.984517097473144531e+00 1.805825710296630859e+00
9.820557594299316406e+00 1.110027194023132324e+00 3.740436434745788574e-01
1.003814125061035156e+01 1.391064643859863281e+00 -9.468318819999694824e-01
8.040873527526855469e+00 2.841919898986816406e+00 4.132193326950073242e-01
3.348346948623657227e+00 4.273190021514892578e+00 -3.516729176044464111e-01
6.221175193786621094e+00 3.611756324768066406e+00 2.564853727817535400e-01
5.473427295684814453e+00 4.001391887664794922e+00 -2.227762460708618164e+00
3.669733762741088867e+00 4.371561050415039062e+00 -6.924097537994384766e-01
2.845347404479980469e+00 3.809653997421264648e+00 -2.457802057266235352e+00
2.958086252212524414e+00 3.501719236373901367e+00 -3.330119609832763672e+00
-9.873031377792358398e-01 3.792067766189575195e+00 -7.647672891616821289e-01
2.147046566009521484e+00 3.138077497482299805e+00 -4.387082576751708984e+00
9.404239244759082794e-03 4.155365943908691406e+00 -3.143838644027709961e+00
3.069386780261993408e-01 3.707430362701416016e+00 -4.699012279510498047e+00
2.378280639648437500e+00 3.800765991210937500e+00 -2.566974639892578125e+00
5.100551605224609375e+00 -8.738463521003723145e-01 -8.897175788879394531e+00
2.943785905838012695e+00 3.107127845287322998e-01 -9.611495971679687500e+00
5.061992645263671875e+00 5.082484483718872070e-01 -8.115588188171386719e+00
3.643840074539184570e+00 5.653049945831298828e-01 -8.972299575805664062e+00
2.524050712585449219e+00 5.034952759742736816e-01 -9.803968429565429688e+00
1.546303629875183105e+00 1.850789785385131836e+00 -9.914135932922363281e+00
3.304874897003173828e-01 3.150527715682983398e+00 -9.158619880676269531e+00
1.115043014287948608e-01 3.003592252731323242e+00 -1.045946407318115234e+01
5.658335685729980469e+00 2.808533906936645508e+00 -4.862147331237792969e+00
6.165174961090087891e+00 1.890909790992736816e+00 -6.094099044799804688e+00
4.702450752258300781e+00 2.693359851837158203e+00 -5.249596118927001953e+00
4.799528598785400391e+00 2.389011383056640625e+00 -5.963053703308105469e+00
6.606863021850585938e+00 3.737550497055053711e+00 -2.728199481964111328e+00
6.586619377136230469e+00 1.286498308181762695e+00 -6.431842327117919922e+00
5.714951038360595703e+00 1.673592925071716309e+00 -6.607208728790283203e+00
4.861532688140869141e+00 1.784025669097900391e+00 -7.039461135864257812e+00
2.737244367599487305e+00 2.848243236541748047e+00 -5.063483238220214844e+00
2.817326307296752930e+00 2.090922117233276367e+00 -7.361597537994384766e+00
2.028929471969604492e+00 2.329439401626586914e+00 -6.813135147094726562e+00
9.524880349636077881e-02 3.302835464477539062e+00 -6.272316932678222656e+00
2.716884016990661621e-01 2.960676670074462891e+00 -7.759992599487304688e+00
3.028791546821594238e-01 3.032792091369628906e+00 -8.138693809509277344e+00
-3.295753479003906250e+00 3.397667169570922852e+00 -2.586329460144042969e+00
-5.635842323303222656e+00 3.067171573638916016e+00 -7.730356216430664062e+00
-4.810326576232910156e+00 3.486015319824218750e+00 -7.634830951690673828e+00
-4.259405612945556641e+00 3.354302644729614258e+00 -6.673895835876464844e+00
-2.167769193649291992e+00 3.278541088104248047e+00 -2.346817553043365479e-01
-1.887743473052978516e+00 3.747089862823486328e+00 -1.356843113899230957e+00
-1.526708126068115234e+00 4.091422557830810547e+00 -2.470232725143432617e+00
-1.353159666061401367e+00 4.390393733978271484e+00 -3.694666385650634766e+00
-1.182451963424682617e+00 4.400740146636962891e+00 -4.988407135009765625e+00
-4.802752494812011719e+00 4.081513881683349609e+00 -8.504274368286132812e+00
-4.507496356964111328e+00 4.558340072631835938e+00 -9.024165153503417969e+00
-1.981387972831726074e+00 4.464586257934570312e+00 -7.512080669403076172e+00
-3.351342201232910156e+00 4.460782051086425781e+00 -8.331952095031738281e+00
-1.542285799980163574e+00 3.654307126998901367e+00 -1.119960308074951172e+01
-1.229549646377563477e+00 3.509135723114013672e+00 -1.106409072875976562e+01
-3.829943656921386719e+00 4.854494094848632812e+00 -1.070475482940673828e+01
-2.048858404159545898e+00 4.182727813720703125e+00 -9.851055145263671875e+00
-3.121847212314605713e-01 3.482223033905029297e+00 -9.967337608337402344e+00
-2.159520626068115234e+00 4.561586856842041016e+00 -6.121375560760498047e+00
5.235898971557617188e+00 3.355932474136352539e+00 2.269502401351928711e+00
6.048486232757568359e+00 3.380391120910644531e+00 1.760454177856445312e+00
1.965461254119873047e+00 7.055673003196716309e-01 -1.028987407684326172e+01
-5.179730057716369629e-01 2.796840429306030273e+00 -1.161667156219482422e+01
4.410873949527740479e-01 2.526511669158935547e+00 -1.077114963531494141e+01
