1.599355340003967285e+00 -4.912978649139404297e+00 -2.690500497817993164e+00
2.325634479522705078e+00 -4.748080730438232422e+00 -1.884910106658935547e+00
1.557073235511779785e+00 -4.765362739562988281e+00 -2.281755208969116211e+00
-5.063576221466064453e+00 -8.106969833374023438e+00 -7.813236713409423828e+00
-4.998707771301269531e+00 -8.061534881591796875e+00 -1.156146335601806641e+01
-4.182553291320800781e+00 -8.320189476013183594e+00 -9.412674903869628906e+00
-7.262256622314453125e+00 -7.467345714569091797e+00 -7.048226833343505859e+00
-7.767938613891601562e+00 -7.350101470947265625e+00 -7.956883430480957031e+00
-5.689457416534423828e+00 -8.128107070922851562e+00 -9.815806388854980469e+00
-6.216415882110595703e+00 -7.996690750122070312e+00 -9.052846908569335938e+00
-6.479629039764404297e+00 -7.345064163208007812e+00 -1.204712200164794922e+01
-8.406897544860839844e+00 -6.366700649261474609e+00 -1.056704521179199219e+01
-8.330296516418457031e+00 -6.188586711883544922e+00 -1.128540992736816406e+01
-9.635950088500976562e+00 -5.267462253570556641e+00 -8.352958679199218750e+00
-1.004549407958984375e+01 -4.325920104980468750e+00 -8.706725120544433594e+00
-9.584265708923339844e+00 -4.643611907958984375e+00 -1.085902595520019531e+01
-8.206408500671386719e+00 -6.689960479736328125e+00 -5.433654785156250000e+00
-9.052625656127929688e+00 -6.092602252960205078e+00 -4.918257236480712891e+00
-7.947566986083984375e+00 -5.744488239288330078e+00 -3.392873048782348633e+00
-8.473702430725097656e+00 -5.229131698608398438e+00 -2.215164899826049805e+00
-6.936679363250732422e+00 -5.438157558441162109e+00 -3.100387573242187500e+00
-2.554539203643798828e+00 -5.018640041351318359e+00 -1.528305053710937500e+00
-3.331656217575073242e+00 -4.869091987609863281e+00 -5.638381242752075195e-01
-1.387022495269775391e+00 -4.966650485992431641e+00 -2.102067321538925171e-01
-7.351603984832763672e+00 -3.216723680496215820e+00 2.318947553634643555e+00
-5.322806835174560547e+00 -3.508520603179931641e+00 1.290526509284973145e+00
-3.829336404800415039e+00 -5.060648441314697266e+00 -2.120388269424438477e+00
-7.278840541839599609e+00 -4.795344829559326172e+00 -1.615803360939025879e+00
-6.284646987915039062e+00 -5.164219856262207031e+00 -2.774039506912231445e+00
-3.697807073593139648e+00 -4.402402877807617188e+00 1.518901884555816650e-01
-4.757381916046142578e+00 -7.275565624237060547e+00 -5.283019065856933594e+00
-4.527619838714599609e+00 -6.492897987365722656e+00 -4.077073097229003906e+00
-2.277324914932250977e+00 -7.653850555419921875e+00 -6.408704280853271484e+00
-2.876547813415527344e+00 -7.163691997528076172e+00 -5.055340766906738281e+00
-2.209056377410888672e+00 -7.174114704132080078e+00 -5.288194656372070312e+00
-1.351063609123229980e+00 -6.798702716827392578e+00 -5.034970283508300781e+00
-2.765705585479736328e+00 -6.770430088043212891e+00 -4.426692008972167969e+00
-5.252703189849853516e+00 -6.846684455871582031e+00 -4.666271686553955078e+00
-6.145909309387207031e+00 -7.664987564086914062e+00 -6.731480121612548828e+00
-8.693703651428222656e+00 -6.650939464569091797e+00 -6.443408489227294922e+00
-1.376699328422546387e+00 -4.967543125152587891e+00 -1.815128564834594727e+00
-8.965697288513183594e-01 -5.029541492462158203e+00 -2.257832288742065430e+00
-2.204604864120483398e+00 -5.113753318786621094e+00 -2.003954172134399414e+00
-3.010115027427673340e-01 -5.061350822448730469e+00 -1.171025276184082031e+00
6.777201294898986816e-01 -4.594770908355712891e+00 -1.571187019348144531e+00
-7.822718024253845215e-01 -5.391926288604736328e+00 -3.004471063613891602e+00
2.242073230445384979e-02 -5.487370967864990234e+00 -3.331877708435058594e+00
6.499963998794555664e-01 -4.747168064117431641e+00 -2.102721452713012695e+00
-9.493370056152343750e+00 -4.816590309143066406e+00 -2.033772706985473633e+00
-9.925460815429687500e+00 -4.893154144287109375e+00 -4.668185234069824219e+00
-9.333395004272460938e+00 -5.582680225372314453e+00 -3.819566726684570312e+00
-1.017908477783203125e+01 -3.763488292694091797e+00 -3.277371406555175781e+00
-1.030697917938232422e+01 -3.588745117187500000e+00 -4.705151081085205078e+00
-9.094702720642089844e+00 -4.092566967010498047e+00 3.179154992103576660e-01
-9.759348869323730469e+00 -4.178672313690185547e+00 -1.397945404052734375e+00
-9.799499511718750000e+00 -3.237811803817749023e+00 -2.706495523452758789e-01
-9.577232360839843750e+00 -2.935216426849365234e+00 9.107481241226196289e-01
-9.090070724487304688e+00 -2.731911182403564453e+00 2.174376249313354492e+00
-9.262261390686035156e+00 -1.638814330101013184e+00 1.275984883308410645e+00
-1.015840435028076172e+01 -2.699585199356079102e+00 -2.514170885086059570e+00
-1.008689212799072266e+01 -1.613173842430114746e+00 -2.644406318664550781e+00
-9.452754974365234375e+00 -1.296828746795654297e+00 -8.816136717796325684e-01
-7.929853916168212891e+00 -4.183511137962341309e-01 -6.429641246795654297e-01
-1.005190563201904297e+01 -4.637230396270751953e+00 -5.533804416656494141e+00
-1.033721256256103516e+01 -3.654622554779052734e+00 -5.414179801940917969e+00
-1.052605247497558594e+01 -2.260816097259521484e+00 -5.292582988739013672e+00
-1.058530235290527344e+01 -2.101441383361816406e+00 -5.863163471221923828e+00
-1.007983016967773438e+01 -6.605142354965209961e-01 -5.348791599273681641e+00
-1.058476448059082031e+01 -2.844974040985107422e+00 -7.953287124633789062e+00
-1.070847320556640625e+01 -1.948370575904846191e+00 -8.880976676940917969e+00
-1.060023880004882812e+01 -8.120819330215454102e-01 -8.512941360473632812e+00
-9.950617790222167969e+00 -3.314858078956604004e-01 -6.702439308166503906e+00
-8.379134178161621094e+00 -2.022401988506317139e-01 -2.250870943069458008e+00
-6.927200317382812500e+00 1.702814579010009766e+00 -3.687002897262573242e+00
-9.014873504638671875e+00 3.825786113739013672e-01 -6.202747344970703125e+00
-7.575464248657226562e+00 1.435736536979675293e+00 -4.988780498504638672e+00
1.314046669006347656e+01 -5.241037368774414062e+00 4.905516147613525391e+00
1.346389579772949219e+01 -6.057913303375244141e+00 9.975589513778686523e-01
1.297632789611816406e+01 -5.764264106750488281e+00 1.700279116630554199e+00
1.481539916992187500e+01 -5.835180759429931641e+00 2.181830167770385742e+00
1.468024253845214844e+01 -5.007648468017578125e+00 3.339329957962036133e+00
1.192696380615234375e+01 -5.284029483795166016e+00 3.052686929702758789e+00
4.457902431488037109e+00 -8.418313860893249512e-01 5.055614948272705078e+00
5.308393001556396484e+00 -3.441643416881561279e-01 6.203365802764892578e+00
6.683392047882080078e+00 -4.772902488708496094e+00 -1.564429640769958496e+00
8.929561614990234375e+00 -6.116307258605957031e+00 -1.043076395988464355e+00
8.159442901611328125e+00 -6.023801803588867188e+00 -8.761358857154846191e-01
7.504220962524414062e+00 -6.062874317169189453e+00 -2.600668072700500488e-01
2.631414175033569336e+00 -5.326848030090332031e+00 4.892120361328125000e-01
4.344969749450683594e+00 -4.650409698486328125e+00 -1.425633311271667480e+00
5.224453926086425781e+00 -5.013539791107177734e+00 -1.061198711395263672e+00
2.354423999786376953e+00 -4.250718116760253906e+00 -1.221843242645263672e+00
4.170124053955078125e+00 -4.673872470855712891e+00 -1.204983592033386230e+00
5.187905788421630859e+00 -5.412985801696777344e+00 3.780454993247985840e-01
5.879843711853027344e+00 -5.837830066680908203e+00 -4.331650137901306152e-01
3.172964096069335938e+00 -5.414489746093750000e+00 -5.034742951393127441e-01
9.514086723327636719e+00 -4.621861934661865234e+00 3.451184511184692383e+00
1.008182716369628906e+01 -3.993146657943725586e+00 5.363822937011718750e+00
1.001977634429931641e+01 -4.194010734558105469e+00 4.693191528320312500e+00
8.827462196350097656e+00 -3.172546863555908203e+00 5.840549945831298828e+00
9.011007308959960938e+00 -4.406395912170410156e+00 3.511692285537719727e+00
9.064013481140136719e+00 -5.543913364410400391e+00 1.743937849998474121e+00
8.723811149597167969e+00 -5.776481151580810547e+00 1.235635519027709961e+00
5.571169853210449219e+00 -9.612326025962829590e-01 4.177162170410156250e+00
6.247514724731445312e+00 -3.380429506301879883e+00 2.603655099868774414e+00
5.670770168304443359e+00 -3.723374366760253906e+00 2.060171127319335938e+00
4.570482254028320312e+00 -1.672718048095703125e+00 3.185862064361572266e+00
4.664571285247802734e+00 -1.222888469696044922e+00 3.841951608657836914e+00
7.009363651275634766e+00 -1.942301988601684570e+00 4.544915676116943359e+00
6.781528472900390625e+00 -1.309046030044555664e+00 5.756786346435546875e+00
6.613668918609619141e+00 -5.207734584808349609e+00 1.163661956787109375e+00
1.211533737182617188e+01 -3.709000825881958008e+00 6.387019157409667969e+00
1.375245666503906250e+01 -4.274415493011474609e+00 4.830861568450927734e+00
1.262243175506591797e+01 -2.971163749694824219e+00 5.117046356201171875e+00
1.345191478729248047e+01 -3.133716344833374023e+00 3.375773906707763672e+00
7.958178997039794922e+00 -2.014022588729858398e+00 7.112568855285644531e+00
7.499146461486816406e+00 -1.610813856124877930e+00 6.974142551422119141e+00
4.238800048828125000e+00 -2.394346892833709717e-02 6.951258182525634766e+00
9.800986289978027344e+00 -3.184879779815673828e+00 7.173712730407714844e+00
1.061754512786865234e+01 -1.846256494522094727e+00 6.997288227081298828e+00
1.089591979980468750e+01 -1.667163848876953125e+00 5.860597610473632812e+00
8.772409439086914062e+00 -5.844776034355163574e-01 6.732989311218261719e+00
9.117214202880859375e+00 -3.552314043045043945e-01 5.699817657470703125e+00
1.117086219787597656e+01 -1.628945231437683105e+00 4.751976490020751953e+00
1.150043296813964844e+01 -1.510336875915527344e+00 3.671131849288940430e+00
6.701385974884033203e+00 -7.230703234672546387e-01 6.591627120971679688e+00
7.824021816253662109e+00 -1.290757060050964355e-01 6.522204399108886719e+00
7.053107261657714844e+00 6.557545661926269531e-01 5.835638999938964844e+00
6.296532154083251953e+00 4.248042702674865723e-01 6.171642303466796875e+00
5.628383636474609375e+00 1.372244119644165039e+00 5.586939334869384766e+00
8.130727767944335938e+00 8.166345357894897461e-01 4.571673393249511719e+00
5.699445247650146484e+00 2.442831277847290039e+00 4.172533512115478516e+00
6.112003326416015625e+00 2.540271282196044922e+00 3.706991195678710938e+00
-2.091109752655029297e+00 -2.756670236587524414e+00 3.800596952438354492e+00
-1.473120570182800293e+00 -3.764292001724243164e+00 1.694525718688964844e+00
-1.423643231391906738e+00 -4.619433403015136719e+00 4.188623130321502686e-01
-1.572891473770141602e+00 -2.816200494766235352e+00 3.527242660522460938e+00
-1.999459415674209595e-01 -2.604577779769897461e+00 2.414635896682739258e+00
-5.038008213043212891e+00 -3.471628904342651367e+00 1.483580708503723145e+00
-4.322904586791992188e+00 -3.303915977478027344e+00 2.220143318176269531e+00
-5.777733802795410156e+00 -2.595792293548583984e+00 3.403290510177612305e+00
-5.247143745422363281e+00 -3.013562440872192383e+00 2.549358844757080078e+00
-4.060744762420654297e+00 -2.810532331466674805e+00 3.398729562759399414e+00
-2.735693216323852539e+00 -1.584773063659667969e+00 4.898195743560791016e+00
-5.639664649963378906e+00 -1.266682386398315430e+00 4.716215610504150391e+00
-5.342431545257568359e+00 -7.337805628776550293e-01 4.916606903076171875e+00
2.577814579010009766e+00 -1.567107558250427246e+00 3.747774124145507812e+00
1.392764568328857422e+00 -7.729372978210449219e-01 4.184070587158203125e+00
-3.563316911458969116e-02 -1.121195793151855469e+00 3.692863941192626953e+00
1.094344735145568848e+00 -1.963311880826950073e-01 4.705426216125488281e+00
2.542964935302734375e+00 -8.454419374465942383e-01 5.368744850158691406e+00
3.516532182693481445e+00 -2.518222928047180176e-01 6.735948085784912109e+00
1.077911496162414551e+00 9.083274006843566895e-01 5.413110256195068359e+00
-3.206979513168334961e+00 -1.361121177673339844e+00 5.024783134460449219e+00
-4.250661373138427734e+00 3.145973384380340576e-01 5.015555858612060547e+00
-2.763090610504150391e+00 5.996690988540649414e-01 5.140799999237060547e+00
-1.207191467285156250e+00 1.673241376876831055e+00 4.403381824493408203e+00
-3.903188705444335938e+00 1.032649397850036621e+00 4.048505306243896484e+00
-3.840044736862182617e+00 1.431842207908630371e+00 2.888069868087768555e+00
-1.186463609337806702e-01 -5.059161663055419922e+00 -4.462965205311775208e-02
3.567929863929748535e-01 -4.913501739501953125e+00 -7.682037353515625000e-02
8.775080442428588867e-01 -4.912024974822998047e+00 7.935710251331329346e-02
1.709478378295898438e+00 -3.722290754318237305e+00 1.480976104736328125e+00
1.551756978034973145e+00 -4.925359249114990234e+00 6.413659453392028809e-01
1.665045022964477539e+00 -3.740771532058715820e+00 -1.333584785461425781e+00
1.940495848655700684e+00 -2.532199859619140625e+00 2.422625303268432617e+00
2.218404054641723633e+00 1.702512741088867188e+00 5.580327987670898438e+00
2.797992229461669922e+00 2.660612344741821289e+00 4.213120937347412109e+00
2.540118694305419922e+00 3.091405868530273438e+00 2.991480350494384766e+00
-9.035481214523315430e-01 2.523122549057006836e+00 2.609456777572631836e+00
-7.109581828117370605e-01 2.015929460525512695e+00 4.172710895538330078e+00
5.163155794143676758e-01 2.629642009735107422e+00 3.232634305953979492e+00
-1.738024234771728516e+00 3.182745456695556641e+00 1.076056957244873047e-01
-7.562124252319335938e+00 -2.467891454696655273e+00 3.561775684356689453e+00
-7.312871456146240234e+00 -1.433803915977478027e+00 4.223475933074951172e+00
-7.948725223541259766e+00 -8.239078521728515625e-01 2.912434339523315430e+00
-6.798357009887695312e+00 -1.167696356773376465e+00 4.469261169433593750e+00
-7.008384227752685547e+00 -3.752377331256866455e-01 3.064201831817626953e+00
-6.416040897369384766e+00 1.854499131441116333e-01 1.422386646270751953e+00
-6.216211318969726562e+00 1.355254948139190674e-01 2.393975973129272461e+00
-6.922227382659912109e+00 2.285229861736297607e-01 -8.137789368629455566e-01
-3.758432149887084961e+00 1.656144857406616211e+00 1.844746589660644531e+00
-5.362769126892089844e+00 2.016459703445434570e+00 -1.992858648300170898e+00
-3.647101640701293945e+00 3.034473896026611328e+00 -1.669731259346008301e+00
3.317613840103149414e+00 1.000976562500000000e+00 6.494323730468750000e+00
2.906311511993408203e+00 1.998613595962524414e+00 5.368452072143554688e+00
3.756345748901367188e+00 2.368744134902954102e+00 4.780209541320800781e+00
4.463879108428955078e+00 2.899984359741210938e+00 3.729303598403930664e+00
3.811604499816894531e+00 3.347241163253784180e+00 2.933679580688476562e+00
7.753536224365234375e+00 -4.904033184051513672e+00 -3.928418397903442383e+00
2.411428213119506836e+00 -5.053665161132812500e+00 -3.027719974517822266e+00
5.529062271118164062e+00 -4.706283569335937500e+00 -2.461309671401977539e+00
6.338943004608154297e+00 -4.666087150573730469e+00 -2.918007373809814453e+00
3.068183660507202148e+00 -4.989347934722900391e+00 -2.900886058807373047e+00
2.087387084960937500e+00 -5.932905673980712891e+00 -5.250301361083984375e+00
2.621904134750366211e+00 -5.811033248901367188e+00 -6.251822471618652344e+00
3.883670568466186523e+00 -5.143981933593750000e+00 -5.596708774566650391e+00
5.934005260467529297e+00 -4.803268432617187500e+00 -3.704597949981689453e+00
7.155722141265869141e+00 -4.957438945770263672e+00 -4.040252208709716797e+00
2.440277576446533203e+00 -5.622632503509521484e+00 -8.457763671875000000e+00
8.295853614807128906e+00 -5.007855892181396484e+00 -6.006832599639892578e+00
3.294417381286621094e+00 -5.334373474121093750e+00 -7.114628314971923828e+00
3.707834005355834961e+00 -4.725354194641113281e+00 -7.898434162139892578e+00
6.276044845581054688e+00 -5.083125114440917969e+00 -5.375813484191894531e+00
7.388690471649169922e+00 -4.947215557098388672e+00 -6.329613685607910156e+00
5.865302562713623047e+00 -4.187774658203125000e+00 -7.249989986419677734e+00
7.518301486968994141e+00 -4.048894882202148438e+00 -7.370427608489990234e+00
5.580336570739746094e+00 -3.869230270385742188e+00 -7.627523899078369141e+00
5.155125617980957031e+00 -2.841675519943237305e+00 -8.643174171447753906e+00
5.231159687042236328e+00 -2.081385135650634766e+00 -8.896680831909179688e+00
-3.349701166152954102e+00 -7.970772743225097656e+00 -1.205132389068603516e+01
-3.130458116531372070e+00 -8.214735031127929688e+00 -1.051169490814208984e+01
-3.962072372436523438e+00 -7.544309139251708984e+00 -1.315445804595947266e+01
-1.582659721374511719e+00 -6.563907146453857422e+00 -1.324008274078369141e+01
-3.558112621307373047e+00 -6.335255622863769531e+00 -1.445611572265625000e+01
-3.376514434814453125e+00 -5.281915664672851562e+00 -1.518937683105468750e+01
-6.631096839904785156e+00 -6.537138462066650391e+00 -1.316469764709472656e+01
-7.071529865264892578e+00 -6.212485790252685547e+00 -1.318185997009277344e+01
-7.757604122161865234e+00 -5.232761859893798828e+00 -1.366888713836669922e+01
-5.720074176788330078e+00 -7.133072376251220703e+00 -1.307214355468750000e+01
-8.471637725830078125e+00 -5.365101337432861328e+00 -1.255669689178466797e+01
-7.364822864532470703e+00 -4.566303730010986328e+00 -1.456835365295410156e+01
-4.152482032775878906e+00 -5.536441802978515625e+00 -1.502526378631591797e+01
-5.996745586395263672e+00 -4.383779525756835938e+00 -1.525296783447265625e+01
-2.713016986846923828e+00 -5.388773918151855469e+00 -1.501122856140136719e+01
-2.178662776947021484e+00 -4.296516418457031250e+00 -1.536761856079101562e+01
-3.724129676818847656e+00 -3.717010974884033203e+00 -1.575001335144042969e+01
-2.791685581207275391e+00 -3.188183546066284180e+00 -1.571412181854248047e+01
-4.990855693817138672e+00 -2.650189638137817383e+00 -1.593823623657226562e+01
-3.921966075897216797e+00 -1.504750370979309082e+00 -1.593489551544189453e+01
-9.299575805664062500e+00 -4.442862987518310547e+00 -1.221442127227783203e+01
-8.933772087097167969e+00 -4.002863883972167969e+00 -1.343935585021972656e+01
-9.910008430480957031e+00 -2.864178657531738281e+00 -1.234161090850830078e+01
-1.039993762969970703e+01 -1.440111041069030762e+00 -1.151497268676757812e+01
-8.549610137939453125e+00 -3.351022720336914062e+00 -1.435583686828613281e+01
-7.692901134490966797e+00 -2.968592643737792969e+00 -1.519338703155517578e+01
-9.821146011352539062e+00 -9.246323108673095703e-01 -1.328132534027099609e+01
-9.374720573425292969e+00 -3.284878134727478027e-01 -1.420425224304199219e+01
-8.486983299255371094e+00 -9.524365067481994629e-01 -1.507244300842285156e+01
-7.134897232055664062e+00 1.600929945707321167e-01 -1.576996612548828125e+01
-7.627052783966064453e+00 8.144315481185913086e-01 -1.553777790069580078e+01
-1.520690679550170898e+00 -7.555673599243164062e+00 -6.882774829864501953e+00
-4.217263758182525635e-01 -7.156208515167236328e+00 -8.630478858947753906e+00
7.228489965200424194e-02 -6.569816112518310547e+00 -5.589806079864501953e+00
6.176203489303588867e-01 -6.684895992279052734e+00 -6.757210254669189453e+00
-2.402171194553375244e-01 -6.930722713470458984e+00 -9.610157966613769531e+00
-5.136880278587341309e-02 -5.895776748657226562e+00 -1.240159702301025391e+01
1.350522518157958984e+00 -6.390486717224121094e+00 -6.419204711914062500e+00
2.018996238708496094e+00 -5.953330993652343750e+00 -8.190832138061523438e+00
-7.617369890213012695e-01 -5.087950706481933594e+00 -1.430263710021972656e+01
1.023748993873596191e+00 -4.963349342346191406e+00 -1.243743896484375000e+01
-1.231820464134216309e+00 -3.740684747695922852e+00 -1.520163440704345703e+01
-1.934865862131118774e-01 -3.008128404617309570e+00 -1.485918140411376953e+01
1.959133148193359375e+00 -5.053921222686767578e+00 -1.069739818572998047e+01
-1.089055180549621582e+00 -2.406240463256835938e+00 -1.528129100799560547e+01
-1.308387041091918945e+00 -1.698266506195068359e+00 -1.534070873260498047e+01
2.140985965728759766e+00 -3.536778688430786133e+00 -1.149251937866210938e+01
8.837949633598327637e-01 -1.870466470718383789e+00 -1.348707389831542969e+01
7.969281673431396484e-01 -1.144515156745910645e+00 -1.333477401733398438e+01
-2.606985569000244141e+00 -1.779508352279663086e+00 -1.569929599761962891e+01
-2.676232814788818359e+00 -8.100725412368774414e-01 -1.564179611206054688e+01
-5.084241390228271484e+00 4.540190398693084717e-01 -1.588954353332519531e+01
-2.886167287826538086e+00 1.007290601730346680e+00 -1.536836814880371094e+01
-2.164212226867675781e+00 1.174775838851928711e+00 -1.512550830841064453e+01
-4.976927340030670166e-01 1.149734377861022949e+00 -1.389096355438232422e+01
-2.881793022155761719e+00 2.079760313034057617e+00 -1.503658962249755859e+01
-2.465481519699096680e+00 2.788574218750000000e+00 -1.464758777618408203e+01
2.702601194381713867e+00 -3.968689203262329102e+00 -1.033754062652587891e+01
3.519816875457763672e+00 -2.611392021179199219e+00 -1.011323928833007812e+01
3.012529134750366211e+00 -1.848497986793518066e+00 -1.085391998291015625e+01
9.639217257499694824e-01 -2.814709246158599854e-01 -1.281406307220458984e+01
1.482882261276245117e+00 6.678058300167322159e-03 -1.211141300201416016e+01
2.349062919616699219e+00 -2.180772572755813599e-01 -1.122833347320556641e+01
1.081375122070312500e+00 4.170871376991271973e-01 -1.233705139160156250e+01
-1.051109695434570312e+01 -9.667705893516540527e-01 -1.099024963378906250e+01
-9.967492103576660156e+00 6.872684359550476074e-01 -1.292199134826660156e+01
-1.030259227752685547e+01 -1.515005342662334442e-02 -1.048545455932617188e+01
-1.007229995727539062e+01 -1.207661330699920654e-01 -9.022486686706542969e+00
-9.725621223449707031e+00 5.449490547180175781e-01 -1.002758598327636719e+01
-9.963146209716796875e+00 9.250018000602722168e-01 -1.155257129669189453e+01
-9.432482719421386719e+00 2.033712863922119141e+00 -1.278618526458740234e+01
-8.820625305175781250e+00 1.397126913070678711e+00 -9.343096733093261719e+00
-8.415069580078125000e+00 2.397715806961059570e+00 -1.037678909301757812e+01
-8.194464683532714844e+00 1.149265289306640625e+00 -6.072177410125732422e+00
-7.957814216613769531e+00 1.588411927223205566e+00 -7.152910232543945312e+00
-8.280588150024414062e+00 1.878038048744201660e+00 -8.738506317138671875e+00
-7.897423267364501953e+00 2.546510219573974609e+00 -9.733479499816894531e+00
-6.295610427856445312e+00 2.694424390792846680e+00 -7.680573463439941406e+00
-6.211835384368896484e+00 3.004698276519775391e+00 -8.164100646972656250e+00
-8.634301185607910156e+00 2.201810359954833984e+00 -1.429334831237792969e+01
-8.035789489746093750e+00 2.230120658874511719e+00 -1.473412895202636719e+01
-7.635770797729492188e+00 3.440905809402465820e+00 -1.351571750640869141e+01
-6.653584480285644531e+00 4.261265277862548828e+00 -1.314041996002197266e+01
-6.099343776702880859e+00 1.895013093948364258e+00 -1.547861385345458984e+01
-5.843608856201171875e+00 2.184654474258422852e+00 -1.532960700988769531e+01
-5.169453620910644531e+00 3.966803550720214844e+00 -1.412373352050781250e+01
-4.614363193511962891e+00 3.960310220718383789e+00 -1.425066852569580078e+01
-5.866134643554687500e+00 3.769781589508056641e+00 -1.412802505493164062e+01
-8.271926879882812500e+00 3.281800985336303711e+00 -1.224969005584716797e+01
-6.241559982299804688e+00 4.411709308624267578e+00 -1.238372707366943359e+01
-5.554968833923339844e+00 4.381010055541992188e+00 -1.074576377868652344e+01
-3.388025283813476562e+00 4.233484268188476562e+00 -1.349015045166015625e+01
-3.169600963592529297e+00 4.295904159545898438e+00 -1.287217617034912109e+01
-5.218887329101562500e+00 4.433510780334472656e+00 -1.222168827056884766e+01
-4.467987060546875000e+00 4.635371208190917969e+00 -1.232838058471679688e+01
-3.215935468673706055e+00 4.686409950256347656e+00 -1.144473934173583984e+01
-4.957413673400878906e+00 4.785681247711181641e+00 -1.085005664825439453e+01
-3.795148611068725586e+00 4.892384529113769531e+00 -1.117308807373046875e+01
-6.638493537902832031e+00 3.681789875030517578e+00 -1.050364875793457031e+01
-5.930009365081787109e+00 3.621854305267333984e+00 -9.036605834960937500e+00
3.058523178100585938e+00 -1.897655129432678223e-01 -1.030379772186279297e+01
-1.384979039430618286e-01 1.528578758239746094e+00 -1.287887477874755859e+01
-2.113678932189941406e+00 3.221328496932983398e+00 -1.359617328643798828e+01
9.960465431213378906e-01 8.017627000808715820e-01 -1.169049549102783203e+01
-1.053468108177185059e+00 2.884623289108276367e+00 -1.233987808227539062e+01
-2.712862730026245117e+00 3.846068382263183594e+00 -1.327194976806640625e+01
-1.648695111274719238e+00 3.647706985473632812e+00 -1.187689495086669922e+01
1.138760471343994141e+01 -6.490130901336669922e+00 -3.287616252899169922e+00
1.323348712921142578e+01 -6.646942138671875000e+00 -1.573717594146728516e+00
1.114098453521728516e+01 -6.285857677459716797e+00 -6.351711750030517578e-01
1.093720436096191406e+01 -6.393039226531982422e+00 -2.472365617752075195e+00
1.429385280609130859e+01 -7.011089324951171875e+00 -4.986583709716796875e+00
1.193205070495605469e+01 -6.588705539703369141e+00 -3.916120052337646484e+00
1.265331363677978516e+01 -6.621339321136474609e+00 -5.450365066528320312e+00
1.306744003295898438e+01 -6.876791477203369141e+00 -3.594075441360473633e+00
1.550845241546630859e+01 -7.067515373229980469e+00 -3.494483947753906250e+00
1.596140480041503906e+01 -6.030273437500000000e+00 -4.090650558471679688e+00
1.611480903625488281e+01 -6.482954025268554688e+00 -9.948916435241699219e-01
1.625037956237792969e+01 -5.746351242065429688e+00 -1.912553191184997559e+00
1.446346855163574219e+01 -6.471628189086914062e+00 2.572912275791168213e-01
1.468959999084472656e+01 -6.908805847167968750e+00 -1.391142606735229492e+00
1.526081180572509766e+01 -6.129497051239013672e+00 1.193349480628967285e+00
1.473714828491210938e+01 -3.993023633956909180e+00 2.168464422225952148e+00
1.506655216217041016e+01 -4.152173995971679688e+00 1.036971449851989746e+00
1.428786277770996094e+01 -3.281007289886474609e+00 1.165154337882995605e+00
1.569324684143066406e+01 -5.000088214874267578e+00 -3.259795904159545898e+00
1.513685607910156250e+01 -4.128482341766357422e+00 -2.482815265655517578e+00
1.513368606567382812e+01 -3.984986782073974609e+00 -9.060795903205871582e-01
1.487950992584228516e+01 -3.682052135467529297e+00 -1.416775107383728027e+00
1.425281524658203125e+01 -2.896736145019531250e+00 -7.875500321388244629e-01
1.375667095184326172e+01 -6.798365592956542969e+00 -6.218039512634277344e+00
1.519344615936279297e+01 -6.011099815368652344e+00 -6.502467632293701172e+00
1.231894588470458984e+01 -6.499075889587402344e+00 -6.640165328979492188e+00
1.286098861694335938e+01 -5.965473651885986328e+00 -7.425725460052490234e+00
1.584533309936523438e+01 -5.921202659606933594e+00 -5.566647052764892578e+00
1.551972293853759766e+01 -5.167877674102783203e+00 -5.860865592956542969e+00
1.495171833038330078e+01 -4.507823467254638672e+00 -5.476237297058105469e+00
1.320078849792480469e+01 -5.573845386505126953e+00 -7.279483795166015625e+00
1.257249164581298828e+01 -5.018594741821289062e+00 -6.595969676971435547e+00
1.342655658721923828e+01 -4.545727252960205078e+00 -6.060892105102539062e+00
1.353230762481689453e+01 -3.476270914077758789e+00 -4.885420322418212891e+00
1.488829803466796875e+01 -3.826960563659667969e+00 -2.727225303649902344e+00
1.482170104980468750e+01 -3.848741292953491211e+00 -4.429947376251220703e+00
1.425159931182861328e+01 -3.027023315429687500e+00 -3.669838905334472656e+00
1.013979244232177734e+01 -5.941480159759521484e+00 -2.642528295516967773e+00
7.011857986450195312e+00 -4.715171813964843750e+00 -2.288708686828613281e+00
7.302433013916015625e+00 -4.771146774291992188e+00 -1.841612219810485840e+00
6.856410980224609375e+00 -4.673799514770507812e+00 -2.873954534530639648e+00
1.045678424835205078e+01 -6.205670833587646484e+00 -2.210237503051757812e+00
9.015055656433105469e+00 -5.448067665100097656e+00 -1.809621095657348633e+00
7.971974849700927734e+00 -5.004235267639160156e+00 -1.444711089134216309e+00
9.575389862060546875e+00 -5.503258228302001953e+00 -3.377842664718627930e+00
9.919437408447265625e+00 -5.565004348754882812e+00 -4.637642860412597656e+00
8.317113876342773438e+00 -4.985900402069091797e+00 -3.921452045440673828e+00
1.351685047149658203e+01 -2.143980026245117188e+00 6.591676175594329834e-02
1.216871166229248047e+01 -8.271640539169311523e-01 -9.640547633171081543e-01
1.092496490478515625e+01 -6.000369071960449219e+00 -5.479398250579833984e+00
1.098338508605957031e+01 -5.465346336364746094e+00 -6.017196655273437500e+00
9.563518524169921875e+00 -5.106968402862548828e+00 -5.190106868743896484e+00
1.167032909393310547e+01 -4.750020027160644531e+00 -6.159796714782714844e+00
9.152317047119140625e+00 -4.351935386657714844e+00 -6.411144733428955078e+00
1.036242103576660156e+01 -3.584682464599609375e+00 -5.857938766479492188e+00
1.241259956359863281e+01 -3.752748012542724609e+00 -5.423315048217773438e+00
1.060190296173095703e+01 -3.249632596969604492e+00 -5.648086071014404297e+00
1.061760616302490234e+01 -2.329924106597900391e+00 -5.221933841705322266e+00
8.525135993957519531e+00 -3.701644420623779297e+00 -7.028747558593750000e+00
9.025631904602050781e+00 -3.111171722412109375e+00 -6.560464859008789062e+00
8.046624183654785156e+00 -2.042466878890991211e+00 -6.903089523315429688e+00
1.035060119628906250e+01 -1.664518117904663086e+00 -5.075654506683349609e+00
8.237807273864746094e+00 -1.727066040039062500e+00 -6.630783081054687500e+00
8.717886924743652344e+00 -5.165120959281921387e-01 -5.826008796691894531e+00
7.276813983917236328e+00 -1.697500497102737427e-01 -6.914198875427246094e+00
1.316591167449951172e+01 -2.255856275558471680e+00 -3.976358652114868164e+00
1.337902259826660156e+01 -1.774767756462097168e+00 -1.853024601936340332e+00
1.309289360046386719e+01 -1.470932960510253906e+00 -3.063549280166625977e+00
1.232381343841552734e+01 -5.457953810691833496e-01 -2.166364192962646484e+00
1.196428489685058594e+01 -2.365656942129135132e-01 -2.772563934326171875e+00
1.232711791992187500e+01 -2.016145706176757812e+00 -4.298859119415283203e+00
1.113219261169433594e+01 -1.327138185501098633e+00 -4.426825523376464844e+00
1.139649009704589844e+01 -6.912532448768615723e-01 -3.788149595260620117e+00
1.012753200531005859e+01 1.511060357093811035e+00 -1.699117302894592285e+00
9.221826553344726562e+00 2.279774904251098633e+00 -2.844173431396484375e+00
9.229760169982910156e+00 2.173448085784912109e+00 -3.284716844558715820e+00
8.545624732971191406e+00 2.894072532653808594e+00 -2.368807077407836914e+00
1.013930892944335938e+01 -9.901702404022216797e-01 -4.948628425598144531e+00
1.052330780029296875e+01 1.625939905643463135e-01 -4.023212432861328125e+00
8.361031532287597656e+00 1.162712723016738892e-01 -5.857707023620605469e+00
7.017431259155273438e+00 9.824962019920349121e-01 -6.429631233215332031e+00
1.383152866363525391e+01 -3.268477201461791992e+00 2.747904062271118164e+00
1.247267818450927734e+01 -2.087558031082153320e+00 3.032177925109863281e+00
1.126401805877685547e+01 -5.907289981842041016e-01 1.493857383728027344e+00
1.144911384582519531e+01 -4.825614094734191895e-01 3.404295444488525391e-01
1.000023651123046875e+01 2.076841890811920166e-02 3.198631763458251953e+00
8.879984855651855469e+00 1.339316129684448242e+00 2.644832372665405273e+00
9.445395469665527344e+00 9.703204631805419922e-01 2.123613119125366211e+00
7.300169944763183594e+00 2.326804637908935547e+00 2.950341224670410156e+00
7.148514270782470703e+00 2.920554637908935547e+00 1.816150665283203125e+00
9.829448699951171875e+00 1.075484275817871094e+00 3.891591727733612061e-01
1.003983879089355469e+01 1.353257656097412109e+00 -9.515471458435058594e-01
7.998049736022949219e+00 2.780529499053955078e+00 4.109052419662475586e-01
3.350036382675170898e+00 4.279280662536621094e+00 -3.471167087554931641e-01
6.222875118255615234e+00 3.656075716018676758e+00 2.737337946891784668e-01
5.481357574462890625e+00 4.045066356658935547e+00 -2.220471143722534180e+00
3.673516035079956055e+00 4.393661499023437500e+00 -6.861105561256408691e-01
2.849835395812988281e+00 3.828638076782226562e+00 -2.454748630523681641e+00
2.964316606521606445e+00 3.520856380462646484e+00 -3.328641891479492188e+00
-9.874746799468994141e-01 3.795837879180908203e+00 -7.645847797393798828e-01
2.152183294296264648e+00 3.152076721191406250e+00 -4.386342525482177734e+00
1.110182143747806549e-02 4.163979530334472656e+00 -3.142843008041381836e+00
3.082346320152282715e-01 3.712386846542358398e+00 -4.697873115539550781e+00
2.381987810134887695e+00 3.812770366668701172e+00 -2.565625190734863281e+00
5.102240085601806641e+00 -8.732474446296691895e-01 -8.894918441772460938e+00
2.945053339004516602e+00 3.115453124046325684e-01 -9.608555793762207031e+00
5.066108703613281250e+00 5.108149647712707520e-01 -8.114056587219238281e+00
3.645868778228759766e+00 5.672597289085388184e-01 -8.969282150268554688e+00
2.524858951568603516e+00 5.039204359054565430e-01 -9.801431655883789062e+00
1.547335982322692871e+00 1.851324796676635742e+00 -9.912540435791015625e+00
3.314890861511230469e-01 3.151116847991943359e+00 -9.157633781433105469e+00
1.123546138405799866e-01 3.003720760345458984e+00 -1.045855617523193359e+01
5.661915779113769531e+00 2.820366144180297852e+00 -4.859132289886474609e+00
6.169336318969726562e+00 1.896047115325927734e+00 -6.093287467956542969e+00
4.706893444061279297e+00 2.704038381576538086e+00 -5.249426841735839844e+00
4.805159568786621094e+00 2.398729562759399414e+00 -5.963334560394287109e+00
6.612618923187255859e+00 3.762145519256591797e+00 -2.727356195449829102e+00
6.590031623840332031e+00 1.287872195243835449e+00 -6.430467128753662109e+00
5.720926284790039062e+00 1.677941799163818359e+00 -6.607412815093994141e+00
4.867647171020507812e+00 1.790901899337768555e+00 -7.039761066436767578e+00
2.742063045501708984e+00 2.860929727554321289e+00 -5.062760353088378906e+00
2.820406198501586914e+00 2.095239162445068359e+00 -7.359946727752685547e+00
2.032610893249511719e+00 2.336176633834838867e+00 -6.811935424804687500e+00
9.640475362539291382e-02 3.305525064468383789e+00 -6.271055698394775391e+00
2.734597623348236084e-01 2.962938547134399414e+00 -7.758473396301269531e+00
3.042772710323333740e-01 3.034167528152465820e+00 -8.137690544128417969e+00
-3.296393632888793945e+00 3.398988246917724609e+00 -2.585263729095458984e+00
-5.633043766021728516e+00 3.066074371337890625e+00 -7.732025623321533203e+00
-4.808620452880859375e+00 3.486077785491943359e+00 -7.636020660400390625e+00
-4.258492469787597656e+00 3.354397296905517578e+00 -6.674484252929687500e+00
-2.170164585113525391e+00 3.290926694869995117e+00 -2.312766462564468384e-01
-1.889502525329589844e+00 3.752986192703247070e+00 -1.355039000511169434e+00
-1.527071595191955566e+00 4.098281383514404297e+00 -2.468933105468750000e+00
-1.353089809417724609e+00 4.395421981811523438e+00 -3.693948745727539062e+00
-1.182129740715026855e+00 4.403212070465087891e+00 -4.987608909606933594e+00
-4.800376892089843750e+00 4.081400871276855469e+00 -8.505911827087402344e+00
-4.505157470703125000e+00 4.558494567871093750e+00 -9.025448799133300781e+00
-1.980984568595886230e+00 4.464235305786132812e+00 -7.511672973632812500e+00
-3.349822044372558594e+00 4.460784435272216797e+00 -8.332482337951660156e+00
-1.540272951126098633e+00 3.655329465866088867e+00 -1.119974517822265625e+01
-1.227889418601989746e+00 3.510017395019531250e+00 -1.106397628784179688e+01
-3.827683448791503906e+00 4.854902744293212891e+00 -1.070585060119628906e+01
-2.047315597534179688e+00 4.183254241943359375e+00 -9.851148605346679688e+00
-3.110365569591522217e-01 3.482880830764770508e+00 -9.966714859008789062e+00
-2.159270286560058594e+00 4.561763286590576172e+00 -6.121065139770507812e+00
5.245237827301025391e+00 3.435172319412231445e+00 2.343401432037353516e+00
6.035125732421875000e+00 3.387336969375610352e+00 1.783745527267456055e+00
1.966377377510070801e+00 7.059919238090515137e-01 -1.028785705566406250e+01
-5.163326263427734375e-01 2.797319889068603516e+00 -1.161637210845947266e+01
4.421215355396270752e-01 2.526788711547851562e+00 -1.077003669738769531e+01
