1.599135398864746094e+00 -4.912576675415039062e+00 -2.690774202346801758e+00
2.325728893280029297e+00 -4.749741077423095703e+00 -1.885176539421081543e+00
1.557672262191772461e+00 -4.765913009643554688e+00 -2.281836748123168945e+00
-5.063614845275878906e+00 -8.107495307922363281e+00 -7.813032627105712891e+00
-4.998685836791992188e+00 -8.061614990234375000e+00 -1.156129646301269531e+01
-4.182568073272705078e+00 -8.320433616638183594e+00 -9.412629127502441406e+00
-7.262404441833496094e+00 -7.467554092407226562e+00 -7.047868728637695312e+00
-7.767980575561523438e+00 -7.350356101989746094e+00 -7.956593990325927734e+00
-5.689369678497314453e+00 -8.128437042236328125e+00 -9.815567970275878906e+00
-6.216400623321533203e+00 -7.996961593627929688e+00 -9.052537918090820312e+00
-6.479716300964355469e+00 -7.345465183258056641e+00 -1.204717636108398438e+01
-8.407147407531738281e+00 -6.366731166839599609e+00 -1.056732082366943359e+01
-8.330261230468750000e+00 -6.189200401306152344e+00 -1.128650188446044922e+01
-9.635836601257324219e+00 -5.267820358276367188e+00 -8.352742195129394531e+00
-1.004557609558105469e+01 -4.326810359954833984e+00 -8.705983161926269531e+00
-9.584082603454589844e+00 -4.643407344818115234e+00 -1.085924625396728516e+01
-8.206663131713867188e+00 -6.689975738525390625e+00 -5.433197498321533203e+00
-9.053137779235839844e+00 -6.092856407165527344e+00 -4.917624473571777344e+00
-7.948024272918701172e+00 -5.744921207427978516e+00 -3.392220735549926758e+00
-8.473843574523925781e+00 -5.229554653167724609e+00 -2.214637517929077148e+00
-6.936728477478027344e+00 -5.438604354858398438e+00 -3.099963665008544922e+00
-2.554126501083374023e+00 -5.018204212188720703e+00 -1.529027462005615234e+00
-3.331281423568725586e+00 -4.868710994720458984e+00 -5.645796060562133789e-01
-1.386776924133300781e+00 -4.966125965118408203e+00 -2.109562456607818604e-01
-7.351297378540039062e+00 -3.216783523559570312e+00 2.318870782852172852e+00
-5.322573661804199219e+00 -3.508618354797363281e+00 1.290391445159912109e+00
-3.829060554504394531e+00 -5.060521125793457031e+00 -2.120610475540161133e+00
-7.278775215148925781e+00 -4.795615673065185547e+00 -1.615615487098693848e+00
-6.284408092498779297e+00 -5.164264202117919922e+00 -2.773958206176757812e+00
-3.697602272033691406e+00 -4.402413845062255859e+00 1.516230255365371704e-01
-4.757330417633056641e+00 -7.276100635528564453e+00 -5.282626152038574219e+00
-4.527520656585693359e+00 -6.493327617645263672e+00 -4.076663017272949219e+00
-2.277296781539916992e+00 -7.653238773345947266e+00 -6.409328937530517578e+00
-2.876299142837524414e+00 -7.163582324981689453e+00 -5.055491924285888672e+00
-2.208894491195678711e+00 -7.173459053039550781e+00 -5.288699150085449219e+00
-1.350967764854431152e+00 -6.797766685485839844e+00 -5.035394668579101562e+00
-2.765408754348754883e+00 -6.770432949066162109e+00 -4.426668643951416016e+00
-5.252773284912109375e+00 -6.847129821777343750e+00 -4.665799617767333984e+00
-6.145857334136962891e+00 -7.665397644042968750e+00 -6.731119632720947266e+00
-8.693965911865234375e+00 -6.650966167449951172e+00 -6.443078994750976562e+00
-1.376511693000793457e+00 -4.966699600219726562e+00 -1.815510392189025879e+00
-8.963631391525268555e-01 -5.028481483459472656e+00 -2.257880449295043945e+00
-2.204354047775268555e+00 -5.113186359405517578e+00 -2.004246473312377930e+00
-3.007006645202636719e-01 -5.060288429260253906e+00 -1.171850323677062988e+00
6.793743968009948730e-01 -4.595779418945312500e+00 -1.571845412254333496e+00
-7.818946242332458496e-01 -5.390417575836181641e+00 -3.004210472106933594e+00
2.252606675028800964e-02 -5.486146450042724609e+00 -3.332294464111328125e+00
6.504290699958801270e-01 -4.746328830718994141e+00 -2.102985382080078125e+00
-9.493748664855957031e+00 -4.817307949066162109e+00 -2.032905578613281250e+00
-9.926406860351562500e+00 -4.894007682800292969e+00 -4.667316436767578125e+00
-9.334414482116699219e+00 -5.583361625671386719e+00 -3.818535089492797852e+00
-1.018020629882812500e+01 -3.764451980590820312e+00 -3.276441812515258789e+00
-1.030771923065185547e+01 -3.590233564376831055e+00 -4.704375267028808594e+00
-9.094258308410644531e+00 -4.093214035034179688e+00 3.183188140392303467e-01
-9.759257316589355469e+00 -4.179447174072265625e+00 -1.397086143493652344e+00
-9.798991203308105469e+00 -3.238330364227294922e+00 -2.702771127223968506e-01
-9.576723098754882812e+00 -2.935615062713623047e+00 9.109358191490173340e-01
-9.089617729187011719e+00 -2.732093572616577148e+00 2.174500703811645508e+00
-9.262124061584472656e+00 -1.639069437980651855e+00 1.276005506515502930e+00
-1.015837860107421875e+01 -2.700363397598266602e+00 -2.513673067092895508e+00
-1.008679103851318359e+01 -1.613812088966369629e+00 -2.644543886184692383e+00
-9.452583312988281250e+00 -1.297383546829223633e+00 -8.816779255867004395e-01
-7.929646015167236328e+00 -4.193361103534698486e-01 -6.433914899826049805e-01
-1.005207443237304688e+01 -4.638469219207763672e+00 -5.533176898956298828e+00
-1.033765411376953125e+01 -3.656169891357421875e+00 -5.412991523742675781e+00
-1.052547740936279297e+01 -2.263218164443969727e+00 -5.292406558990478516e+00
-1.058344841003417969e+01 -2.103179931640625000e+00 -5.863619327545166016e+00
-1.007857608795166016e+01 -6.614181995391845703e-01 -5.349283218383789062e+00
-1.058389186859130859e+01 -2.845851421356201172e+00 -7.953651905059814453e+00
-1.070722866058349609e+01 -1.948482632637023926e+00 -8.880858421325683594e+00
-1.059880256652832031e+01 -8.132758736610412598e-01 -8.512462615966796875e+00
-9.949035644531250000e+00 -3.321006298065185547e-01 -6.702185153961181641e+00
-8.379199028015136719e+00 -2.021547108888626099e-01 -2.250641822814941406e+00
-6.926742076873779297e+00 1.702608942985534668e+00 -3.686531305313110352e+00
-9.016197204589843750e+00 3.880717754364013672e-01 -6.202271461486816406e+00
-7.576683044433593750e+00 1.441654562950134277e+00 -4.987862110137939453e+00
1.324732112884521484e+01 -5.025858879089355469e+00 4.846372604370117188e+00
1.347211456298828125e+01 -5.969994544982910156e+00 9.748106002807617188e-01
1.298527431488037109e+01 -5.704876899719238281e+00 1.678499937057495117e+00
1.482593441009521484e+01 -5.646678447723388672e+00 2.138362407684326172e+00
1.471127891540527344e+01 -4.699249267578125000e+00 3.237022399902343750e+00
1.195084095001220703e+01 -5.233901023864746094e+00 3.035939931869506836e+00
4.468724250793457031e+00 -8.302730917930603027e-01 5.028070449829101562e+00
5.321870803833007812e+00 -3.331184387207031250e-01 6.159124851226806641e+00
6.686198234558105469e+00 -4.772762298583984375e+00 -1.566627502441406250e+00
8.931292533874511719e+00 -6.111782550811767578e+00 -1.037381887435913086e+00
8.163982391357421875e+00 -6.022820472717285156e+00 -8.757024407386779785e-01
7.508795261383056641e+00 -6.062143802642822266e+00 -2.593921124935150146e-01
2.631829023361206055e+00 -5.327900409698486328e+00 4.907705485820770264e-01
4.345452785491943359e+00 -4.654471397399902344e+00 -1.427193164825439453e+00
5.226336002349853516e+00 -5.016694545745849609e+00 -1.064069032669067383e+00
2.355662822723388672e+00 -4.251075744628906250e+00 -1.220376491546630859e+00
4.171113967895507812e+00 -4.679349899291992188e+00 -1.206912994384765625e+00
5.189015388488769531e+00 -5.413825035095214844e+00 3.773782551288604736e-01
5.883446216583251953e+00 -5.839039325714111328e+00 -4.347946047782897949e-01
3.172671318054199219e+00 -5.415402412414550781e+00 -5.015394687652587891e-01
9.517684936523437500e+00 -4.612864494323730469e+00 3.463293552398681641e+00
1.010233497619628906e+01 -3.909224033355712891e+00 5.378863811492919922e+00
1.002795410156250000e+01 -4.156221389770507812e+00 4.703032970428466797e+00
8.847376823425292969e+00 -3.112606048583984375e+00 5.882823944091796875e+00
9.011170387268066406e+00 -4.401057720184326172e+00 3.524296760559082031e+00
9.066444396972656250e+00 -5.541571617126464844e+00 1.750400066375732422e+00
8.726151466369628906e+00 -5.775317192077636719e+00 1.240937709808349609e+00
5.582870483398437500e+00 -9.504198431968688965e-01 4.165074825286865234e+00
6.251399993896484375e+00 -3.376574754714965820e+00 2.602691411972045898e+00
5.674384593963623047e+00 -3.719087839126586914e+00 2.053650379180908203e+00
4.576400756835937500e+00 -1.669007182121276855e+00 3.178557395935058594e+00
4.674127578735351562e+00 -1.214933753013610840e+00 3.827971220016479492e+00
7.017279148101806641e+00 -1.929475307464599609e+00 4.552443504333496094e+00
6.794313430786132812e+00 -1.286568284034729004e+00 5.761164188385009766e+00
6.616217613220214844e+00 -5.206529617309570312e+00 1.163110733032226562e+00
1.219376468658447266e+01 -3.510797500610351562e+00 6.266561031341552734e+00
1.379090976715087891e+01 -4.038985252380371094e+00 4.723834514617919922e+00
1.269431018829345703e+01 -2.748127460479736328e+00 5.035658836364746094e+00
1.350372982025146484e+01 -2.898407697677612305e+00 3.309687137603759766e+00
7.972780704498291016e+00 -1.938115715980529785e+00 7.172090530395507812e+00
7.508066177368164062e+00 -1.554082870483398438e+00 6.999673843383789062e+00
4.252400875091552734e+00 -9.440515190362930298e-03 6.872501373291015625e+00
9.861204147338867188e+00 -2.970087051391601562e+00 7.251767158508300781e+00
1.060624599456787109e+01 -1.778529167175292969e+00 6.867451667785644531e+00
1.089802265167236328e+01 -1.567114710807800293e+00 5.774259567260742188e+00
8.784631729125976562e+00 -5.121611356735229492e-01 6.756155967712402344e+00
9.125272750854492188e+00 -2.655806541442871094e-01 5.688836097717285156e+00
1.118547153472900391e+01 -1.512877702713012695e+00 4.692500114440917969e+00
1.153728103637695312e+01 -1.330682039260864258e+00 3.632353305816650391e+00
6.708656787872314453e+00 -7.070198059082031250e-01 6.570186138153076172e+00
7.831054210662841797e+00 -7.159451395273208618e-02 6.528676509857177734e+00
7.067750930786132812e+00 7.272382974624633789e-01 5.856190204620361328e+00
6.304395198822021484e+00 4.294615983963012695e-01 6.126880645751953125e+00
5.661801338195800781e+00 1.490835905075073242e+00 5.641906738281250000e+00
8.151571273803710938e+00 9.229789972305297852e-01 4.589231967926025391e+00
5.734920501708984375e+00 2.591565132141113281e+00 4.243321418762207031e+00
6.145527839660644531e+00 2.679792642593383789e+00 3.756702899932861328e+00
-2.090409278869628906e+00 -2.756092071533203125e+00 3.799668550491333008e+00
-1.472710013389587402e+00 -3.764056682586669922e+00 1.693844556808471680e+00
-1.423294305801391602e+00 -4.619445323944091797e+00 4.181531369686126709e-01
-1.572331905364990234e+00 -2.815216302871704102e+00 3.526044368743896484e+00
-1.996212601661682129e-01 -2.603372097015380859e+00 2.412339210510253906e+00
-5.037830829620361328e+00 -3.471700906753540039e+00 1.483314871788024902e+00
-4.322627544403076172e+00 -3.303822517395019531e+00 2.219789743423461914e+00
-5.777397155761718750e+00 -2.595834016799926758e+00 3.403067111968994141e+00
-5.246843338012695312e+00 -3.013660669326782227e+00 2.549159526824951172e+00
-4.060260772705078125e+00 -2.810344457626342773e+00 3.398185729980468750e+00
-2.735054731369018555e+00 -1.584496378898620605e+00 4.897505283355712891e+00
-5.639230251312255859e+00 -1.266573786735534668e+00 4.715924263000488281e+00
-5.341771602630615234e+00 -7.338047623634338379e-01 4.916386604309082031e+00
2.583592176437377930e+00 -1.559631943702697754e+00 3.736820220947265625e+00
1.395550608634948730e+00 -7.685061693191528320e-01 4.177376270294189453e+00
-3.498859331011772156e-02 -1.119379639625549316e+00 3.689651727676391602e+00
1.096785426139831543e+00 -1.918918192386627197e-01 4.698678970336914062e+00
2.552952527999877930e+00 -8.313252925872802734e-01 5.351139545440673828e+00
3.532040357589721680e+00 -2.280592173337936401e-01 6.704824447631835938e+00
1.085059762001037598e+00 9.132312536239624023e-01 5.405549049377441406e+00
-3.206190347671508789e+00 -1.360823273658752441e+00 5.024082183837890625e+00
-4.249950885772705078e+00 3.147216141223907471e-01 5.015178203582763672e+00
-2.762142896652221680e+00 6.000726819038391113e-01 5.140359878540039062e+00
-1.206033587455749512e+00 1.674259424209594727e+00 4.403134822845458984e+00
-3.902717828750610352e+00 1.033279895782470703e+00 4.048253059387207031e+00
-3.839661836624145508e+00 1.431234955787658691e+00 2.887964963912963867e+00
-1.183390915393829346e-01 -5.059532165527343750e+00 -4.528719186782836914e-02
3.573036491870880127e-01 -4.914324760437011719e+00 -7.722397893667221069e-02
8.778039813041687012e-01 -4.912776470184326172e+00 7.975865155458450317e-02
1.709873437881469727e+00 -3.721854448318481445e+00 1.479495286941528320e+00
1.551691293716430664e+00 -4.926374435424804688e+00 6.424497961997985840e-01
1.666544318199157715e+00 -3.741414070129394531e+00 -1.333149433135986328e+00
1.942614078521728516e+00 -2.529392242431640625e+00 2.417769670486450195e+00
2.230473518371582031e+00 1.712286949157714844e+00 5.558035373687744141e+00
2.808562040328979492e+00 2.696216106414794922e+00 4.220400333404541016e+00
2.545356750488281250e+00 3.101390123367309570e+00 2.994543075561523438e+00
-9.019138216972351074e-01 2.523854255676269531e+00 2.609572172164916992e+00
-7.087128758430480957e-01 2.018046617507934570e+00 4.172346115112304688e+00
5.192466974258422852e-01 2.632955789566040039e+00 3.232128381729125977e+00
-1.738062381744384766e+00 3.182801961898803711e+00 1.069885343313217163e-01
-7.561868190765380859e+00 -2.467878580093383789e+00 3.561668634414672852e+00
-7.312614440917968750e+00 -1.433697581291198730e+00 4.223379135131835938e+00
-7.948586940765380859e+00 -8.238483071327209473e-01 2.912456989288330078e+00
-6.797951698303222656e+00 -1.167692303657531738e+00 4.469015121459960938e+00
-7.008303642272949219e+00 -3.748770058155059814e-01 3.064174413681030273e+00
-6.415969848632812500e+00 1.848781704902648926e-01 1.422153472900390625e+00
-6.216086387634277344e+00 1.354689151048660278e-01 2.393822908401489258e+00
-6.921807289123535156e+00 2.267731577157974243e-01 -8.137086629867553711e-01
-3.757916450500488281e+00 1.655682086944580078e+00 1.844138145446777344e+00
-5.361854553222656250e+00 2.016120433807373047e+00 -1.993337154388427734e+00
-3.647844791412353516e+00 3.036683559417724609e+00 -1.669901847839355469e+00
3.329246759414672852e+00 1.034055709838867188e+00 6.492627620697021484e+00
2.917447090148925781e+00 2.042138814926147461e+00 5.377517700195312500e+00
3.776220560073852539e+00 2.460041046142578125e+00 4.820450305938720703e+00
4.481105327606201172e+00 2.987317800521850586e+00 3.764076709747314453e+00
3.816976785659790039e+00 3.376587152481079102e+00 2.941403865814208984e+00
7.749617576599121094e+00 -4.906137466430664062e+00 -3.928091526031494141e+00
2.411148786544799805e+00 -5.053539276123046875e+00 -3.028118133544921875e+00
5.527852535247802734e+00 -4.701898097991943359e+00 -2.462021827697753906e+00
6.337110042572021484e+00 -4.662765979766845703e+00 -2.918401479721069336e+00
3.067697286605834961e+00 -4.989563465118408203e+00 -2.901264667510986328e+00
2.086859703063964844e+00 -5.931427001953125000e+00 -5.251066207885742188e+00
2.621413469314575195e+00 -5.809494495391845703e+00 -6.252657890319824219e+00
3.882667779922485352e+00 -5.143618106842041016e+00 -5.596872806549072266e+00
5.932003021240234375e+00 -4.802509307861328125e+00 -3.704078435897827148e+00
7.152362823486328125e+00 -4.958316326141357422e+00 -4.040599346160888672e+00
2.440708637237548828e+00 -5.622649192810058594e+00 -8.458534240722656250e+00
8.290036201477050781e+00 -5.009566307067871094e+00 -6.005262851715087891e+00
3.293801307678222656e+00 -5.333290100097656250e+00 -7.115083217620849609e+00
3.706340074539184570e+00 -4.724546432495117188e+00 -7.898128509521484375e+00
6.273684978485107422e+00 -5.084124565124511719e+00 -5.375506401062011719e+00
7.385135650634765625e+00 -4.948950767517089844e+00 -6.329001903533935547e+00
5.863455295562744141e+00 -4.188920974731445312e+00 -7.250578403472900391e+00
7.515242576599121094e+00 -4.050338745117187500e+00 -7.369054317474365234e+00
5.579364776611328125e+00 -3.870076894760131836e+00 -7.627919673919677734e+00
5.154711723327636719e+00 -2.841599702835083008e+00 -8.643519401550292969e+00
5.232657432556152344e+00 -2.081295251846313477e+00 -8.898611068725585938e+00
-3.349449634552001953e+00 -7.970615386962890625e+00 -1.205137252807617188e+01
-3.130349874496459961e+00 -8.214989662170410156e+00 -1.051180458068847656e+01
-3.962018966674804688e+00 -7.544236660003662109e+00 -1.315420722961425781e+01
-1.582564592361450195e+00 -6.564090728759765625e+00 -1.324013710021972656e+01
-3.558084249496459961e+00 -6.335376739501953125e+00 -1.445592784881591797e+01
-3.376286506652832031e+00 -5.282091140747070312e+00 -1.519009685516357422e+01
-6.631333351135253906e+00 -6.538327693939208984e+00 -1.316511440277099609e+01
-7.071596622467041016e+00 -6.213664531707763672e+00 -1.318289661407470703e+01
-7.757422924041748047e+00 -5.233791828155517578e+00 -1.366936302185058594e+01
-5.720098018646240234e+00 -7.133077621459960938e+00 -1.307190704345703125e+01
-8.471560478210449219e+00 -5.365505695343017578e+00 -1.255717754364013672e+01
-7.364598751068115234e+00 -4.566956043243408203e+00 -1.456819343566894531e+01
-4.152440071105957031e+00 -5.536357879638671875e+00 -1.502571487426757812e+01
-5.997145175933837891e+00 -4.384558200836181641e+00 -1.525345230102539062e+01
-2.712859392166137695e+00 -5.388562202453613281e+00 -1.501122188568115234e+01
-2.178673744201660156e+00 -4.296366214752197266e+00 -1.536739253997802734e+01
-3.723782539367675781e+00 -3.717339277267456055e+00 -1.575141716003417969e+01
-2.792672872543334961e+00 -3.187790870666503906e+00 -1.571255588531494141e+01
-4.991515159606933594e+00 -2.651126146316528320e+00 -1.593765926361083984e+01
-3.921925783157348633e+00 -1.505111455917358398e+00 -1.593420600891113281e+01
-9.299581527709960938e+00 -4.443242549896240234e+00 -1.221436977386474609e+01
-8.933732986450195312e+00 -4.003286838531494141e+00 -1.343922710418701172e+01
-9.909775733947753906e+00 -2.865440368652343750e+00 -1.234075832366943359e+01
-1.039902400970458984e+01 -1.440229177474975586e+00 -1.151492404937744141e+01
-8.549263000488281250e+00 -3.351156711578369141e+00 -1.435496234893798828e+01
-7.691977500915527344e+00 -2.968657493591308594e+00 -1.519361400604248047e+01
-9.820794105529785156e+00 -9.252308607101440430e-01 -1.328016185760498047e+01
-9.374506950378417969e+00 -3.283390998840332031e-01 -1.420197963714599609e+01
-8.487808227539062500e+00 -9.526414275169372559e-01 -1.507116222381591797e+01
-7.135488510131835938e+00 1.599628478288650513e-01 -1.576926708221435547e+01
-7.626971721649169922e+00 8.152312040328979492e-01 -1.553590488433837891e+01
-1.520783543586730957e+00 -7.554590225219726562e+00 -6.883184909820556641e+00
-4.214563369750976562e-01 -7.156920909881591797e+00 -8.630740165710449219e+00
7.212732732295989990e-02 -6.569177627563476562e+00 -5.590230464935302734e+00
6.181528568267822266e-01 -6.686345577239990234e+00 -6.757260322570800781e+00
-2.400088012218475342e-01 -6.930922985076904297e+00 -9.610374450683593750e+00
-5.115166306495666504e-02 -5.896006584167480469e+00 -1.240160369873046875e+01
1.350179910659790039e+00 -6.389132976531982422e+00 -6.419559955596923828e+00
2.019080162048339844e+00 -5.953019618988037109e+00 -8.191329002380371094e+00
-7.616365551948547363e-01 -5.088287353515625000e+00 -1.430288791656494141e+01
1.023983240127563477e+00 -4.963562488555908203e+00 -1.243790721893310547e+01
-1.231965661048889160e+00 -3.740911245346069336e+00 -1.520198726654052734e+01
-1.936853080987930298e-01 -3.008351087570190430e+00 -1.485958385467529297e+01
1.959568858146667480e+00 -5.053862571716308594e+00 -1.069797515869140625e+01
-1.089381098747253418e+00 -2.406467437744140625e+00 -1.528142547607421875e+01
-1.308556914329528809e+00 -1.698234915733337402e+00 -1.534066772460937500e+01
2.141164779663085938e+00 -3.536655902862548828e+00 -1.149312114715576172e+01
8.844703435897827148e-01 -1.870427250862121582e+00 -1.348760128021240234e+01
7.964034676551818848e-01 -1.144817590713500977e+00 -1.333487224578857422e+01
-2.608046054840087891e+00 -1.778505206108093262e+00 -1.569807052612304688e+01
-2.677127838134765625e+00 -8.100951910018920898e-01 -1.564062881469726562e+01
-5.084856033325195312e+00 4.539563357830047607e-01 -1.588886070251464844e+01
-2.886664390563964844e+00 1.007895350456237793e+00 -1.536742401123046875e+01
-2.164667844772338867e+00 1.175239920616149902e+00 -1.512467765808105469e+01
-4.982112348079681396e-01 1.150142073631286621e+00 -1.389060592651367188e+01
-2.882258653640747070e+00 2.080343008041381836e+00 -1.503598403930664062e+01
-2.466197967529296875e+00 2.789521694183349609e+00 -1.464698505401611328e+01
2.702398061752319336e+00 -3.968610048294067383e+00 -1.033797264099121094e+01
3.518733024597167969e+00 -2.610713958740234375e+00 -1.011284351348876953e+01
3.011282920837402344e+00 -1.847683191299438477e+00 -1.085340118408203125e+01
9.633469581604003906e-01 -2.811426222324371338e-01 -1.281383609771728516e+01
1.481998682022094727e+00 7.201157510280609131e-03 -1.211142158508300781e+01
2.348412752151489258e+00 -2.175452113151550293e-01 -1.122857093811035156e+01
1.080607771873474121e+00 4.178661704063415527e-01 -1.233709716796875000e+01
-1.050984573364257812e+01 -9.672798514366149902e-01 -1.098868751525878906e+01
-9.967236518859863281e+00 6.851220726966857910e-01 -1.292041301727294922e+01
-1.030182647705078125e+01 -1.683413982391357422e-02 -1.048437595367431641e+01
-1.007122135162353516e+01 -1.219279691576957703e-01 -9.021689414978027344e+00
-9.725966453552246094e+00 5.446037054061889648e-01 -1.002611637115478516e+01
-9.963347434997558594e+00 9.240214824676513672e-01 -1.155081272125244141e+01
-9.433441162109375000e+00 2.035079479217529297e+00 -1.278338432312011719e+01
-8.821062088012695312e+00 1.397817969322204590e+00 -9.342182159423828125e+00
-8.416076660156250000e+00 2.399278879165649414e+00 -1.037542915344238281e+01
-8.198150634765625000e+00 1.158551573753356934e+00 -6.070624828338623047e+00
-7.960250377655029297e+00 1.592309117317199707e+00 -7.151875495910644531e+00
-8.282739639282226562e+00 1.880321145057678223e+00 -8.737545013427734375e+00
-7.899952888488769531e+00 2.549086093902587891e+00 -9.732448577880859375e+00
-6.296946048736572266e+00 2.697738885879516602e+00 -7.679785251617431641e+00
-6.213478565216064453e+00 3.008258104324340820e+00 -8.162482261657714844e+00
-8.634462356567382812e+00 2.202430248260498047e+00 -1.429152488708496094e+01
-8.035930633544921875e+00 2.231010198593139648e+00 -1.473183822631835938e+01
-7.636441707611083984e+00 3.443341970443725586e+00 -1.351330566406250000e+01
-6.654835700988769531e+00 4.266643524169921875e+00 -1.313810825347900391e+01
-6.099639415740966797e+00 1.895993828773498535e+00 -1.547718143463134766e+01
-5.844143867492675781e+00 2.186583280563354492e+00 -1.532808208465576172e+01
-5.170214176177978516e+00 3.969106435775756836e+00 -1.412244129180908203e+01
-4.614974498748779297e+00 3.961751461029052734e+00 -1.424990558624267578e+01
-5.867134571075439453e+00 3.771971464157104492e+00 -1.412604904174804688e+01
-8.272855758666992188e+00 3.284484624862670898e+00 -1.224768829345703125e+01
-6.242969512939453125e+00 4.416671276092529297e+00 -1.238176155090332031e+01
-5.556274890899658203e+00 4.384803771972656250e+00 -1.074432468414306641e+01
-3.388777971267700195e+00 4.234739780426025391e+00 -1.348927497863769531e+01
-3.170396089553833008e+00 4.297221660614013672e+00 -1.287159538269042969e+01
-5.219871044158935547e+00 4.437698364257812500e+00 -1.221993064880371094e+01
-4.468588829040527344e+00 4.637201786041259766e+00 -1.232707309722900391e+01
-3.216619968414306641e+00 4.687731742858886719e+00 -1.144420337677001953e+01
-4.958003520965576172e+00 4.789249897003173828e+00 -1.084857273101806641e+01
-3.795508861541748047e+00 4.894751548767089844e+00 -1.117212963104248047e+01
-6.639686584472656250e+00 3.684056043624877930e+00 -1.050251579284667969e+01
-5.931190490722656250e+00 3.624897956848144531e+00 -9.035489082336425781e+00
3.058765411376953125e+00 -1.886817365884780884e-01 -1.030473709106445312e+01
-1.388919204473495483e-01 1.529783725738525391e+00 -1.287880229949951172e+01
-2.114536762237548828e+00 3.222240924835205078e+00 -1.359599494934082031e+01
9.960186481475830078e-01 8.033187985420227051e-01 -1.169057369232177734e+01
-1.053818821907043457e+00 2.885987758636474609e+00 -1.233983325958251953e+01
-2.713616371154785156e+00 3.847201347351074219e+00 -1.327160453796386719e+01
-1.649730086326599121e+00 3.648694515228271484e+00 -1.187671566009521484e+01
1.138666057586669922e+01 -6.478844642639160156e+00 -3.287171602249145508e+00
1.324055385589599609e+01 -6.587945938110351562e+00 -1.585596442222595215e+00
1.114244365692138672e+01 -6.271943092346191406e+00 -6.355448961257934570e-01
1.093908691406250000e+01 -6.383573532104492188e+00 -2.470733880996704102e+00
1.429231548309326172e+01 -6.973383426666259766e+00 -4.990168094635009766e+00
1.192994213104248047e+01 -6.573486804962158203e+00 -3.915915250778198242e+00
1.264780998229980469e+01 -6.602380752563476562e+00 -5.451144218444824219e+00
1.306872177124023438e+01 -6.843369007110595703e+00 -3.597309112548828125e+00
1.551294708251953125e+01 -7.003303050994873047e+00 -3.504155397415161133e+00
1.595737075805664062e+01 -5.964152812957763672e+00 -4.102843761444091797e+00
1.612245559692382812e+01 -6.400197029113769531e+00 -1.011898159980773926e+00
1.625862693786621094e+01 -5.655762195587158203e+00 -1.931121706962585449e+00
1.447490882873535156e+01 -6.384163379669189453e+00 2.399679273366928101e-01
1.469808769226074219e+01 -6.842364788055419922e+00 -1.403630018234252930e+00
1.526396465301513672e+01 -6.002875328063964844e+00 1.171237111091613770e+00
1.477447986602783203e+01 -3.779917716979980469e+00 2.090071439743041992e+00
1.509138679504394531e+01 -4.014838218688964844e+00 9.905261993408203125e-01
1.432088565826416016e+01 -3.113826274871826172e+00 1.120530962944030762e+00
1.570562267303466797e+01 -4.919157981872558594e+00 -3.279792070388793945e+00
1.515367317199707031e+01 -4.043523311614990234e+00 -2.505310297012329102e+00
1.516268348693847656e+01 -3.881306886672973633e+00 -9.359005093574523926e-01
1.490358066558837891e+01 -3.585814714431762695e+00 -1.442790627479553223e+00
1.429370784759521484e+01 -2.770890474319458008e+00 -8.184503912925720215e-01
1.374737834930419922e+01 -6.779386043548583984e+00 -6.217717647552490234e+00
1.517818069458007812e+01 -5.981185913085937500e+00 -6.503950595855712891e+00
1.230805301666259766e+01 -6.493126869201660156e+00 -6.636664867401123047e+00
1.284688663482666016e+01 -5.956115245819091797e+00 -7.422348022460937500e+00
1.582839488983154297e+01 -5.869926929473876953e+00 -5.575114250183105469e+00
1.550334644317626953e+01 -5.125805377960205078e+00 -5.873216629028320312e+00
1.493711090087890625e+01 -4.461619853973388672e+00 -5.491315364837646484e+00
1.318320274353027344e+01 -5.561676025390625000e+00 -7.275366306304931641e+00
1.255624198913574219e+01 -5.014423370361328125e+00 -6.588103294372558594e+00
1.340583801269531250e+01 -4.530309677124023438e+00 -6.057701110839843750e+00
1.351384544372558594e+01 -3.448752403259277344e+00 -4.891103267669677734e+00
1.489392280578613281e+01 -3.750993251800537109e+00 -2.748488664627075195e+00
1.481145191192626953e+01 -3.792592287063598633e+00 -4.447467803955078125e+00
1.422981357574462891e+01 -2.981492996215820312e+00 -3.682975530624389648e+00
1.013712501525878906e+01 -5.936388492584228516e+00 -2.640160799026489258e+00
7.011137008666992188e+00 -4.714381694793701172e+00 -2.289896249771118164e+00
7.304570198059082031e+00 -4.768500328063964844e+00 -1.843106150627136230e+00
6.853413581848144531e+00 -4.672324180603027344e+00 -2.874231576919555664e+00
1.045631980895996094e+01 -6.196633815765380859e+00 -2.207684755325317383e+00
9.013595581054687500e+00 -5.440861701965332031e+00 -1.807220339775085449e+00
7.974379062652587891e+00 -5.001884937286376953e+00 -1.446630597114562988e+00
9.570128440856933594e+00 -5.505677700042724609e+00 -3.377286911010742188e+00
9.913752555847167969e+00 -5.566325187683105469e+00 -4.637266159057617188e+00
8.311830520629882812e+00 -4.989316463470458984e+00 -3.920430898666381836e+00
1.354525375366210938e+01 -2.019718885421752930e+00 3.408285602927207947e-02
1.220653533935546875e+01 -7.154142260551452637e-01 -9.703192710876464844e-01
1.091658592224121094e+01 -5.999133110046386719e+00 -5.477122306823730469e+00
1.097093105316162109e+01 -5.465241909027099609e+00 -6.013601303100585938e+00
9.554862022399902344e+00 -5.109600543975830078e+00 -5.188081264495849609e+00
1.165583801269531250e+01 -4.748211860656738281e+00 -6.153303623199462891e+00
9.144528388977050781e+00 -4.352883815765380859e+00 -6.407546043395996094e+00
1.034883689880371094e+01 -3.584466218948364258e+00 -5.850184440612792969e+00
1.239531421661376953e+01 -3.746522188186645508e+00 -5.418730258941650391e+00
1.058586978912353516e+01 -3.250684499740600586e+00 -5.639878273010253906e+00
1.060067176818847656e+01 -2.330071210861206055e+00 -5.218016624450683594e+00
8.518940925598144531e+00 -3.703112840652465820e+00 -7.024732112884521484e+00
9.015924453735351562e+00 -3.113707780838012695e+00 -6.554705619812011719e+00
8.042241096496582031e+00 -2.043968439102172852e+00 -6.900644779205322266e+00
1.033615207672119141e+01 -1.665484905242919922e+00 -5.071263313293457031e+00
8.232439041137695312e+00 -1.727951884269714355e+00 -6.629775047302246094e+00
8.712224960327148438e+00 -5.150708556175231934e-01 -5.826560020446777344e+00
7.275192737579345703e+00 -1.703106462955474854e-01 -6.914144515991210938e+00
1.313787078857421875e+01 -2.228533267974853516e+00 -3.981283426284790039e+00
1.339048576354980469e+01 -1.687031507492065430e+00 -1.871236324310302734e+00
1.306272983551025391e+01 -1.443085193634033203e+00 -3.073128461837768555e+00
1.231895732879638672e+01 -4.834226667881011963e-01 -2.179865360260009766e+00
1.193243503570556641e+01 -2.248668074607849121e-01 -2.775817155838012695e+00
1.230099105834960938e+01 -2.006009578704833984e+00 -4.297465324401855469e+00
1.110881614685058594e+01 -1.324186801910400391e+00 -4.422881603240966797e+00
1.136720371246337891e+01 -6.875187158584594727e-01 -3.785257339477539062e+00
1.012628173828125000e+01 1.536103963851928711e+00 -1.707116246223449707e+00
9.217759132385253906e+00 2.295880794525146484e+00 -2.848568201065063477e+00
9.224651336669921875e+00 2.180712223052978516e+00 -3.287048339843750000e+00
8.545090675354003906e+00 2.905342578887939453e+00 -2.371730089187622070e+00
1.012882423400878906e+01 -9.881954789161682129e-01 -4.948001384735107422e+00
1.051206111907958984e+01 1.693265438079833984e-01 -4.025112628936767578e+00
8.356881141662597656e+00 1.159089580178260803e-01 -5.857207775115966797e+00
7.016092300415039062e+00 9.815738201141357422e-01 -6.430189132690429688e+00
1.387921428680419922e+01 -3.023806810379028320e+00 2.688467502593994141e+00
1.249324226379394531e+01 -1.925011754035949707e+00 2.988588333129882812e+00
1.130055141448974609e+01 -4.607356786727905273e-01 1.475996732711791992e+00
1.149166202545166016e+01 -3.673838973045349121e-01 3.307094275951385498e-01
1.001847839355468750e+01 1.300777494907379150e-01 3.180885553359985352e+00
8.891625404357910156e+00 1.422924637794494629e+00 2.642847061157226562e+00
9.472958564758300781e+00 1.077262043952941895e+00 2.116662740707397461e+00
7.331299781799316406e+00 2.452879667282104492e+00 2.980944156646728516e+00
7.172226905822753906e+00 3.026497602462768555e+00 1.835239768028259277e+00
9.849081039428710938e+00 1.157743096351623535e+00 3.827821612358093262e-01
1.005200195312500000e+01 1.419568419456481934e+00 -9.605795741081237793e-01
8.006790161132812500e+00 2.837884664535522461e+00 4.172232151031494141e-01
3.349735975265502930e+00 4.279219150543212891e+00 -3.471884727478027344e-01
6.227459907531738281e+00 3.689924955368041992e+00 2.793048322200775146e-01
5.479784011840820312e+00 4.042959213256835938e+00 -2.221586942672729492e+00
3.672225713729858398e+00 4.391130924224853516e+00 -6.862652897834777832e-01
2.848938226699829102e+00 3.823082685470581055e+00 -2.454327583312988281e+00
2.963193655014038086e+00 3.519052982330322266e+00 -3.327589988708496094e+00
-9.873388409614562988e-01 3.798566341400146484e+00 -7.632300853729248047e-01
2.150521039962768555e+00 3.151895523071289062e+00 -4.385808467864990234e+00
9.823305532336235046e-03 4.165276527404785156e+00 -3.142027616500854492e+00
3.075239360332489014e-01 3.714093208312988281e+00 -4.697507858276367188e+00
2.380443096160888672e+00 3.811078786849975586e+00 -2.565170049667358398e+00
5.103692054748535156e+00 -8.714033961296081543e-01 -8.896674156188964844e+00
2.946285247802734375e+00 3.138654828071594238e-01 -9.610370635986328125e+00
5.067060470581054688e+00 5.128952264785766602e-01 -8.116390228271484375e+00
3.646410942077636719e+00 5.690315365791320801e-01 -8.971182823181152344e+00
2.526153802871704102e+00 5.064550042152404785e-01 -9.802805900573730469e+00
1.547581672668457031e+00 1.852923154830932617e+00 -9.913014411926269531e+00
3.318447470664978027e-01 3.153333187103271484e+00 -9.158030509948730469e+00
1.127384603023529053e-01 3.005772829055786133e+00 -1.045875167846679688e+01
5.659237861633300781e+00 2.815088987350463867e+00 -4.858692169189453125e+00
6.167637825012207031e+00 1.893625974655151367e+00 -6.092718601226806641e+00
4.705203533172607422e+00 2.701261281967163086e+00 -5.248353958129882812e+00
4.802728652954101562e+00 2.396617650985717773e+00 -5.962368965148925781e+00
6.607263565063476562e+00 3.754088401794433594e+00 -2.727011203765869141e+00
6.589196681976318359e+00 1.286718964576721191e+00 -6.430759906768798828e+00
5.719771385192871094e+00 1.678184270858764648e+00 -6.607132911682128906e+00
4.866741657257080078e+00 1.791742086410522461e+00 -7.041006565093994141e+00
2.741248369216918945e+00 2.861157417297363281e+00 -5.062335014343261719e+00
2.820827245712280273e+00 2.098008871078491211e+00 -7.361394882202148438e+00
2.033574581146240234e+00 2.340706586837768555e+00 -6.813328266143798828e+00
9.728177636861801147e-02 3.308815002441406250e+00 -6.271553993225097656e+00
2.744757235050201416e-01 2.965951204299926758e+00 -7.759101390838623047e+00
3.047394156455993652e-01 3.037090063095092773e+00 -8.138092041015625000e+00
-3.297786712646484375e+00 3.403298377990722656e+00 -2.584948539733886719e+00
-5.633486270904541016e+00 3.068782329559326172e+00 -7.731601238250732422e+00
-4.808116436004638672e+00 3.486883878707885742e+00 -7.635907649993896484e+00
-4.258492469787597656e+00 3.354286670684814453e+00 -6.674424648284912109e+00
-2.169759511947631836e+00 3.286293506622314453e+00 -2.322775572538375854e-01
-1.889655947685241699e+00 3.758053541183471680e+00 -1.353310585021972656e+00
-1.527820825576782227e+00 4.102437973022460938e+00 -2.468068599700927734e+00
-1.353952884674072266e+00 4.398138523101806641e+00 -3.693464279174804688e+00
-1.182542800903320312e+00 4.405415058135986328e+00 -4.987637996673583984e+00
-4.800451278686523438e+00 4.083463668823242188e+00 -8.505188941955566406e+00
-4.505344867706298828e+00 4.561686992645263672e+00 -9.024349212646484375e+00
-1.980972290039062500e+00 4.466181755065917969e+00 -7.511744022369384766e+00
-3.350045680999755859e+00 4.462579250335693359e+00 -8.331867218017578125e+00
-1.540814280509948730e+00 3.656610965728759766e+00 -1.119958972930908203e+01
-1.228183865547180176e+00 3.511347770690917969e+00 -1.106387233734130859e+01
-3.827952146530151367e+00 4.857657909393310547e+00 -1.070494174957275391e+01
-2.047509670257568359e+00 4.184847354888916016e+00 -9.850874900817871094e+00
-3.109987974166870117e-01 3.484506368637084961e+00 -9.966879844665527344e+00
-2.159851551055908203e+00 4.562915802001953125e+00 -6.120898723602294922e+00
5.250793457031250000e+00 3.475392341613769531e+00 2.352045059204101562e+00
6.046453952789306641e+00 3.452144145965576172e+00 1.796900153160095215e+00
1.967185735702514648e+00 7.079539299011230469e-01 -1.028876972198486328e+01
-5.166132450103759766e-01 2.798876047134399414e+00 -1.161615180969238281e+01
4.422658085823059082e-01 2.528432369232177734e+00 -1.077014827728271484e+01
