1.562597513198852539e+00 -4.939644336700439453e+00 -2.712183713912963867e+00
2.279725313186645508e+00 -4.793988227844238281e+00 -1.920788288116455078e+00
1.516996502876281738e+00 -4.798275470733642578e+00 -2.306542634963989258e+00
-5.068976402282714844e+00 -8.108617782592773438e+00 -7.822210788726806641e+00
-4.999238491058349609e+00 -8.062338829040527344e+00 -1.156775569915771484e+01
-4.185107231140136719e+00 -8.321133613586425781e+00 -9.419566154479980469e+00
-7.271067619323730469e+00 -7.468534946441650391e+00 -7.059009552001953125e+00
-7.775148391723632812e+00 -7.350915431976318359e+00 -7.967254638671875000e+00
-5.692260742187500000e+00 -8.129398345947265625e+00 -9.823566436767578125e+00
-6.220719337463378906e+00 -7.997767925262451172e+00 -9.061500549316406250e+00
-6.480402946472167969e+00 -7.345916271209716797e+00 -1.205424213409423828e+01
-8.410395622253417969e+00 -6.366991996765136719e+00 -1.057581138610839844e+01
-8.332881927490234375e+00 -6.190361022949218750e+00 -1.129403018951416016e+01
-9.642349243164062500e+00 -5.267057895660400391e+00 -8.362825393676757812e+00
-1.005092525482177734e+01 -4.325824260711669922e+00 -8.715976715087890625e+00
-9.587226867675781250e+00 -4.643570899963378906e+00 -1.086740493774414062e+01
-8.220080375671386719e+00 -6.690485477447509766e+00 -5.445639610290527344e+00
-9.067645072937011719e+00 -6.092088222503662109e+00 -4.930295944213867188e+00
-7.968235492706298828e+00 -5.745363235473632812e+00 -3.404828548431396484e+00
-8.497062683105468750e+00 -5.228435516357421875e+00 -2.226430892944335938e+00
-6.958396434783935547e+00 -5.440431594848632812e+00 -3.112530469894409180e+00
-2.593707561492919922e+00 -5.032804965972900391e+00 -1.548265099525451660e+00
-3.374215364456176758e+00 -4.883432865142822266e+00 -5.831905007362365723e-01
-1.441107511520385742e+00 -4.997578620910644531e+00 -2.377532422542572021e-01
-7.379837512969970703e+00 -3.213423013687133789e+00 2.311717271804809570e+00
-5.355895519256591797e+00 -3.513157129287719727e+00 1.278523087501525879e+00
-3.860319614410400391e+00 -5.068860530853271484e+00 -2.136811971664428711e+00
-7.304560184478759766e+00 -4.796284675598144531e+00 -1.626889348030090332e+00
-6.307691574096679688e+00 -5.167112827301025391e+00 -2.786679267883300781e+00
-3.739140272140502930e+00 -4.415265083312988281e+00 1.339728385210037231e-01
-4.768234252929687500e+00 -7.279173374176025391e+00 -5.294690608978271484e+00
-4.545644283294677734e+00 -6.498405933380126953e+00 -4.090969562530517578e+00
-2.280478715896606445e+00 -7.655696392059326172e+00 -6.417060375213623047e+00
-2.884861230850219727e+00 -7.168066501617431641e+00 -5.067032814025878906e+00
-2.214545965194702148e+00 -7.177847385406494141e+00 -5.299230098724365234e+00
-1.356146216392517090e+00 -6.802929401397705078e+00 -5.044187545776367188e+00
-2.779773235321044922e+00 -6.777695655822753906e+00 -4.439654350280761719e+00
-5.267704963684082031e+00 -6.850489139556884766e+00 -4.678907394409179688e+00
-6.153979778289794922e+00 -7.666763305664062500e+00 -6.742055892944335938e+00
-8.704676628112792969e+00 -6.651192188262939453e+00 -6.454876899719238281e+00
-1.416633725166320801e+00 -4.984849452972412109e+00 -1.835434079170227051e+00
-9.338077306747436523e-01 -5.047161102294921875e+00 -2.275906085968017578e+00
-2.241163015365600586e+00 -5.127054214477539062e+00 -2.022912979125976562e+00
-3.507534861564636230e-01 -5.093181610107421875e+00 -1.197315573692321777e+00
6.345684528350830078e-01 -4.627902030944824219e+00 -1.596969366073608398e+00
-8.142110705375671387e-01 -5.406170368194580078e+00 -3.020555734634399414e+00
-7.543314248323440552e-03 -5.503130912780761719e+00 -3.344839334487915039e+00
6.089181303977966309e-01 -4.772171497344970703e+00 -2.124376296997070312e+00
-9.515541076660156250e+00 -4.813664436340332031e+00 -2.044727325439453125e+00
-9.940049171447753906e+00 -4.891106605529785156e+00 -4.680054664611816406e+00
-9.351874351501464844e+00 -5.581476688385009766e+00 -3.831169605255126953e+00
-1.019567298889160156e+01 -3.759857177734375000e+00 -3.288213014602661133e+00
-1.031891632080078125e+01 -3.586526393890380859e+00 -4.716012954711914062e+00
-9.120177268981933594e+00 -4.087538719177246094e+00 3.092462122440338135e-01
-9.781116485595703125e+00 -4.174242019653320312e+00 -1.408402919769287109e+00
-9.820361137390136719e+00 -3.231621265411376953e+00 -2.799840271472930908e-01
-9.599430084228515625e+00 -2.926817893981933594e+00 9.023864865303039551e-01
-9.113592147827148438e+00 -2.722357511520385742e+00 2.167299032211303711e+00
-9.278910636901855469e+00 -1.629961133003234863e+00 1.269350409507751465e+00
-1.017289161682128906e+01 -2.695134162902832031e+00 -2.523838043212890625e+00
-1.009757804870605469e+01 -1.608981728553771973e+00 -2.652634143829345703e+00
-9.464463233947753906e+00 -1.293528199195861816e+00 -8.882474303245544434e-01
-7.936729907989501953e+00 -4.182680845260620117e-01 -6.466822028160095215e-01
-1.006307125091552734e+01 -4.635859966278076172e+00 -5.545532703399658203e+00
-1.034716796875000000e+01 -3.653020858764648438e+00 -5.425023078918457031e+00
-1.053285121917724609e+01 -2.259048223495483398e+00 -5.302111625671386719e+00
-1.059070968627929688e+01 -2.100444793701171875e+00 -5.872284889221191406e+00
-1.008342075347900391e+01 -6.581251025199890137e-01 -5.353795051574707031e+00
-1.059006690979003906e+01 -2.845034837722778320e+00 -7.961971282958984375e+00
-1.071231746673583984e+01 -1.949230432510375977e+00 -8.887028694152832031e+00
-1.060278224945068359e+01 -8.135224580764770508e-01 -8.516757965087890625e+00
-9.952328681945800781e+00 -3.327205479145050049e-01 -6.705872058868408203e+00
-8.382825851440429688e+00 -2.019698470830917358e-01 -2.253879070281982422e+00
-6.926617622375488281e+00 1.701235532760620117e+00 -3.687337398529052734e+00
-9.016980171203613281e+00 3.843763768672943115e-01 -6.203020095825195312e+00
-7.576765060424804688e+00 1.438219547271728516e+00 -4.988408565521240234e+00
1.320506763458251953e+01 -5.989673614501953125e+00 4.780353069305419922e+00
1.354456996917724609e+01 -6.311566352844238281e+00 8.448485732078552246e-01
1.303037452697753906e+01 -6.145463466644287109e+00 1.548180818557739258e+00
1.490641689300537109e+01 -6.116619110107421875e+00 2.042051553726196289e+00
1.470961475372314453e+01 -5.336523056030273438e+00 3.220761060714721680e+00
1.195203685760498047e+01 -5.884112358093261719e+00 2.873348951339721680e+00
4.372208595275878906e+00 -1.417027235031127930e+00 5.056499958038330078e+00
5.197297096252441406e+00 -1.250926494598388672e+00 6.215481281280517578e+00
6.652327537536621094e+00 -4.883289813995361328e+00 -1.649620056152343750e+00
8.912101745605468750e+00 -6.307892799377441406e+00 -1.206444621086120605e+00
8.126738548278808594e+00 -6.217713356018066406e+00 -1.050030946731567383e+00
7.454908370971679688e+00 -6.287106037139892578e+00 -4.662791490554809570e-01
2.554309129714965820e+00 -5.429942607879638672e+00 4.039370715618133545e-01
4.297005653381347656e+00 -4.727931022644042969e+00 -1.489414334297180176e+00
5.169233322143554688e+00 -5.127103328704833984e+00 -1.156723737716674805e+00
2.310447216033935547e+00 -4.303699970245361328e+00 -1.259218573570251465e+00
4.117618560791015625e+00 -4.757345676422119141e+00 -1.271343111991882324e+00
5.110199928283691406e+00 -5.591266155242919922e+00 2.297291159629821777e-01
5.808750629425048828e+00 -6.008084297180175781e+00 -5.892301201820373535e-01
3.097743988037109375e+00 -5.510491847991943359e+00 -5.833209753036499023e-01
9.448966026306152344e+00 -5.302694320678710938e+00 3.217421293258666992e+00
9.939859390258789062e+00 -5.359438896179199219e+00 5.331886768341064453e+00
9.905398368835449219e+00 -5.206331729888916016e+00 4.511632919311523438e+00
8.654318809509277344e+00 -4.552716732025146484e+00 5.779280662536621094e+00
8.927002906799316406e+00 -5.066819667816162109e+00 3.282421588897705078e+00
9.023759841918945312e+00 -5.958889007568359375e+00 1.492790460586547852e+00
8.684572219848632812e+00 -6.118159770965576172e+00 9.795650243759155273e-01
5.520109176635742188e+00 -1.532695531845092773e+00 4.227953433990478516e+00
6.176425933837890625e+00 -3.744306802749633789e+00 2.455780506134033203e+00
5.597812652587890625e+00 -3.996169090270996094e+00 1.901176810264587402e+00
4.524357318878173828e+00 -1.947070837020874023e+00 3.134759664535522461e+00
4.612661361694335938e+00 -1.614480018615722656e+00 3.838910818099975586e+00
6.912127971649169922e+00 -2.648222684860229492e+00 4.500444412231445312e+00
6.632830142974853516e+00 -2.342111587524414062e+00 5.759008884429931641e+00
6.547436714172363281e+00 -5.486452102661132812e+00 9.628668427467346191e-01
1.202387809753417969e+01 -4.914744377136230469e+00 6.316943168640136719e+00
1.368388748168945312e+01 -4.976070880889892578e+00 4.733779907226562500e+00
1.250839996337890625e+01 -3.867756843566894531e+00 5.111208915710449219e+00
1.339856529235839844e+01 -3.665599107742309570e+00 3.366286277770996094e+00
7.711729526519775391e+00 -3.527825117111206055e+00 7.148169994354248047e+00
7.254530429840087891e+00 -3.038340091705322266e+00 6.865051269531250000e+00
4.145868301391601562e+00 -7.857241630554199219e-01 6.916388988494873047e+00
9.573895454406738281e+00 -5.051854133605957031e+00 7.588783740997314453e+00
1.028870391845703125e+01 -3.549115896224975586e+00 7.091125011444091797e+00
1.063578891754150391e+01 -3.051405429840087891e+00 5.880837440490722656e+00
8.581889152526855469e+00 -2.108320474624633789e+00 6.708377361297607422e+00
8.934764862060546875e+00 -1.676501035690307617e+00 5.673621654510498047e+00
1.098513984680175781e+01 -2.703566312789916992e+00 4.748985767364501953e+00
1.134218502044677734e+01 -2.337263822555541992e+00 3.672476053237915039e+00
6.514976978302001953e+00 -1.955159902572631836e+00 6.550107955932617188e+00
7.658480644226074219e+00 -1.518846869468688965e+00 6.464546203613281250e+00
6.973582744598388672e+00 -4.055029749870300293e-01 5.924117565155029297e+00
6.203769683837890625e+00 -6.302605271339416504e-01 6.211801052093505859e+00
5.647164344787597656e+00 6.085243225097656250e-01 5.708948612213134766e+00
8.040534973144531250e+00 -1.003888845443725586e-01 4.660892963409423828e+00
5.745557785034179688e+00 1.851537227630615234e+00 4.304524421691894531e+00
6.121521472930908203e+00 1.959172844886779785e+00 3.798899412155151367e+00
-2.136130332946777344e+00 -2.805989980697631836e+00 3.779827833175659180e+00
-1.525072336196899414e+00 -3.807821273803710938e+00 1.667419672012329102e+00
-1.477824449539184570e+00 -4.655156612396240234e+00 3.917149305343627930e-01
-1.622289657592773438e+00 -2.874301195144653320e+00 3.502785682678222656e+00
-2.516755163669586182e-01 -2.671292304992675781e+00 2.380756139755249023e+00
-5.072352409362792969e+00 -3.478103637695312500e+00 1.470332622528076172e+00
-4.360377311706542969e+00 -3.317043542861938477e+00 2.205229282379150391e+00
-5.806222915649414062e+00 -2.600067377090454102e+00 3.394709110260009766e+00
-5.279845237731933594e+00 -3.020174026489257812e+00 2.538266420364379883e+00
-4.096735954284667969e+00 -2.831250190734863281e+00 3.384648084640502930e+00
-2.760775327682495117e+00 -1.627151131629943848e+00 4.884926319122314453e+00
-5.655087947845458984e+00 -1.271956801414489746e+00 4.710216522216796875e+00
-5.351327896118164062e+00 -7.415505647659301758e-01 4.912382125854492188e+00
2.506758451461791992e+00 -1.801463961601257324e+00 3.705822229385375977e+00
1.356814503669738770e+00 -9.439963698387145996e-01 4.157799243927001953e+00
-7.025226950645446777e-02 -1.207779169082641602e+00 3.666557073593139648e+00
1.076055288314819336e+00 -3.800553977489471436e-01 4.695405006408691406e+00
2.458296775817871094e+00 -1.207627415657043457e+00 5.338630676269531250e+00
3.432869672775268555e+00 -8.260805010795593262e-01 6.716374397277832031e+00
1.097609162330627441e+00 7.004591822624206543e-01 5.425220489501953125e+00
-3.227030515670776367e+00 -1.395710706710815430e+00 5.014179706573486328e+00
-4.245937824249267578e+00 2.961904108524322510e-01 5.014023780822753906e+00
-2.751343488693237305e+00 5.580691099166870117e-01 5.138040542602539062e+00
-1.170845508575439453e+00 1.604030013084411621e+00 4.408391475677490234e+00
-3.889015436172485352e+00 1.014743804931640625e+00 4.049540996551513672e+00
-3.824655532836914062e+00 1.420243620872497559e+00 2.890535354614257812e+00
-1.794204115867614746e-01 -5.106294631958007812e+00 -8.062902092933654785e-02
2.960663139820098877e-01 -4.965774059295654297e+00 -1.161098554730415344e-01
8.145834803581237793e-01 -4.977710247039794922e+00 3.167591243982315063e-02
1.640865087509155273e+00 -3.820554494857788086e+00 1.420043706893920898e+00
1.481338620185852051e+00 -5.013025283813476562e+00 5.772256851196289062e-01
1.629974007606506348e+00 -3.777998924255371094e+00 -1.360564112663269043e+00
1.875523805618286133e+00 -2.659410715103149414e+00 2.368617057800292969e+00
2.273579597473144531e+00 1.338099360466003418e+00 5.612026691436767578e+00
2.870952367782592773e+00 2.343658685684204102e+00 4.269281864166259766e+00
2.605092048645019531e+00 2.907814979553222656e+00 3.035849094390869141e+00
-8.627106547355651855e-01 2.472616434097290039e+00 2.621366739273071289e+00
-6.640254855155944824e-01 1.922757029533386230e+00 4.182825088500976562e+00
5.713424086570739746e-01 2.522891998291015625e+00 3.255398273468017578e+00
-1.729625821113586426e+00 3.174352407455444336e+00 1.094612926244735718e-01
-7.586629390716552734e+00 -2.461290597915649414e+00 3.555177211761474609e+00
-7.329058647155761719e+00 -1.426235675811767578e+00 4.217313766479492188e+00
-7.961097240447998047e+00 -8.146399855613708496e-01 2.907448291778564453e+00
-6.812110424041748047e+00 -1.163583993911743164e+00 4.462613582611083984e+00
-7.016207695007324219e+00 -3.686685264110565186e-01 3.060335874557495117e+00
-6.419907093048095703e+00 1.882127523422241211e-01 1.419727802276611328e+00
-6.219423770904541016e+00 1.387341916561126709e-01 2.391580343246459961e+00
-6.924044132232666016e+00 2.270998954772949219e-01 -8.149529099464416504e-01
-3.745404481887817383e+00 1.651175022125244141e+00 1.846498250961303711e+00
-5.362421512603759766e+00 2.013903141021728516e+00 -1.993179798126220703e+00
-3.646714925765991211e+00 3.031723499298095703e+00 -1.670220494270324707e+00
3.330764055252075195e+00 4.485783278942108154e-01 6.536267757415771484e+00
2.965373516082763672e+00 1.562602996826171875e+00 5.425879001617431641e+00
3.818453073501586914e+00 1.891320586204528809e+00 4.871000766754150391e+00
4.529739379882812500e+00 2.490261554718017578e+00 3.829425811767578125e+00
3.882892847061157227e+00 3.080469608306884766e+00 3.006287813186645508e+00
7.762962341308593750e+00 -4.947956562042236328e+00 -3.940034866333007812e+00
2.378465652465820312e+00 -5.083191871643066406e+00 -3.049820184707641602e+00
5.497245311737060547e+00 -4.762901782989501953e+00 -2.511574745178222656e+00
6.323248863220214844e+00 -4.718264579772949219e+00 -2.955334901809692383e+00
3.034888267517089844e+00 -5.025789260864257812e+00 -2.928882598876953125e+00
2.091043233871459961e+00 -5.935278415679931641e+00 -5.249376296997070312e+00
2.626709699630737305e+00 -5.811870098114013672e+00 -6.251045703887939453e+00
3.890454530715942383e+00 -5.146708488464355469e+00 -5.594331264495849609e+00
5.924227237701416016e+00 -4.836942195892333984e+00 -3.720663785934448242e+00
7.159337043762207031e+00 -4.994685649871826172e+00 -4.052851200103759766e+00
2.443322896957397461e+00 -5.622666358947753906e+00 -8.456903457641601562e+00
8.322589874267578125e+00 -5.009395599365234375e+00 -5.988518714904785156e+00
3.300350189208984375e+00 -5.335147857666015625e+00 -7.113033294677734375e+00
3.713606834411621094e+00 -4.726689338684082031e+00 -7.896127700805664062e+00
6.290312290191650391e+00 -5.087611675262451172e+00 -5.367618560791015625e+00
7.409770965576171875e+00 -4.950729370117187500e+00 -6.316887378692626953e+00
5.879967689514160156e+00 -4.189620971679687500e+00 -7.243165493011474609e+00
7.537412643432617188e+00 -4.047900676727294922e+00 -7.354239463806152344e+00
5.591763496398925781e+00 -3.872664928436279297e+00 -7.624024868011474609e+00
5.162408828735351562e+00 -2.846351861953735352e+00 -8.642184257507324219e+00
5.234961509704589844e+00 -2.086234807968139648e+00 -8.896652221679687500e+00
-3.349341154098510742e+00 -7.971235752105712891e+00 -1.205597877502441406e+01
-3.131234407424926758e+00 -8.215429306030273438e+00 -1.051672649383544922e+01
-3.961231231689453125e+00 -7.544822216033935547e+00 -1.315912628173828125e+01
-1.581631779670715332e+00 -6.563676357269287109e+00 -1.324227905273437500e+01
-3.556703805923461914e+00 -6.335938930511474609e+00 -1.445965957641601562e+01
-3.375039815902709961e+00 -5.283308506011962891e+00 -1.519260406494140625e+01
-6.631296157836914062e+00 -6.538371562957763672e+00 -1.317098140716552734e+01
-7.072412490844726562e+00 -6.214650630950927734e+00 -1.318866634368896484e+01
-7.758621215820312500e+00 -5.235351562500000000e+00 -1.367531967163085938e+01
-5.719662189483642578e+00 -7.133388042449951172e+00 -1.307794570922851562e+01
-8.473992347717285156e+00 -5.367687702178955078e+00 -1.256393051147460938e+01
-7.364633083343505859e+00 -4.568228721618652344e+00 -1.457379150390625000e+01
-4.151549816131591797e+00 -5.537436485290527344e+00 -1.502911758422851562e+01
-5.996621608734130859e+00 -4.384965419769287109e+00 -1.525760078430175781e+01
-2.711014270782470703e+00 -5.389261722564697266e+00 -1.501393699645996094e+01
-2.177177429199218750e+00 -4.296991825103759766e+00 -1.536963653564453125e+01
-3.723756790161132812e+00 -3.718517303466796875e+00 -1.575251674652099609e+01
-2.790791034698486328e+00 -3.189401865005493164e+00 -1.571524620056152344e+01
-4.990658283233642578e+00 -2.651924610137939453e+00 -1.593938159942626953e+01
-3.921633481979370117e+00 -1.507068276405334473e+00 -1.593521690368652344e+01
-9.301524162292480469e+00 -4.444015979766845703e+00 -1.222167015075683594e+01
-8.934911727905273438e+00 -4.004583358764648438e+00 -1.344571781158447266e+01
-9.912192344665527344e+00 -2.866129636764526367e+00 -1.234708213806152344e+01
-1.040234565734863281e+01 -1.441974639892578125e+00 -1.151933383941650391e+01
-8.549600601196289062e+00 -3.352428436279296875e+00 -1.436040401458740234e+01
-7.692688465118408203e+00 -2.969849824905395508e+00 -1.519790172576904297e+01
-9.823909759521484375e+00 -9.275208711624145508e-01 -1.328280830383300781e+01
-9.377606391906738281e+00 -3.327029943466186523e-01 -1.420383644104003906e+01
-8.488791465759277344e+00 -9.547984600067138672e-01 -1.507380771636962891e+01
-7.136295795440673828e+00 1.563723087310791016e-01 -1.576966381072998047e+01
-7.629136085510253906e+00 8.086879849433898926e-01 -1.553571319580078125e+01
-1.521878242492675781e+00 -7.556766033172607422e+00 -6.888631343841552734e+00
-4.210995137691497803e-01 -7.157483100891113281e+00 -8.631722450256347656e+00
7.392498105764389038e-02 -6.570611953735351562e+00 -5.590218067169189453e+00
6.193932294845581055e-01 -6.687023639678955078e+00 -6.757118701934814453e+00
-2.399980723857879639e-01 -6.931106567382812500e+00 -9.610811233520507812e+00
-5.073924362659454346e-02 -5.895462989807128906e+00 -1.240202522277832031e+01
1.353061199188232422e+00 -6.391683578491210938e+00 -6.418641567230224609e+00
2.021205186843872070e+00 -5.953641414642333984e+00 -8.190207481384277344e+00
-7.603833675384521484e-01 -5.087868213653564453e+00 -1.430388450622558594e+01
1.024509191513061523e+00 -4.963551521301269531e+00 -1.243758964538574219e+01
-1.230533838272094727e+00 -3.740669727325439453e+00 -1.520274829864501953e+01
-1.923302412033081055e-01 -3.008059740066528320e+00 -1.485951137542724609e+01
1.960309624671936035e+00 -5.054213047027587891e+00 -1.069698619842529297e+01
-1.087998867034912109e+00 -2.406630277633666992e+00 -1.528167915344238281e+01
-1.307474970817565918e+00 -1.698926806449890137e+00 -1.534118843078613281e+01
2.142294406890869141e+00 -3.537490606307983398e+00 -1.149220466613769531e+01
8.849111199378967285e-01 -1.870780348777770996e+00 -1.348707771301269531e+01
7.972742915153503418e-01 -1.145327687263488770e+00 -1.333466339111328125e+01
-2.606726169586181641e+00 -1.781350731849670410e+00 -1.569891738891601562e+01
-2.676695585250854492e+00 -8.125724196434020996e-01 -1.564076232910156250e+01
-5.085438251495361328e+00 4.510243237018585205e-01 -1.588846397399902344e+01
-2.886848688125610352e+00 1.004131555557250977e+00 -1.536754512786865234e+01
-2.164859771728515625e+00 1.172267794609069824e+00 -1.512462711334228516e+01
-4.980261623859405518e-01 1.147416234016418457e+00 -1.389033222198486328e+01
-2.882748126983642578e+00 2.076568365097045898e+00 -1.503596496582031250e+01
-2.466919660568237305e+00 2.785132408142089844e+00 -1.464639091491699219e+01
2.704203367233276367e+00 -3.969916105270385742e+00 -1.033707809448242188e+01
3.522777557373046875e+00 -2.615163087844848633e+00 -1.011184883117675781e+01
3.013236522674560547e+00 -1.851689577102661133e+00 -1.085267543792724609e+01
9.639175534248352051e-01 -2.838769555091857910e-01 -1.281310749053955078e+01
1.483127951622009277e+00 2.757800510153174400e-03 -1.210996627807617188e+01
2.348844051361083984e+00 -2.230907827615737915e-01 -1.122655296325683594e+01
1.081425905227661133e+00 4.131019115447998047e-01 -1.233554172515869141e+01
-1.051313781738281250e+01 -9.711757302284240723e-01 -1.099328708648681641e+01
-9.970369338989257812e+00 6.800225973129272461e-01 -1.292074966430664062e+01
-1.030403900146484375e+01 -2.249604463577270508e-02 -1.048649024963378906e+01
-1.007281398773193359e+01 -1.270295679569244385e-01 -9.024196624755859375e+00
-9.727177619934082031e+00 5.367909669876098633e-01 -1.002735805511474609e+01
-9.965404510498046875e+00 9.164283275604248047e-01 -1.155168437957763672e+01
-9.435173034667968750e+00 2.025150299072265625e+00 -1.278438568115234375e+01
-8.820846557617187500e+00 1.388981938362121582e+00 -9.343001365661621094e+00
-8.416573524475097656e+00 2.388352155685424805e+00 -1.037631511688232422e+01
-8.198919296264648438e+00 1.155724406242370605e+00 -6.070229530334472656e+00
-7.959871768951416016e+00 1.587661266326904297e+00 -7.152329444885253906e+00
-8.281237602233886719e+00 1.871910333633422852e+00 -8.738986968994140625e+00
-7.898575305938720703e+00 2.536973953247070312e+00 -9.734185218811035156e+00
-6.297022819519042969e+00 2.692757844924926758e+00 -7.679945468902587891e+00
-6.213053703308105469e+00 3.000260591506958008e+00 -8.163624763488769531e+00
-8.637215614318847656e+00 2.194818973541259766e+00 -1.429154777526855469e+01
-8.038271903991699219e+00 2.223018646240234375e+00 -1.473154258728027344e+01
-7.638131141662597656e+00 3.432075738906860352e+00 -1.351311016082763672e+01
-6.656595230102539062e+00 4.251976966857910156e+00 -1.313747119903564453e+01
-6.100865364074707031e+00 1.889861822128295898e+00 -1.547700023651123047e+01
-5.845739841461181641e+00 2.179742813110351562e+00 -1.532687664031982422e+01
-5.171705245971679688e+00 3.960051774978637695e+00 -1.412166595458984375e+01
-4.616567611694335938e+00 3.955525398254394531e+00 -1.424844551086425781e+01
-5.868720054626464844e+00 3.760754823684692383e+00 -1.412585544586181641e+01
-8.274736404418945312e+00 3.273432731628417969e+00 -1.224800777435302734e+01
-6.243959903717041016e+00 4.402213573455810547e+00 -1.238291454315185547e+01
-5.556201934814453125e+00 4.370695114135742188e+00 -1.074584579467773438e+01
-3.389683723449707031e+00 4.228722572326660156e+00 -1.348857212066650391e+01
-3.171448945999145508e+00 4.290083408355712891e+00 -1.287083911895751953e+01
-5.221017360687255859e+00 4.425488948822021484e+00 -1.222084903717041016e+01
-4.470008373260498047e+00 4.628810405731201172e+00 -1.232718753814697266e+01
-3.217324972152709961e+00 4.680575370788574219e+00 -1.144373703002929688e+01
-4.959194660186767578e+00 4.777773857116699219e+00 -1.084996223449707031e+01
-3.796621561050415039e+00 4.887087821960449219e+00 -1.117231559753417969e+01
-6.639171123504638672e+00 3.670648574829101562e+00 -1.050414943695068359e+01
-5.930936336517333984e+00 3.614259004592895508e+00 -9.036509513854980469e+00
3.056638956069946289e+00 -1.980492621660232544e-01 -1.030006504058837891e+01
-1.389922499656677246e-01 1.523812413215637207e+00 -1.287722587585449219e+01
-2.114497184753417969e+00 3.217218399047851562e+00 -1.359518814086914062e+01
9.947525858879089355e-01 7.946360707283020020e-01 -1.168830013275146484e+01
-1.054045557975769043e+00 2.879425048828125000e+00 -1.233791637420654297e+01
-2.714389324188232422e+00 3.840993881225585938e+00 -1.327079200744628906e+01
-1.650202989578247070e+00 3.641583919525146484e+00 -1.187521839141845703e+01
1.143480968475341797e+01 -6.580389022827148438e+00 -3.327468395233154297e+00
1.332544517517089844e+01 -6.760706901550292969e+00 -1.658859372138977051e+00
1.117527484893798828e+01 -6.472250938415527344e+00 -8.020959496498107910e-01
1.097701835632324219e+01 -6.517400264739990234e+00 -2.552216768264770508e+00
1.435518169403076172e+01 -6.994321823120117188e+00 -4.964549541473388672e+00
1.198772144317626953e+01 -6.647843360900878906e+00 -3.927149295806884766e+00
1.269961071014404297e+01 -6.617114067077636719e+00 -5.419881343841552734e+00
1.314958286285400391e+01 -6.926575183868408203e+00 -3.609621047973632812e+00
1.562690067291259766e+01 -7.066779613494873047e+00 -3.533241271972656250e+00
1.606511497497558594e+01 -5.994379997253417969e+00 -4.113139629364013672e+00
1.624361038208007812e+01 -6.537171363830566406e+00 -1.101969599723815918e+00
1.636999893188476562e+01 -5.739722251892089844e+00 -1.979983568191528320e+00
1.457772541046142578e+01 -6.641443729400634766e+00 1.245560199022293091e-01
1.481346893310546875e+01 -6.995069980621337891e+00 -1.484579801559448242e+00
1.537074089050292969e+01 -6.308465957641601562e+00 1.049420237541198730e+00
1.477220344543457031e+01 -4.243668556213378906e+00 2.120957612991333008e+00
1.512873077392578125e+01 -4.307655334472656250e+00 9.884183406829833984e-01
1.431554794311523438e+01 -3.469922542572021484e+00 1.156696677207946777e+00
1.580230998992919922e+01 -4.951804161071777344e+00 -3.280622482299804688e+00
1.523174667358398438e+01 -4.092850685119628906e+00 -2.496273994445800781e+00
1.521064949035644531e+01 -4.018898010253906250e+00 -9.301440119743347168e-01
1.497047901153564453e+01 -3.674365043640136719e+00 -1.433239936828613281e+00
1.432358932495117188e+01 -2.925452232360839844e+00 -7.926800847053527832e-01
1.381253910064697266e+01 -6.775527954101562500e+00 -6.184901237487792969e+00
1.525393581390380859e+01 -5.976234436035156250e+00 -6.480497360229492188e+00
1.237192726135253906e+01 -6.484758853912353516e+00 -6.606369972229003906e+00
1.291521835327148438e+01 -5.942627429962158203e+00 -7.387277126312255859e+00
1.592303848266601562e+01 -5.884410858154296875e+00 -5.573342323303222656e+00
1.561530303955078125e+01 -5.116985321044921875e+00 -5.865723133087158203e+00
1.503714752197265625e+01 -4.449263572692871094e+00 -5.468842029571533203e+00
1.325730514526367188e+01 -5.547491073608398438e+00 -7.241478443145751953e+00
1.262954711914062500e+01 -4.993262290954589844e+00 -6.553700447082519531e+00
1.349112129211425781e+01 -4.506274700164794922e+00 -6.031332015991210938e+00
1.361715984344482422e+01 -3.414758205413818359e+00 -4.872823238372802734e+00
1.499583530426025391e+01 -3.769779682159423828e+00 -2.737808704376220703e+00
1.492267036437988281e+01 -3.780056953430175781e+00 -4.426795005798339844e+00
1.437074851989746094e+01 -2.936688423156738281e+00 -3.672191858291625977e+00
1.015976524353027344e+01 -6.057702541351318359e+00 -2.707055807113647461e+00
6.994089126586914062e+00 -4.797944068908691406e+00 -2.347291707992553711e+00
7.281111717224121094e+00 -4.873156547546386719e+00 -1.918457508087158203e+00
6.845933437347412109e+00 -4.732173442840576172e+00 -2.912624835968017578e+00
1.048231029510498047e+01 -6.339745044708251953e+00 -2.302826404571533203e+00
9.010760307312011719e+00 -5.578448295593261719e+00 -1.910349488258361816e+00
7.952045440673828125e+00 -5.140429973602294922e+00 -1.546149373054504395e+00
9.596119880676269531e+00 -5.583517551422119141e+00 -3.400440931320190430e+00
9.954320907592773438e+00 -5.594453811645507812e+00 -4.626940250396728516e+00
8.331824302673339844e+00 -5.033476352691650391e+00 -3.931843042373657227e+00
1.354481601715087891e+01 -2.257148027420043945e+00 7.171589136123657227e-02
1.217372322082519531e+01 -9.257287979125976562e-01 -9.481306672096252441e-01
1.096573638916015625e+01 -6.006400108337402344e+00 -5.452983856201171875e+00
1.103050041198730469e+01 -5.455627918243408203e+00 -5.983699321746826172e+00
9.597738265991210938e+00 -5.104849338531494141e+00 -5.165150642395019531e+00
1.172064876556396484e+01 -4.728972434997558594e+00 -6.117878437042236328e+00
9.185919761657714844e+00 -4.342010974884033203e+00 -6.384042739868164062e+00
1.040372371673583984e+01 -3.564765453338623047e+00 -5.823848247528076172e+00
1.247373676300048828e+01 -3.712968587875366211e+00 -5.390989303588867188e+00
1.065055751800537109e+01 -3.221847295761108398e+00 -5.615964412689208984e+00
1.067545032501220703e+01 -2.290757894515991211e+00 -5.202965736389160156e+00
8.546133995056152344e+00 -3.697266578674316406e+00 -7.004808425903320312e+00
9.054936408996582031e+00 -3.098966121673583984e+00 -6.535757541656494141e+00
8.058216094970703125e+00 -2.041669607162475586e+00 -6.890819549560546875e+00
1.041054439544677734e+01 -1.622276663780212402e+00 -5.070179939270019531e+00
8.261454582214355469e+00 -1.717037916183471680e+00 -6.620852470397949219e+00
8.755632400512695312e+00 -4.947645366191864014e-01 -5.822013854980468750e+00
7.284199714660644531e+00 -1.743940114974975586e-01 -6.905910491943359375e+00
1.327602195739746094e+01 -2.161635875701904297e+00 -3.981470823287963867e+00
1.345466709136962891e+01 -1.723369121551513672e+00 -1.844765543937683105e+00
1.322898674011230469e+01 -1.342236518859863281e+00 -3.074241876602172852e+00
1.239069080352783203e+01 -4.875403940677642822e-01 -2.149818658828735352e+00
1.206225681304931641e+01 -1.516420841217041016e-01 -2.771198749542236328e+00
1.241636085510253906e+01 -1.946810007095336914e+00 -4.289712429046630859e+00
1.122017192840576172e+01 -1.254053950309753418e+00 -4.430668830871582031e+00
1.151173210144042969e+01 -5.906047821044921875e-01 -3.813848018646240234e+00
1.015818786621093750e+01 1.493096232414245605e+00 -1.691289424896240234e+00
9.291700363159179688e+00 2.332103967666625977e+00 -2.844151496887207031e+00
9.333298683166503906e+00 2.280690193176269531e+00 -3.327509880065917969e+00
8.568790435791015625e+00 2.888200283050537109e+00 -2.342378139495849609e+00
1.021962547302246094e+01 -9.280041456222534180e-01 -4.969204902648925781e+00
1.066605949401855469e+01 2.880001664161682129e-01 -4.095769882202148438e+00
8.371448516845703125e+00 1.201881766319274902e-01 -5.843155860900878906e+00
7.017023086547851562e+00 9.740114212036132812e-01 -6.418368339538574219e+00
1.381822013854980469e+01 -3.633482456207275391e+00 2.725522756576538086e+00
1.239034652709960938e+01 -2.656553030014038086e+00 3.024297475814819336e+00
1.117437934875488281e+01 -1.061990618705749512e+00 1.535127401351928711e+00
1.137516975402832031e+01 -7.999283075332641602e-01 3.652934134006500244e-01
9.851235389709472656e+00 -7.744246125221252441e-01 3.242003917694091797e+00
8.769596099853515625e+00 6.558877229690551758e-01 2.702579975128173828e+00
9.318545341491699219e+00 3.706484735012054443e-01 2.168286800384521484e+00
7.253550052642822266e+00 1.714131593704223633e+00 3.028904914855957031e+00
7.128081798553466797e+00 2.489665031433105469e+00 1.891915440559387207e+00
9.747091293334960938e+00 7.277405858039855957e-01 4.239393472671508789e-01
1.000489330291748047e+01 1.174066424369812012e+00 -9.235132932662963867e-01
7.974061489105224609e+00 2.502402305603027344e+00 4.683685004711151123e-01
3.352873086929321289e+00 4.269649505615234375e+00 -3.383083343505859375e-01
6.213354587554931641e+00 3.479095220565795898e+00 3.028445243835449219e-01
5.479169368743896484e+00 4.022843837738037109e+00 -2.215523719787597656e+00
3.673667430877685547e+00 4.382671833038330078e+00 -6.746438145637512207e-01
2.847183704376220703e+00 3.813656330108642578e+00 -2.449952602386474609e+00
2.958292722702026367e+00 3.498970508575439453e+00 -3.322111368179321289e+00
-9.878022074699401855e-01 3.793842792510986328e+00 -7.641280889511108398e-01
2.144021987915039062e+00 3.127580165863037109e+00 -4.380429267883300781e+00
9.238446131348609924e-03 4.153581619262695312e+00 -3.142882585525512695e+00
3.060568869113922119e-01 3.703715801239013672e+00 -4.696846485137939453e+00
2.378656387329101562e+00 3.800565481185913086e+00 -2.562800407409667969e+00
5.101928710937500000e+00 -8.816865682601928711e-01 -8.890072822570800781e+00
2.940519571304321289e+00 2.966573834419250488e-01 -9.603872299194335938e+00
5.061323165893554688e+00 4.915903806686401367e-01 -8.104001998901367188e+00
3.640030145645141602e+00 5.486593842506408691e-01 -8.962263107299804688e+00
2.521020174026489258e+00 4.913100004196166992e-01 -9.797613143920898438e+00
1.544266223907470703e+00 1.840506196022033691e+00 -9.908944129943847656e+00
3.283611536026000977e-01 3.141818761825561523e+00 -9.154971122741699219e+00
1.106858178973197937e-01 2.995539665222167969e+00 -1.045577621459960938e+01
5.653957366943359375e+00 2.793883800506591797e+00 -4.851049900054931641e+00
6.159335136413574219e+00 1.872972607612609863e+00 -6.081543922424316406e+00
4.696491718292236328e+00 2.676035642623901367e+00 -5.238165855407714844e+00
4.792783737182617188e+00 2.366951227188110352e+00 -5.949307441711425781e+00
6.606504917144775391e+00 3.722301006317138672e+00 -2.707660198211669922e+00
6.583972930908203125e+00 1.271261930465698242e+00 -6.419009685516357422e+00
5.709291458129882812e+00 1.653020143508911133e+00 -6.592672824859619141e+00
4.855477333068847656e+00 1.761542677879333496e+00 -7.025234222412109375e+00
2.732831954956054688e+00 2.833339691162109375e+00 -5.054612636566162109e+00
2.812437772750854492e+00 2.071644544601440430e+00 -7.351787567138671875e+00
2.024800300598144531e+00 2.317059755325317383e+00 -6.806406974792480469e+00
9.325315058231353760e-02 3.296956062316894531e+00 -6.269279003143310547e+00
2.691405415534973145e-01 2.952461004257202148e+00 -7.756131649017333984e+00
3.008238375186920166e-01 3.024653196334838867e+00 -8.134841918945312500e+00
-3.296401977539062500e+00 3.395432233810424805e+00 -2.585652828216552734e+00
-5.632773399353027344e+00 3.061686515808105469e+00 -7.732361316680908203e+00
-4.808822631835937500e+00 3.481608390808105469e+00 -7.635690689086914062e+00
-4.258529186248779297e+00 3.352284908294677734e+00 -6.674453735351562500e+00
-2.166929960250854492e+00 3.284864187240600586e+00 -2.319839894771575928e-01
-1.889485478401184082e+00 3.749028682708740234e+00 -1.355795621871948242e+00
-1.528021693229675293e+00 4.091736793518066406e+00 -2.469610691070556641e+00
-1.353999495506286621e+00 4.386415958404541016e+00 -3.693835735321044922e+00
-1.182709813117980957e+00 4.396748542785644531e+00 -4.987592220306396484e+00
-4.801573753356933594e+00 4.075857162475585938e+00 -8.505302429199218750e+00
-4.506419658660888672e+00 4.551898479461669922e+00 -9.025300979614257812e+00
-1.981460690498352051e+00 4.460699558258056641e+00 -7.511146545410156250e+00
-3.350877046585083008e+00 4.455263614654541016e+00 -8.331514358520507812e+00
-1.541853189468383789e+00 3.648408412933349609e+00 -1.119845104217529297e+01
-1.229831099510192871e+00 3.502528905868530273e+00 -1.106209945678710938e+01
-3.829097270965576172e+00 4.849100112915039062e+00 -1.070499515533447266e+01
-2.048704147338867188e+00 4.176593303680419922e+00 -9.850160598754882812e+00
-3.125298917293548584e-01 3.475457906723022461e+00 -9.965061187744140625e+00
-2.159337759017944336e+00 4.557871341705322266e+00 -6.121493339538574219e+00
5.284420967102050781e+00 3.094988584518432617e+00 2.408603191375732422e+00
6.037976264953613281e+00 3.022209405899047852e+00 1.829563975334167480e+00
1.963223218917846680e+00 6.950646042823791504e-01 -1.028414821624755859e+01
-5.177188515663146973e-01 2.790159702301025391e+00 -1.161353874206542969e+01
4.399108290672302246e-01 2.517738580703735352e+00 -1.076646137237548828e+01
