1.561987519264221191e+00 -4.938325405120849609e+00 -2.712933301925659180e+00
2.279170513153076172e+00 -4.790912151336669922e+00 -1.921927332878112793e+00
1.516424417495727539e+00 -4.796360015869140625e+00 -2.307446718215942383e+00
-5.069016933441162109e+00 -8.108692169189453125e+00 -7.822450637817382812e+00
-4.999391555786132812e+00 -8.062203407287597656e+00 -1.156791687011718750e+01
-4.185134887695312500e+00 -8.321286201477050781e+00 -9.419754028320312500e+00
-7.270782470703125000e+00 -7.468637466430664062e+00 -7.059038162231445312e+00
-7.775108814239501953e+00 -7.350877285003662109e+00 -7.967328071594238281e+00
-5.692485332489013672e+00 -8.129309654235839844e+00 -9.823779106140136719e+00
-6.220885276794433594e+00 -7.997785568237304688e+00 -9.061697006225585938e+00
-6.480304241180419922e+00 -7.345478534698486328e+00 -1.205436992645263672e+01
-8.410638809204101562e+00 -6.366886138916015625e+00 -1.057598304748535156e+01
-8.332336425781250000e+00 -6.189914226531982422e+00 -1.129399776458740234e+01
-9.642202377319335938e+00 -5.266469478607177734e+00 -8.363167762756347656e+00
-1.005078601837158203e+01 -4.324789047241210938e+00 -8.716222763061523438e+00
-9.587207794189453125e+00 -4.643297195434570312e+00 -1.086754322052001953e+01
-8.220170021057128906e+00 -6.690407752990722656e+00 -5.445622444152832031e+00
-9.067762374877929688e+00 -6.091278553009033203e+00 -4.930425643920898438e+00
-7.968082904815673828e+00 -5.745118618011474609e+00 -3.404962778091430664e+00
-8.497208595275878906e+00 -5.227952957153320312e+00 -2.227007865905761719e+00
-6.958270072937011719e+00 -5.440443992614746094e+00 -3.112659692764282227e+00
-2.593817472457885742e+00 -5.032399177551269531e+00 -1.548456072807312012e+00
-3.374186515808105469e+00 -4.883741855621337891e+00 -5.833528637886047363e-01
-1.441156387329101562e+00 -4.997732639312744141e+00 -2.381913661956787109e-01
-7.379729747772216797e+00 -3.212584018707275391e+00 2.310640573501586914e+00
-5.355773925781250000e+00 -3.513049840927124023e+00 1.278167366981506348e+00
-3.860399484634399414e+00 -5.068666934967041016e+00 -2.136931896209716797e+00
-7.304496288299560547e+00 -4.796274185180664062e+00 -1.627142786979675293e+00
-6.307679653167724609e+00 -5.167056083679199219e+00 -2.786830663681030273e+00
-3.739126682281494141e+00 -4.415728092193603516e+00 1.337943524122238159e-01
-4.768166542053222656e+00 -7.279003620147705078e+00 -5.294881820678710938e+00
-4.545680046081542969e+00 -6.498376846313476562e+00 -4.090951919555664062e+00
-2.280504941940307617e+00 -7.655668258666992188e+00 -6.416994571685791016e+00
-2.884850263595581055e+00 -7.167825222015380859e+00 -5.067117214202880859e+00
-2.214483261108398438e+00 -7.177763938903808594e+00 -5.298874378204345703e+00
-1.356388568878173828e+00 -6.802468299865722656e+00 -5.044103622436523438e+00
-2.779866933822631836e+00 -6.777153491973876953e+00 -4.439810276031494141e+00
-5.267726898193359375e+00 -6.850734710693359375e+00 -4.678911685943603516e+00
-6.153843879699707031e+00 -7.666790008544921875e+00 -6.742202281951904297e+00
-8.704791069030761719e+00 -6.650609493255615234e+00 -6.454982280731201172e+00
-1.417001724243164062e+00 -4.983514308929443359e+00 -1.835845589637756348e+00
-9.342792630195617676e-01 -5.045851230621337891e+00 -2.276379346847534180e+00
-2.241301298141479492e+00 -5.125786304473876953e+00 -2.023358821868896484e+00
-3.511964976787567139e-01 -5.092968940734863281e+00 -1.198059797286987305e+00
6.343512535095214844e-01 -4.628465652465820312e+00 -1.597592234611511230e+00
-8.145677447319030762e-01 -5.405320167541503906e+00 -3.020698308944702148e+00
-7.813682779669761658e-03 -5.502172470092773438e+00 -3.345095396041870117e+00
6.084125041961669922e-01 -4.771265506744384766e+00 -2.124693393707275391e+00
-9.515535354614257812e+00 -4.813055515289306641e+00 -2.045173883438110352e+00
-9.940096855163574219e+00 -4.890048980712890625e+00 -4.680211067199707031e+00
-9.351655960083007812e+00 -5.580628871917724609e+00 -3.831591367721557617e+00
-1.019582366943359375e+01 -3.759114980697631836e+00 -3.288364410400390625e+00
-1.031964302062988281e+01 -3.585176229476928711e+00 -4.715816974639892578e+00
-9.120159149169921875e+00 -4.088203430175781250e+00 3.091440498828887939e-01
-9.781143188476562500e+00 -4.173992156982421875e+00 -1.408660769462585449e+00
-9.820332527160644531e+00 -3.231729745864868164e+00 -2.801071405410766602e-01
-9.599253654479980469e+00 -2.927387475967407227e+00 9.022583961486816406e-01
-9.113162994384765625e+00 -2.721874237060546875e+00 2.167134284973144531e+00
-9.279262542724609375e+00 -1.630419135093688965e+00 1.269520521163940430e+00
-1.017358303070068359e+01 -2.694735765457153320e+00 -2.523835897445678711e+00
-1.009758472442626953e+01 -1.608786106109619141e+00 -2.652700662612915039e+00
-9.464344978332519531e+00 -1.293909907341003418e+00 -8.881991505622863770e-01
-7.935935020446777344e+00 -4.174026548862457275e-01 -6.459277868270874023e-01
-1.006320571899414062e+01 -4.634397983551025391e+00 -5.545509338378906250e+00
-1.034800529479980469e+01 -3.651291370391845703e+00 -5.424867630004882812e+00
-1.053370380401611328e+01 -2.257027387619018555e+00 -5.301752090454101562e+00
-1.059135341644287109e+01 -2.097866058349609375e+00 -5.871547222137451172e+00
-1.008355236053466797e+01 -6.556181907653808594e-01 -5.354102611541748047e+00
-1.059016990661621094e+01 -2.843259572982788086e+00 -7.961886882781982422e+00
-1.071227931976318359e+01 -1.947239637374877930e+00 -8.887324333190917969e+00
-1.060286808013916016e+01 -8.109015822410583496e-01 -8.516923904418945312e+00
-9.952960014343261719e+00 -3.298280239105224609e-01 -6.705291271209716797e+00
-8.382184982299804688e+00 -2.031913846731185913e-01 -2.253645896911621094e+00
-6.925578594207763672e+00 1.701108813285827637e+00 -3.687101364135742188e+00
-9.017206192016601562e+00 3.874945938587188721e-01 -6.202818870544433594e+00
-7.574202537536621094e+00 1.439366459846496582e+00 -4.988499164581298828e+00
1.319687843322753906e+01 -6.067760467529296875e+00 4.775275707244873047e+00
1.354491615295410156e+01 -6.333845615386962891e+00 8.380289673805236816e-01
1.303070354461669922e+01 -6.168735980987548828e+00 1.542025804519653320e+00
1.490341758728027344e+01 -6.152373313903808594e+00 2.033012390136718750e+00
1.470151710510253906e+01 -5.386684417724609375e+00 3.207918643951416016e+00
1.194714546203613281e+01 -5.921028137207031250e+00 2.865896224975585938e+00
4.370786190032958984e+00 -1.437064647674560547e+00 5.053827285766601562e+00
5.189222335815429688e+00 -1.305666208267211914e+00 6.212608337402343750e+00
6.652261257171630859e+00 -4.872980117797851562e+00 -1.652526259422302246e+00
8.913502693176269531e+00 -6.294962406158447266e+00 -1.214382529258728027e+00
8.127233505249023438e+00 -6.205882549285888672e+00 -1.057239532470703125e+00
7.455705642700195312e+00 -6.278013229370117188e+00 -4.738140106201171875e-01
2.554896593093872070e+00 -5.432713031768798828e+00 4.046876728534698486e-01
4.297088623046875000e+00 -4.721007347106933594e+00 -1.491558194160461426e+00
5.169062614440917969e+00 -5.119306087493896484e+00 -1.159524202346801758e+00
2.310172319412231445e+00 -4.301725387573242188e+00 -1.260650277137756348e+00
4.117474079132080078e+00 -4.750542163848876953e+00 -1.273459553718566895e+00
5.110461235046386719e+00 -5.589052200317382812e+00 2.259654998779296875e-01
5.809361457824707031e+00 -5.999691963195800781e+00 -5.950483083724975586e-01
3.098459482192993164e+00 -5.508689403533935547e+00 -5.852062702178955078e-01
9.453703880310058594e+00 -5.322674274444580078e+00 3.213652849197387695e+00
9.944791793823242188e+00 -5.449435234069824219e+00 5.322362899780273438e+00
9.908190727233886719e+00 -5.259616374969482422e+00 4.505137443542480469e+00
8.675130844116210938e+00 -4.560155868530273438e+00 5.765123844146728516e+00
8.931165695190429688e+00 -5.081050395965576172e+00 3.277888774871826172e+00
9.026061058044433594e+00 -5.964637279510498047e+00 1.488510251045227051e+00
8.686057090759277344e+00 -6.112911701202392578e+00 9.725048542022705078e-01
5.524443149566650391e+00 -1.540598392486572266e+00 4.225218296051025391e+00
6.179018020629882812e+00 -3.746616125106811523e+00 2.452187776565551758e+00
5.598555564880371094e+00 -3.996657133102416992e+00 1.899084806442260742e+00
4.525386810302734375e+00 -1.949318289756774902e+00 3.132866144180297852e+00
4.614210128784179688e+00 -1.621889472007751465e+00 3.837879419326782227e+00
6.921850204467773438e+00 -2.650692224502563477e+00 4.493659973144531250e+00
6.646076679229736328e+00 -2.348981857299804688e+00 5.749658107757568359e+00
6.548634052276611328e+00 -5.482333183288574219e+00 9.571735858917236328e-01
1.200713062286376953e+01 -5.009375572204589844e+00 6.302347183227539062e+00
1.368023014068603516e+01 -5.045722007751464844e+00 4.712840557098388672e+00
1.249877262115478516e+01 -3.927996873855590820e+00 5.100721836090087891e+00
1.339465808868408203e+01 -3.728127956390380859e+00 3.355894804000854492e+00
7.729110717773437500e+00 -3.512303829193115234e+00 7.113648414611816406e+00
7.273492813110351562e+00 -3.025583982467651367e+00 6.870592594146728516e+00
4.139534950256347656e+00 -8.256850838661193848e-01 6.908340930938720703e+00
9.589873313903808594e+00 -5.145500659942626953e+00 7.555950641632080078e+00
1.027384281158447266e+01 -3.602491855621337891e+00 7.005373954772949219e+00
1.061968612670898438e+01 -3.119575262069702148e+00 5.816956520080566406e+00
8.576686859130859375e+00 -2.145836353302001953e+00 6.638446807861328125e+00
8.926552772521972656e+00 -1.726924419403076172e+00 5.626685142517089844e+00
1.097441959381103516e+01 -2.764544486999511719e+00 4.702167034149169922e+00
1.133418083190917969e+01 -2.383883953094482422e+00 3.648227691650390625e+00
6.520504951477050781e+00 -1.985873937606811523e+00 6.534948348999023438e+00
7.664343833923339844e+00 -1.556232690811157227e+00 6.425189018249511719e+00
6.968218803405761719e+00 -4.513449668884277344e-01 5.896622657775878906e+00
6.191637516021728516e+00 -6.841201186180114746e-01 6.198742389678955078e+00
5.642067909240722656e+00 5.629805326461791992e-01 5.695783615112304688e+00
8.038537979125976562e+00 -1.382135152816772461e-01 4.641032218933105469e+00
5.740722656250000000e+00 1.819457888603210449e+00 4.300126075744628906e+00
6.117645740509033203e+00 1.928927659988403320e+00 3.788709402084350586e+00
-2.136916399002075195e+00 -2.804936408996582031e+00 3.778557300567626953e+00
-1.525226235389709473e+00 -3.808978319168090820e+00 1.667527794837951660e+00
-1.477581501007080078e+00 -4.656055450439453125e+00 3.913671970367431641e-01
-1.622743725776672363e+00 -2.875164270401000977e+00 3.502806186676025391e+00
-2.518594861030578613e-01 -2.672804355621337891e+00 2.380141496658325195e+00
-5.072251319885253906e+00 -3.477969646453857422e+00 1.470023512840270996e+00
-4.360094547271728516e+00 -3.317230463027954102e+00 2.204718589782714844e+00
-5.806207180023193359e+00 -2.599459409713745117e+00 3.393743515014648438e+00
-5.279787063598632812e+00 -3.019675731658935547e+00 2.537675142288208008e+00
-4.097255706787109375e+00 -2.830081224441528320e+00 3.383231401443481445e+00
-2.761849641799926758e+00 -1.625646710395812988e+00 4.880806922912597656e+00
-5.655256748199462891e+00 -1.271033525466918945e+00 4.708572387695312500e+00
-5.351485729217529297e+00 -7.412105202674865723e-01 4.909908771514892578e+00
2.505208492279052734e+00 -1.806677341461181641e+00 3.704120635986328125e+00
1.355655431747436523e+00 -9.471513628959655762e-01 4.156656265258789062e+00
-7.041981816291809082e-02 -1.209435224533081055e+00 3.666127681732177734e+00
1.075323224067687988e+00 -3.823019266128540039e-01 4.696375846862792969e+00
2.454062700271606445e+00 -1.220249891281127930e+00 5.338767528533935547e+00
3.427943229675292969e+00 -8.421478271484375000e-01 6.713056087493896484e+00
1.099088668823242188e+00 6.981682181358337402e-01 5.421024322509765625e+00
-3.227703571319580078e+00 -1.394592761993408203e+00 5.010525703430175781e+00
-4.245701789855957031e+00 2.961839139461517334e-01 5.009837627410888672e+00
-2.751065015792846680e+00 5.586875081062316895e-01 5.136028289794921875e+00
-1.170291781425476074e+00 1.606761455535888672e+00 4.409079074859619141e+00
-3.887798309326171875e+00 1.014862656593322754e+00 4.048182964324951172e+00
-3.823800325393676758e+00 1.418804407119750977e+00 2.889136314392089844e+00
-1.796500682830810547e-01 -5.105447769165039062e+00 -8.221607655286788940e-02
2.961980104446411133e-01 -4.966509819030761719e+00 -1.172273978590965271e-01
8.144236207008361816e-01 -4.978944778442382812e+00 3.054705075919628143e-02
1.640581250190734863e+00 -3.822574138641357422e+00 1.419303774833679199e+00
1.481206536293029785e+00 -5.015105724334716797e+00 5.767259001731872559e-01
1.628678441047668457e+00 -3.777483463287353516e+00 -1.359805941581726074e+00
1.874807000160217285e+00 -2.661892890930175781e+00 2.367290735244750977e+00
2.273727178573608398e+00 1.328722119331359863e+00 5.618531227111816406e+00
2.871950626373291016e+00 2.335974931716918945e+00 4.273438453674316406e+00
2.606052160263061523e+00 2.920063257217407227e+00 3.044681072235107422e+00
-8.625170588493347168e-01 2.478536128997802734e+00 2.622958421707153320e+00
-6.650615334510803223e-01 1.932789206504821777e+00 4.190753459930419922e+00
5.708026885986328125e-01 2.529749393463134766e+00 3.259406089782714844e+00
-1.729943394660949707e+00 3.177606105804443359e+00 1.108227670192718506e-01
-7.586110115051269531e+00 -2.460747957229614258e+00 3.554618358612060547e+00
-7.328970432281494141e+00 -1.425686478614807129e+00 4.217132568359375000e+00
-7.960629940032958984e+00 -8.144163489341735840e-01 2.907277345657348633e+00
-6.812172412872314453e+00 -1.163369894027709961e+00 4.462476253509521484e+00
-7.016522884368896484e+00 -3.681660890579223633e-01 3.059980869293212891e+00
-6.420251369476318359e+00 1.884299218654632568e-01 1.420378446578979492e+00
-6.220035076141357422e+00 1.382599771022796631e-01 2.391479492187500000e+00
-6.925032615661621094e+00 2.288308888673782349e-01 -8.142367005348205566e-01
-3.744798898696899414e+00 1.648682832717895508e+00 1.846627116203308105e+00
-5.361912727355957031e+00 2.013400793075561523e+00 -1.993167042732238770e+00
-3.647427082061767578e+00 3.033600091934204102e+00 -1.668997287750244141e+00
3.331087827682495117e+00 4.261030554771423340e-01 6.535480022430419922e+00
2.966320514678955078e+00 1.546683788299560547e+00 5.428497314453125000e+00
3.818046331405639648e+00 1.865568995475769043e+00 4.868073463439941406e+00
4.528522014617919922e+00 2.470828056335449219e+00 3.827604055404663086e+00
3.883780956268310547e+00 3.077501535415649414e+00 3.009565353393554688e+00
7.761911869049072266e+00 -4.941421985626220703e+00 -3.944680690765380859e+00
2.378188848495483398e+00 -5.080873966217041016e+00 -3.050642251968383789e+00
5.497282028198242188e+00 -4.758092403411865234e+00 -2.513726711273193359e+00
6.322562217712402344e+00 -4.714210033416748047e+00 -2.959028005599975586e+00
3.034661293029785156e+00 -5.021887779235839844e+00 -2.930110454559326172e+00
2.091045856475830078e+00 -5.934804916381835938e+00 -5.249717712402343750e+00
2.627066135406494141e+00 -5.811987400054931641e+00 -6.251630783081054688e+00
3.890508174896240234e+00 -5.145907402038574219e+00 -5.595250129699707031e+00
5.924052715301513672e+00 -4.834212779998779297e+00 -3.723526716232299805e+00
7.158946514129638672e+00 -4.990577697753906250e+00 -4.056588172912597656e+00
2.443831920623779297e+00 -5.623254299163818359e+00 -8.457436561584472656e+00
8.321970939636230469e+00 -5.005007266998291016e+00 -5.992329120635986328e+00
3.300387144088745117e+00 -5.335004806518554688e+00 -7.114161968231201172e+00
3.713300228118896484e+00 -4.725566864013671875e+00 -7.897049427032470703e+00
6.290186882019042969e+00 -5.085146427154541016e+00 -5.370560646057128906e+00
7.409776210784912109e+00 -4.947362422943115234e+00 -6.320541381835937500e+00
5.880350112915039062e+00 -4.188761234283447266e+00 -7.245123863220214844e+00
7.537781715393066406e+00 -4.045563220977783203e+00 -7.358505249023437500e+00
5.591648101806640625e+00 -3.872331619262695312e+00 -7.625576972961425781e+00
5.161775588989257812e+00 -2.844864845275878906e+00 -8.642580032348632812e+00
5.234858036041259766e+00 -2.084392309188842773e+00 -8.896418571472167969e+00
-3.349434137344360352e+00 -7.971027374267578125e+00 -1.205597209930419922e+01
-3.131269693374633789e+00 -8.215321540832519531e+00 -1.051678943634033203e+01
-3.961374759674072266e+00 -7.544483184814453125e+00 -1.315926837921142578e+01
-1.581827402114868164e+00 -6.563387870788574219e+00 -1.324204540252685547e+01
-3.556905031204223633e+00 -6.335218906402587891e+00 -1.445958518981933594e+01
-3.374977350234985352e+00 -5.283373355865478516e+00 -1.519265174865722656e+01
-6.631106853485107422e+00 -6.537802219390869141e+00 -1.317136955261230469e+01
-7.071967601776123047e+00 -6.214341163635253906e+00 -1.318903160095214844e+01
-7.757958889007568359e+00 -5.234220981597900391e+00 -1.367547512054443359e+01
-5.719750881195068359e+00 -7.133062839508056641e+00 -1.307816219329833984e+01
-8.473069190979003906e+00 -5.366923332214355469e+00 -1.256415653228759766e+01
-7.364181518554687500e+00 -4.567139148712158203e+00 -1.457454109191894531e+01
-4.151100635528564453e+00 -5.536914348602294922e+00 -1.502918148040771484e+01
-5.996144294738769531e+00 -4.384220600128173828e+00 -1.525837326049804688e+01
-2.711339235305786133e+00 -5.389491081237792969e+00 -1.501384830474853516e+01
-2.176997184753417969e+00 -4.296720981597900391e+00 -1.536972141265869141e+01
-3.722735643386840820e+00 -3.717623949050903320e+00 -1.575250816345214844e+01
-2.790416955947875977e+00 -3.189462184906005859e+00 -1.571539306640625000e+01
-4.989994525909423828e+00 -2.651188373565673828e+00 -1.594075393676757812e+01
-3.921356678009033203e+00 -1.506690144538879395e+00 -1.593539714813232422e+01
-9.300932884216308594e+00 -4.443668842315673828e+00 -1.222168159484863281e+01
-8.934817314147949219e+00 -4.003079891204833984e+00 -1.344526576995849609e+01
-9.911758422851562500e+00 -2.864756822586059570e+00 -1.234664821624755859e+01
-1.040171146392822266e+01 -1.440485239028930664e+00 -1.151914501190185547e+01
-8.549679756164550781e+00 -3.351281166076660156e+00 -1.436105918884277344e+01
-7.692464828491210938e+00 -2.969030618667602539e+00 -1.519913387298583984e+01
-9.822976112365722656e+00 -9.256535768508911133e-01 -1.328327178955078125e+01
-9.375534057617187500e+00 -3.320047855377197266e-01 -1.420481109619140625e+01
-8.487788200378417969e+00 -9.547860622406005859e-01 -1.507472229003906250e+01
-7.135677337646484375e+00 1.584429442882537842e-01 -1.576988601684570312e+01
-7.627799034118652344e+00 8.117226958274841309e-01 -1.553555107116699219e+01
-1.522188901901245117e+00 -7.556573390960693359e+00 -6.888694763183593750e+00
-4.211761951446533203e-01 -7.157145977020263672e+00 -8.631778717041015625e+00
7.375863939523696899e-02 -6.570699214935302734e+00 -5.590043544769287109e+00
6.191537380218505859e-01 -6.687018394470214844e+00 -6.757107257843017578e+00
-2.399012595415115356e-01 -6.930778980255126953e+00 -9.610676765441894531e+00
-5.080856382846832275e-02 -5.895537853240966797e+00 -1.240168571472167969e+01
1.353522300720214844e+00 -6.392011642456054688e+00 -6.418985366821289062e+00
2.021710157394409180e+00 -5.954016685485839844e+00 -8.190680503845214844e+00
-7.604814171791076660e-01 -5.088021755218505859e+00 -1.430358600616455078e+01
1.024468898773193359e+00 -4.963634014129638672e+00 -1.243774604797363281e+01
-1.230268478393554688e+00 -3.740795612335205078e+00 -1.520236968994140625e+01
-1.919686496257781982e-01 -3.008120059967041016e+00 -1.485966873168945312e+01
1.960615873336791992e+00 -5.054369926452636719e+00 -1.069758033752441406e+01
-1.087909817695617676e+00 -2.406998872756958008e+00 -1.528192329406738281e+01
-1.307581424713134766e+00 -1.698978781700134277e+00 -1.534090042114257812e+01
2.141708850860595703e+00 -3.537626266479492188e+00 -1.149233245849609375e+01
8.850596547126770020e-01 -1.871027231216430664e+00 -1.348753738403320312e+01
7.973460555076599121e-01 -1.145089030265808105e+00 -1.333465671539306641e+01
-2.607080936431884766e+00 -1.781138539314270020e+00 -1.569797134399414062e+01
-2.676697015762329102e+00 -8.122416138648986816e-01 -1.564121246337890625e+01
-5.085506439208984375e+00 4.525768160820007324e-01 -1.588837051391601562e+01
-2.887506008148193359e+00 1.005273103713989258e+00 -1.536663246154785156e+01
-2.165287494659423828e+00 1.172532439231872559e+00 -1.512377929687500000e+01
-4.978877007961273193e-01 1.148089170455932617e+00 -1.388990783691406250e+01
-2.882501840591430664e+00 2.077577352523803711e+00 -1.503585147857666016e+01
-2.466310024261474609e+00 2.786142110824584961e+00 -1.464643287658691406e+01
2.704470634460449219e+00 -3.969496965408325195e+00 -1.033737468719482422e+01
3.522560596466064453e+00 -2.613942146301269531e+00 -1.011239528656005859e+01
3.013404846191406250e+00 -1.850861430168151855e+00 -1.085326576232910156e+01
9.645444154739379883e-01 -2.833127975463867188e-01 -1.281336784362792969e+01
1.483248710632324219e+00 3.618683665990829468e-03 -1.211017990112304688e+01
2.348857641220092773e+00 -2.215421348810195923e-01 -1.122663211822509766e+01
1.081644892692565918e+00 4.140064716339111328e-01 -1.233606624603271484e+01
-1.051228141784667969e+01 -9.670354127883911133e-01 -1.099371433258056641e+01
-9.968272209167480469e+00 6.822059750556945801e-01 -1.292219543457031250e+01
-1.030444622039794922e+01 -1.864104904234409332e-02 -1.048639106750488281e+01
-1.007397747039794922e+01 -1.222719475626945496e-01 -9.023998260498046875e+00
-9.727667808532714844e+00 5.403728485107421875e-01 -1.002740287780761719e+01
-9.964975357055664062e+00 9.200953245162963867e-01 -1.155198097229003906e+01
-9.434379577636718750e+00 2.028205871582031250e+00 -1.278418445587158203e+01
-8.821484565734863281e+00 1.392499923706054688e+00 -9.342936515808105469e+00
-8.417637825012207031e+00 2.392740488052368164e+00 -1.037502479553222656e+01
-8.196786880493164062e+00 1.156538724899291992e+00 -6.070746898651123047e+00
-7.959954738616943359e+00 1.590811491012573242e+00 -7.151412487030029297e+00
-8.282654762268066406e+00 1.876729130744934082e+00 -8.737588882446289062e+00
-7.899761676788330078e+00 2.542450189590454102e+00 -9.732404708862304688e+00
-6.296672821044921875e+00 2.694328784942626953e+00 -7.679483890533447266e+00
-6.213707923889160156e+00 3.003212451934814453e+00 -8.162445068359375000e+00
-8.636187553405761719e+00 2.198268413543701172e+00 -1.429171657562255859e+01
-8.037644386291503906e+00 2.226685047149658203e+00 -1.473116397857666016e+01
-7.638976573944091797e+00 3.437144279479980469e+00 -1.351191711425781250e+01
-6.657145500183105469e+00 4.258610725402832031e+00 -1.313649177551269531e+01
-6.101452827453613281e+00 1.891948580741882324e+00 -1.547600841522216797e+01
-5.845996379852294922e+00 2.181828022003173828e+00 -1.532680034637451172e+01
-5.172122478485107422e+00 3.963183403015136719e+00 -1.412185382843017578e+01
-4.615839958190917969e+00 3.957698345184326172e+00 -1.424919414520263672e+01
-5.869745254516601562e+00 3.765908002853393555e+00 -1.412425899505615234e+01
-8.275027275085449219e+00 3.277608394622802734e+00 -1.224709224700927734e+01
-6.243973731994628906e+00 4.405642509460449219e+00 -1.238166522979736328e+01
-5.556956768035888672e+00 4.374596595764160156e+00 -1.074462890625000000e+01
-3.389405012130737305e+00 4.229789257049560547e+00 -1.348840236663818359e+01
-3.171531677246093750e+00 4.291065692901611328e+00 -1.287029933929443359e+01
-5.221012115478515625e+00 4.427672386169433594e+00 -1.222029590606689453e+01
-4.470095634460449219e+00 4.630543708801269531e+00 -1.232645988464355469e+01
-3.217653512954711914e+00 4.680624485015869141e+00 -1.144314956665039062e+01
-4.959118843078613281e+00 4.779876708984375000e+00 -1.084871196746826172e+01
-3.797016382217407227e+00 4.886549472808837891e+00 -1.117122364044189453e+01
-6.639853000640869141e+00 3.674480438232421875e+00 -1.050284194946289062e+01
-5.932188034057617188e+00 3.618580102920532227e+00 -9.034916877746582031e+00
3.057351827621459961e+00 -1.952301710844039917e-01 -1.030056381225585938e+01
-1.386557817459106445e-01 1.525296568870544434e+00 -1.287779140472412109e+01
-2.114828109741210938e+00 3.217942953109741211e+00 -1.359505176544189453e+01
9.950066804885864258e-01 7.975075840950012207e-01 -1.168814563751220703e+01
-1.054033517837524414e+00 2.880837440490722656e+00 -1.233888721466064453e+01
-2.714245557785034180e+00 3.842041492462158203e+00 -1.327042675018310547e+01
-1.650428652763366699e+00 3.642281055450439453e+00 -1.187528228759765625e+01
1.143369960784912109e+01 -6.573019027709960938e+00 -3.333039760589599609e+00
1.332655906677246094e+01 -6.764317989349365234e+00 -1.667003273963928223e+00
1.117645168304443359e+01 -6.466354846954345703e+00 -8.076041340827941895e-01
1.097914028167724609e+01 -6.502742767333984375e+00 -2.559113264083862305e+00
1.435177040100097656e+01 -6.996941089630126953e+00 -4.972913265228271484e+00
1.198345565795898438e+01 -6.649800300598144531e+00 -3.932739019393920898e+00
1.269518947601318359e+01 -6.619119644165039062e+00 -5.426142215728759766e+00
1.314791488647460938e+01 -6.925794601440429688e+00 -3.617305755615234375e+00
1.562432479858398438e+01 -7.074798583984375000e+00 -3.540997266769409180e+00
1.605854797363281250e+01 -6.002719402313232422e+00 -4.121631622314453125e+00
1.624677848815917969e+01 -6.550174713134765625e+00 -1.110292792320251465e+00
1.636548614501953125e+01 -5.750769138336181641e+00 -1.986880183219909668e+00
1.457923126220703125e+01 -6.651113510131835938e+00 1.153608113527297974e-01
1.481355476379394531e+01 -7.001755237579345703e+00 -1.492667078971862793e+00
1.537497234344482422e+01 -6.328570365905761719e+00 1.040994763374328613e+00
1.476483249664306641e+01 -4.285523414611816406e+00 2.112947702407836914e+00
1.512878608703613281e+01 -4.330554962158203125e+00 9.822081327438354492e-01
1.431155776977539062e+01 -3.498619079589843750e+00 1.149689078330993652e+00
1.579954910278320312e+01 -4.963424205780029297e+00 -3.287299633026123047e+00
1.522871780395507812e+01 -4.106168270111083984e+00 -2.502605915069580078e+00
1.521096611022949219e+01 -4.033538818359375000e+00 -9.365223050117492676e-01
1.497172832489013672e+01 -3.690164804458618164e+00 -1.438816428184509277e+00
1.432225990295410156e+01 -2.944661855697631836e+00 -7.965222597122192383e-01
1.380877685546875000e+01 -6.776846408843994141e+00 -6.192459583282470703e+00
1.524939823150634766e+01 -5.978561878204345703e+00 -6.487069606781005859e+00
1.236850452423095703e+01 -6.480795383453369141e+00 -6.612874031066894531e+00
1.291206264495849609e+01 -5.939228534698486328e+00 -7.394984245300292969e+00
1.592412471771240234e+01 -5.889359474182128906e+00 -5.580646514892578125e+00
1.561165142059326172e+01 -5.120044231414794922e+00 -5.872193813323974609e+00
1.503611373901367188e+01 -4.455442905426025391e+00 -5.473880767822265625e+00
1.325397872924804688e+01 -5.545692920684814453e+00 -7.248062610626220703e+00
1.262617778778076172e+01 -4.992598533630371094e+00 -6.559725761413574219e+00
1.348983573913574219e+01 -4.506908416748046875e+00 -6.037021636962890625e+00
1.361736679077148438e+01 -3.418385505676269531e+00 -4.877797603607177734e+00
1.499482822418212891e+01 -3.779486179351806641e+00 -2.743123769760131836e+00
1.492120838165283203e+01 -3.787060976028442383e+00 -4.430709838867187500e+00
1.437177848815917969e+01 -2.944652795791625977e+00 -3.675697803497314453e+00
1.016387176513671875e+01 -6.040550231933593750e+00 -2.713615179061889648e+00
6.993713855743408203e+00 -4.787964344024658203e+00 -2.352025270462036133e+00
7.281264305114746094e+00 -4.861630916595458984e+00 -1.922780156135559082e+00
6.844819545745849609e+00 -4.727227687835693359e+00 -2.917123556137084961e+00
1.048558712005615234e+01 -6.324248790740966797e+00 -2.309738397598266602e+00
9.013557434082031250e+00 -5.563549041748046875e+00 -1.916158914566040039e+00
7.953044891357421875e+00 -5.126559734344482422e+00 -1.552806615829467773e+00
9.597728729248046875e+00 -5.568627834320068359e+00 -3.406199693679809570e+00
9.951877593994140625e+00 -5.587125778198242188e+00 -4.631252288818359375e+00
8.331368446350097656e+00 -5.024542808532714844e+00 -3.937207698822021484e+00
1.354822635650634766e+01 -2.271942377090454102e+00 6.675709038972854614e-02
1.217596340179443359e+01 -9.370007514953613281e-01 -9.557232856750488281e-01
1.096212482452392578e+01 -6.001773834228515625e+00 -5.457427978515625000e+00
1.102766513824462891e+01 -5.450849056243896484e+00 -5.988536357879638672e+00
9.596021652221679688e+00 -5.102169513702392578e+00 -5.170337677001953125e+00
1.171912956237792969e+01 -4.726701259613037109e+00 -6.123127460479736328e+00
9.185034751892089844e+00 -4.338293552398681641e+00 -6.387148857116699219e+00
1.040392112731933594e+01 -3.562208652496337891e+00 -5.828680515289306641e+00
1.247367763519287109e+01 -3.711586713790893555e+00 -5.397817611694335938e+00
1.065076732635498047e+01 -3.219304561614990234e+00 -5.620684623718261719e+00
1.067476367950439453e+01 -2.289475679397583008e+00 -5.205673694610595703e+00
8.546385765075683594e+00 -3.694405555725097656e+00 -7.008515834808349609e+00
9.055937767028808594e+00 -3.096572399139404297e+00 -6.539947032928466797e+00
8.058383941650390625e+00 -2.038860082626342773e+00 -6.892635345458984375e+00
1.041282367706298828e+01 -1.619068503379821777e+00 -5.075227737426757812e+00
8.261319160461425781e+00 -1.714434504508972168e+00 -6.622262477874755859e+00
8.754902839660644531e+00 -4.918902814388275146e-01 -5.823248863220214844e+00
7.283936500549316406e+00 -1.724269986152648926e-01 -6.906403064727783203e+00
1.327599620819091797e+01 -2.167667865753173828e+00 -3.983853816986083984e+00
1.345730590820312500e+01 -1.734292387962341309e+00 -1.849512338638305664e+00
1.323199272155761719e+01 -1.347572565078735352e+00 -3.078099966049194336e+00
1.239581680297851562e+01 -4.919973909854888916e-01 -2.154794931411743164e+00
1.206528377532958984e+01 -1.552109271287918091e-01 -2.776418685913085938e+00
1.241849040985107422e+01 -1.946638464927673340e+00 -4.296073436737060547e+00
1.122163677215576172e+01 -1.253163576126098633e+00 -4.436121940612792969e+00
1.151393508911132812e+01 -5.921964049339294434e-01 -3.818250417709350586e+00
1.015887451171875000e+01 1.490145683288574219e+00 -1.692190170288085938e+00
9.291660308837890625e+00 2.328658103942871094e+00 -2.844762325286865234e+00
9.333440780639648438e+00 2.278558492660522461e+00 -3.327533721923828125e+00
8.568108558654785156e+00 2.885326385498046875e+00 -2.342868566513061523e+00
1.022005844116210938e+01 -9.258463382720947266e-01 -4.971551895141601562e+00
1.066609477996826172e+01 2.861815690994262695e-01 -4.096168041229248047e+00
8.371850013732910156e+00 1.218115240335464478e-01 -5.844213008880615234e+00
7.018153190612792969e+00 9.766013026237487793e-01 -6.420480251312255859e+00
1.381041717529296875e+01 -3.681798696517944336e+00 2.716260910034179688e+00
1.238944816589355469e+01 -2.697436094284057617e+00 3.012204170227050781e+00
1.117029857635498047e+01 -1.094771385192871094e+00 1.514753937721252441e+00
1.137839603424072266e+01 -8.162875175476074219e-01 3.523598909378051758e-01
9.845376014709472656e+00 -8.251817226409912109e-01 3.212248325347900391e+00
8.766586303710937500e+00 6.293148994445800781e-01 2.685341596603393555e+00
9.317459106445312500e+00 3.436771631240844727e-01 2.145536184310913086e+00
7.252641677856445312e+00 1.687599658966064453e+00 3.017105579376220703e+00
7.131173610687255859e+00 2.469719409942626953e+00 1.883118152618408203e+00
9.745762825012207031e+00 7.114915251731872559e-01 4.105968773365020752e-01
1.000728988647460938e+01 1.165251731872558594e+00 -9.329783320426940918e-01
7.973906517028808594e+00 2.491819381713867188e+00 4.610053598880767822e-01
3.354006767272949219e+00 4.269272804260253906e+00 -3.385787010192871094e-01
6.214445590972900391e+00 3.473584890365600586e+00 2.999825179576873779e-01
5.480413436889648438e+00 4.021430015563964844e+00 -2.215618133544921875e+00
3.674792051315307617e+00 4.381463527679443359e+00 -6.757066249847412109e-01
2.847968816757202148e+00 3.814821720123291016e+00 -2.451365232467651367e+00
2.959861040115356445e+00 3.504481077194213867e+00 -3.323530912399291992e+00
-9.875899553298950195e-01 3.795091152191162109e+00 -7.634555697441101074e-01
2.146138668060302734e+00 3.135330200195312500e+00 -4.381498813629150391e+00
9.032811969518661499e-03 4.159450054168701172e+00 -3.141602754592895508e+00
3.070176541805267334e-01 3.708312511444091797e+00 -4.696033000946044922e+00
2.379180669784545898e+00 3.802809715270996094e+00 -2.563204050064086914e+00
5.103012084960937500e+00 -8.789208531379699707e-01 -8.891170501708984375e+00
2.942350149154663086e+00 3.013615608215332031e-01 -9.604248046875000000e+00
5.063963413238525391e+00 4.971315860748291016e-01 -8.106256484985351562e+00
3.642572164535522461e+00 5.556055903434753418e-01 -8.964476585388183594e+00
2.522258758544921875e+00 4.951835870742797852e-01 -9.798194885253906250e+00
1.545822381973266602e+00 1.844903588294982910e+00 -9.909896850585937500e+00
3.299708962440490723e-01 3.145628452301025391e+00 -9.155438423156738281e+00
1.115968897938728333e-01 2.998654842376708984e+00 -1.045647621154785156e+01
5.653903484344482422e+00 2.798163652420043945e+00 -4.852131843566894531e+00
6.160722255706787109e+00 1.877092599868774414e+00 -6.082736492156982422e+00
4.699607372283935547e+00 2.682824850082397461e+00 -5.241211891174316406e+00
4.797125816345214844e+00 2.376623868942260742e+00 -5.953817367553710938e+00
6.606926441192626953e+00 3.720433950424194336e+00 -2.707374572753906250e+00
6.586960792541503906e+00 1.275672078132629395e+00 -6.420572280883789062e+00
5.713194847106933594e+00 1.660801768302917480e+00 -6.596268653869628906e+00
4.860415458679199219e+00 1.771619558334350586e+00 -7.030286312103271484e+00
2.735494136810302734e+00 2.842184066772460938e+00 -5.056537628173828125e+00
2.815515995025634766e+00 2.080882310867309570e+00 -7.354693412780761719e+00
2.027251005172729492e+00 2.322750091552734375e+00 -6.808498859405517578e+00
9.460926055908203125e-02 3.300825357437133789e+00 -6.269085884094238281e+00
2.709735035896301270e-01 2.957034587860107422e+00 -7.756527900695800781e+00
3.019228875637054443e-01 3.028561830520629883e+00 -8.135333061218261719e+00
-3.296767711639404297e+00 3.397476196289062500e+00 -2.584522962570190430e+00
-5.633930206298828125e+00 3.063731193542480469e+00 -7.731547832489013672e+00
-4.808430671691894531e+00 3.482826948165893555e+00 -7.635609626770019531e+00
-4.258408069610595703e+00 3.353265285491943359e+00 -6.673887252807617188e+00
-2.166984558105468750e+00 3.287352085113525391e+00 -2.307026833295822144e-01
-1.890224814414978027e+00 3.750007390975952148e+00 -1.354123473167419434e+00
-1.528556942939758301e+00 4.091431140899658203e+00 -2.468543291091918945e+00
-1.354392051696777344e+00 4.390298366546630859e+00 -3.692746162414550781e+00
-1.182578206062316895e+00 4.401472091674804688e+00 -4.986332416534423828e+00
-4.800569534301757812e+00 4.076957225799560547e+00 -8.505123138427734375e+00
-4.506137847900390625e+00 4.552744865417480469e+00 -9.025194168090820312e+00
-1.980965375900268555e+00 4.463892936706542969e+00 -7.510790348052978516e+00
-3.351118087768554688e+00 4.457630634307861328e+00 -8.331226348876953125e+00
-1.541536092758178711e+00 3.650078058242797852e+00 -1.119833564758300781e+01
-1.229008913040161133e+00 3.504834175109863281e+00 -1.106216239929199219e+01
-3.829072475433349609e+00 4.849838733673095703e+00 -1.070442485809326172e+01
-2.048392057418823242e+00 4.179242610931396484e+00 -9.849974632263183594e+00
-3.121992349624633789e-01 3.477956295013427734e+00 -9.965202331542968750e+00
-2.159319639205932617e+00 4.563411235809326172e+00 -6.119762420654296875e+00
5.286045074462890625e+00 3.085190534591674805e+00 2.408107519149780273e+00
6.038792133331298828e+00 3.009566783905029297e+00 1.826634407043457031e+00
1.964519381523132324e+00 6.990822553634643555e-01 -1.028454875946044922e+01
-5.171459913253784180e-01 2.792694568634033203e+00 -1.161468410491943359e+01
4.409917294979095459e-01 2.521485567092895508e+00 -1.076772117614746094e+01
