1.562237501144409180e+00 -4.938557147979736328e+00 -2.711110353469848633e+00
2.279214859008789062e+00 -4.791410923004150391e+00 -1.918611049652099609e+00
1.516559123992919922e+00 -4.796269416809082031e+00 -2.305130481719970703e+00
-5.068853855133056641e+00 -8.108690261840820312e+00 -7.822143554687500000e+00
-4.999144077301025391e+00 -8.062739372253417969e+00 -1.156794643402099609e+01
-4.184941768646240234e+00 -8.321346282958984375e+00 -9.419532775878906250e+00
-7.270768165588378906e+00 -7.468695640563964844e+00 -7.059037208557128906e+00
-7.774881839752197266e+00 -7.350987434387207031e+00 -7.967294216156005859e+00
-5.692175865173339844e+00 -8.129747390747070312e+00 -9.823578834533691406e+00
-6.220584869384765625e+00 -7.998054027557373047e+00 -9.061516761779785156e+00
-6.480314254760742188e+00 -7.346447467803955078e+00 -1.205451202392578125e+01
-8.410221099853515625e+00 -6.367525100708007812e+00 -1.057616329193115234e+01
-8.333120346069335938e+00 -6.191402435302734375e+00 -1.129465961456298828e+01
-9.642323493957519531e+00 -5.267865180969238281e+00 -8.363210678100585938e+00
-1.005119800567626953e+01 -4.326663970947265625e+00 -8.716350555419921875e+00
-9.587258338928222656e+00 -4.645300865173339844e+00 -1.086808204650878906e+01
-8.219921112060546875e+00 -6.690786361694335938e+00 -5.445573806762695312e+00
-9.067466735839843750e+00 -6.092415332794189453e+00 -4.930241584777832031e+00
-7.968071937561035156e+00 -5.745529651641845703e+00 -3.404690027236938477e+00
-8.496958732604980469e+00 -5.228651523590087891e+00 -2.226292371749877930e+00
-6.958321571350097656e+00 -5.440474987030029297e+00 -3.112257957458496094e+00
-2.593748807907104492e+00 -5.032334327697753906e+00 -1.547600388526916504e+00
-3.374205827713012695e+00 -4.882983684539794922e+00 -5.827099084854125977e-01
-1.441136121749877930e+00 -4.996368408203125000e+00 -2.367547750473022461e-01
-7.379925727844238281e+00 -3.213060379028320312e+00 2.311938762664794922e+00
-5.355959415435791016e+00 -3.513365507125854492e+00 1.279121994972229004e+00
-3.860385894775390625e+00 -5.068680286407470703e+00 -2.136400222778320312e+00
-7.304476261138916016e+00 -4.796353816986083984e+00 -1.626811265945434570e+00
-6.307717800140380859e+00 -5.166970252990722656e+00 -2.786388635635375977e+00
-3.739234447479248047e+00 -4.415151119232177734e+00 1.344232708215713501e-01
-4.768213748931884766e+00 -7.279013633728027344e+00 -5.294608116149902344e+00
-4.545730590820312500e+00 -6.498278141021728516e+00 -4.090733528137207031e+00
-2.280433654785156250e+00 -7.655810832977294922e+00 -6.416726589202880859e+00
-2.884908437728881836e+00 -7.167862415313720703e+00 -5.066866397857666016e+00
-2.214551210403442383e+00 -7.177897930145263672e+00 -5.298669815063476562e+00
-1.356285810470581055e+00 -6.803020000457763672e+00 -5.043656826019287109e+00
-2.779888868331909180e+00 -6.777299880981445312e+00 -4.439516067504882812e+00
-5.267749309539794922e+00 -6.850597858428955078e+00 -4.678757667541503906e+00
-6.153894901275634766e+00 -7.666850090026855469e+00 -6.741982460021972656e+00
-8.704456329345703125e+00 -6.651456356048583984e+00 -6.454905509948730469e+00
-1.416818976402282715e+00 -4.984229087829589844e+00 -1.834798455238342285e+00
-9.341201186180114746e-01 -5.046375274658203125e+00 -2.275351285934448242e+00
-2.241242408752441406e+00 -5.126779556274414062e+00 -2.022446393966674805e+00
-3.509650826454162598e-01 -5.092463016510009766e+00 -1.196233630180358887e+00
6.339660286903381348e-01 -4.627449035644531250e+00 -1.595709085464477539e+00
-8.144509792327880859e-01 -5.405868053436279297e+00 -3.020064592361450195e+00
-7.728481665253639221e-03 -5.502752780914306641e+00 -3.344306945800781250e+00
6.082870364189147949e-01 -4.770946502685546875e+00 -2.123592376708984375e+00
-9.515678405761718750e+00 -4.813987731933593750e+00 -2.044682264328002930e+00
-9.939940452575683594e+00 -4.891415596008300781e+00 -4.680101394653320312e+00
-9.351618766784667969e+00 -5.581834793090820312e+00 -3.831151008605957031e+00
-1.019548225402832031e+01 -3.760076045989990234e+00 -3.288104772567749023e+00
-1.031928634643554688e+01 -3.586477518081665039e+00 -4.715643405914306641e+00
-9.120178222656250000e+00 -4.087795257568359375e+00 3.092425763607025146e-01
-9.780982971191406250e+00 -4.174307346343994141e+00 -1.408533453941345215e+00
-9.820215225219726562e+00 -3.231645822525024414e+00 -2.801319062709808350e-01
-9.599070549011230469e+00 -2.927393436431884766e+00 9.021291732788085938e-01
-9.113423347473144531e+00 -2.722608566284179688e+00 2.167263507843017578e+00
-9.278901100158691406e+00 -1.630260705947875977e+00 1.269551277160644531e+00
-1.017273616790771484e+01 -2.694928407669067383e+00 -2.523725986480712891e+00
-1.009747695922851562e+01 -1.608841657638549805e+00 -2.652359485626220703e+00
-9.464757919311523438e+00 -1.293344855308532715e+00 -8.879553675651550293e-01
-7.937605857849121094e+00 -4.173805117607116699e-01 -6.464145779609680176e-01
-1.006305408477783203e+01 -4.635820388793945312e+00 -5.545572757720947266e+00
-1.034736728668212891e+01 -3.652406215667724609e+00 -5.425162792205810547e+00
-1.053341579437255859e+01 -2.258692741394042969e+00 -5.301300048828125000e+00
-1.059139728546142578e+01 -2.100075721740722656e+00 -5.871358394622802734e+00
-1.008483695983886719e+01 -6.581686735153198242e-01 -5.351969242095947266e+00
-1.058990669250488281e+01 -2.845149993896484375e+00 -7.961902141571044922e+00
-1.071238994598388672e+01 -1.949919104576110840e+00 -8.887115478515625000e+00
-1.060305023193359375e+01 -8.155061006546020508e-01 -8.515686988830566406e+00
-9.953193664550781250e+00 -3.348763287067413330e-01 -6.704545974731445312e+00
-8.382904052734375000e+00 -2.025211602449417114e-01 -2.253278732299804688e+00
-6.926210403442382812e+00 1.701072812080383301e+00 -3.686948299407958984e+00
-9.018615722656250000e+00 3.845477104187011719e-01 -6.202094554901123047e+00
-7.576548099517822266e+00 1.438496828079223633e+00 -4.988525390625000000e+00
1.319031524658203125e+01 -5.848171234130859375e+00 4.768956661224365234e+00
1.353994655609130859e+01 -6.277247428894042969e+00 8.466091156005859375e-01
1.302837753295898438e+01 -6.114615440368652344e+00 1.546054124832153320e+00
1.489662647247314453e+01 -6.037956237792968750e+00 2.046459197998046875e+00
1.470730876922607422e+01 -5.232026576995849609e+00 3.220181941986083984e+00
1.194834327697753906e+01 -5.854435920715332031e+00 2.864744186401367188e+00
4.375419139862060547e+00 -1.355242490768432617e+00 5.066389560699462891e+00
5.209552764892578125e+00 -1.129279851913452148e+00 6.227175712585449219e+00
6.650502681732177734e+00 -4.885330200195312500e+00 -1.645606875419616699e+00
8.909011840820312500e+00 -6.310442447662353516e+00 -1.200017571449279785e+00
8.124116897583007812e+00 -6.223116874694824219e+00 -1.043493747711181641e+00
7.451485633850097656e+00 -6.286120891571044922e+00 -4.597938656806945801e-01
2.553222894668579102e+00 -5.428777217864990234e+00 4.069146513938903809e-01
4.296671390533447266e+00 -4.726728916168212891e+00 -1.487328767776489258e+00
5.168244838714599609e+00 -5.126651763916015625e+00 -1.153769135475158691e+00
2.309884309768676758e+00 -4.301370143890380859e+00 -1.255971670150756836e+00
4.117381572723388672e+00 -4.753822326660156250e+00 -1.269060015678405762e+00
5.108575820922851562e+00 -5.589159488677978516e+00 2.349400818347930908e-01
5.806405544281005859e+00 -6.007385730743408203e+00 -5.829797387123107910e-01
3.096561908721923828e+00 -5.508391380310058594e+00 -5.797849297523498535e-01
9.442247390747070312e+00 -5.299139499664306641e+00 3.224049806594848633e+00
9.921898841857910156e+00 -5.250642299652099609e+00 5.335640430450439453e+00
9.894923210144042969e+00 -5.204096317291259766e+00 4.528019905090332031e+00
8.628836631774902344e+00 -4.469374179840087891e+00 5.813434123992919922e+00
8.920071601867675781e+00 -5.054053306579589844e+00 3.290151596069335938e+00
9.020366668701171875e+00 -5.954059600830078125e+00 1.497274756431579590e+00
8.682042121887207031e+00 -6.115702152252197266e+00 9.851126074790954590e-01
5.519062995910644531e+00 -1.490448236465454102e+00 4.242673873901367188e+00
6.173392295837402344e+00 -3.732819080352783203e+00 2.466518878936767578e+00
5.595992565155029297e+00 -3.989729881286621094e+00 1.908828377723693848e+00
4.523892402648925781e+00 -1.936514854431152344e+00 3.144633769989013672e+00
4.613401412963867188e+00 -1.590580463409423828e+00 3.846710443496704102e+00
6.901961803436279297e+00 -2.611559391021728516e+00 4.522374629974365234e+00
6.630456924438476562e+00 -2.259529590606689453e+00 5.805105686187744141e+00
6.544371604919433594e+00 -5.483047485351562500e+00 9.703705310821533203e-01
1.201581287384033203e+01 -4.721282482147216797e+00 6.317819595336914062e+00
1.369827079772949219e+01 -4.844143867492675781e+00 4.742292404174804688e+00
1.251914978027343750e+01 -3.699300527572631836e+00 5.125206947326660156e+00
1.341395950317382812e+01 -3.544220685958862305e+00 3.376443386077880859e+00
7.680664539337158203e+00 -3.418054580688476562e+00 7.266796588897705078e+00
7.242550373077392578e+00 -2.895114183425903320e+00 6.967642307281494141e+00
4.158517360687255859e+00 -6.895847916603088379e-01 6.934550762176513672e+00
9.547842979431152344e+00 -4.839867115020751953e+00 7.579418182373046875e+00
1.027560138702392578e+01 -3.396518468856811523e+00 7.122617721557617188e+00
1.063463497161865234e+01 -2.878821134567260742e+00 5.913406848907470703e+00
8.556551933288574219e+00 -1.968009710311889648e+00 6.778413772583007812e+00
8.931284904479980469e+00 -1.539908528327941895e+00 5.718138694763183594e+00
1.099987506866455078e+01 -2.537046432495117188e+00 4.787223815917968750e+00
1.136453628540039062e+01 -2.195875883102416992e+00 3.705610513687133789e+00
6.520242691040039062e+00 -1.816066980361938477e+00 6.595708847045898438e+00
7.663944721221923828e+00 -1.359082460403442383e+00 6.522454738616943359e+00
6.983916282653808594e+00 -2.687314450740814209e-01 5.961822986602783203e+00
6.219577312469482422e+00 -5.008020401000976562e-01 6.235872745513916016e+00
5.653500556945800781e+00 7.116768360137939453e-01 5.723303794860839844e+00
8.047056198120117188e+00 1.362729072570800781e-02 4.692189693450927734e+00
5.739727973937988281e+00 1.926366090774536133e+00 4.313144683837890625e+00
6.118776321411132812e+00 2.026987075805664062e+00 3.810861825942993164e+00
-2.135968685150146484e+00 -2.803648710250854492e+00 3.780775547027587891e+00
-1.524769902229309082e+00 -3.805088281631469727e+00 1.668235063552856445e+00
-1.477650523185729980e+00 -4.653171062469482422e+00 3.921418190002441406e-01
-1.621653318405151367e+00 -2.871654987335205078e+00 3.504290819168090820e+00
-2.497375905513763428e-01 -2.668691873550415039e+00 2.383440732955932617e+00
-5.072366237640380859e+00 -3.478359937667846680e+00 1.471126675605773926e+00
-4.360216617584228516e+00 -3.316790103912353516e+00 2.205896139144897461e+00
-5.806292533874511719e+00 -2.599567890167236328e+00 3.395445346832275391e+00
-5.279890060424804688e+00 -3.019931793212890625e+00 2.539098739624023438e+00
-4.096994876861572266e+00 -2.829886436462402344e+00 3.385634660720825195e+00
-2.760964870452880859e+00 -1.624487876892089844e+00 4.884424209594726562e+00
-5.655221462249755859e+00 -1.270898580551147461e+00 4.710440635681152344e+00
-5.351599693298339844e+00 -7.403893470764160156e-01 4.911411762237548828e+00
2.510365724563598633e+00 -1.785785794258117676e+00 3.715642690658569336e+00
1.359245181083679199e+00 -9.330237507820129395e-01 4.162855625152587891e+00
-6.764794886112213135e-02 -1.203695297241210938e+00 3.669183015823364258e+00
1.078655004501342773e+00 -3.625947237014770508e-01 4.693980216979980469e+00
2.462062597274780273e+00 -1.174444317817687988e+00 5.353260517120361328e+00
3.440122842788696289e+00 -7.630088925361633301e-01 6.733290195465087891e+00
1.099091529846191406e+00 7.164430618286132812e-01 5.417919158935546875e+00
-3.227452993392944336e+00 -1.394120931625366211e+00 5.014451503753662109e+00
-4.246023178100585938e+00 2.968265712261199951e-01 5.011047840118408203e+00
-2.751868247985839844e+00 5.599945783615112305e-01 5.138305187225341797e+00
-1.170980095863342285e+00 1.607302427291870117e+00 4.408008098602294922e+00
-3.888562917709350586e+00 1.018278360366821289e+00 4.048943042755126953e+00
-3.825137376785278320e+00 1.422843933105468750e+00 2.890629529953002930e+00
-1.794835478067398071e-01 -5.105666637420654297e+00 -7.892691344022750854e-02
2.963518202304840088e-01 -4.965418338775634766e+00 -1.136086732149124146e-01
8.143804669380187988e-01 -4.976220130920410156e+00 3.496477380394935608e-02
1.641583204269409180e+00 -3.816804885864257812e+00 1.425435185432434082e+00
1.480906605720520020e+00 -5.010110378265380859e+00 5.812391042709350586e-01
1.628323435783386230e+00 -3.776484489440917969e+00 -1.357274651527404785e+00
1.877719521522521973e+00 -2.653661489486694336e+00 2.375105619430541992e+00
2.270555257797241211e+00 1.375462293624877930e+00 5.610479354858398438e+00
2.867043495178222656e+00 2.380645513534545898e+00 4.272475719451904297e+00
2.602956056594848633e+00 2.933073282241821289e+00 3.040591716766357422e+00
-8.632002472877502441e-01 2.476052284240722656e+00 2.621207714080810547e+00
-6.659248471260070801e-01 1.933206200599670410e+00 4.183832645416259766e+00
5.694645047187805176e-01 2.535964488983154297e+00 3.256776332855224609e+00
-1.730180263519287109e+00 3.174979209899902344e+00 1.100078374147415161e-01
-7.586613655090332031e+00 -2.461441278457641602e+00 3.555687427520751953e+00
-7.329052448272705078e+00 -1.426226735115051270e+00 4.217782974243164062e+00
-7.960928440093994141e+00 -8.151210546493530273e-01 2.907830476760864258e+00
-6.812409400939941406e+00 -1.163215637207031250e+00 4.463244915008544922e+00
-7.016596317291259766e+00 -3.688933551311492920e-01 3.061138629913330078e+00
-6.420761585235595703e+00 1.889254301786422729e-01 1.420798778533935547e+00
-6.219800949096679688e+00 1.389115005731582642e-01 2.392808198928833008e+00
-6.925495624542236328e+00 2.301589846611022949e-01 -8.136786818504333496e-01
-3.745490074157714844e+00 1.650924324989318848e+00 1.847365021705627441e+00
-5.363128185272216797e+00 2.015489816665649414e+00 -1.991776466369628906e+00
-3.647217750549316406e+00 3.032500505447387695e+00 -1.669701337814331055e+00
3.330513477325439453e+00 5.116977691650390625e-01 6.542277336120605469e+00
2.961100816726684570e+00 1.615410447120666504e+00 5.429361820220947266e+00
3.814014911651611328e+00 1.957399129867553711e+00 4.878417491912841797e+00
4.524414062500000000e+00 2.541930198669433594e+00 3.833726644515991211e+00
3.878078937530517578e+00 3.105850934982299805e+00 3.005534887313842773e+00
7.760822296142578125e+00 -4.950804233551025391e+00 -3.936623811721801758e+00
2.378104925155639648e+00 -5.082474231719970703e+00 -3.048804283142089844e+00
5.496337413787841797e+00 -4.763486862182617188e+00 -2.508333683013916016e+00
6.321619987487792969e+00 -4.719882488250732422e+00 -2.952121496200561523e+00
3.034348249435424805e+00 -5.025438308715820312e+00 -2.927399396896362305e+00
2.090858936309814453e+00 -5.935015201568603516e+00 -5.248836994171142578e+00
2.626693487167358398e+00 -5.811700344085693359e+00 -6.250424385070800781e+00
3.889746427536010742e+00 -5.146264553070068359e+00 -5.593406677246093750e+00
5.923279762268066406e+00 -4.836584091186523438e+00 -3.718147039413452148e+00
7.157913684844970703e+00 -4.996297836303710938e+00 -4.049982070922851562e+00
2.443283557891845703e+00 -5.622928619384765625e+00 -8.456489562988281250e+00
8.320032119750976562e+00 -5.007415294647216797e+00 -5.985610008239746094e+00
3.300083398818969727e+00 -5.334614753723144531e+00 -7.112593173980712891e+00
3.712053775787353516e+00 -4.724054336547851562e+00 -7.894941806793212891e+00
6.289066314697265625e+00 -5.086698532104492188e+00 -5.365780830383300781e+00
7.408093452453613281e+00 -4.947386741638183594e+00 -6.314470291137695312e+00
5.879005432128906250e+00 -4.188256263732910156e+00 -7.241383075714111328e+00
7.536496639251708984e+00 -4.045686721801757812e+00 -7.352612972259521484e+00
5.590582370758056641e+00 -3.870902776718139648e+00 -7.622621536254882812e+00
5.161643981933593750e+00 -2.845393896102905273e+00 -8.642150878906250000e+00
5.234596252441406250e+00 -2.085551500320434570e+00 -8.896368980407714844e+00
-3.349113464355468750e+00 -7.971414089202880859e+00 -1.205608940124511719e+01
-3.131036520004272461e+00 -8.215436935424804688e+00 -1.051680850982666016e+01
-3.961166143417358398e+00 -7.544987201690673828e+00 -1.315929603576660156e+01
-1.581499814987182617e+00 -6.564010620117187500e+00 -1.324233436584472656e+01
-3.556459665298461914e+00 -6.336032390594482422e+00 -1.446019744873046875e+01
-3.373502254486083984e+00 -5.285284996032714844e+00 -1.519455814361572266e+01
-6.631237030029296875e+00 -6.539231300354003906e+00 -1.317172241210937500e+01
-7.072391033172607422e+00 -6.216155529022216797e+00 -1.318948745727539062e+01
-7.758823394775390625e+00 -5.237125396728515625e+00 -1.367659282684326172e+01
-5.719469547271728516e+00 -7.133688926696777344e+00 -1.307825374603271484e+01
-8.474426269531250000e+00 -5.369297504425048828e+00 -1.256534099578857422e+01
-7.364793777465820312e+00 -4.568831443786621094e+00 -1.457451915740966797e+01
-4.151088237762451172e+00 -5.537804126739501953e+00 -1.502972221374511719e+01
-5.996452808380126953e+00 -4.385343074798583984e+00 -1.525751399993896484e+01
-2.710381031036376953e+00 -5.390892028808593750e+00 -1.501527976989746094e+01
-2.176770210266113281e+00 -4.297908782958984375e+00 -1.537035942077636719e+01
-3.722866296768188477e+00 -3.720181465148925781e+00 -1.575325393676757812e+01
-2.790863513946533203e+00 -3.189989089965820312e+00 -1.571468544006347656e+01
-4.990051746368408203e+00 -2.652190208435058594e+00 -1.593988037109375000e+01
-3.921048164367675781e+00 -1.507320880889892578e+00 -1.593625831604003906e+01
-9.301693916320800781e+00 -4.445762634277343750e+00 -1.222247982025146484e+01
-8.935462951660156250e+00 -4.006061553955078125e+00 -1.344652557373046875e+01
-9.911971092224121094e+00 -2.867770671844482422e+00 -1.234769725799560547e+01
-1.040196418762207031e+01 -1.443737626075744629e+00 -1.152000999450683594e+01
-8.549880981445312500e+00 -3.353554248809814453e+00 -1.436155128479003906e+01
-7.692530632019042969e+00 -2.970445871353149414e+00 -1.519900798797607422e+01
-9.822760581970214844e+00 -9.300525188446044922e-01 -1.328406620025634766e+01
-9.376387596130371094e+00 -3.343350887298583984e-01 -1.420536899566650391e+01
-8.488037109375000000e+00 -9.562034010887145996e-01 -1.507499599456787109e+01
-7.135644435882568359e+00 1.566988378763198853e-01 -1.576996898651123047e+01
-7.628063678741455078e+00 8.085166215896606445e-01 -1.553628540039062500e+01
-1.521676898002624512e+00 -7.556939601898193359e+00 -6.888326168060302734e+00
-4.208342134952545166e-01 -7.157444953918457031e+00 -8.631589889526367188e+00
7.380945980548858643e-02 -6.570620536804199219e+00 -5.589561462402343750e+00
6.194359660148620605e-01 -6.687023162841796875e+00 -6.756704330444335938e+00
-2.394827753305435181e-01 -6.931038856506347656e+00 -9.610655784606933594e+00
-5.058419704437255859e-02 -5.895425796508789062e+00 -1.240194129943847656e+01
1.353115081787109375e+00 -6.391973495483398438e+00 -6.418074607849121094e+00
2.021171569824218750e+00 -5.953429698944091797e+00 -8.189926147460937500e+00
-7.601895928382873535e-01 -5.088250637054443359e+00 -1.430382442474365234e+01
1.024738430976867676e+00 -4.963579654693603516e+00 -1.243744945526123047e+01
-1.230351686477661133e+00 -3.741168975830078125e+00 -1.520252513885498047e+01
-1.923158168792724609e-01 -3.008285999298095703e+00 -1.485934829711914062e+01
1.960373163223266602e+00 -5.054466724395751953e+00 -1.069679069519042969e+01
-1.088484287261962891e+00 -2.407058477401733398e+00 -1.528100204467773438e+01
-1.308122396469116211e+00 -1.699431300163269043e+00 -1.534027194976806641e+01
2.141964435577392578e+00 -3.537569284439086914e+00 -1.149231529235839844e+01
8.847589492797851562e-01 -1.871045708656311035e+00 -1.348688411712646484e+01
7.973708510398864746e-01 -1.145239472389221191e+00 -1.333462810516357422e+01
-2.607410192489624023e+00 -1.781723499298095703e+00 -1.569722557067871094e+01
-2.676412105560302734e+00 -8.130918741226196289e-01 -1.564113044738769531e+01
-5.084506988525390625e+00 4.511090219020843506e-01 -1.588952541351318359e+01
-2.887061595916748047e+00 1.004359126091003418e+00 -1.536742782592773438e+01
-2.164741277694702148e+00 1.172149777412414551e+00 -1.512473869323730469e+01
-4.977293312549591064e-01 1.147380948066711426e+00 -1.389023303985595703e+01
-2.882375240325927734e+00 2.077339887619018555e+00 -1.503644180297851562e+01
-2.466121912002563477e+00 2.785490751266479492e+00 -1.464682006835937500e+01
2.704162359237670898e+00 -3.969519376754760742e+00 -1.033671760559082031e+01
3.522068977355957031e+00 -2.614611387252807617e+00 -1.011166477203369141e+01
3.013401508331298828e+00 -1.851478934288024902e+00 -1.085285854339599609e+01
9.645417332649230957e-01 -2.840443849563598633e-01 -1.281361961364746094e+01
1.483337998390197754e+00 3.006461076438426971e-03 -1.211044216156005859e+01
2.349163055419921875e+00 -2.225521802902221680e-01 -1.122671699523925781e+01
1.081400513648986816e+00 4.132011830806732178e-01 -1.233614253997802734e+01
-1.051279163360595703e+01 -9.719964861869812012e-01 -1.099333286285400391e+01
-9.968726158142089844e+00 6.780577301979064941e-01 -1.292181015014648438e+01
-1.030333900451660156e+01 -2.386989444494247437e-02 -1.048648643493652344e+01
-1.007216739654541016e+01 -1.305468380451202393e-01 -9.023939132690429688e+00
-9.725234985351562500e+00 5.332666039466857910e-01 -1.002789974212646484e+01
-9.963710784912109375e+00 9.144138693809509277e-01 -1.155215835571289062e+01
-9.434554100036621094e+00 2.024413347244262695e+00 -1.278410720825195312e+01
-8.821084022521972656e+00 1.388119220733642578e+00 -9.342755317687988281e+00
-8.417740821838378906e+00 2.389044761657714844e+00 -1.037575531005859375e+01
-8.199163436889648438e+00 1.155159235000610352e+00 -6.070471763610839844e+00
-7.961767673492431641e+00 1.588800191879272461e+00 -7.151585102081298828e+00
-8.283403396606445312e+00 1.873780369758605957e+00 -8.738293647766113281e+00
-7.899988651275634766e+00 2.538883209228515625e+00 -9.733499526977539062e+00
-6.297723293304443359e+00 2.693540334701538086e+00 -7.679721355438232422e+00
-6.213820457458496094e+00 3.001055240631103516e+00 -8.163311958312988281e+00
-8.636486053466796875e+00 2.194358110427856445e+00 -1.429196453094482422e+01
-8.037726402282714844e+00 2.222876071929931641e+00 -1.473195552825927734e+01
-7.638602733612060547e+00 3.431962251663208008e+00 -1.351288986206054688e+01
-6.657330513000488281e+00 4.255219459533691406e+00 -1.313812160491943359e+01
-6.100525856018066406e+00 1.889613032341003418e+00 -1.547759342193603516e+01
-5.845901012420654297e+00 2.178833484649658203e+00 -1.532730579376220703e+01
-5.172034263610839844e+00 3.960433483123779297e+00 -1.412186336517333984e+01
-4.616204738616943359e+00 3.955374479293823242e+00 -1.424910449981689453e+01
-5.869421005249023438e+00 3.762920618057250977e+00 -1.412542819976806641e+01
-8.274794578552246094e+00 3.273947238922119141e+00 -1.224751186370849609e+01
-6.243920326232910156e+00 4.405125141143798828e+00 -1.238255310058593750e+01
-5.556365013122558594e+00 4.372673988342285156e+00 -1.074521160125732422e+01
-3.389830589294433594e+00 4.228023529052734375e+00 -1.348869132995605469e+01
-3.171324491500854492e+00 4.289212226867675781e+00 -1.287095355987548828e+01
-5.220827579498291016e+00 4.426850795745849609e+00 -1.222087860107421875e+01
-4.469830036163330078e+00 4.628757476806640625e+00 -1.232726478576660156e+01
-3.217288970947265625e+00 4.679478645324707031e+00 -1.144400119781494141e+01
-4.958710670471191406e+00 4.778069972991943359e+00 -1.084954643249511719e+01
-3.796400785446166992e+00 4.884908199310302734e+00 -1.117251682281494141e+01
-6.640198707580566406e+00 3.672739505767822266e+00 -1.050374317169189453e+01
-5.931396484375000000e+00 3.614391803741455078e+00 -9.036654472351074219e+00
3.056771278381347656e+00 -1.973052620887756348e-01 -1.029994106292724609e+01
-1.388729810714721680e-01 1.523694038391113281e+00 -1.287750530242919922e+01
-2.114157199859619141e+00 3.217137575149536133e+00 -1.359548568725585938e+01
9.947595596313476562e-01 7.946244478225708008e-01 -1.168830013275146484e+01
-1.053938627243041992e+00 2.879120349884033203e+00 -1.233847141265869141e+01
-2.714360237121582031e+00 3.840460300445556641e+00 -1.327073097229003906e+01
-1.650391459465026855e+00 3.640591144561767578e+00 -1.187503814697265625e+01
1.142767715454101562e+01 -6.587195873260498047e+00 -3.319905519485473633e+00
1.332013988494873047e+01 -6.740884780883789062e+00 -1.653603553771972656e+00
1.117309379577636719e+01 -6.472508907318115234e+00 -7.967105507850646973e-01
1.097164440155029297e+01 -6.522516250610351562e+00 -2.544102191925048828e+00
1.434964179992675781e+01 -6.987002372741699219e+00 -4.958650112152099609e+00
1.197878456115722656e+01 -6.663947582244873047e+00 -3.919383287429809570e+00
1.269287014007568359e+01 -6.627105236053466797e+00 -5.413506031036376953e+00
1.314442157745361328e+01 -6.919338703155517578e+00 -3.603859663009643555e+00
1.562085628509521484e+01 -7.051666736602783203e+00 -3.526723384857177734e+00
1.605130577087402344e+01 -5.978722572326660156e+00 -4.109232902526855469e+00
1.623947715759277344e+01 -6.514346599578857422e+00 -1.095905303955078125e+00
1.636715698242187500e+01 -5.718615055084228516e+00 -1.977645277976989746e+00
1.457374095916748047e+01 -6.611066341400146484e+00 1.301319003105163574e-01
1.480934429168701172e+01 -6.974787712097167969e+00 -1.478979110717773438e+00
1.536390495300292969e+01 -6.266763210296630859e+00 1.055670738220214844e+00
1.476884365081787109e+01 -4.170157909393310547e+00 2.115847587585449219e+00
1.512089729309082031e+01 -4.263520240783691406e+00 9.882367849349975586e-01
1.430871772766113281e+01 -3.416141271591186523e+00 1.156786799430847168e+00
1.579790306091308594e+01 -4.935616970062255859e+00 -3.277861595153808594e+00
1.522508239746093750e+01 -4.074944019317626953e+00 -2.495167255401611328e+00
1.520366382598876953e+01 -3.994150638580322266e+00 -9.291864037513732910e-01
1.496192359924316406e+01 -3.656280279159545898e+00 -1.431340575218200684e+00
1.431451797485351562e+01 -2.899593591690063477e+00 -7.928687930107116699e-01
1.380716609954833984e+01 -6.772840023040771484e+00 -6.179767131805419922e+00
1.524833106994628906e+01 -5.968485832214355469e+00 -6.474822044372558594e+00
1.236862850189208984e+01 -6.481970787048339844e+00 -6.601227760314941406e+00
1.291192436218261719e+01 -5.935130119323730469e+00 -7.381595611572265625e+00
1.592014122009277344e+01 -5.871903419494628906e+00 -5.568054199218750000e+00
1.560794353485107422e+01 -5.105068206787109375e+00 -5.863526344299316406e+00
1.503376007080078125e+01 -4.434928894042968750e+00 -5.466899394989013672e+00
1.325236797332763672e+01 -5.540169239044189453e+00 -7.235038757324218750e+00
1.262544059753417969e+01 -4.986840724945068359e+00 -6.547453403472900391e+00
1.348745632171630859e+01 -4.495302200317382812e+00 -6.029160022735595703e+00
1.361276912689208984e+01 -3.402629852294921875e+00 -4.872149467468261719e+00
1.498773097991943359e+01 -3.753776550292968750e+00 -2.736675262451171875e+00
1.491810607910156250e+01 -3.763992071151733398e+00 -4.424924850463867188e+00
1.436197185516357422e+01 -2.924282550811767578e+00 -3.669735670089721680e+00
1.015620517730712891e+01 -6.060996532440185547e+00 -2.699894189834594727e+00
6.992083549499511719e+00 -4.801814556121826172e+00 -2.343904495239257812e+00
7.278703689575195312e+00 -4.877264499664306641e+00 -1.913695335388183594e+00
6.844009399414062500e+00 -4.734250545501708984e+00 -2.909417390823364258e+00
1.047734642028808594e+01 -6.344682693481445312e+00 -2.295132875442504883e+00
9.006514549255371094e+00 -5.583562850952148438e+00 -1.903539299964904785e+00
7.949775695800781250e+00 -5.145819187164306641e+00 -1.542089819908142090e+00
9.593561172485351562e+00 -5.585324764251708984e+00 -3.394953727722167969e+00
9.949939727783203125e+00 -5.598926544189453125e+00 -4.620284080505371094e+00
8.329472541809082031e+00 -5.037052631378173828e+00 -3.928103923797607422e+00
1.353183841705322266e+01 -2.229096174240112305e+00 6.851857155561447144e-02
1.216611576080322266e+01 -9.017708897590637207e-01 -9.480606317520141602e-01
1.095932102203369141e+01 -6.012359142303466797e+00 -5.446070671081542969e+00
1.102734279632568359e+01 -5.452762126922607422e+00 -5.977342128753662109e+00
9.594648361206054688e+00 -5.106732368469238281e+00 -5.161267280578613281e+00
1.171669197082519531e+01 -4.723062038421630859e+00 -6.110589981079101562e+00
9.183010101318359375e+00 -4.340241432189941406e+00 -6.378506660461425781e+00
1.039892196655273438e+01 -3.563136100769042969e+00 -5.816115856170654297e+00
1.246990203857421875e+01 -3.704221487045288086e+00 -5.388515949249267578e+00
1.064486789703369141e+01 -3.218695402145385742e+00 -5.609846591949462891e+00
1.067009639739990234e+01 -2.288014888763427734e+00 -5.198191165924072266e+00
8.544590950012207031e+00 -3.694676637649536133e+00 -7.001252174377441406e+00
9.052651405334472656e+00 -3.097180604934692383e+00 -6.531332969665527344e+00
8.056952476501464844e+00 -2.038889884948730469e+00 -6.889425277709960938e+00
1.040714550018310547e+01 -1.619236946105957031e+00 -5.067687511444091797e+00
8.259775161743164062e+00 -1.715877175331115723e+00 -6.619835853576660156e+00
8.752467155456542969e+00 -4.924577176570892334e-01 -5.821521282196044922e+00
7.282367229461669922e+00 -1.738022863864898682e-01 -6.904688835144042969e+00
1.326827907562255859e+01 -2.150993108749389648e+00 -3.979791641235351562e+00
1.344634056091308594e+01 -1.706030964851379395e+00 -1.846198558807373047e+00
1.322126674652099609e+01 -1.332047224044799805e+00 -3.074204683303833008e+00
1.238504981994628906e+01 -4.715270102024078369e-01 -2.151608943939208984e+00
1.205418968200683594e+01 -1.433640569448471069e-01 -2.772801637649536133e+00
1.241062450408935547e+01 -1.937838912010192871e+00 -4.289465904235839844e+00
1.121438312530517578e+01 -1.247808575630187988e+00 -4.429420471191406250e+00
1.150771331787109375e+01 -5.830220580101013184e-01 -3.816409349441528320e+00
1.015446949005126953e+01 1.502226829528808594e+00 -1.692698955535888672e+00
9.289781570434570312e+00 2.338788747787475586e+00 -2.847799539566040039e+00
9.331595420837402344e+00 2.284616470336914062e+00 -3.328705072402954102e+00
8.567074775695800781e+00 2.893389463424682617e+00 -2.344401121139526367e+00
1.021647167205810547e+01 -9.236224889755249023e-01 -4.969264984130859375e+00
1.066265678405761719e+01 2.913514375686645508e-01 -4.096877098083496094e+00
8.369205474853515625e+00 1.212778910994529724e-01 -5.842679500579833984e+00
7.015804290771484375e+00 9.751063585281372070e-01 -6.417549610137939453e+00
1.382542228698730469e+01 -3.537702798843383789e+00 2.731040477752685547e+00
1.240178489685058594e+01 -2.557991027832031250e+00 3.031971216201782227e+00
1.118180465698242188e+01 -9.872071743011474609e-01 1.548738479614257812e+00
1.137581062316894531e+01 -7.572418451309204102e-01 3.681259751319885254e-01
9.855776786804199219e+00 -6.765478253364562988e-01 3.261005163192749023e+00
8.768336296081542969e+00 7.219539880752563477e-01 2.712512493133544922e+00
9.323132514953613281e+00 4.451523423194885254e-01 2.179488182067871094e+00
7.255791664123535156e+00 1.787394046783447266e+00 3.044680833816528320e+00
7.126630306243896484e+00 2.534204483032226562e+00 1.894537806510925293e+00
9.746159553527832031e+00 7.719480395317077637e-01 4.304167628288269043e-01
9.999129295349121094e+00 1.200641751289367676e+00 -9.233832359313964844e-01
7.971591949462890625e+00 2.535819292068481445e+00 4.719516932964324951e-01
3.352478981018066406e+00 4.269740104675292969e+00 -3.395366072654724121e-01
6.211967945098876953e+00 3.495363473892211914e+00 3.023686408996582031e-01
5.478720664978027344e+00 4.025286197662353516e+00 -2.217139720916748047e+00
3.673005342483520508e+00 4.383338928222656250e+00 -6.766834259033203125e-01
2.847001791000366211e+00 3.812636613845825195e+00 -2.450865983963012695e+00
2.958081722259521484e+00 3.496661901473999023e+00 -3.322091341018676758e+00
-9.884507060050964355e-01 3.792605161666870117e+00 -7.640727758407592773e-01
2.143854379653930664e+00 3.127161264419555664e+00 -4.379072666168212891e+00
8.809444494545459747e-03 4.155596733093261719e+00 -3.141925334930419922e+00
3.060266673564910889e-01 3.704122543334960938e+00 -4.696543693542480469e+00
2.378776311874389648e+00 3.799979448318481445e+00 -2.562510013580322266e+00
5.101279735565185547e+00 -8.810126185417175293e-01 -8.889972686767578125e+00
2.939742326736450195e+00 2.981763482093811035e-01 -9.603240966796875000e+00
5.060427188873291016e+00 4.928738176822662354e-01 -8.103622436523437500e+00
3.639200210571289062e+00 5.501513481140136719e-01 -8.961650848388671875e+00
2.519925117492675781e+00 4.913149178028106689e-01 -9.796528816223144531e+00
1.544283628463745117e+00 1.840777397155761719e+00 -9.909079551696777344e+00
3.277443945407867432e-01 3.139402389526367188e+00 -9.155583381652832031e+00
1.108703389763832092e-01 2.994886398315429688e+00 -1.045604610443115234e+01
5.652589797973632812e+00 2.795628547668457031e+00 -4.851202487945556641e+00
6.158503532409667969e+00 1.873113393783569336e+00 -6.080101013183593750e+00
4.697324275970458984e+00 2.674694061279296875e+00 -5.238500595092773438e+00
4.794626235961914062e+00 2.367849588394165039e+00 -5.950625419616699219e+00
6.606499671936035156e+00 3.724453210830688477e+00 -2.708946943283081055e+00
6.583384990692138672e+00 1.271765470504760742e+00 -6.417860507965087891e+00
5.708759307861328125e+00 1.652479410171508789e+00 -6.591473579406738281e+00
4.856008052825927734e+00 1.762387275695800781e+00 -7.025726318359375000e+00
2.731719970703125000e+00 2.832027912139892578e+00 -5.053290367126464844e+00
2.812977075576782227e+00 2.075534343719482422e+00 -7.353075981140136719e+00
2.025323390960693359e+00 2.319571018218994141e+00 -6.807129383087158203e+00
9.355027973651885986e-02 3.297536611557006836e+00 -6.269333839416503906e+00
2.696373462677001953e-01 2.953161716461181641e+00 -7.755815505981445312e+00
3.003998398780822754e-01 3.023501873016357422e+00 -8.135076522827148438e+00
-3.297236204147338867e+00 3.397130966186523438e+00 -2.584742784500122070e+00
-5.633838176727294922e+00 3.063439369201660156e+00 -7.731849193572998047e+00
-4.808472633361816406e+00 3.482022285461425781e+00 -7.635709762573242188e+00
-4.258717536926269531e+00 3.352642536163330078e+00 -6.674302577972412109e+00
-2.167696952819824219e+00 3.285003662109375000e+00 -2.309998124837875366e-01
-1.890210390090942383e+00 3.747388124465942383e+00 -1.355403661727905273e+00
-1.528682231903076172e+00 4.089138031005859375e+00 -2.469111680984497070e+00
-1.354385375976562500e+00 4.388394832611083984e+00 -3.693217754364013672e+00
-1.183122634887695312e+00 4.397521972656250000e+00 -4.986389160156250000e+00
-4.800306797027587891e+00 4.075241565704345703e+00 -8.506163597106933594e+00
-4.505823135375976562e+00 4.551559925079345703e+00 -9.025846481323242188e+00
-1.981320500373840332e+00 4.460917949676513672e+00 -7.511244773864746094e+00
-3.350403785705566406e+00 4.456350803375244141e+00 -8.332053184509277344e+00
-1.542151093482971191e+00 3.646855115890502930e+00 -1.119834423065185547e+01
-1.229553461074829102e+00 3.501771926879882812e+00 -1.106202125549316406e+01
-3.828672170639038086e+00 4.848340511322021484e+00 -1.070563793182373047e+01
-2.048267126083374023e+00 4.176970005035400391e+00 -9.850572586059570312e+00
-3.127181828022003174e-01 3.474374532699584961e+00 -9.965393066406250000e+00
-2.159400463104248047e+00 4.560204982757568359e+00 -6.120272159576416016e+00
5.279799938201904297e+00 3.122456312179565430e+00 2.406947851181030273e+00
6.031574249267578125e+00 3.041963815689086914e+00 1.825795292854309082e+00
1.962482333183288574e+00 6.954249143600463867e-01 -1.028357028961181641e+01
-5.176659822463989258e-01 2.790006160736083984e+00 -1.161408615112304688e+01
4.401497840881347656e-01 2.517883777618408203e+00 -1.076692581176757812e+01
