1.560567378997802734e+00 -4.933822154998779297e+00 -2.714644432067871094e+00
2.277213335037231445e+00 -4.782223701477050781e+00 -1.924533843994140625e+00
1.514226198196411133e+00 -4.790602207183837891e+00 -2.309036254882812500e+00
-5.068950176239013672e+00 -8.108630180358886719e+00 -7.822347640991210938e+00
-4.999224185943603516e+00 -8.061818122863769531e+00 -1.156785774230957031e+01
-4.185069561004638672e+00 -8.320992469787597656e+00 -9.419625282287597656e+00
-7.271066665649414062e+00 -7.468766212463378906e+00 -7.058820724487304688e+00
-7.775076866149902344e+00 -7.351007938385009766e+00 -7.967162609100341797e+00
-5.692184925079345703e+00 -8.128947257995605469e+00 -9.823719024658203125e+00
-6.220677375793457031e+00 -7.997634410858154297e+00 -9.061578750610351562e+00
-6.480154991149902344e+00 -7.345656871795654297e+00 -1.205450916290283203e+01
-8.410075187683105469e+00 -6.367426872253417969e+00 -1.057622432708740234e+01
-8.332825660705566406e+00 -6.191277980804443359e+00 -1.129481029510498047e+01
-9.642711639404296875e+00 -5.267351150512695312e+00 -8.362691879272460938e+00
-1.005224990844726562e+01 -4.326239585876464844e+00 -8.715314865112304688e+00
-9.587186813354492188e+00 -4.643620014190673828e+00 -1.086760711669921875e+01
-8.220106124877929688e+00 -6.690670490264892578e+00 -5.445279121398925781e+00
-9.067707061767578125e+00 -6.092023849487304688e+00 -4.929714202880859375e+00
-7.968172550201416016e+00 -5.745349884033203125e+00 -3.404444456100463867e+00
-8.496859550476074219e+00 -5.228463172912597656e+00 -2.226060867309570312e+00
-6.958254814147949219e+00 -5.440252304077148438e+00 -3.112470388412475586e+00
-2.593777418136596680e+00 -5.031138420104980469e+00 -1.548411965370178223e+00
-3.374038457870483398e+00 -4.881818294525146484e+00 -5.833331942558288574e-01
-1.440828204154968262e+00 -4.994577884674072266e+00 -2.381179928779602051e-01
-7.379479885101318359e+00 -3.212208271026611328e+00 2.312010288238525391e+00
-5.355802536010742188e+00 -3.512634515762329102e+00 1.278922438621520996e+00
-3.860404968261718750e+00 -5.067811489105224609e+00 -2.137089729309082031e+00
-7.304400444030761719e+00 -4.796154022216796875e+00 -1.626858949661254883e+00
-6.307713031768798828e+00 -5.166504383087158203e+00 -2.786882162094116211e+00
-3.739068746566772461e+00 -4.414436817169189453e+00 1.341654658317565918e-01
-4.768199920654296875e+00 -7.278949260711669922e+00 -5.294903278350830078e+00
-4.545689105987548828e+00 -6.497846603393554688e+00 -4.091214656829833984e+00
-2.280450105667114258e+00 -7.655634403228759766e+00 -6.417091846466064453e+00
-2.884908676147460938e+00 -7.167757987976074219e+00 -5.067169666290283203e+00
-2.214601516723632812e+00 -7.177579402923583984e+00 -5.299157619476318359e+00
-1.356364965438842773e+00 -6.802350521087646484e+00 -5.044203758239746094e+00
-2.779868841171264648e+00 -6.777073860168457031e+00 -4.439806938171386719e+00
-5.267642021179199219e+00 -6.850357055664062500e+00 -4.679121971130371094e+00
-6.153971672058105469e+00 -7.666711807250976562e+00 -6.742153644561767578e+00
-8.704720497131347656e+00 -6.651182651519775391e+00 -6.454535484313964844e+00
-1.417187809944152832e+00 -4.982213020324707031e+00 -1.836016774177551270e+00
-9.348415136337280273e-01 -5.043790817260742188e+00 -2.277174234390258789e+00
-2.241441726684570312e+00 -5.125158309936523438e+00 -2.023210525512695312e+00
-3.513010442256927490e-01 -5.089086532592773438e+00 -1.198700666427612305e+00
6.320629715919494629e-01 -4.621850967407226562e+00 -1.598968029022216797e+00
-8.146955966949462891e-01 -5.404994964599609375e+00 -3.020758867263793945e+00
-8.229365572333335876e-03 -5.500929832458496094e+00 -3.345775365829467773e+00
6.071001291275024414e-01 -4.767179489135742188e+00 -2.126495122909545898e+00
-9.515615463256835938e+00 -4.813764572143554688e+00 -2.043909311294555664e+00
-9.940402984619140625e+00 -4.891054630279541016e+00 -4.678992748260498047e+00
-9.351971626281738281e+00 -5.581506729125976562e+00 -3.830452442169189453e+00
-1.019634819030761719e+01 -3.759887456893920898e+00 -3.287314653396606445e+00
-1.032045173645019531e+01 -3.586530685424804688e+00 -4.714648723602294922e+00
-9.120061874389648438e+00 -4.087152004241943359e+00 3.094128668308258057e-01
-9.781241416931152344e+00 -4.174107074737548828e+00 -1.407902598381042480e+00
-9.820430755615234375e+00 -3.231286764144897461e+00 -2.795087397098541260e-01
-9.599168777465820312e+00 -2.926649570465087891e+00 9.027109742164611816e-01
-9.113028526306152344e+00 -2.721913099288940430e+00 2.167648792266845703e+00
-9.278930664062500000e+00 -1.629749536514282227e+00 1.269794464111328125e+00
-1.017315292358398438e+01 -2.694809675216674805e+00 -2.523130416870117188e+00
-1.009743309020996094e+01 -1.608726501464843750e+00 -2.652097463607788086e+00
-9.464593887329101562e+00 -1.293074011802673340e+00 -8.877078890800476074e-01
-7.936474323272705078e+00 -4.180868566036224365e-01 -6.465939879417419434e-01
-1.006305980682373047e+01 -4.635633945465087891e+00 -5.544723987579345703e+00
-1.034865474700927734e+01 -3.653210401535034180e+00 -5.423174381256103516e+00
-1.053448581695556641e+01 -2.258410453796386719e+00 -5.300442218780517578e+00
-1.059241008758544922e+01 -2.099465847015380859e+00 -5.870730876922607422e+00
-1.008359622955322266e+01 -6.581264734268188477e-01 -5.353499889373779297e+00
-1.059181404113769531e+01 -2.844807624816894531e+00 -7.960142612457275391e+00
-1.071276473999023438e+01 -1.948750972747802734e+00 -8.885972976684570312e+00
-1.060194015502929688e+01 -8.123220205307006836e-01 -8.516225814819335938e+00
-9.952732086181640625e+00 -3.308357298374176025e-01 -6.705152034759521484e+00
-8.383184432983398438e+00 -2.016030699014663696e-01 -2.253416776657104492e+00
-6.927233219146728516e+00 1.703304052352905273e+00 -3.686842441558837891e+00
-9.016037940979003906e+00 3.857066929340362549e-01 -6.203127861022949219e+00
-7.576906204223632812e+00 1.441576719284057617e+00 -4.988334655761718750e+00
1.325509262084960938e+01 -5.173338413238525391e+00 4.361066341400146484e+00
1.356243419647216797e+01 -6.197337627410888672e+00 7.607608437538146973e-01
1.305636501312255859e+01 -5.958829879760742188e+00 1.422001719474792480e+00
1.494027328491210938e+01 -5.854987144470214844e+00 1.919209003448486328e+00
1.482981491088867188e+01 -4.937646389007568359e+00 3.017501831054687500e+00
1.197509670257568359e+01 -5.555080413818359375e+00 2.672345161437988281e+00
4.397560119628906250e+00 -1.202016830444335938e+00 4.957084655761718750e+00
5.266505241394042969e+00 -8.876827955245971680e-01 6.105553150177001953e+00
6.648053169250488281e+00 -4.855128765106201172e+00 -1.667947292327880859e+00
8.907981872558593750e+00 -6.274568080902099609e+00 -1.243977904319763184e+00
8.121009826660156250e+00 -6.182320594787597656e+00 -1.083402872085571289e+00
7.446051120758056641e+00 -6.259339332580566406e+00 -4.912602901458740234e-01
2.552674293518066406e+00 -5.425322532653808594e+00 4.039802849292755127e-01
4.294530391693115234e+00 -4.709693908691406250e+00 -1.500161409378051758e+00
5.166466712951660156e+00 -5.105386734008789062e+00 -1.169361472129821777e+00
2.306443691253662109e+00 -4.290793418884277344e+00 -1.263825774192810059e+00
4.114414215087890625e+00 -4.738420963287353516e+00 -1.279450893402099609e+00
5.104856967926025391e+00 -5.573748588562011719e+00 2.207794934511184692e-01
5.801500320434570312e+00 -5.985999107360839844e+00 -6.045588850975036621e-01
3.094712018966674805e+00 -5.497085571289062500e+00 -5.889137387275695801e-01
9.448480606079101562e+00 -5.114333629608154297e+00 3.047451257705688477e+00
1.003433418273925781e+01 -4.551904201507568359e+00 4.795890331268310547e+00
9.953841209411621094e+00 -4.781599998474121094e+00 4.217930793762207031e+00
8.718090057373046875e+00 -3.881140470504760742e+00 5.305663108825683594e+00
8.922883033752441406e+00 -4.907872676849365234e+00 3.133586883544921875e+00
9.018783569335937500e+00 -5.888042926788330078e+00 1.419583201408386230e+00
8.676603317260742188e+00 -6.087101936340332031e+00 9.385177493095397949e-01
5.513359546661376953e+00 -1.269240260124206543e+00 4.067285537719726562e+00
6.161137104034423828e+00 -3.664728641510009766e+00 2.401722192764282227e+00
5.588132381439208984e+00 -3.956296920776367188e+00 1.876290440559387207e+00
4.510886669158935547e+00 -1.881682157516479492e+00 3.080455303192138672e+00
4.604673862457275391e+00 -1.480061888694763184e+00 3.742298603057861328e+00
6.895499706268310547e+00 -2.372245550155639648e+00 4.319288730621337891e+00
6.708167076110839844e+00 -1.825015664100646973e+00 5.567224025726318359e+00
6.535514354705810547e+00 -5.463331222534179688e+00 9.488190412521362305e-01
1.216285800933837891e+01 -3.836927652359008789e+00 5.710586071014404297e+00
1.393054676055908203e+01 -4.249353408813476562e+00 4.458678245544433594e+00
1.270394134521484375e+01 -3.015161514282226562e+00 4.750248908996582031e+00
1.358919143676757812e+01 -3.052754640579223633e+00 3.121761560440063477e+00
7.879538536071777344e+00 -2.709592342376708984e+00 6.744111061096191406e+00
7.464060783386230469e+00 -2.243643760681152344e+00 6.718287944793701172e+00
4.178547859191894531e+00 -6.716661453247070312e-01 6.785688400268554688e+00
9.742608070373535156e+00 -3.829635381698608398e+00 6.372984886169433594e+00
1.050384330749511719e+01 -2.486247301101684570e+00 6.433944702148437500e+00
1.082611846923828125e+01 -2.024097204208374023e+00 5.516560554504394531e+00
8.732739448547363281e+00 -1.257279276847839355e+00 6.651939392089843750e+00
9.054905891418457031e+00 -9.287396669387817383e-01 5.559271812438964844e+00
1.115163898468017578e+01 -1.891820073127746582e+00 4.492050647735595703e+00
1.146245670318603516e+01 -1.733807325363159180e+00 3.464093685150146484e+00
6.659579753875732422e+00 -1.321367263793945312e+00 6.469961643218994141e+00
7.793223857879638672e+00 -7.051749229431152344e-01 6.529558658599853516e+00
7.036722183227539062e+00 1.642099469900131226e-01 5.942931652069091797e+00
6.249932289123535156e+00 -1.441495567560195923e-01 6.260737895965576172e+00
5.660198688507080078e+00 1.025243401527404785e+00 5.865602970123291016e+00
8.087954521179199219e+00 4.348603487014770508e-01 4.618624210357666016e+00
5.763051033020019531e+00 2.248843669891357422e+00 4.430652618408203125e+00
6.145401954650878906e+00 2.328116893768310547e+00 3.873607635498046875e+00
-2.134390830993652344e+00 -2.798622131347656250e+00 3.778172731399536133e+00
-1.523979902267456055e+00 -3.802281856536865234e+00 1.666162371635437012e+00
-1.477264642715454102e+00 -4.651121616363525391e+00 3.907110691070556641e-01
-1.620012640953063965e+00 -2.864798069000244141e+00 3.500090599060058594e+00
-2.493645101785659790e-01 -2.662063121795654297e+00 2.377695322036743164e+00
-5.072125434875488281e+00 -3.477392673492431641e+00 1.471029758453369141e+00
-4.359747886657714844e+00 -3.315660238265991211e+00 2.205759048461914062e+00
-5.805531501770019531e+00 -2.597637891769409180e+00 3.395085811614990234e+00
-5.279329776763916016e+00 -3.018300294876098633e+00 2.538716554641723633e+00
-4.095815181732177734e+00 -2.827224969863891602e+00 3.385052680969238281e+00
-2.759841442108154297e+00 -1.622263312339782715e+00 4.885185241699218750e+00
-5.654839038848876953e+00 -1.269560098648071289e+00 4.710808277130126953e+00
-5.352027893066406250e+00 -7.396634817123413086e-01 4.913291454315185547e+00
2.515860319137573242e+00 -1.735648155212402344e+00 3.671462535858154297e+00
1.360390901565551758e+00 -9.013128876686096191e-01 4.138806343078613281e+00
-6.794798374176025391e-02 -1.192518353462219238e+00 3.660710334777832031e+00
1.080057144165039062e+00 -3.325248062610626221e-01 4.678914070129394531e+00
2.482619524002075195e+00 -1.108359098434448242e+00 5.297854900360107422e+00
3.472820281982421875e+00 -7.156947851181030273e-01 6.655878067016601562e+00
1.097301959991455078e+00 7.448996305465698242e-01 5.422940731048583984e+00
-3.226845502853393555e+00 -1.392223954200744629e+00 5.015899181365966797e+00
-4.246789455413818359e+00 2.978582680225372314e-01 5.017189025878906250e+00
-2.751919269561767578e+00 5.628498196601867676e-01 5.141460895538330078e+00
-1.172514677047729492e+00 1.614695429801940918e+00 4.412252902984619141e+00
-3.888655424118041992e+00 1.016733407974243164e+00 4.050554275512695312e+00
-3.823990821838378906e+00 1.419729232788085938e+00 2.891142845153808594e+00
-1.789511293172836304e-01 -5.102459907531738281e+00 -8.123279362916946411e-02
2.962125241756439209e-01 -4.961424827575683594e+00 -1.165399029850959778e-01
8.138318657875061035e-01 -4.969878673553466797e+00 3.150811046361923218e-02
1.641832470893859863e+00 -3.807127952575683594e+00 1.417569518089294434e+00
1.480351090431213379e+00 -5.004408359527587891e+00 5.790836811065673828e-01
1.625217318534851074e+00 -3.768650054931640625e+00 -1.363630652427673340e+00
1.878838896751403809e+00 -2.633725404739379883e+00 2.355432987213134766e+00
2.257815599441528320e+00 1.449110507965087891e+00 5.635700225830078125e+00
2.859861373901367188e+00 2.478494167327880859e+00 4.304118633270263672e+00
2.603439092636108398e+00 2.960208892822265625e+00 3.046265363693237305e+00
-8.632696866989135742e-01 2.485371351242065430e+00 2.624421119689941406e+00
-6.674876809120178223e-01 1.942766904830932617e+00 4.185992240905761719e+00
5.693839788436889648e-01 2.545414209365844727e+00 3.259842872619628906e+00
-1.728751420974731445e+00 3.174569368362426758e+00 1.096162050962448120e-01
-7.586037158966064453e+00 -2.460398197174072266e+00 3.555825471878051758e+00
-7.329089164733886719e+00 -1.425566911697387695e+00 4.218351364135742188e+00
-7.960826396942138672e+00 -8.143919706344604492e-01 2.907848596572875977e+00
-6.812345504760742188e+00 -1.162565946578979492e+00 4.464164733886718750e+00
-7.016427040100097656e+00 -3.684209883213043213e-01 3.060970306396484375e+00
-6.420395374298095703e+00 1.891570091247558594e-01 1.420771956443786621e+00
-6.219829082489013672e+00 1.392932981252670288e-01 2.392094135284423828e+00
-6.924454212188720703e+00 2.281374037265777588e-01 -8.149455785751342773e-01
-3.744499921798706055e+00 1.647969126701354980e+00 1.846729636192321777e+00
-5.361619949340820312e+00 2.014959096908569336e+00 -1.993483424186706543e+00
-3.646632909774780273e+00 3.035550832748413086e+00 -1.669306874275207520e+00
3.335093021392822266e+00 5.907855033874511719e-01 6.537141799926757812e+00
2.947160005569458008e+00 1.732124209403991699e+00 5.468200206756591797e+00
3.809069633483886719e+00 2.167925357818603516e+00 4.956664562225341797e+00
4.524810791015625000e+00 2.744368791580200195e+00 3.897221803665161133e+00
3.870890140533447266e+00 3.203895807266235352e+00 3.025652647018432617e+00
7.760760307312011719e+00 -4.924458026885986328e+00 -3.963275194168090820e+00
2.376590728759765625e+00 -5.075561046600341797e+00 -3.053104877471923828e+00
5.494883060455322266e+00 -4.746616363525390625e+00 -2.523665666580200195e+00
6.320979595184326172e+00 -4.702722549438476562e+00 -2.973131656646728516e+00
3.032783031463623047e+00 -5.015170097351074219e+00 -2.934133052825927734e+00
2.089950799942016602e+00 -5.931358814239501953e+00 -5.251367092132568359e+00
2.625447988510131836e+00 -5.808891296386718750e+00 -6.252893924713134766e+00
3.889396667480468750e+00 -5.143785953521728516e+00 -5.597542285919189453e+00
5.922824859619140625e+00 -4.827330589294433594e+00 -3.731682300567626953e+00
7.158464431762695312e+00 -4.978425025939941406e+00 -4.070612430572509766e+00
2.442826271057128906e+00 -5.622338294982910156e+00 -8.458180427551269531e+00
8.318292617797851562e+00 -4.991907119750976562e+00 -6.011362552642822266e+00
3.298983097076416016e+00 -5.332914829254150391e+00 -7.115438461303710938e+00
3.711978197097778320e+00 -4.724279880523681641e+00 -7.898349285125732422e+00
6.288103580474853516e+00 -5.080956935882568359e+00 -5.377652645111083984e+00
7.405756950378417969e+00 -4.940629005432128906e+00 -6.331220626831054688e+00
5.875571250915527344e+00 -4.183655261993408203e+00 -7.249685287475585938e+00
7.530942916870117188e+00 -4.039040088653564453e+00 -7.367504119873046875e+00
5.587058544158935547e+00 -3.867106914520263672e+00 -7.627470970153808594e+00
5.158473014831542969e+00 -2.840999841690063477e+00 -8.643129348754882812e+00
5.233009338378906250e+00 -2.082366704940795898e+00 -8.896895408630371094e+00
-3.349416017532348633e+00 -7.970678806304931641e+00 -1.205586814880371094e+01
-3.131266832351684570e+00 -8.214921951293945312e+00 -1.051672554016113281e+01
-3.961379289627075195e+00 -7.543914318084716797e+00 -1.315909481048583984e+01
-1.581753611564636230e+00 -6.563499927520751953e+00 -1.324222469329833984e+01
-3.556812047958374023e+00 -6.334820747375488281e+00 -1.446001529693603516e+01
-3.375085592269897461e+00 -5.281720638275146484e+00 -1.519276237487792969e+01
-6.631130695343017578e+00 -6.537687778472900391e+00 -1.317144107818603516e+01
-7.072080135345458984e+00 -6.214363098144531250e+00 -1.318922615051269531e+01
-7.758109092712402344e+00 -5.234503746032714844e+00 -1.367569541931152344e+01
-5.719604015350341797e+00 -7.132575035095214844e+00 -1.307799148559570312e+01
-8.473851203918457031e+00 -5.368432521820068359e+00 -1.256483745574951172e+01
-7.364372253417968750e+00 -4.565772533416748047e+00 -1.457318878173828125e+01
-4.151416778564453125e+00 -5.535823345184326172e+00 -1.502919483184814453e+01
-5.996138572692871094e+00 -4.382616043090820312e+00 -1.525681400299072266e+01
-2.711443901062011719e+00 -5.388314723968505859e+00 -1.501386356353759766e+01
-2.177373886108398438e+00 -4.296030998229980469e+00 -1.536930751800537109e+01
-3.723016738891601562e+00 -3.716585159301757812e+00 -1.575263309478759766e+01
-2.790772438049316406e+00 -3.187911748886108398e+00 -1.571559524536132812e+01
-4.990140438079833984e+00 -2.649559020996093750e+00 -1.593964767456054688e+01
-3.921554565429687500e+00 -1.504732966423034668e+00 -1.593497467041015625e+01
-9.301243782043457031e+00 -4.443209648132324219e+00 -1.222193050384521484e+01
-8.934790611267089844e+00 -4.003189086914062500e+00 -1.344493007659912109e+01
-9.912052154541015625e+00 -2.864171504974365234e+00 -1.234593200683593750e+01
-1.040205192565917969e+01 -1.439930319786071777e+00 -1.151841259002685547e+01
-8.549731254577636719e+00 -3.350297927856445312e+00 -1.435993957519531250e+01
-7.692571163177490234e+00 -2.967132806777954102e+00 -1.519774341583251953e+01
-9.822579383850097656e+00 -9.249901175498962402e-01 -1.328307342529296875e+01
-9.376110076904296875e+00 -3.281600177288055420e-01 -1.420377826690673828e+01
-8.488425254821777344e+00 -9.517292976379394531e-01 -1.507351303100585938e+01
-7.136462211608886719e+00 1.598838865756988525e-01 -1.576917743682861328e+01
-7.628612041473388672e+00 8.139100670814514160e-01 -1.553520202636718750e+01
-1.521754622459411621e+00 -7.556516170501708984e+00 -6.888679504394531250e+00
-4.210745692253112793e-01 -7.157342910766601562e+00 -8.632001876831054688e+00
7.370427250862121582e-02 -6.570000171661376953e+00 -5.590363025665283203e+00
6.192272901535034180e-01 -6.686589241027832031e+00 -6.757524967193603516e+00
-2.398710846900939941e-01 -6.931080341339111328e+00 -9.610893249511718750e+00
-5.072725191712379456e-02 -5.895476818084716797e+00 -1.240202331542968750e+01
1.352671027183532715e+00 -6.390303611755371094e+00 -6.420001029968261719e+00
2.020938634872436523e+00 -5.953119277954101562e+00 -8.191275596618652344e+00
-7.605391740798950195e-01 -5.087521076202392578e+00 -1.430367183685302734e+01
1.024520158767700195e+00 -4.963349342346191406e+00 -1.243787288665771484e+01
-1.230519175529479980e+00 -3.740402936935424805e+00 -1.520281314849853516e+01
-1.925746947526931763e-01 -3.007831096649169922e+00 -1.485944938659667969e+01
1.960159182548522949e+00 -5.054042816162109375e+00 -1.069760608673095703e+01
-1.088197469711303711e+00 -2.406191825866699219e+00 -1.528169822692871094e+01
-1.307481765747070312e+00 -1.698201179504394531e+00 -1.534114837646484375e+01
2.141496896743774414e+00 -3.536719560623168945e+00 -1.149251270294189453e+01
8.842270374298095703e-01 -1.870349287986755371e+00 -1.348674964904785156e+01
7.971284985542297363e-01 -1.144600629806518555e+00 -1.333460235595703125e+01
-2.606623411178588867e+00 -1.779528379440307617e+00 -1.569918155670166016e+01
-2.676448822021484375e+00 -8.105067014694213867e-01 -1.564089107513427734e+01
-5.085399150848388672e+00 4.534152448177337646e-01 -1.588804340362548828e+01
-2.887119770050048828e+00 1.006617307662963867e+00 -1.536652565002441406e+01
-2.165035486221313477e+00 1.173969864845275879e+00 -1.512434577941894531e+01
-4.977940022945404053e-01 1.149179697036743164e+00 -1.389052486419677734e+01
-2.882576227188110352e+00 2.079174757003784180e+00 -1.503563499450683594e+01
-2.466101169586181641e+00 2.787763357162475586e+00 -1.464680480957031250e+01
2.703722476959228516e+00 -3.968307971954345703e+00 -1.033748531341552734e+01
3.520416736602783203e+00 -2.611508131027221680e+00 -1.011236000061035156e+01
3.012434720993041992e+00 -1.849082708358764648e+00 -1.085317516326904297e+01
9.646280407905578613e-01 -2.819896340370178223e-01 -1.281395053863525391e+01
1.483066678047180176e+00 5.613835994154214859e-03 -1.211075019836425781e+01
2.348815202713012695e+00 -2.195908427238464355e-01 -1.122735023498535156e+01
1.081633925437927246e+00 4.162297248840332031e-01 -1.233648777008056641e+01
-1.051323699951171875e+01 -9.672225117683410645e-01 -1.099187946319580078e+01
-9.969062805175781250e+00 6.843061447143554688e-01 -1.292070674896240234e+01
-1.030308246612548828e+01 -1.635330170392990112e-02 -1.048537540435791016e+01
-1.007293987274169922e+01 -1.214630976319313049e-01 -9.023498535156250000e+00
-9.727177619934082031e+00 5.433132648468017578e-01 -1.002617073059082031e+01
-9.964490890502929688e+00 9.222733378410339355e-01 -1.155112457275390625e+01
-9.434378623962402344e+00 2.031422376632690430e+00 -1.278384017944335938e+01
-8.820813179016113281e+00 1.395858526229858398e+00 -9.342173576354980469e+00
-8.417185783386230469e+00 2.396684408187866211e+00 -1.037536048889160156e+01
-8.198650360107421875e+00 1.157644391059875488e+00 -6.070628166198730469e+00
-7.961255550384521484e+00 1.593742489814758301e+00 -7.151144504547119141e+00
-8.283728599548339844e+00 1.880632758140563965e+00 -8.737261772155761719e+00
-7.899889469146728516e+00 2.547324419021606445e+00 -9.732552528381347656e+00
-6.297372817993164062e+00 2.701478719711303711e+00 -7.678409099578857422e+00
-6.213809490203857422e+00 3.010194301605224609e+00 -8.161899566650390625e+00
-8.635967254638671875e+00 2.200353384017944336e+00 -1.429160594940185547e+01
-8.037430763244628906e+00 2.228733777999877930e+00 -1.473143291473388672e+01
-7.637539863586425781e+00 3.439446687698364258e+00 -1.351322841644287109e+01
-6.655652999877929688e+00 4.261969566345214844e+00 -1.313808345794677734e+01
-6.100874423980712891e+00 1.892835974693298340e+00 -1.547531700134277344e+01
-5.844936370849609375e+00 2.183157444000244141e+00 -1.532684993743896484e+01
-5.170886516571044922e+00 3.965976953506469727e+00 -1.412277889251708984e+01
-4.615118026733398438e+00 3.959795475006103516e+00 -1.425025177001953125e+01
-5.867687225341796875e+00 3.767303228378295898e+00 -1.412501335144042969e+01
-8.274074554443359375e+00 3.281062364578247070e+00 -1.224795532226562500e+01
-6.242540359497070312e+00 4.411573410034179688e+00 -1.238217544555664062e+01
-5.555431842803955078e+00 4.379467010498046875e+00 -1.074517059326171875e+01
-3.388530015945434570e+00 4.232549190521240234e+00 -1.348955059051513672e+01
-3.170132160186767578e+00 4.294751167297363281e+00 -1.287162685394287109e+01
-5.219358921051025391e+00 4.432652473449707031e+00 -1.222093391418457031e+01
-4.468466758728027344e+00 4.634140968322753906e+00 -1.232757854461669922e+01
-3.216028451919555664e+00 4.685160636901855469e+00 -1.144444847106933594e+01
-4.957398891448974609e+00 4.784354686737060547e+00 -1.084954547882080078e+01
-3.795260429382324219e+00 4.891511440277099609e+00 -1.117267036437988281e+01
-6.639246940612792969e+00 3.680543661117553711e+00 -1.050326538085937500e+01
-5.931167125701904297e+00 3.623389244079589844e+00 -9.035490989685058594e+00
3.057594299316406250e+00 -1.920878291130065918e-01 -1.030213832855224609e+01
-1.381985992193222046e-01 1.527694344520568848e+00 -1.287835407257080078e+01
-2.113933801651000977e+00 3.220470666885375977e+00 -1.359578704833984375e+01
9.960530996322631836e-01 8.001648187637329102e-01 -1.168954658508300781e+01
-1.053306937217712402e+00 2.883532762527465820e+00 -1.233933734893798828e+01
-2.713285446166992188e+00 3.844996452331542969e+00 -1.327146720886230469e+01
-1.649031400680541992e+00 3.646215915679931641e+00 -1.187634944915771484e+01
1.143579292297363281e+01 -6.535571575164794922e+00 -3.372527360916137695e+00
1.333197021484375000e+01 -6.700573921203613281e+00 -1.721820116043090820e+00
1.117347908020019531e+01 -6.456127643585205078e+00 -8.333353996276855469e-01
1.097791099548339844e+01 -6.480896472930908203e+00 -2.592262029647827148e+00
1.435123920440673828e+01 -6.955627441406250000e+00 -5.023534297943115234e+00
1.198764133453369141e+01 -6.599411487579345703e+00 -3.976641416549682617e+00
1.269567394256591797e+01 -6.578063964843750000e+00 -5.474706172943115234e+00
1.314958572387695312e+01 -6.882008552551269531e+00 -3.663972616195678711e+00
1.562874603271484375e+01 -7.030239582061767578e+00 -3.593568563461303711e+00
1.605923080444335938e+01 -5.960585594177246094e+00 -4.183521747589111328e+00
1.625156974792480469e+01 -6.481304168701171875e+00 -1.163437128067016602e+00
1.636773300170898438e+01 -5.693512916564941406e+00 -2.054461956024169922e+00
1.459029006958007812e+01 -6.571374416351318359e+00 6.056892871856689453e-02
1.481978988647460938e+01 -6.952239513397216797e+00 -1.541842579841613770e+00
1.538749122619628906e+01 -6.187475204467773438e+00 9.711871743202209473e-01
1.484311199188232422e+01 -3.972415208816528320e+00 1.936009764671325684e+00
1.516455364227294922e+01 -4.160759925842285156e+00 8.581918478012084961e-01
1.437905502319335938e+01 -3.257472276687622070e+00 9.949594140052795410e-01
1.578708457946777344e+01 -4.919615745544433594e+00 -3.358702182769775391e+00
1.520916080474853516e+01 -4.057231903076171875e+00 -2.586379289627075195e+00
1.523259353637695312e+01 -3.939702987670898438e+00 -1.033186316490173340e+00
1.495914554595947266e+01 -3.624420881271362305e+00 -1.531726121902465820e+00
1.432456207275390625e+01 -2.834950447082519531e+00 -9.041855335235595703e-01
1.380294895172119141e+01 -6.744253158569335938e+00 -6.243787288665771484e+00
1.524063587188720703e+01 -5.947647094726562500e+00 -6.543282985687255859e+00
1.236032962799072266e+01 -6.453203678131103516e+00 -6.660819530487060547e+00
1.290034008026123047e+01 -5.913955688476562500e+00 -7.447103500366210938e+00
1.591993331909179688e+01 -5.852168560028076172e+00 -5.641179084777832031e+00
1.559566879272460938e+01 -5.087894916534423828e+00 -5.933238506317138672e+00
1.501625061035156250e+01 -4.423239231109619141e+00 -5.538918972015380859e+00
1.324180316925048828e+01 -5.520298480987548828e+00 -7.304934024810791016e+00
1.261406707763671875e+01 -4.968327522277832031e+00 -6.615066528320312500e+00
1.347591590881347656e+01 -4.478993415832519531e+00 -6.097600460052490234e+00
1.359796237945556641e+01 -3.386953353881835938e+00 -4.945846557617187500e+00
1.497189331054687500e+01 -3.734766721725463867e+00 -2.826931715011596680e+00
1.489802837371826172e+01 -3.753349542617797852e+00 -4.502156257629394531e+00
1.433996200561523438e+01 -2.909821987152099609e+00 -3.753956079483032227e+00
1.016068172454833984e+01 -6.017936229705810547e+00 -2.744300842285156250e+00
6.990119457244873047e+00 -4.772453308105468750e+00 -2.370498657226562500e+00
7.276226997375488281e+00 -4.842274188995361328e+00 -1.942416310310363770e+00
6.843389987945556641e+00 -4.714608669281005859e+00 -2.934538841247558594e+00
1.048185634613037109e+01 -6.306339263916015625e+00 -2.340151309967041016e+00
9.010136604309082031e+00 -5.540682792663574219e+00 -1.943828225135803223e+00
7.949244499206542969e+00 -5.106635570526123047e+00 -1.577201962471008301e+00
9.596599578857421875e+00 -5.542861938476562500e+00 -3.436197996139526367e+00
9.951676368713378906e+00 -5.559838771820068359e+00 -4.665829658508300781e+00
8.331126213073730469e+00 -5.002611637115478516e+00 -3.960941553115844727e+00
1.354823875427246094e+01 -2.141970634460449219e+00 -5.164964124560356140e-02
1.220288658142089844e+01 -7.798001170158386230e-01 -1.030997514724731445e+00
1.096205234527587891e+01 -5.969031810760498047e+00 -5.498626232147216797e+00
1.102148151397705078e+01 -5.425535678863525391e+00 -6.033010482788085938e+00
9.592867851257324219e+00 -5.079418182373046875e+00 -5.199670314788818359e+00
1.170944023132324219e+01 -4.700638771057128906e+00 -6.174946784973144531e+00
9.177396774291992188e+00 -4.322876930236816406e+00 -6.413122653961181641e+00
1.039476966857910156e+01 -3.543696165084838867e+00 -5.863531589508056641e+00
1.245937252044677734e+01 -3.688564777374267578e+00 -5.452041149139404297e+00
1.064008235931396484e+01 -3.201246976852416992e+00 -5.660823822021484375e+00
1.066574478149414062e+01 -2.272174119949340820e+00 -5.249144554138183594e+00
8.538978576660156250e+00 -3.684764623641967773e+00 -7.025802135467529297e+00
9.047988891601562500e+00 -3.083655118942260742e+00 -6.563367366790771484e+00
8.055102348327636719e+00 -2.032286405563354492e+00 -6.900828361511230469e+00
1.040426921844482422e+01 -1.603504538536071777e+00 -5.111512184143066406e+00
8.256746292114257812e+00 -1.705886960029602051e+00 -6.636471271514892578e+00
8.749649047851562500e+00 -4.812875688076019287e-01 -5.841110229492187500e+00
7.283267498016357422e+00 -1.640717238187789917e-01 -6.914218902587890625e+00
1.324744510650634766e+01 -2.136867284774780273e+00 -4.054750442504882812e+00
1.343894290924072266e+01 -1.662388443946838379e+00 -1.943332672119140625e+00
1.318281269073486328e+01 -1.328698873519897461e+00 -3.145920753479003906e+00
1.238362598419189453e+01 -4.195072054862976074e-01 -2.234286308288574219e+00
1.202691459655761719e+01 -1.239112243056297302e-01 -2.833415031433105469e+00
1.239795303344726562e+01 -1.919806003570556641e+00 -4.357436656951904297e+00
1.120156192779541016e+01 -1.234027504920959473e+00 -4.481342792510986328e+00
1.148040485382080078e+01 -5.765795111656188965e-01 -3.861416816711425781e+00
1.016615581512451172e+01 1.575360894203186035e+00 -1.737208485603332520e+00
9.281166076660156250e+00 2.381015300750732422e+00 -2.878833293914794922e+00
9.322367668151855469e+00 2.298930168151855469e+00 -3.346482992172241211e+00
8.565163612365722656e+00 2.936698436737060547e+00 -2.359970808029174805e+00
1.021167278289794922e+01 -9.123647809028625488e-01 -5.000285148620605469e+00
1.064539718627929688e+01 2.995139658451080322e-01 -4.118820190429687500e+00
8.369812011718750000e+00 1.301831901073455811e-01 -5.854448795318603516e+00
7.018116474151611328e+00 9.851567745208740234e-01 -6.426319599151611328e+00
1.394606018066406250e+01 -3.230370044708251953e+00 2.521485090255737305e+00
1.249277877807617188e+01 -2.190468549728393555e+00 2.840999603271484375e+00
1.125727272033691406e+01 -6.811444163322448730e-01 1.417348861694335938e+00
1.147010707855224609e+01 -5.034302473068237305e-01 2.807558476924896240e-01
9.945040702819824219e+00 -2.204682677984237671e-01 3.130905866622924805e+00
8.802744865417480469e+00 1.049617886543273926e+00 2.661164045333862305e+00
9.408507347106933594e+00 7.868303060531616211e-01 2.093544244766235352e+00
7.279080390930175781e+00 2.091524839401245117e+00 3.049030780792236328e+00
7.133299350738525391e+00 2.761172533035278320e+00 1.886851787567138672e+00
9.836149215698242188e+00 1.037225246429443359e+00 3.690231442451477051e-01
1.006230449676513672e+01 1.402070283889770508e+00 -9.840669631958007812e-01
7.977705478668212891e+00 2.689963817596435547e+00 4.556825757026672363e-01
3.351822376251220703e+00 4.271187782287597656e+00 -3.419363200664520264e-01
6.220434665679931641e+00 3.605038881301879883e+00 3.108653128147125244e-01
5.479702472686767578e+00 4.046089649200439453e+00 -2.221014022827148438e+00
3.672111034393310547e+00 4.387309551239013672e+00 -6.800229549407958984e-01
2.847948074340820312e+00 3.816558837890625000e+00 -2.452282190322875977e+00
2.960572481155395508e+00 3.507005214691162109e+00 -3.324157238006591797e+00
-9.870606660842895508e-01 3.793500661849975586e+00 -7.642179131507873535e-01
2.147981166839599609e+00 3.140274286270141602e+00 -4.383697032928466797e+00
1.054976508021354675e-02 4.161145210266113281e+00 -3.142804384231567383e+00
3.072357475757598877e-01 3.708493471145629883e+00 -4.697240352630615234e+00
2.380238294601440430e+00 3.805623769760131836e+00 -2.564648389816284180e+00
5.102218627929687500e+00 -8.746093511581420898e-01 -8.893223762512207031e+00
2.943029642105102539e+00 3.072294294834136963e-01 -9.606384277343750000e+00
5.063441276550292969e+00 5.054323077201843262e-01 -8.109947204589843750e+00
3.643018007278442383e+00 5.613554120063781738e-01 -8.966467857360839844e+00
2.523494243621826172e+00 5.006289482116699219e-01 -9.799850463867187500e+00
1.546973466873168945e+00 1.848926782608032227e+00 -9.911389350891113281e+00
3.315460383892059326e-01 3.149406671524047852e+00 -9.156777381896972656e+00
1.130618527531623840e-01 3.002361297607421875e+00 -1.045788478851318359e+01
5.656072139739990234e+00 2.806108713150024414e+00 -4.853654384613037109e+00
6.162185668945312500e+00 1.883460879325866699e+00 -6.085416316986083984e+00
4.700542449951171875e+00 2.685404777526855469e+00 -5.241106510162353516e+00
4.796388626098632812e+00 2.378145217895507812e+00 -5.953060626983642578e+00
6.614598274230957031e+00 3.765750885009765625e+00 -2.717079401016235352e+00
6.586574554443359375e+00 1.282704830169677734e+00 -6.425137042999267578e+00
5.711462020874023438e+00 1.665203332901000977e+00 -6.595917224884033203e+00
4.857909202575683594e+00 1.773846268653869629e+00 -7.028358459472656250e+00
2.736951828002929688e+00 2.844647884368896484e+00 -5.058245658874511719e+00
2.816061019897460938e+00 2.086044788360595703e+00 -7.355947494506835938e+00
2.027620553970336914e+00 2.326051235198974609e+00 -6.809920787811279297e+00
9.496089071035385132e-02 3.301497459411621094e+00 -6.270392894744873047e+00
2.719666361808776855e-01 2.959539651870727539e+00 -7.758325099945068359e+00
3.037296235561370850e-01 3.031732320785522461e+00 -8.136795043945312500e+00
-3.295583009719848633e+00 3.400159120559692383e+00 -2.584680318832397461e+00
-5.633722782135009766e+00 3.069479227066040039e+00 -7.731045246124267578e+00
-4.808081626892089844e+00 3.485810756683349609e+00 -7.636126995086669922e+00
-4.258176326751708984e+00 3.352963209152221680e+00 -6.674573421478271484e+00
-2.166341066360473633e+00 3.287342786788940430e+00 -2.298165112733840942e-01
-1.889339804649353027e+00 3.753980398178100586e+00 -1.353776574134826660e+00
-1.527748942375183105e+00 4.094109535217285156e+00 -2.468986034393310547e+00
-1.353673577308654785e+00 4.391623973846435547e+00 -3.693298101425170898e+00
-1.182499289512634277e+00 4.400903701782226562e+00 -4.986829280853271484e+00
-4.799874782562255859e+00 4.081603050231933594e+00 -8.505682945251464844e+00
-4.504704475402832031e+00 4.558279514312744141e+00 -9.025436401367187500e+00
-1.980701923370361328e+00 4.463537693023681641e+00 -7.511514663696289062e+00
-3.349574089050292969e+00 4.460294723510742188e+00 -8.332250595092773438e+00
-1.540375709533691406e+00 3.653591871261596680e+00 -1.119940948486328125e+01
-1.227715730667114258e+00 3.508218765258789062e+00 -1.106354141235351562e+01
-3.827475309371948242e+00 4.854065895080566406e+00 -1.070557403564453125e+01
-2.047057628631591797e+00 4.182208538055419922e+00 -9.850975990295410156e+00
-3.106872439384460449e-01 3.481333017349243164e+00 -9.966379165649414062e+00
-2.159414768218994141e+00 4.560566425323486328e+00 -6.120745182037353516e+00
5.281199932098388672e+00 3.295890092849731445e+00 2.442791938781738281e+00
6.049343109130859375e+00 3.265162944793701172e+00 1.861446738243103027e+00
1.965440630912780762e+00 7.032345533370971680e-01 -1.028638172149658203e+01
-5.160057544708251953e-01 2.795938253402709961e+00 -1.161546421051025391e+01
4.425455927848815918e-01 2.525241374969482422e+00 -1.076901340484619141e+01
