1.562732338905334473e+00 -4.939441204071044922e+00 -2.711901426315307617e+00
2.279608488082885742e+00 -4.793708324432373047e+00 -1.920916914939880371e+00
1.516736507415771484e+00 -4.798387527465820312e+00 -2.306658983230590820e+00
-5.068768501281738281e+00 -8.108882904052734375e+00 -7.822303295135498047e+00
-4.999402523040771484e+00 -8.062360763549804688e+00 -1.156785392761230469e+01
-4.184911251068115234e+00 -8.321229934692382812e+00 -9.419631004333496094e+00
-7.270824432373046875e+00 -7.468686103820800781e+00 -7.059034824371337891e+00
-7.775138378143310547e+00 -7.350986957550048828e+00 -7.967267036437988281e+00
-5.692345619201660156e+00 -8.129236221313476562e+00 -9.823606491088867188e+00
-6.220828533172607422e+00 -7.997790336608886719e+00 -9.061524391174316406e+00
-6.480533123016357422e+00 -7.345948219299316406e+00 -1.205423355102539062e+01
-8.410677909851074219e+00 -6.367250442504882812e+00 -1.057595062255859375e+01
-8.333022117614746094e+00 -6.190908908843994141e+00 -1.129403781890869141e+01
-9.642958641052246094e+00 -5.267326831817626953e+00 -8.362893104553222656e+00
-1.005192852020263672e+01 -4.325636863708496094e+00 -8.715523719787597656e+00
-9.588075637817382812e+00 -4.643956184387207031e+00 -1.086741542816162109e+01
-8.219985961914062500e+00 -6.690547466278076172e+00 -5.445634841918945312e+00
-9.067486763000488281e+00 -6.091811656951904297e+00 -4.930291175842285156e+00
-7.967918872833251953e+00 -5.745435714721679688e+00 -3.404805660247802734e+00
-8.496679306030273438e+00 -5.228468894958496094e+00 -2.226549625396728516e+00
-6.958098888397216797e+00 -5.440479755401611328e+00 -3.112615823745727539e+00
-2.593866586685180664e+00 -5.033011913299560547e+00 -1.548429608345031738e+00
-3.374311685562133789e+00 -4.883377552032470703e+00 -5.835118293762207031e-01
-1.441195964813232422e+00 -4.997741222381591797e+00 -2.385562211275100708e-01
-7.379936218261718750e+00 -3.213728189468383789e+00 2.311529397964477539e+00
-5.355990409851074219e+00 -3.513682126998901367e+00 1.278369188308715820e+00
-3.860294818878173828e+00 -5.069057464599609375e+00 -2.136979579925537109e+00
-7.304336547851562500e+00 -4.796359062194824219e+00 -1.626924276351928711e+00
-6.307533264160156250e+00 -5.167162895202636719e+00 -2.786846399307250977e+00
-3.739275455474853516e+00 -4.415652751922607422e+00 1.336666643619537354e-01
-4.768247604370117188e+00 -7.279387950897216797e+00 -5.294850826263427734e+00
-4.545495510101318359e+00 -6.498695850372314453e+00 -4.091120243072509766e+00
-2.280393600463867188e+00 -7.656003475189208984e+00 -6.417033195495605469e+00
-2.884769678115844727e+00 -7.168459892272949219e+00 -5.067092895507812500e+00
-2.214406490325927734e+00 -7.178294181823730469e+00 -5.299052238464355469e+00
-1.355998992919921875e+00 -6.803613185882568359e+00 -5.043914318084716797e+00
-2.779695510864257812e+00 -6.777938365936279297e+00 -4.439808368682861328e+00
-5.267611980438232422e+00 -6.850749015808105469e+00 -4.679088592529296875e+00
-6.154015541076660156e+00 -7.667041301727294922e+00 -6.742213726043701172e+00
-8.704731941223144531e+00 -6.651156902313232422e+00 -6.454843044281005859e+00
-1.416750192642211914e+00 -4.985502719879150391e+00 -1.835906744003295898e+00
-9.340401887893676758e-01 -5.047674179077148438e+00 -2.276373147964477539e+00
-2.241195440292358398e+00 -5.127274036407470703e+00 -2.023255586624145508e+00
-3.509488105773925781e-01 -5.094202518463134766e+00 -1.198145389556884766e+00
6.344019174575805664e-01 -4.629420280456542969e+00 -1.597920060157775879e+00
-8.142481446266174316e-01 -5.406578063964843750e+00 -3.020687818527221680e+00
-7.415769621729850769e-03 -5.503338813781738281e+00 -3.344833135604858398e+00
6.086651682853698730e-01 -4.772472381591796875e+00 -2.124728918075561523e+00
-9.515061378479003906e+00 -4.813767910003662109e+00 -2.044800281524658203e+00
-9.939970016479492188e+00 -4.890771865844726562e+00 -4.679979324340820312e+00
-9.351500511169433594e+00 -5.581343650817871094e+00 -3.831222772598266602e+00
-1.019574260711669922e+01 -3.759851455688476562e+00 -3.288025379180908203e+00
-1.031990814208984375e+01 -3.585983514785766602e+00 -4.715682029724121094e+00
-9.120056152343750000e+00 -4.087558269500732422e+00 3.089492022991180420e-01
-9.780928611755371094e+00 -4.174284934997558594e+00 -1.408408164978027344e+00
-9.820603370666503906e+00 -3.231606483459472656e+00 -2.797021269798278809e-01
-9.599308013916015625e+00 -2.927395582199096680e+00 9.025017023086547852e-01
-9.113512992858886719e+00 -2.722646951675415039e+00 2.167597055435180664e+00
-9.279468536376953125e+00 -1.630080819129943848e+00 1.269799947738647461e+00
-1.017294025421142578e+01 -2.694976806640625000e+00 -2.523554563522338867e+00
-1.009755229949951172e+01 -1.608859539031982422e+00 -2.652309179306030273e+00
-9.465145111083984375e+00 -1.293148279190063477e+00 -8.877007961273193359e-01
-7.937338352203369141e+00 -4.175796508789062500e-01 -6.464422941207885742e-01
-1.006316661834716797e+01 -4.635211944580078125e+00 -5.545448780059814453e+00
-1.034836196899414062e+01 -3.652351617813110352e+00 -5.424904823303222656e+00
-1.053390598297119141e+01 -2.258305311203002930e+00 -5.301501750946044922e+00
-1.059123611450195312e+01 -2.099343061447143555e+00 -5.871953487396240234e+00
-1.008395385742187500e+01 -6.580137610435485840e-01 -5.353508949279785156e+00
-1.059014606475830078e+01 -2.844166517257690430e+00 -7.961610794067382812e+00
-1.071187210083007812e+01 -1.948725819587707520e+00 -8.886732101440429688e+00
-1.060171222686767578e+01 -8.126746416091918945e-01 -8.516357421875000000e+00
-9.952702522277832031e+00 -3.308376371860504150e-01 -6.705323219299316406e+00
-8.383322715759277344e+00 -2.015688717365264893e-01 -2.253544092178344727e+00
-6.926987171173095703e+00 1.702560067176818848e+00 -3.686901569366455078e+00
-9.016965866088867188e+00 3.851282000541687012e-01 -6.202690601348876953e+00
-7.576351642608642578e+00 1.440045952796936035e+00 -4.988409996032714844e+00
1.320908164978027344e+01 -6.060451030731201172e+00 4.783751487731933594e+00
1.354835891723632812e+01 -6.332892894744873047e+00 8.418866395950317383e-01
1.303500175476074219e+01 -6.171988964080810547e+00 1.547170400619506836e+00
1.491204452514648438e+01 -6.151558876037597656e+00 2.035593986511230469e+00
1.470990562438964844e+01 -5.383074760437011719e+00 3.216166734695434570e+00
1.195421791076660156e+01 -5.924177169799804688e+00 2.872426271438598633e+00
4.370749473571777344e+00 -1.444735169410705566e+00 5.053893089294433594e+00
5.188861846923828125e+00 -1.313263297080993652e+00 6.210988044738769531e+00
6.653523921966552734e+00 -4.880187511444091797e+00 -1.652147173881530762e+00
8.913467407226562500e+00 -6.304227352142333984e+00 -1.210882782936096191e+00
8.127994537353515625e+00 -6.215229034423828125e+00 -1.054599642753601074e+00
7.456017494201660156e+00 -6.284091472625732422e+00 -4.712394773960113525e-01
2.554186820983886719e+00 -5.433371067047119141e+00 4.059757888317108154e-01
4.297663211822509766e+00 -4.726504802703857422e+00 -1.490710616111755371e+00
5.170322418212890625e+00 -5.123920440673828125e+00 -1.158958673477172852e+00
2.310000896453857422e+00 -4.304081439971923828e+00 -1.259133577346801758e+00
4.117791175842285156e+00 -4.755069255828857422e+00 -1.272112369537353516e+00
5.110785007476806641e+00 -5.590703964233398438e+00 2.269879579544067383e-01
5.809913158416748047e+00 -6.004364013671875000e+00 -5.929135084152221680e-01
3.098060607910156250e+00 -5.510713100433349609e+00 -5.833832621574401855e-01
9.456911087036132812e+00 -5.323371887207031250e+00 3.216510295867919922e+00
9.952643394470214844e+00 -5.459211349487304688e+00 5.335049152374267578e+00
9.913852691650390625e+00 -5.259695053100585938e+00 4.510468959808349609e+00
8.681825637817382812e+00 -4.582316398620605469e+00 5.757644653320312500e+00
8.934070587158203125e+00 -5.086017131805419922e+00 3.279237747192382812e+00
9.027309417724609375e+00 -5.966025829315185547e+00 1.489114880561828613e+00
8.686389923095703125e+00 -6.118062496185302734e+00 9.753295779228210449e-01
5.524843692779541016e+00 -1.549551248550415039e+00 4.221884250640869141e+00
6.179735183715820312e+00 -3.749375581741333008e+00 2.449620485305786133e+00
5.599051475524902344e+00 -3.997573137283325195e+00 1.897719383239746094e+00
4.525810718536376953e+00 -1.951591491699218750e+00 3.131721735000610352e+00
4.614582538604736328e+00 -1.626449465751647949e+00 3.837914228439331055e+00
6.920854568481445312e+00 -2.659406900405883789e+00 4.488792896270751953e+00
6.643723011016845703e+00 -2.371228694915771484e+00 5.740275382995605469e+00
6.549721717834472656e+00 -5.485906124114990234e+00 9.581264257431030273e-01
1.201977443695068359e+01 -5.008051395416259766e+00 6.315147399902343750e+00
1.369340705871582031e+01 -5.040503025054931641e+00 4.726389884948730469e+00
1.250901603698730469e+01 -3.929222106933593750e+00 5.106400012969970703e+00
1.339910507202148438e+01 -3.727192878723144531e+00 3.365149497985839844e+00
7.742606639862060547e+00 -3.547247409820556641e+00 7.094532012939453125e+00
7.278943061828613281e+00 -3.072990179061889648e+00 6.834943294525146484e+00
4.141182899475097656e+00 -8.282352685928344727e-01 6.907889366149902344e+00
9.610377311706542969e+00 -5.165661334991455078e+00 7.565202713012695312e+00
1.028800678253173828e+01 -3.613790035247802734e+00 7.025147914886474609e+00
1.062914371490478516e+01 -3.129265308380126953e+00 5.828245639801025391e+00
8.598657608032226562e+00 -2.149882793426513672e+00 6.661288261413574219e+00
8.936431884765625000e+00 -1.733182191848754883e+00 5.637896060943603516e+00
1.097576999664306641e+01 -2.774363994598388672e+00 4.715399265289306641e+00
1.133898353576660156e+01 -2.388935565948486328e+00 3.651881217956542969e+00
6.520131587982177734e+00 -2.012632369995117188e+00 6.532554626464843750e+00
7.662645339965820312e+00 -1.581717014312744141e+00 6.429630279541015625e+00
6.967754364013671875e+00 -4.692974090576171875e-01 5.904305934906005859e+00
6.196676731109619141e+00 -6.986582279205322266e-01 6.202851772308349609e+00
5.647511959075927734e+00 5.600736141204833984e-01 5.698201656341552734e+00
8.039638519287109375e+00 -1.482916474342346191e-01 4.643069267272949219e+00
5.745832443237304688e+00 1.817155361175537109e+00 4.300021648406982422e+00
6.120537281036376953e+00 1.924386739730834961e+00 3.791285276412963867e+00
-2.136235237121582031e+00 -2.806161165237426758e+00 3.778434991836547852e+00
-1.525064110755920410e+00 -3.808385610580444336e+00 1.666619658470153809e+00
-1.477979302406311035e+00 -4.655271530151367188e+00 3.907028436660766602e-01
-1.622204780578613281e+00 -2.875161886215209961e+00 3.501827478408813477e+00
-2.519645094871520996e-01 -2.672423362731933594e+00 2.379476547241210938e+00
-5.072381496429443359e+00 -3.478122711181640625e+00 1.470087528228759766e+00
-4.360234737396240234e+00 -3.317441463470458984e+00 2.204687595367431641e+00
-5.806056499481201172e+00 -2.600825548171997070e+00 3.394385576248168945e+00
-5.279804229736328125e+00 -3.020768880844116211e+00 2.538177251815795898e+00
-4.096823215484619141e+00 -2.831885099411010742e+00 3.383842945098876953e+00
-2.761097908020019531e+00 -1.627360224723815918e+00 4.881788253784179688e+00
-5.654565334320068359e+00 -1.272788166999816895e+00 4.709302902221679688e+00
-5.350468158721923828e+00 -7.421799302101135254e-01 4.909312725067138672e+00
2.505073785781860352e+00 -1.809862017631530762e+00 3.705204010009765625e+00
1.355435490608215332e+00 -9.500386118888854980e-01 4.156585216522216797e+00
-7.081691920757293701e-02 -1.209635853767395020e+00 3.664937496185302734e+00
1.076071381568908691e+00 -3.838922083377838135e-01 4.693318843841552734e+00
2.453722953796386719e+00 -1.225669026374816895e+00 5.339754104614257812e+00
3.428074121475219727e+00 -8.467469811439514160e-01 6.714387893676757812e+00
1.099397540092468262e+00 6.938925981521606445e-01 5.419348716735839844e+00
-3.226730823516845703e+00 -1.396226406097412109e+00 5.011204719543457031e+00
-4.244758129119873047e+00 2.943325042724609375e-01 5.009953498840332031e+00
-2.751576900482177734e+00 5.574200153350830078e-01 5.136021614074707031e+00
-1.170147776603698730e+00 1.605338811874389648e+00 4.408785343170166016e+00
-3.888663291931152344e+00 1.015362620353698730e+00 4.047454357147216797e+00
-3.824642419815063477e+00 1.419556736946105957e+00 2.887967348098754883e+00
-1.797988265752792358e-01 -5.107183456420898438e+00 -8.044534921646118164e-02
2.960071563720703125e-01 -4.967805385589599609e+00 -1.155833527445793152e-01
8.138879537582397461e-01 -4.979783535003662109e+00 3.170887380838394165e-02
1.639744162559509277e+00 -3.823215484619140625e+00 1.420810699462890625e+00
1.480227589607238770e+00 -5.016102313995361328e+00 5.786961317062377930e-01
1.629395246505737305e+00 -3.779089927673339844e+00 -1.359813213348388672e+00
1.874610781669616699e+00 -2.662759542465209961e+00 2.368350028991699219e+00
2.275142431259155273e+00 1.325943827629089355e+00 5.616339206695556641e+00
2.873650074005126953e+00 2.333452463150024414e+00 4.272557735443115234e+00
2.606818199157714844e+00 2.916998386383056641e+00 3.043012380599975586e+00
-8.626010417938232422e-01 2.472824335098266602e+00 2.622370958328247070e+00
-6.644848585128784180e-01 1.929736256599426270e+00 4.188999176025390625e+00
5.714612603187561035e-01 2.527655124664306641e+00 3.259466886520385742e+00
-1.729923009872436523e+00 3.173346519470214844e+00 1.100976094603538513e-01
-7.586417675018310547e+00 -2.462181091308593750e+00 3.555428981781005859e+00
-7.329203605651855469e+00 -1.427424073219299316e+00 4.218048095703125000e+00
-7.960894584655761719e+00 -8.157541155815124512e-01 2.907938241958618164e+00
-6.811915397644042969e+00 -1.164754867553710938e+00 4.463281631469726562e+00
-7.016200542449951172e+00 -3.700107932090759277e-01 3.060925722122192383e+00
-6.420208454132080078e+00 1.881228387355804443e-01 1.420823812484741211e+00
-6.219749927520751953e+00 1.384385228157043457e-01 2.391509771347045898e+00
-6.924560070037841797e+00 2.276252508163452148e-01 -8.144810795783996582e-01
-3.745758771896362305e+00 1.651078581809997559e+00 1.846058011054992676e+00
-5.362785816192626953e+00 2.014789581298828125e+00 -1.992632508277893066e+00
-3.647230625152587891e+00 3.033095598220825195e+00 -1.668880224227905273e+00
3.332423210144042969e+00 4.221202135086059570e-01 6.535096645355224609e+00
2.968869924545288086e+00 1.542911767959594727e+00 5.427329540252685547e+00
3.822249889373779297e+00 1.862473249435424805e+00 4.868381023406982422e+00
4.531657695770263672e+00 2.466705799102783203e+00 3.826366424560546875e+00
3.885311126708984375e+00 3.073525905609130859e+00 3.008579730987548828e+00
7.763222694396972656e+00 -4.947208404541015625e+00 -3.942380666732788086e+00
2.378737211227416992e+00 -5.082572460174560547e+00 -3.049688100814819336e+00
5.497830867767333984e+00 -4.761227130889892578e+00 -2.512397766113281250e+00
6.323476314544677734e+00 -4.716846942901611328e+00 -2.957016229629516602e+00
3.035186767578125000e+00 -5.024529457092285156e+00 -2.929337263107299805e+00
2.091171741485595703e+00 -5.935354709625244141e+00 -5.249196529388427734e+00
2.626765251159667969e+00 -5.812328815460205078e+00 -6.251000881195068359e+00
3.890570878982543945e+00 -5.147257804870605469e+00 -5.594601154327392578e+00
5.924817562103271484e+00 -4.835440635681152344e+00 -3.721604347229003906e+00
7.160040378570556641e+00 -4.993347167968750000e+00 -4.054228782653808594e+00
2.443252563476562500e+00 -5.623394489288330078e+00 -8.457248687744140625e+00
8.321866989135742188e+00 -5.008804798126220703e+00 -5.990475654602050781e+00
3.300231456756591797e+00 -5.335808753967285156e+00 -7.113390445709228516e+00
3.712817192077636719e+00 -4.726119518280029297e+00 -7.896220684051513672e+00
6.290179729461669922e+00 -5.087999820709228516e+00 -5.368623256683349609e+00
7.409157752990722656e+00 -4.949882984161376953e+00 -6.318009376525878906e+00
5.880200862884521484e+00 -4.192220211029052734e+00 -7.244642734527587891e+00
7.537677764892578125e+00 -4.048312664031982422e+00 -7.356291294097900391e+00
5.591824054718017578e+00 -3.873935461044311523e+00 -7.625275611877441406e+00
5.162336349487304688e+00 -2.846825838088989258e+00 -8.642539978027343750e+00
5.234489917755126953e+00 -2.085747241973876953e+00 -8.896328926086425781e+00
-3.349417448043823242e+00 -7.971374034881591797e+00 -1.205618095397949219e+01
-3.131113052368164062e+00 -8.215449333190917969e+00 -1.051697063446044922e+01
-3.961537837982177734e+00 -7.544771194458007812e+00 -1.315932273864746094e+01
-1.581696867942810059e+00 -6.564045906066894531e+00 -1.324227619171142578e+01
-3.556669950485229492e+00 -6.336002349853515625e+00 -1.446035575866699219e+01
-3.374328374862670898e+00 -5.283706188201904297e+00 -1.519381904602050781e+01
-6.631055831909179688e+00 -6.538347721099853516e+00 -1.317108154296875000e+01
-7.071972370147705078e+00 -6.215439796447753906e+00 -1.318879699707031250e+01
-7.758245944976806641e+00 -5.236408233642578125e+00 -1.367596054077148438e+01
-5.719723701477050781e+00 -7.133319854736328125e+00 -1.307800292968750000e+01
-8.473992347717285156e+00 -5.368510246276855469e+00 -1.256433010101318359e+01
-7.364302158355712891e+00 -4.568400382995605469e+00 -1.457456684112548828e+01
-4.150997638702392578e+00 -5.537661552429199219e+00 -1.503007507324218750e+01
-5.995904445648193359e+00 -4.385121345520019531e+00 -1.525848197937011719e+01
-2.710933208465576172e+00 -5.389373302459716797e+00 -1.501429748535156250e+01
-2.176620244979858398e+00 -4.297101497650146484e+00 -1.537005519866943359e+01
-3.722476959228515625e+00 -3.718190431594848633e+00 -1.575399971008300781e+01
-2.790106773376464844e+00 -3.189545869827270508e+00 -1.571680450439453125e+01
-4.989858627319335938e+00 -2.651976585388183594e+00 -1.594145488739013672e+01
-3.920803070068359375e+00 -1.507377266883850098e+00 -1.593636035919189453e+01
-9.301628112792968750e+00 -4.444496631622314453e+00 -1.222193813323974609e+01
-8.935346603393554688e+00 -4.005750656127929688e+00 -1.344657230377197266e+01
-9.912053108215332031e+00 -2.866563320159912109e+00 -1.234752941131591797e+01
-1.040174007415771484e+01 -1.442494392395019531e+00 -1.151939964294433594e+01
-8.549935340881347656e+00 -3.352669715881347656e+00 -1.436159133911132812e+01
-7.692402839660644531e+00 -2.969812154769897461e+00 -1.519874286651611328e+01
-9.822983741760253906e+00 -9.290982484817504883e-01 -1.328398132324218750e+01
-9.376263618469238281e+00 -3.327167332172393799e-01 -1.420451354980468750e+01
-8.487868309020996094e+00 -9.554373621940612793e-01 -1.507422733306884766e+01
-7.136034488677978516e+00 1.569544225931167603e-01 -1.576984214782714844e+01
-7.628353595733642578e+00 8.098437786102294922e-01 -1.553581905364990234e+01
-1.521789550781250000e+00 -7.556935310363769531e+00 -6.888614654541015625e+00
-4.210749566555023193e-01 -7.157675743103027344e+00 -8.631827354431152344e+00
7.389971613883972168e-02 -6.571009159088134766e+00 -5.589972019195556641e+00
6.193120479583740234e-01 -6.687255859375000000e+00 -6.757055759429931641e+00
-2.397286742925643921e-01 -6.931527137756347656e+00 -9.610868453979492188e+00
-5.065567791461944580e-02 -5.895627498626708984e+00 -1.240191364288330078e+01
1.353157877922058105e+00 -6.392203330993652344e+00 -6.418478488922119141e+00
2.021261692047119141e+00 -5.953837394714355469e+00 -8.190179824829101562e+00
-7.602669000625610352e-01 -5.088060379028320312e+00 -1.430361080169677734e+01
1.024627447128295898e+00 -4.963677883148193359e+00 -1.243768215179443359e+01
-1.230146765708923340e+00 -3.741066217422485352e+00 -1.520278263092041016e+01
-1.921541541814804077e-01 -3.008484125137329102e+00 -1.485971641540527344e+01
1.960433006286621094e+00 -5.054861545562744141e+00 -1.069722652435302734e+01
-1.087496638298034668e+00 -2.407302856445312500e+00 -1.528220272064208984e+01
-1.306921482086181641e+00 -1.699329853057861328e+00 -1.534177875518798828e+01
2.141959428787231445e+00 -3.537628889083862305e+00 -1.149242973327636719e+01
8.849830627441406250e-01 -1.871025204658508301e+00 -1.348710918426513672e+01
7.973430156707763672e-01 -1.145506978034973145e+00 -1.333470153808593750e+01
-2.606075286865234375e+00 -1.781564712524414062e+00 -1.570009899139404297e+01
-2.675578832626342773e+00 -8.124460577964782715e-01 -1.564190769195556641e+01
-5.084679603576660156e+00 4.512359797954559326e-01 -1.588922500610351562e+01
-2.886000156402587891e+00 1.004731297492980957e+00 -1.536849212646484375e+01
-2.164104938507080078e+00 1.172393679618835449e+00 -1.512519168853759766e+01
-4.979324638843536377e-01 1.147103309631347656e+00 -1.389024639129638672e+01
-2.882059812545776367e+00 2.077321529388427734e+00 -1.503673171997070312e+01
-2.466257333755493164e+00 2.785270929336547852e+00 -1.464667701721191406e+01
2.704412937164306641e+00 -3.970100879669189453e+00 -1.033732414245605469e+01
3.522585391998291016e+00 -2.615662574768066406e+00 -1.011216545104980469e+01
3.013410568237304688e+00 -1.852125763893127441e+00 -1.085281848907470703e+01
9.642971158027648926e-01 -2.842804193496704102e-01 -1.281333827972412109e+01
1.483209371566772461e+00 2.536291489377617836e-03 -1.211015796661376953e+01
2.348856925964355469e+00 -2.233360409736633301e-01 -1.122633743286132812e+01
1.081311583518981934e+00 4.123967587947845459e-01 -1.233584594726562500e+01
-1.051301956176757812e+01 -9.706208705902099609e-01 -1.099297332763671875e+01
-9.968545913696289062e+00 6.794511675834655762e-01 -1.292202758789062500e+01
-1.030528640747070312e+01 -1.880599558353424072e-02 -1.048515605926513672e+01
-1.007360458374023438e+01 -1.247794851660728455e-01 -9.023875236511230469e+00
-9.727112770080566406e+00 5.382536649703979492e-01 -1.002721405029296875e+01
-9.964973449707031250e+00 9.170343875885009766e-01 -1.155224132537841797e+01
-9.433731079101562500e+00 2.024830102920532227e+00 -1.278490066528320312e+01
-8.821945190429687500e+00 1.391193985939025879e+00 -9.342318534851074219e+00
-8.416718482971191406e+00 2.389067888259887695e+00 -1.037656593322753906e+01
-8.198313713073730469e+00 1.156146645545959473e+00 -6.070265293121337891e+00
-7.960617065429687500e+00 1.588863372802734375e+00 -7.152282238006591797e+00
-8.282898902893066406e+00 1.874307870864868164e+00 -8.738395690917968750e+00
-7.899974822998046875e+00 2.539123296737670898e+00 -9.733526229858398438e+00
-6.297477722167968750e+00 2.694173336029052734e+00 -7.679758071899414062e+00
-6.213800907135009766e+00 3.002061367034912109e+00 -8.163100242614746094e+00
-8.636065483093261719e+00 2.195413112640380859e+00 -1.429158115386962891e+01
-8.037884712219238281e+00 2.224008321762084961e+00 -1.473179244995117188e+01
-7.638058662414550781e+00 3.433006048202514648e+00 -1.351309013366699219e+01
-6.657293319702148438e+00 4.254847526550292969e+00 -1.313832378387451172e+01
-6.101426124572753906e+00 1.890067934989929199e+00 -1.547567653656005859e+01
-5.845636844635009766e+00 2.180050373077392578e+00 -1.532718276977539062e+01
-5.171444416046142578e+00 3.961292743682861328e+00 -1.412263488769531250e+01
-4.615959167480468750e+00 3.955370426177978516e+00 -1.424974536895751953e+01
-5.868945598602294922e+00 3.764267206192016602e+00 -1.412563228607177734e+01
-8.273582458496093750e+00 3.273517608642578125e+00 -1.224821758270263672e+01
-6.243135929107666016e+00 4.402105331420898438e+00 -1.238325119018554688e+01
-5.556298255920410156e+00 4.370995998382568359e+00 -1.074641704559326172e+01
-3.389206409454345703e+00 4.228470325469970703e+00 -1.348896026611328125e+01
-3.171174287796020508e+00 4.289300441741943359e+00 -1.287109851837158203e+01
-5.220119953155517578e+00 4.424435138702392578e+00 -1.222144699096679688e+01
-4.469604015350341797e+00 4.627724647521972656e+00 -1.232742691040039062e+01
-3.217374563217163086e+00 4.678923130035400391e+00 -1.144399738311767578e+01
-4.959228038787841797e+00 4.777781009674072266e+00 -1.085007858276367188e+01
-3.796692132949829102e+00 4.886292457580566406e+00 -1.117278099060058594e+01
-6.639461994171142578e+00 3.670916557312011719e+00 -1.050441265106201172e+01
-5.931503772735595703e+00 3.615983963012695312e+00 -9.036038398742675781e+00
3.056445837020874023e+00 -1.983691453933715820e-01 -1.029974651336669922e+01
-1.388852447271347046e-01 1.523079037666320801e+00 -1.287748718261718750e+01
-2.114976406097412109e+00 3.216303825378417969e+00 -1.359525680541992188e+01
9.950318336486816406e-01 7.943829298019409180e-01 -1.168819713592529297e+01
-1.054425716400146484e+00 2.878028869628906250e+00 -1.233828639984130859e+01
-2.714035987854003906e+00 3.840542554855346680e+00 -1.327095031738281250e+01
-1.650640487670898438e+00 3.639590740203857422e+00 -1.187519645690917969e+01
1.143497276306152344e+01 -6.579830169677734375e+00 -3.330662488937377930e+00
1.332692432403564453e+01 -6.767482280731201172e+00 -1.663807511329650879e+00
1.117707920074462891e+01 -6.470161437988281250e+00 -8.050528764724731445e-01
1.097849273681640625e+01 -6.513046741485595703e+00 -2.554797172546386719e+00
1.435473155975341797e+01 -7.000146865844726562e+00 -4.969293117523193359e+00
1.198761272430419922e+01 -6.651833534240722656e+00 -3.930099487304687500e+00
1.270016574859619141e+01 -6.621732711791992188e+00 -5.423675537109375000e+00
1.314929962158203125e+01 -6.930549144744873047e+00 -3.614072084426879883e+00
1.562587738037109375e+01 -7.074093818664550781e+00 -3.537464857101440430e+00
1.606479263305664062e+01 -6.002678871154785156e+00 -4.118734836578369141e+00
1.624467849731445312e+01 -6.548735618591308594e+00 -1.106997013092041016e+00
1.637205123901367188e+01 -5.749650001525878906e+00 -1.983442306518554688e+00
1.458051013946533203e+01 -6.652887344360351562e+00 1.192933022975921631e-01
1.481408882141113281e+01 -7.003716945648193359e+00 -1.489408731460571289e+00
1.537545490264892578e+01 -6.326761722564697266e+00 1.043708443641662598e+00
1.477177619934082031e+01 -4.280291557312011719e+00 2.117031097412109375e+00
1.513084793090820312e+01 -4.326457500457763672e+00 9.851180315017700195e-01
1.431633377075195312e+01 -3.497033357620239258e+00 1.154221415519714355e+00
1.580630302429199219e+01 -4.961987972259521484e+00 -3.284578084945678711e+00
1.523550891876220703e+01 -4.104969501495361328e+00 -2.500786066055297852e+00
1.521310043334960938e+01 -4.031017780303955078e+00 -9.343458414077758789e-01
1.497078037261962891e+01 -3.688236713409423828e+00 -1.435783863067626953e+00
1.432204914093017578e+01 -2.941750526428222656e+00 -7.940309047698974609e-01
1.381168365478515625e+01 -6.779905319213867188e+00 -6.188689708709716797e+00
1.525230121612548828e+01 -5.980231761932373047e+00 -6.483672142028808594e+00
1.237161922454833984e+01 -6.487263679504394531e+00 -6.609954357147216797e+00
1.291471385955810547e+01 -5.944277763366699219e+00 -7.391002178192138672e+00
1.592717933654785156e+01 -5.888776779174804688e+00 -5.576763629913330078e+00
1.561488628387451172e+01 -5.120867729187011719e+00 -5.869977474212646484e+00
1.503915023803710938e+01 -4.455490589141845703e+00 -5.470786571502685547e+00
1.325613021850585938e+01 -5.549608230590820312e+00 -7.244432926177978516e+00
1.262952518463134766e+01 -4.996304035186767578e+00 -6.556794643402099609e+00
1.349189853668212891e+01 -4.508956432342529297e+00 -6.033869743347167969e+00
1.361853790283203125e+01 -3.418794870376586914e+00 -4.875777244567871094e+00
1.499502754211425781e+01 -3.780285120010375977e+00 -2.741920471191406250e+00
1.492495918273925781e+01 -3.786164760589599609e+00 -4.428600311279296875e+00
1.437208271026611328e+01 -2.942422866821289062e+00 -3.673338413238525391e+00
1.016132831573486328e+01 -6.051068305969238281e+00 -2.710533857345581055e+00
6.994971275329589844e+00 -4.794495105743408203e+00 -2.350422620773315430e+00
7.282157897949218750e+00 -4.869411945343017578e+00 -1.921419858932495117e+00
6.846405506134033203e+00 -4.730392932891845703e+00 -2.914784669876098633e+00
1.048398017883300781e+01 -6.334170818328857422e+00 -2.306681156158447266e+00
9.012167930603027344e+00 -5.572698593139648438e+00 -1.912697076797485352e+00
7.953829765319824219e+00 -5.135653018951416016e+00 -1.551108479499816895e+00
9.597133636474609375e+00 -5.578730583190917969e+00 -3.404904842376708984e+00
9.953668594360351562e+00 -5.595614433288574219e+00 -4.629561424255371094e+00
8.332485198974609375e+00 -5.033654212951660156e+00 -3.934914588928222656e+00
1.354645156860351562e+01 -2.272856235504150391e+00 6.882449984550476074e-02
1.217444801330566406e+01 -9.382187128067016602e-01 -9.496929645538330078e-01
1.096517467498779297e+01 -6.009530067443847656e+00 -5.455507278442382812e+00
1.102954673767089844e+01 -5.457791328430175781e+00 -5.985309600830078125e+00
9.596945762634277344e+00 -5.107795238494873047e+00 -5.168033599853515625e+00
1.172052383422851562e+01 -4.730881690979003906e+00 -6.119929790496826172e+00
9.185276985168457031e+00 -4.341637134552001953e+00 -6.384698867797851562e+00
1.040323448181152344e+01 -3.566240787506103516e+00 -5.824495315551757812e+00
1.247372055053710938e+01 -3.716591358184814453e+00 -5.393257617950439453e+00
1.064969348907470703e+01 -3.222796201705932617e+00 -5.616380214691162109e+00
1.067542934417724609e+01 -2.292567968368530273e+00 -5.204493999481201172e+00
8.546283721923828125e+00 -3.697191476821899414e+00 -7.006262302398681641e+00
9.055120468139648438e+00 -3.099613666534423828e+00 -6.536965370178222656e+00
8.057583808898925781e+00 -2.041278839111328125e+00 -6.890734672546386719e+00
1.041202068328857422e+01 -1.621297359466552734e+00 -5.073063850402832031e+00
8.260568618774414062e+00 -1.716940641403198242e+00 -6.620338916778564453e+00
8.755739212036132812e+00 -4.943657219409942627e-01 -5.823551177978515625e+00
7.283898830413818359e+00 -1.745360940694808960e-01 -6.905481338500976562e+00
1.327703666687011719e+01 -2.165776252746582031e+00 -3.981421470642089844e+00
1.345704078674316406e+01 -1.733041882514953613e+00 -1.844847083091735840e+00
1.323248672485351562e+01 -1.346501946449279785e+00 -3.074065923690795898e+00
1.239617061614990234e+01 -4.906441271305084229e-01 -2.149529933929443359e+00
1.206538867950439453e+01 -1.550695002079010010e-01 -2.771709918975830078e+00
1.241766357421875000e+01 -1.947750926017761230e+00 -4.292406082153320312e+00
1.122073173522949219e+01 -1.254686236381530762e+00 -4.432132720947265625e+00
1.151360321044921875e+01 -5.928885340690612793e-01 -3.815457105636596680e+00
1.015840530395507812e+01 1.487717628479003906e+00 -1.690634250640869141e+00
9.292600631713867188e+00 2.328917741775512695e+00 -2.843217134475708008e+00
9.333773612976074219e+00 2.278605222702026367e+00 -3.327198505401611328e+00
8.569199562072753906e+00 2.885398149490356445e+00 -2.341283798217773438e+00
1.021984577178955078e+01 -9.284151196479797363e-01 -4.970378398895263672e+00
1.066712474822998047e+01 2.856509089469909668e-01 -4.096806049346923828e+00
8.371301651000976562e+00 1.200849786400794983e-01 -5.843586444854736328e+00
7.018465518951416016e+00 9.749135375022888184e-01 -6.419068813323974609e+00
1.381830406188964844e+01 -3.679939508438110352e+00 2.720153570175170898e+00
1.239168453216552734e+01 -2.699930667877197266e+00 3.018754720687866211e+00
1.117279911041259766e+01 -1.094730615615844727e+00 1.523885607719421387e+00
1.137569808959960938e+01 -8.207783699035644531e-01 3.581054210662841797e-01
9.850576400756835938e+00 -8.177568912506103516e-01 3.223775863647460938e+00
8.771076202392578125e+00 6.238621473312377930e-01 2.688181400299072266e+00
9.314627647399902344e+00 3.345867991447448730e-01 2.157958745956420898e+00
7.253077983856201172e+00 1.683940291404724121e+00 3.018797397613525391e+00
7.126863002777099609e+00 2.466086626052856445e+00 1.886667251586914062e+00
9.745434761047363281e+00 7.083833217620849609e-01 4.186760783195495605e-01
1.000607299804687500e+01 1.161034822463989258e+00 -9.277140498161315918e-01
7.972892761230468750e+00 2.487262964248657227e+00 4.631706774234771729e-01
3.353329181671142578e+00 4.267560958862304688e+00 -3.391619622707366943e-01
6.214409828186035156e+00 3.472288846969604492e+00 3.018228411674499512e-01
5.479050636291503906e+00 4.021129131317138672e+00 -2.215179443359375000e+00
3.673979759216308594e+00 4.379916191101074219e+00 -6.759617924690246582e-01
2.848107099533081055e+00 3.812595129013061523e+00 -2.450964689254760742e+00
2.959539175033569336e+00 3.499258518218994141e+00 -3.323599815368652344e+00
-9.877267479896545410e-01 3.792907238006591797e+00 -7.643337249755859375e-01
2.145093441009521484e+00 3.127947092056274414e+00 -4.379659652709960938e+00
1.066650357097387314e-02 4.158604621887207031e+00 -3.141947984695434570e+00
3.050623238086700439e-01 3.703294515609741211e+00 -4.695631980895996094e+00
2.379293918609619141e+00 3.799275159835815430e+00 -2.562856435775756836e+00
5.101572990417480469e+00 -8.819049596786499023e-01 -8.889640808105468750e+00
2.939533472061157227e+00 2.963590025901794434e-01 -9.602720260620117188e+00
5.061081409454345703e+00 4.913023710250854492e-01 -8.104285240173339844e+00
3.639819145202636719e+00 5.478150248527526855e-01 -8.962400436401367188e+00
2.520725965499877930e+00 4.902475178241729736e-01 -9.797104835510253906e+00
1.545047283172607422e+00 1.841024518013000488e+00 -9.909395217895507812e+00
3.290894627571105957e-01 3.141384124755859375e+00 -9.155320167541503906e+00
1.113789230585098267e-01 2.995428323745727539e+00 -1.045650005340576172e+01
5.653843402862548828e+00 2.795534610748291016e+00 -4.851173400878906250e+00
6.159739971160888672e+00 1.873891115188598633e+00 -6.081045627593994141e+00
4.698786735534667969e+00 2.678829908370971680e+00 -5.240190505981445312e+00
4.794567108154296875e+00 2.369825124740600586e+00 -5.951504230499267578e+00
6.606992244720458984e+00 3.719947814941406250e+00 -2.707758426666259766e+00
6.585956096649169922e+00 1.272447109222412109e+00 -6.418788909912109375e+00
5.711610794067382812e+00 1.653785824775695801e+00 -6.593122959136962891e+00
4.857790470123291016e+00 1.763019323348999023e+00 -7.027684211730957031e+00
2.733899116516113281e+00 2.832758903503417969e+00 -5.054181098937988281e+00
2.811848402023315430e+00 2.072099447250366211e+00 -7.352919101715087891e+00
2.025692939758300781e+00 2.317065477371215820e+00 -6.807096004486083984e+00
9.303610771894454956e-02 3.296824455261230469e+00 -6.269251346588134766e+00
2.700048983097076416e-01 2.953339338302612305e+00 -7.756030559539794922e+00
3.013902902603149414e-01 3.024736881256103516e+00 -8.134857177734375000e+00
-3.297158956527709961e+00 3.398449182510375977e+00 -2.584294319152832031e+00
-5.633461475372314453e+00 3.063458204269409180e+00 -7.731747150421142578e+00
-4.807276725769042969e+00 3.481038808822631836e+00 -7.637145996093750000e+00
-4.258694171905517578e+00 3.354285001754760742e+00 -6.673972129821777344e+00
-2.167379140853881836e+00 3.284908294677734375e+00 -2.306896150112152100e-01
-1.889637231826782227e+00 3.749225854873657227e+00 -1.355030894279479980e+00
-1.528221249580383301e+00 4.094382762908935547e+00 -2.468449592590332031e+00
-1.353778123855590820e+00 4.393049716949462891e+00 -3.692499876022338867e+00
-1.182899713516235352e+00 4.398890972137451172e+00 -4.986298561096191406e+00
-4.798701286315917969e+00 4.072537422180175781e+00 -8.508048057556152344e+00
-4.505613327026367188e+00 4.550965785980224609e+00 -9.026329040527343750e+00
-1.980723023414611816e+00 4.462287902832031250e+00 -7.511529922485351562e+00
-3.350055694580078125e+00 4.455667018890380859e+00 -8.332594871520996094e+00
-1.541676521301269531e+00 3.647197246551513672e+00 -1.119856452941894531e+01
-1.228964447975158691e+00 3.502016544342041016e+00 -1.106253814697265625e+01
-3.828549623489379883e+00 4.848687648773193359e+00 -1.070573520660400391e+01
-2.048013925552368164e+00 4.177367687225341797e+00 -9.850830078125000000e+00
-3.123169839382171631e-01 3.474908590316772461e+00 -9.965479850769042969e+00
-2.159052848815917969e+00 4.560720920562744141e+00 -6.120790481567382812e+00
5.287129402160644531e+00 3.081140756607055664e+00 2.407722711563110352e+00
6.038280487060546875e+00 3.006158351898193359e+00 1.827382683753967285e+00
1.962957262992858887e+00 6.946261525154113770e-01 -1.028350925445556641e+01
-5.173289775848388672e-01 2.789755344390869141e+00 -1.161440086364746094e+01
4.405511021614074707e-01 2.517877578735351562e+00 -1.076724815368652344e+01
