1.561853766441345215e+00 -4.936827182769775391e+00 -2.716800451278686523e+00
2.278961658477783203e+00 -4.787931919097900391e+00 -1.929349899291992188e+00
1.515789151191711426e+00 -4.794289588928222656e+00 -2.312788724899291992e+00
-5.069031715393066406e+00 -8.108740806579589844e+00 -7.822344303131103516e+00
-4.999366283416748047e+00 -8.062071800231933594e+00 -1.156791400909423828e+01
-4.185225009918212891e+00 -8.321123123168945312e+00 -9.419593811035156250e+00
-7.270953655242919922e+00 -7.468824863433837891e+00 -7.058836460113525391e+00
-7.774909973144531250e+00 -7.350877761840820312e+00 -7.967272758483886719e+00
-5.692306041717529297e+00 -8.129184722900390625e+00 -9.823757171630859375e+00
-6.220683574676513672e+00 -7.997787475585937500e+00 -9.061614036560058594e+00
-6.480312824249267578e+00 -7.345698356628417969e+00 -1.205461025238037109e+01
-8.410809516906738281e+00 -6.367584228515625000e+00 -1.057632255554199219e+01
-8.333573341369628906e+00 -6.190999031066894531e+00 -1.129491424560546875e+01
-9.642599105834960938e+00 -5.266872882843017578e+00 -8.363279342651367188e+00
-1.005129814147949219e+01 -4.324896335601806641e+00 -8.715973854064941406e+00
-9.587525367736816406e+00 -4.643972873687744141e+00 -1.086778354644775391e+01
-8.220156669616699219e+00 -6.690552234649658203e+00 -5.445402622222900391e+00
-9.067633628845214844e+00 -6.091662883758544922e+00 -4.930282115936279297e+00
-7.968004226684570312e+00 -5.745206832885742188e+00 -3.404930591583251953e+00
-8.496729850769042969e+00 -5.227869987487792969e+00 -2.226928472518920898e+00
-6.958228111267089844e+00 -5.440079689025878906e+00 -3.113034009933471680e+00
-2.593395233154296875e+00 -5.031659126281738281e+00 -1.550426483154296875e+00
-3.373784542083740234e+00 -4.882653236389160156e+00 -5.850903391838073730e-01
-1.440404653549194336e+00 -4.995512962341308594e+00 -2.403391748666763306e-01
-7.380713462829589844e+00 -3.209755659103393555e+00 2.306133747100830078e+00
-5.356831073760986328e+00 -3.511555910110473633e+00 1.273844838142395020e+00
-3.860259056091308594e+00 -5.068144798278808594e+00 -2.138323307037353516e+00
-7.304445743560791016e+00 -4.796105861663818359e+00 -1.627351760864257812e+00
-6.307654380798339844e+00 -5.166530609130859375e+00 -2.787643194198608398e+00
-3.739300489425659180e+00 -4.415321826934814453e+00 1.317099034786224365e-01
-4.768110275268554688e+00 -7.279181957244873047e+00 -5.295100688934326172e+00
-4.545655727386474609e+00 -6.498093605041503906e+00 -4.091997623443603516e+00
-2.280352830886840820e+00 -7.655949592590332031e+00 -6.417644500732421875e+00
-2.884741783142089844e+00 -7.167918205261230469e+00 -5.068014621734619141e+00
-2.214440107345581055e+00 -7.177937030792236328e+00 -5.300136566162109375e+00
-1.356167793273925781e+00 -6.802848339080810547e+00 -5.045567512512207031e+00
-2.779773473739624023e+00 -6.777213573455810547e+00 -4.441017150878906250e+00
-5.267696857452392578e+00 -6.850643634796142578e+00 -4.679289340972900391e+00
-6.153928756713867188e+00 -7.667003154754638672e+00 -6.742149829864501953e+00
-8.704637527465820312e+00 -6.650874614715576172e+00 -6.454934120178222656e+00
-1.416776537895202637e+00 -4.982998847961425781e+00 -1.839198112487792969e+00
-9.342284202575683594e-01 -5.044983386993408203e+00 -2.280305147171020508e+00
-2.241189956665039062e+00 -5.125308036804199219e+00 -2.026037454605102539e+00
-3.508237004280090332e-01 -5.090894222259521484e+00 -1.201563835144042969e+00
6.334794759750366211e-01 -4.624491214752197266e+00 -1.602621912956237793e+00
-8.142089843750000000e-01 -5.405335903167724609e+00 -3.023200511932373047e+00
-7.746273651719093323e-03 -5.502272129058837891e+00 -3.347504138946533203e+00
6.082615256309509277e-01 -4.769788265228271484e+00 -2.129101276397705078e+00
-9.515100479125976562e+00 -4.812835693359375000e+00 -2.045378923416137695e+00
-9.939975738525390625e+00 -4.890263080596923828e+00 -4.680105209350585938e+00
-9.351432800292968750e+00 -5.580703258514404297e+00 -3.831372499465942383e+00
-1.019521045684814453e+01 -3.758923768997192383e+00 -3.288640975952148438e+00
-1.031936740875244141e+01 -3.585316896438598633e+00 -4.716374874114990234e+00
-9.120553016662597656e+00 -4.086441516876220703e+00 3.076593279838562012e-01
-9.780863761901855469e+00 -4.173103332519531250e+00 -1.409601211547851562e+00
-9.820711135864257812e+00 -3.230242729187011719e+00 -2.815736234188079834e-01
-9.600260734558105469e+00 -2.925338983535766602e+00 8.999381661415100098e-01
-9.114366531372070312e+00 -2.720108985900878906e+00 2.164076566696166992e+00
-9.280202865600585938e+00 -1.628270387649536133e+00 1.267481923103332520e+00
-1.017278957366943359e+01 -2.693984031677246094e+00 -2.524755716323852539e+00
-1.009775638580322266e+01 -1.608080625534057617e+00 -2.653256654739379883e+00
-9.465215682983398438e+00 -1.291871309280395508e+00 -8.894250988960266113e-01
-7.937170982360839844e+00 -4.170484840869903564e-01 -6.477198004722595215e-01
-1.006323623657226562e+01 -4.635309696197509766e+00 -5.545629978179931641e+00
-1.034735107421875000e+01 -3.651682376861572266e+00 -5.425509929656982422e+00
-1.053382873535156250e+01 -2.257166624069213867e+00 -5.301870346069335938e+00
-1.059088611602783203e+01 -2.098181247711181641e+00 -5.872159004211425781e+00
-1.008392047882080078e+01 -6.571235060691833496e-01 -5.353397369384765625e+00
-1.058890342712402344e+01 -2.842767715454101562e+00 -7.962107181549072266e+00
-1.071130275726318359e+01 -1.946868419647216797e+00 -8.887001037597656250e+00
-1.060234546661376953e+01 -8.112983703613281250e-01 -8.516545295715332031e+00
-9.952939987182617188e+00 -3.305312097072601318e-01 -6.704945564270019531e+00
-8.383049964904785156e+00 -2.013805061578750610e-01 -2.253970384597778320e+00
-6.925494194030761719e+00 1.701732516288757324e+00 -3.687611341476440430e+00
-9.016579627990722656e+00 3.846239149570465088e-01 -6.202590942382812500e+00
-7.574685573577880859e+00 1.437915325164794922e+00 -4.989885330200195312e+00
1.322443771362304688e+01 -5.465133666992187500e+00 4.397428989410400391e+00
1.356230735778808594e+01 -6.251086235046386719e+00 7.461070418357849121e-01
1.305662918090820312e+01 -6.039338111877441406e+00 1.412234067916870117e+00
1.494105625152587891e+01 -5.958163738250732422e+00 1.900498270988464355e+00
1.481953239440917969e+01 -5.100013732910156250e+00 3.011648654937744141e+00
1.197348117828369141e+01 -5.685190677642822266e+00 2.667927503585815430e+00
4.420136928558349609e+00 -1.201893448829650879e+00 4.857295513153076172e+00
5.292582988739013672e+00 -9.509949684143066406e-01 5.977213859558105469e+00
6.650804996490478516e+00 -4.865810394287109375e+00 -1.682335972785949707e+00
8.914930343627929688e+00 -6.289906978607177734e+00 -1.263255238533020020e+00
8.125398635864257812e+00 -6.204336166381835938e+00 -1.105543136596679688e+00
7.448688983917236328e+00 -6.274402618408203125e+00 -5.179868340492248535e-01
2.553414583206176758e+00 -5.427992820739746094e+00 3.997076749801635742e-01
4.295712947845458984e+00 -4.717572689056396484e+00 -1.507178187370300293e+00
5.167145252227783203e+00 -5.113219261169433594e+00 -1.183132767677307129e+00
2.308341264724731445e+00 -4.297287940979003906e+00 -1.270648598670959473e+00
4.115670680999755859e+00 -4.745315074920654297e+00 -1.287639141082763672e+00
5.106667518615722656e+00 -5.579796791076660156e+00 2.021624743938446045e-01
5.803312778472900391e+00 -5.994857311248779297e+00 -6.282133460044860840e-01
3.095504999160766602e+00 -5.502511024475097656e+00 -5.962647199630737305e-01
9.450269699096679688e+00 -5.210985660552978516e+00 3.032651424407958984e+00
1.003568172454833984e+01 -4.754093647003173828e+00 4.770057201385498047e+00
9.959584236145019531e+00 -4.912346839904785156e+00 4.193463802337646484e+00
8.732872009277343750e+00 -4.038186073303222656e+00 5.163253307342529297e+00
8.928664207458496094e+00 -4.961747646331787109e+00 3.098502397537231445e+00
9.019275665283203125e+00 -5.929503917694091797e+00 1.399783134460449219e+00
8.678310394287109375e+00 -6.109641551971435547e+00 9.163962006568908691e-01
5.526650428771972656e+00 -1.285103559494018555e+00 3.937513589859008789e+00
6.168251037597656250e+00 -3.675086021423339844e+00 2.347919702529907227e+00
5.591987133026123047e+00 -3.963440179824829102e+00 1.844677329063415527e+00
4.514395713806152344e+00 -1.889677405357360840e+00 3.027901172637939453e+00
4.613560676574707031e+00 -1.478822827339172363e+00 3.665137529373168945e+00
6.919238090515136719e+00 -2.408899784088134766e+00 4.197673320770263672e+00
6.730918884277343750e+00 -1.904508948326110840e+00 5.332739353179931641e+00
6.540437221527099609e+00 -5.468467712402343750e+00 9.162655472755432129e-01
1.216888999938964844e+01 -4.214143753051757812e+00 5.758097171783447266e+00
1.386634445190429688e+01 -4.509496212005615234e+00 4.461892604827880859e+00
1.270022964477539062e+01 -3.354833126068115234e+00 4.722555637359619141e+00
1.356661796569824219e+01 -3.284537553787231445e+00 3.101805210113525391e+00
7.913506507873535156e+00 -2.882243156433105469e+00 6.417290210723876953e+00
7.522129535675048828e+00 -2.460115909576416016e+00 6.261199474334716797e+00
4.212290287017822266e+00 -5.470682978630065918e-01 6.651142120361328125e+00
9.716276168823242188e+00 -4.110416412353515625e+00 6.332274913787841797e+00
1.052816963195800781e+01 -2.784985303878784180e+00 6.417137145996093750e+00
1.083402442932128906e+01 -2.393019199371337891e+00 5.459227561950683594e+00
8.775682449340820312e+00 -1.442645072937011719e+00 6.336955070495605469e+00
9.083045005798339844e+00 -1.132693767547607422e+00 5.414849758148193359e+00
1.113806343078613281e+01 -2.197384119033813477e+00 4.437143802642822266e+00
1.144446754455566406e+01 -1.964075207710266113e+00 3.440819740295410156e+00
6.704695224761962891e+00 -1.494026184082031250e+00 6.199876308441162109e+00
7.822447299957275391e+00 -9.115810394287109375e-01 6.256494998931884766e+00
7.072018623352050781e+00 3.108072280883789062e-02 5.782077789306640625e+00
6.292347431182861328e+00 -2.636353671550750732e-01 6.081328392028808594e+00
5.692864894866943359e+00 9.268835783004760742e-01 5.698303699493408203e+00
8.134511947631835938e+00 3.217615485191345215e-01 4.509581565856933594e+00
5.781386375427246094e+00 2.151966333389282227e+00 4.309433937072753906e+00
6.165302276611328125e+00 2.243999958038330078e+00 3.787034988403320312e+00
-2.138948917388916016e+00 -2.779745817184448242e+00 3.752729415893554688e+00
-1.524031758308410645e+00 -3.798200607299804688e+00 1.657864093780517578e+00
-1.476797699928283691e+00 -4.650194168090820312e+00 3.872708380222320557e-01
-1.621338725090026855e+00 -2.855072021484375000e+00 3.485329389572143555e+00
-2.483924329280853271e-01 -2.658196210861206055e+00 2.367047786712646484e+00
-5.073902606964111328e+00 -3.477367162704467773e+00 1.464800596237182617e+00
-4.361052036285400391e+00 -3.310804605484008789e+00 2.195543766021728516e+00
-5.807199478149414062e+00 -2.590939283370971680e+00 3.383867979049682617e+00
-5.281699180603027344e+00 -3.013082504272460938e+00 2.528822422027587891e+00
-4.098611354827880859e+00 -2.811452865600585938e+00 3.362715244293212891e+00
-2.768012285232543945e+00 -1.592763185501098633e+00 4.832723140716552734e+00
-5.656380176544189453e+00 -1.261215686798095703e+00 4.700439453125000000e+00
-5.353642463684082031e+00 -7.271817326545715332e-01 4.900549888610839844e+00
2.523115158081054688e+00 -1.722404599189758301e+00 3.624444961547851562e+00
1.364336371421813965e+00 -8.924703001976013184e-01 4.109779357910156250e+00
-6.641733646392822266e-02 -1.186403632164001465e+00 3.646491289138793945e+00
1.084579944610595703e+00 -3.204746544361114502e-01 4.648545742034912109e+00
2.503576040267944336e+00 -1.076932787895202637e+00 5.231795787811279297e+00
3.509550333023071289e+00 -6.348886489868164062e-01 6.557464599609375000e+00
1.109841346740722656e+00 7.604051232337951660e-01 5.387233734130859375e+00
-3.229340553283691406e+00 -1.364046931266784668e+00 4.974509239196777344e+00
-4.249366760253906250e+00 3.164119422435760498e-01 4.996726512908935547e+00
-2.752437591552734375e+00 5.822414755821228027e-01 5.117136478424072266e+00
-1.170827865600585938e+00 1.625336170196533203e+00 4.400528430938720703e+00
-3.891602516174316406e+00 1.032305240631103516e+00 4.041046619415283203e+00
-3.826076745986938477e+00 1.430566787719726562e+00 2.884206056594848633e+00
-1.783602982759475708e-01 -5.103339672088623047e+00 -8.341281116008758545e-02
2.970777750015258789e-01 -4.962888240814208984e+00 -1.195080131292343140e-01
8.146851658821105957e-01 -4.972222805023193359e+00 2.647080458700656891e-02
1.642670154571533203e+00 -3.806140899658203125e+00 1.404541373252868652e+00
1.480920076370239258e+00 -5.006216049194335938e+00 5.723359584808349609e-01
1.627957463264465332e+00 -3.773842096328735352e+00 -1.367944717407226562e+00
1.880764722824096680e+00 -2.628217458724975586e+00 2.331708431243896484e+00
2.282501459121704102e+00 1.482071399688720703e+00 5.573927879333496094e+00
2.875701665878295898e+00 2.488322019577026367e+00 4.257886409759521484e+00
2.605504512786865234e+00 2.969330549240112305e+00 3.026143074035644531e+00
-8.634706735610961914e-01 2.486402273178100586e+00 2.618652343750000000e+00
-6.659893393516540527e-01 1.957040429115295410e+00 4.178184509277343750e+00
5.705141425132751465e-01 2.559092044830322266e+00 3.249277830123901367e+00
-1.728910803794860840e+00 3.175675868988037109e+00 1.083205118775367737e-01
-7.586096286773681641e+00 -2.455706596374511719e+00 3.546516656875610352e+00
-7.330536842346191406e+00 -1.424241542816162109e+00 4.213954448699951172e+00
-7.962124347686767578e+00 -8.121509552001953125e-01 2.904272556304931641e+00
-6.813687801361083984e+00 -1.158988118171691895e+00 4.458789825439453125e+00
-7.017638206481933594e+00 -3.667992949485778809e-01 3.056556224822998047e+00
-6.420361518859863281e+00 1.888136118650436401e-01 1.418192982673645020e+00
-6.220261573791503906e+00 1.402581036090850830e-01 2.388566493988037109e+00
-6.924381732940673828e+00 2.290603071451187134e-01 -8.159225583076477051e-01
-3.744457960128784180e+00 1.651479005813598633e+00 1.843791961669921875e+00
-5.361626625061035156e+00 2.015518665313720703e+00 -1.993228673934936523e+00
-3.647593259811401367e+00 3.036236524581909180e+00 -1.669414162635803223e+00
3.370629787445068359e+00 6.276975274085998535e-01 6.438734531402587891e+00
2.977285385131835938e+00 1.747784495353698730e+00 5.392333984375000000e+00
3.838807582855224609e+00 2.131033182144165039e+00 4.860473155975341797e+00
4.542718410491943359e+00 2.682243108749389648e+00 3.814186096191406250e+00
3.880677938461303711e+00 3.174719572067260742e+00 2.985392570495605469e+00
7.762630462646484375e+00 -4.933575153350830078e+00 -3.971651554107666016e+00
2.377921581268310547e+00 -5.079145908355712891e+00 -3.055819034576416016e+00
5.496640682220458984e+00 -4.752854824066162109e+00 -2.530699729919433594e+00
6.323020458221435547e+00 -4.707032680511474609e+00 -2.979414224624633789e+00
3.034095048904418945e+00 -5.019543170928955078e+00 -2.938179016113281250e+00
2.090786933898925781e+00 -5.933931827545166016e+00 -5.252799034118652344e+00
2.626320362091064453e+00 -5.810853004455566406e+00 -6.254486560821533203e+00
3.890199899673461914e+00 -5.145393371582031250e+00 -5.599664688110351562e+00
5.924823284149169922e+00 -4.831470012664794922e+00 -3.736502647399902344e+00
7.159729480743408203e+00 -4.984746456146240234e+00 -4.077001571655273438e+00
2.442565917968750000e+00 -5.622417449951171875e+00 -8.459190368652343750e+00
8.320109367370605469e+00 -4.999546527862548828e+00 -6.017673492431640625e+00
3.299635887145996094e+00 -5.334402561187744141e+00 -7.117248058319091797e+00
3.712492704391479492e+00 -4.725869655609130859e+00 -7.900474071502685547e+00
6.289123535156250000e+00 -5.084726810455322266e+00 -5.382209300994873047e+00
7.406599998474121094e+00 -4.944531917572021484e+00 -6.336817264556884766e+00
5.877116203308105469e+00 -4.186893463134765625e+00 -7.254062652587890625e+00
7.533442497253417969e+00 -4.042745590209960938e+00 -7.372991085052490234e+00
5.587888240814208984e+00 -3.869279861450195312e+00 -7.630268573760986328e+00
5.158790111541748047e+00 -2.842557668685913086e+00 -8.644629478454589844e+00
5.232419967651367188e+00 -2.083448410034179688e+00 -8.896768569946289062e+00
-3.349541187286376953e+00 -7.970892429351806641e+00 -1.205595397949218750e+01
-3.131411552429199219e+00 -8.215219497680664062e+00 -1.051675510406494141e+01
-3.961293220520019531e+00 -7.544152736663818359e+00 -1.315920734405517578e+01
-1.581439375877380371e+00 -6.563713550567626953e+00 -1.324250030517578125e+01
-3.556483030319213867e+00 -6.334968566894531250e+00 -1.446004199981689453e+01
-3.374354124069213867e+00 -5.282176017761230469e+00 -1.519335746765136719e+01
-6.631319522857666016e+00 -6.538193702697753906e+00 -1.317177009582519531e+01
-7.072558879852294922e+00 -6.215179920196533203e+00 -1.318966007232666016e+01
-7.758985996246337891e+00 -5.235281944274902344e+00 -1.367599487304687500e+01
-5.719583034515380859e+00 -7.132893562316894531e+00 -1.307818126678466797e+01
-8.474540710449218750e+00 -5.369048595428466797e+00 -1.256514453887939453e+01
-7.364766597747802734e+00 -4.566895484924316406e+00 -1.457378959655761719e+01
-4.150918960571289062e+00 -5.535958290100097656e+00 -1.502922630310058594e+01
-5.996079921722412109e+00 -4.383082389831542969e+00 -1.525734806060791016e+01
-2.710648298263549805e+00 -5.388771533966064453e+00 -1.501482295989990234e+01
-2.176578521728515625e+00 -4.296493530273437500e+00 -1.537030410766601562e+01
-3.722624301910400391e+00 -3.717025279998779297e+00 -1.575359725952148438e+01
-2.790031671524047852e+00 -3.188318729400634766e+00 -1.571570682525634766e+01
-4.989907264709472656e+00 -2.649871110916137695e+00 -1.593984603881835938e+01
-3.920723676681518555e+00 -1.505952835083007812e+00 -1.593547916412353516e+01
-9.302238464355468750e+00 -4.445934295654296875e+00 -1.222215080261230469e+01
-8.936061859130859375e+00 -4.004537582397460938e+00 -1.344544696807861328e+01
-9.913002967834472656e+00 -2.866579771041870117e+00 -1.234662342071533203e+01
-1.040265846252441406e+01 -1.441090345382690430e+00 -1.151923847198486328e+01
-8.550471305847167969e+00 -3.351172447204589844e+00 -1.436036205291748047e+01
-7.692607402801513672e+00 -2.967790842056274414e+00 -1.519801902770996094e+01
-9.823051452636718750e+00 -9.269661307334899902e-01 -1.328294372558593750e+01
-9.376291275024414062e+00 -3.292661607265472412e-01 -1.420387840270996094e+01
-8.488265991210937500e+00 -9.526301026344299316e-01 -1.507355403900146484e+01
-7.135850906372070312e+00 1.589169502258300781e-01 -1.576955986022949219e+01
-7.628393650054931641e+00 8.123607039451599121e-01 -1.553630924224853516e+01
-1.521710634231567383e+00 -7.557106018066406250e+00 -6.889342784881591797e+00
-4.209759831428527832e-01 -7.157941341400146484e+00 -8.632557868957519531e+00
7.384776324033737183e-02 -6.570676803588867188e+00 -5.591636180877685547e+00
6.191822290420532227e-01 -6.687170982360839844e+00 -6.758341312408447266e+00
-2.397640198469161987e-01 -6.931735515594482422e+00 -9.611389160156250000e+00
-5.066370591521263123e-02 -5.895482540130615234e+00 -1.240228652954101562e+01
1.352889895439147949e+00 -6.391413688659667969e+00 -6.420900344848632812e+00
2.021022081375122070e+00 -5.953664302825927734e+00 -8.192172050476074219e+00
-7.600558996200561523e-01 -5.087659835815429688e+00 -1.430426025390625000e+01
1.024476647377014160e+00 -4.963330745697021484e+00 -1.243806266784667969e+01
-1.229956984519958496e+00 -3.740207195281982422e+00 -1.520329952239990234e+01
-1.922674477100372314e-01 -3.007706642150878906e+00 -1.485964298248291016e+01
1.959998965263366699e+00 -5.053645610809326172e+00 -1.069807529449462891e+01
-1.087307572364807129e+00 -2.405921936035156250e+00 -1.528238391876220703e+01
-1.307232499122619629e+00 -1.697942495346069336e+00 -1.534117889404296875e+01
2.142121553421020508e+00 -3.536734342575073242e+00 -1.149293518066406250e+01
8.849811553955078125e-01 -1.870435595512390137e+00 -1.348757266998291016e+01
7.974530458450317383e-01 -1.144873619079589844e+00 -1.333511543273925781e+01
-2.605927705764770508e+00 -1.779872655868530273e+00 -1.569991397857666016e+01
-2.675895452499389648e+00 -8.108386993408203125e-01 -1.564130401611328125e+01
-5.085055351257324219e+00 4.530716240406036377e-01 -1.588883018493652344e+01
-2.887040853500366211e+00 1.006338119506835938e+00 -1.536622905731201172e+01
-2.164696931838989258e+00 1.173918128013610840e+00 -1.512415504455566406e+01
-4.980740249156951904e-01 1.148980855941772461e+00 -1.389009952545166016e+01
-2.882432222366333008e+00 2.079215526580810547e+00 -1.503553104400634766e+01
-2.466445922851562500e+00 2.787529945373535156e+00 -1.464643478393554688e+01
2.703834056854248047e+00 -3.968488216400146484e+00 -1.033825969696044922e+01
3.519955873489379883e+00 -2.612277030944824219e+00 -1.011270523071289062e+01
3.012325048446655273e+00 -1.849571585655212402e+00 -1.085331726074218750e+01
9.638671875000000000e-01 -2.825873196125030518e-01 -1.281349945068359375e+01
1.482461571693420410e+00 4.980941768735647202e-03 -1.211049652099609375e+01
2.348329544067382812e+00 -2.202846407890319824e-01 -1.122723865509033203e+01
1.081008911132812500e+00 4.155547320842742920e-01 -1.233628940582275391e+01
-1.051279640197753906e+01 -9.666895270347595215e-01 -1.099324989318847656e+01
-9.969048500061035156e+00 6.837646961212158203e-01 -1.292090034484863281e+01
-1.030338001251220703e+01 -1.601991429924964905e-02 -1.048605251312255859e+01
-1.007325935363769531e+01 -1.202722564339637756e-01 -9.023947715759277344e+00
-9.726310729980468750e+00 5.431744456291198730e-01 -1.002707862854003906e+01
-9.964141845703125000e+00 9.218701124191284180e-01 -1.155204868316650391e+01
-9.434375762939453125e+00 2.031094789505004883e+00 -1.278451347351074219e+01
-8.821398735046386719e+00 1.395623803138732910e+00 -9.342717170715332031e+00
-8.416895866394042969e+00 2.396006584167480469e+00 -1.037577152252197266e+01
-8.197454452514648438e+00 1.155217766761779785e+00 -6.070774078369140625e+00
-7.960355758666992188e+00 1.590261816978454590e+00 -7.152547359466552734e+00
-8.282695770263671875e+00 1.878055810928344727e+00 -8.738341331481933594e+00
-7.899715423583984375e+00 2.545995235443115234e+00 -9.732840538024902344e+00
-6.297096729278564453e+00 2.695889711380004883e+00 -7.680244445800781250e+00
-6.213314533233642578e+00 3.004587888717651367e+00 -8.163363456726074219e+00
-8.636214256286621094e+00 2.200058937072753906e+00 -1.429253959655761719e+01
-8.037076950073242188e+00 2.227909088134765625e+00 -1.473232269287109375e+01
-7.637374877929687500e+00 3.439311742782592773e+00 -1.351339626312255859e+01
-6.656244754791259766e+00 4.262152671813964844e+00 -1.313796710968017578e+01
-6.100782871246337891e+00 1.892650842666625977e+00 -1.547642993927001953e+01
-5.845350265502929688e+00 2.182727575302124023e+00 -1.532703876495361328e+01
-5.171233654022216797e+00 3.965754508972167969e+00 -1.412232398986816406e+01
-4.615431308746337891e+00 3.959680318832397461e+00 -1.424960899353027344e+01
-5.868681907653808594e+00 3.769363641738891602e+00 -1.412590789794921875e+01
-8.273562431335449219e+00 3.280012369155883789e+00 -1.224835586547851562e+01
-6.242998123168945312e+00 4.410503864288330078e+00 -1.238215351104736328e+01
-5.555703163146972656e+00 4.376768112182617188e+00 -1.074459552764892578e+01
-3.389114379882812500e+00 4.231493949890136719e+00 -1.348863506317138672e+01
-3.170801401138305664e+00 4.293105125427246094e+00 -1.287090110778808594e+01
-5.220056056976318359e+00 4.431016445159912109e+00 -1.222065830230712891e+01
-4.469007492065429688e+00 4.632050037384033203e+00 -1.232687568664550781e+01
-3.217079162597656250e+00 4.682832241058349609e+00 -1.144373607635498047e+01
-4.958143711090087891e+00 4.781739711761474609e+00 -1.084912204742431641e+01
-3.796075582504272461e+00 4.888522148132324219e+00 -1.117207622528076172e+01
-6.639641761779785156e+00 3.679267883300781250e+00 -1.050289535522460938e+01
-5.931098937988281250e+00 3.619823455810546875e+00 -9.035782814025878906e+00
3.057143688201904297e+00 -1.938592195510864258e-01 -1.030198001861572266e+01
-1.390252858400344849e-01 1.527017116546630859e+00 -1.287804603576660156e+01
-2.114816665649414062e+00 3.219542503356933594e+00 -1.359544849395751953e+01
9.951345920562744141e-01 7.991619706153869629e-01 -1.168928432464599609e+01
-1.054100751876831055e+00 2.882819890975952148e+00 -1.233910179138183594e+01
-2.714041948318481445e+00 3.843866586685180664e+00 -1.327089500427246094e+01
-1.649942517280578613e+00 3.644780635833740234e+00 -1.187611770629882812e+01
1.143768882751464844e+01 -6.552033901214599609e+00 -3.385671138763427734e+00
1.333504295349121094e+01 -6.732595443725585938e+00 -1.736711740493774414e+00
1.117534923553466797e+01 -6.464740276336669922e+00 -8.455402255058288574e-01
1.098128318786621094e+01 -6.495903491973876953e+00 -2.606139898300170898e+00
1.435530376434326172e+01 -6.974556922912597656e+00 -5.035531997680664062e+00
1.199048709869384766e+01 -6.617921352386474609e+00 -3.988536357879638672e+00
1.269937515258789062e+01 -6.594348430633544922e+00 -5.484824657440185547e+00
1.315288257598876953e+01 -6.900382995605468750e+00 -3.677996397018432617e+00
1.563294982910156250e+01 -7.053935527801513672e+00 -3.606759071350097656e+00
1.606447982788085938e+01 -5.981791019439697266e+00 -4.197196483612060547e+00
1.625525093078613281e+01 -6.511306285858154297e+00 -1.178508162498474121e+00
1.638221359252929688e+01 -5.720921039581298828e+00 -2.066389322280883789e+00
1.459265136718750000e+01 -6.607720375061035156e+00 4.168586060404777527e-02
1.482352256774902344e+01 -6.978968143463134766e+00 -1.557949185371398926e+00
1.539388275146484375e+01 -6.248287200927734375e+00 9.530889391899108887e-01
1.484832286834716797e+01 -4.087931156158447266e+00 1.934975743293762207e+00
1.517029285430908203e+01 -4.231833934783935547e+00 8.474873900413513184e-01
1.438307476043701172e+01 -3.348562717437744141e+00 9.838110804557800293e-01
1.580572509765625000e+01 -4.939509868621826172e+00 -3.370301008224487305e+00
1.523757171630859375e+01 -4.074364662170410156e+00 -2.597280025482177734e+00
1.523148155212402344e+01 -3.986774921417236328e+00 -1.043651819229125977e+00
1.497982406616210938e+01 -3.650070667266845703e+00 -1.539520621299743652e+00
1.433763790130615234e+01 -2.874414205551147461e+00 -9.096004962921142578e-01
1.380816745758056641e+01 -6.760103702545166016e+00 -6.254178524017333984e+00
1.524731540679931641e+01 -5.964071750640869141e+00 -6.554765224456787109e+00
1.236653232574462891e+01 -6.464315414428710938e+00 -6.670049667358398438e+00
1.290671062469482422e+01 -5.927803516387939453e+00 -7.455756187438964844e+00
1.592926597595214844e+01 -5.868522167205810547e+00 -5.651121616363525391e+00
1.560651874542236328e+01 -5.105490207672119141e+00 -5.945328235626220703e+00
1.503163051605224609e+01 -4.436982154846191406e+00 -5.551209449768066406e+00
1.325005245208740234e+01 -5.532820701599121094e+00 -7.314282894134521484e+00
1.262311363220214844e+01 -4.978127479553222656e+00 -6.623759746551513672e+00
1.348614883422851562e+01 -4.489626884460449219e+00 -6.108368873596191406e+00
1.361171817779541016e+01 -3.399100065231323242e+00 -4.954711437225341797e+00
1.499462223052978516e+01 -3.752774477005004883e+00 -2.836491823196411133e+00
1.491480922698974609e+01 -3.767772674560546875e+00 -4.513107299804687500e+00
1.436001491546630859e+01 -2.922483444213867188e+00 -3.761659860610961914e+00
1.016394138336181641e+01 -6.030499935150146484e+00 -2.758118391036987305e+00
6.993906974792480469e+00 -4.782748222351074219e+00 -2.380791902542114258e+00
7.280021667480468750e+00 -4.856763839721679688e+00 -1.956718802452087402e+00
6.845680236816406250e+00 -4.718424797058105469e+00 -2.941731452941894531e+00
1.048645114898681641e+01 -6.316895008087158203e+00 -2.354477882385253906e+00
9.014335632324218750e+00 -5.555792808532714844e+00 -1.957431554794311523e+00
7.952553749084472656e+00 -5.123575687408447266e+00 -1.591604351997375488e+00
9.596292495727539062e+00 -5.561593055725097656e+00 -3.448775053024291992e+00
9.953880310058593750e+00 -5.571012973785400391e+00 -4.675793170928955078e+00
8.331223487854003906e+00 -5.016427516937255859e+00 -3.971004962921142578e+00
1.356415081024169922e+01 -2.187960624694824219e+00 -5.277508497238159180e-02
1.221180152893066406e+01 -8.217565417289733887e-01 -1.037768602371215820e+00
1.096448612213134766e+01 -5.981526851654052734e+00 -5.508136749267578125e+00
1.102594089508056641e+01 -5.436134338378906250e+00 -6.040524959564208984e+00
9.596250534057617188e+00 -5.089007854461669922e+00 -5.207233905792236328e+00
1.171675014495849609e+01 -4.711977005004882812e+00 -6.181005954742431641e+00
9.182093620300292969e+00 -4.330082416534423828e+00 -6.420165538787841797e+00
1.040164184570312500e+01 -3.551769018173217773e+00 -5.870935440063476562e+00
1.247157478332519531e+01 -3.698006153106689453e+00 -5.461431980133056641e+00
1.064960002899169922e+01 -3.207961320877075195e+00 -5.670032501220703125e+00
1.067302322387695312e+01 -2.277848005294799805e+00 -5.253178596496582031e+00
8.542146682739257812e+00 -3.688338279724121094e+00 -7.030777931213378906e+00
9.053943634033203125e+00 -3.088566541671752930e+00 -6.568407535552978516e+00
8.055579185485839844e+00 -2.034770965576171875e+00 -6.902580738067626953e+00
1.040754127502441406e+01 -1.611258983612060547e+00 -5.110748291015625000e+00
8.257571220397949219e+00 -1.710781455039978027e+00 -6.636406421661376953e+00
8.750377655029296875e+00 -4.875130355358123779e-01 -5.840644836425781250e+00
7.283777236938476562e+00 -1.675737798213958740e-01 -6.914632320404052734e+00
1.326452350616455078e+01 -2.148520469665527344e+00 -4.062753200531005859e+00
1.345415878295898438e+01 -1.687786459922790527e+00 -1.945614695549011230e+00
1.319579792022705078e+01 -1.343034625053405762e+00 -3.148488521575927734e+00
1.239738750457763672e+01 -4.373528957366943359e-01 -2.233900547027587891e+00
1.203874778747558594e+01 -1.352941393852233887e-01 -2.834549665451049805e+00
1.240676784515380859e+01 -1.930091381072998047e+00 -4.361489295959472656e+00
1.120867919921875000e+01 -1.243158340454101562e+00 -4.481004238128662109e+00
1.148877143859863281e+01 -5.858697295188903809e-01 -3.863333225250244141e+00
1.016997241973876953e+01 1.557533383369445801e+00 -1.734921932220458984e+00
9.288110733032226562e+00 2.371473073959350586e+00 -2.878253936767578125e+00
9.324800491333007812e+00 2.291846752166748047e+00 -3.347532033920288086e+00
8.570891380310058594e+00 2.928724050521850586e+00 -2.362289667129516602e+00
1.021385860443115234e+01 -9.200599193572998047e-01 -4.999731063842773438e+00
1.065026283264160156e+01 2.926311194896697998e-01 -4.119458198547363281e+00
8.369307518005371094e+00 1.256306916475296021e-01 -5.853809356689453125e+00
7.018109321594238281e+00 9.814603924751281738e-01 -6.425131797790527344e+00
1.393973350524902344e+01 -3.388943433761596680e+00 2.508458614349365234e+00
1.248222064971923828e+01 -2.382027864456176758e+00 2.817741394042968750e+00
1.124729728698730469e+01 -8.167539834976196289e-01 1.394019603729248047e+00
1.145863151550292969e+01 -5.912216305732727051e-01 2.666480839252471924e-01
9.961944580078125000e+00 -3.752316236495971680e-01 3.070107936859130859e+00
8.828809738159179688e+00 9.620199799537658691e-01 2.609952926635742188e+00
9.409122467041015625e+00 6.652992963790893555e-01 2.059382677078247070e+00
7.307102203369140625e+00 2.007283449172973633e+00 2.983824729919433594e+00
7.151290416717529297e+00 2.693048238754272461e+00 1.848463535308837891e+00
9.822912216186523438e+00 9.444715976715087891e-01 3.495527505874633789e-01
1.006461524963378906e+01 1.347998976707458496e+00 -9.884477853775024414e-01
7.987802982330322266e+00 2.639002084732055664e+00 4.355067610740661621e-01
3.351414442062377930e+00 4.272583961486816406e+00 -3.440721035003662109e-01
6.225048065185546875e+00 3.572864770889282227e+00 2.936393916606903076e-01
5.480067729949951172e+00 4.042908191680908203e+00 -2.224052906036376953e+00
3.670997381210327148e+00 4.387181282043457031e+00 -6.824092864990234375e-01
2.847443580627441406e+00 3.815349817276000977e+00 -2.453565597534179688e+00
2.958345413208007812e+00 3.501148700714111328e+00 -3.324818372726440430e+00
-9.874689579010009766e-01 3.796330213546752930e+00 -7.649766802787780762e-01
2.145199537277221680e+00 3.132665157318115234e+00 -4.381688117980957031e+00
9.789871051907539368e-03 4.160536766052246094e+00 -3.142648935317993164e+00
3.067433536052703857e-01 3.706865787506103516e+00 -4.697326183319091797e+00
2.379139661788940430e+00 3.803822994232177734e+00 -2.564066886901855469e+00
5.101611137390136719e+00 -8.777555227279663086e-01 -8.892668724060058594e+00
2.941917896270751953e+00 3.040199577808380127e-01 -9.605208396911621094e+00
5.062232971191406250e+00 5.003105998039245605e-01 -8.108648300170898438e+00
3.641507863998413086e+00 5.572506785392761230e-01 -8.965360641479492188e+00
2.522349119186401367e+00 4.979440569877624512e-01 -9.799014091491699219e+00
1.546124935150146484e+00 1.846954464912414551e+00 -9.910905838012695312e+00
3.301857709884643555e-01 3.147076606750488281e+00 -9.156111717224121094e+00
1.115379557013511658e-01 3.000548362731933594e+00 -1.045715045928955078e+01
5.655125617980957031e+00 2.803221940994262695e+00 -4.851987361907958984e+00
6.160225391387939453e+00 1.879008889198303223e+00 -6.082914829254150391e+00
4.700204372406005859e+00 2.681086540222167969e+00 -5.240346431732177734e+00
4.796950340270996094e+00 2.374040365219116211e+00 -5.952057838439941406e+00
6.614908695220947266e+00 3.759416580200195312e+00 -2.718622684478759766e+00
6.585993766784667969e+00 1.277763009071350098e+00 -6.422669410705566406e+00
5.711133003234863281e+00 1.660008430480957031e+00 -6.595864772796630859e+00
4.858174800872802734e+00 1.770051717758178711e+00 -7.028302669525146484e+00
2.734815835952758789e+00 2.839062690734863281e+00 -5.056718826293945312e+00
2.815166473388671875e+00 2.082990407943725586e+00 -7.355738162994384766e+00
2.027007102966308594e+00 2.322417020797729492e+00 -6.809006690979003906e+00
9.460867196321487427e-02 3.299642086029052734e+00 -6.270053863525390625e+00
2.706259787082672119e-01 2.956316232681274414e+00 -7.757159233093261719e+00
3.021246194839477539e-01 3.028980970382690430e+00 -8.136069297790527344e+00
-3.296891212463378906e+00 3.403334140777587891e+00 -2.585098743438720703e+00
-5.632979869842529297e+00 3.064775705337524414e+00 -7.731839656829833984e+00
-4.807901382446289062e+00 3.483111143112182617e+00 -7.636082649230957031e+00
-4.257421016693115234e+00 3.352119922637939453e+00 -6.674637794494628906e+00
-2.167790651321411133e+00 3.287914991378784180e+00 -2.309435606002807617e-01
-1.889958262443542480e+00 3.752553462982177734e+00 -1.354841470718383789e+00
-1.527538418769836426e+00 4.095850944519042969e+00 -2.469216585159301758e+00
-1.353015780448913574e+00 4.392472743988037109e+00 -3.693591833114624023e+00
-1.182414650917053223e+00 4.399615764617919922e+00 -4.987531185150146484e+00
-4.800614833831787109e+00 4.078604698181152344e+00 -8.505304336547851562e+00
-4.505697250366210938e+00 4.555229663848876953e+00 -9.024969100952148438e+00
-1.980876922607421875e+00 4.462491989135742188e+00 -7.511387348175048828e+00
-3.350221633911132812e+00 4.458792209625244141e+00 -8.331842422485351562e+00
-1.541353106498718262e+00 3.652070999145507812e+00 -1.119902801513671875e+01
-1.228789210319519043e+00 3.506811380386352539e+00 -1.106307792663574219e+01
-3.828445196151733398e+00 4.851259231567382812e+00 -1.070506668090820312e+01
-2.048106670379638672e+00 4.180294513702392578e+00 -9.850400924682617188e+00
-3.121566772460937500e-01 3.479345083236694336e+00 -9.965682029724121094e+00
-2.159188747406005859e+00 4.559231758117675781e+00 -6.120888233184814453e+00
5.289619445800781250e+00 3.221259832382202148e+00 2.390733718872070312e+00
6.055200099945068359e+00 3.191777944564819336e+00 1.820759534835815430e+00
1.964348196983337402e+00 7.009641528129577637e-01 -1.028575515747070312e+01
-5.168417096138000488e-01 2.795017242431640625e+00 -1.161515808105468750e+01
4.412871301174163818e-01 2.523539543151855469e+00 -1.076845455169677734e+01
