1.550488233566284180e+00 -4.934370994567871094e+00 -2.715244054794311523e+00
2.263582229614257812e+00 -4.784546852111816406e+00 -1.925185561180114746e+00
1.503509759902954102e+00 -4.790530204772949219e+00 -2.310218334197998047e+00
-5.069111347198486328e+00 -8.108909606933593750e+00 -7.822831630706787109e+00
-4.999165534973144531e+00 -8.062171936035156250e+00 -1.156824493408203125e+01
-4.184942245483398438e+00 -8.321091651916503906e+00 -9.419981002807617188e+00
-7.271349430084228516e+00 -7.468961238861083984e+00 -7.059685230255126953e+00
-7.775243759155273438e+00 -7.351086616516113281e+00 -7.967741012573242188e+00
-5.692151546478271484e+00 -8.129337310791015625e+00 -9.824213981628417969e+00
-6.220730781555175781e+00 -7.997837066650390625e+00 -9.062226295471191406e+00
-6.480978965759277344e+00 -7.346812725067138672e+00 -1.205487442016601562e+01
-8.412364006042480469e+00 -6.369249820709228516e+00 -1.057603454589843750e+01
-8.335765838623046875e+00 -6.194252014160156250e+00 -1.129439449310302734e+01
-9.643152236938476562e+00 -5.267651081085205078e+00 -8.362626075744628906e+00
-1.005203437805175781e+01 -4.325642108917236328e+00 -8.715259552001953125e+00
-9.588595390319824219e+00 -4.644923686981201172e+00 -1.086675739288330078e+01
-8.220481872558593750e+00 -6.691002845764160156e+00 -5.446197032928466797e+00
-9.068108558654785156e+00 -6.092554569244384766e+00 -4.931180477142333984e+00
-7.968744754791259766e+00 -5.746288299560546875e+00 -3.405873298645019531e+00
-8.497478485107421875e+00 -5.228941440582275391e+00 -2.228017091751098633e+00
-6.959046363830566406e+00 -5.441186428070068359e+00 -3.113725900650024414e+00
-2.596101760864257812e+00 -5.033631324768066406e+00 -1.550330162048339844e+00
-3.375399589538574219e+00 -4.884004592895507812e+00 -5.857790708541870117e-01
-1.443088054656982422e+00 -4.998132705688476562e+00 -2.404409646987915039e-01
-7.376834392547607422e+00 -3.207345008850097656e+00 2.294910907745361328e+00
-5.353692054748535156e+00 -3.512102603912353516e+00 1.266725778579711914e+00
-3.862138748168945312e+00 -5.069421291351318359e+00 -2.138451099395751953e+00
-7.304830074310302734e+00 -4.796937942504882812e+00 -1.628109335899353027e+00
-6.308863639831542969e+00 -5.167624473571777344e+00 -2.787925720214843750e+00
-3.738436222076416016e+00 -4.416052341461181641e+00 1.288008689880371094e-01
-4.769207000732421875e+00 -7.279596328735351562e+00 -5.295489788055419922e+00
-4.546938419342041016e+00 -6.498794078826904297e+00 -4.092167377471923828e+00
-2.281406879425048828e+00 -7.656163215637207031e+00 -6.417380809783935547e+00
-2.886409044265747070e+00 -7.168639183044433594e+00 -5.067663192749023438e+00
-2.216259002685546875e+00 -7.178225517272949219e+00 -5.299649238586425781e+00
-1.359266519546508789e+00 -6.802745819091796875e+00 -5.045079231262207031e+00
-2.781844377517700195e+00 -6.778116226196289062e+00 -4.440558910369873047e+00
-5.268507957458496094e+00 -6.850882530212402344e+00 -4.679845809936523438e+00
-6.154584407806396484e+00 -7.667346954345703125e+00 -6.742866992950439453e+00
-8.704951286315917969e+00 -6.651532173156738281e+00 -6.455297946929931641e+00
-1.421253442764282227e+00 -4.984495639801025391e+00 -1.837512373924255371e+00
-9.400107860565185547e-01 -5.045408725738525391e+00 -2.278333187103271484e+00
-2.244760751724243164e+00 -5.127219676971435547e+00 -2.024801254272460938e+00
-3.563630878925323486e-01 -5.091730594635009766e+00 -1.200100779533386230e+00
6.241055130958557129e-01 -4.622894763946533203e+00 -1.599488377571105957e+00
-8.191102147102355957e-01 -5.405459880828857422e+00 -3.022087574005126953e+00
-1.390145160257816315e-02 -5.501491546630859375e+00 -3.346746683120727539e+00
5.994911193847656250e-01 -4.767422199249267578e+00 -2.127398490905761719e+00
-9.515823364257812500e+00 -4.813574790954589844e+00 -2.046771049499511719e+00
-9.940579414367675781e+00 -4.891396522521972656e+00 -4.680888175964355469e+00
-9.352315902709960938e+00 -5.581931114196777344e+00 -3.832427263259887695e+00
-1.019602966308593750e+01 -3.759821891784667969e+00 -3.289896488189697266e+00
-1.031977367401123047e+01 -3.586350679397583008e+00 -4.716999530792236328e+00
-9.120145797729492188e+00 -4.086264133453369141e+00 3.048645257949829102e-01
-9.781115531921386719e+00 -4.173413753509521484e+00 -1.411551237106323242e+00
-9.820103645324707031e+00 -3.229858636856079102e+00 -2.848235368728637695e-01
-9.598511695861816406e+00 -2.923323631286621094e+00 8.948839306831359863e-01
-9.110130310058593750e+00 -2.715208292007446289e+00 2.155836582183837891e+00
-9.279783248901367188e+00 -1.625859260559082031e+00 1.260154962539672852e+00
-1.017305088043212891e+01 -2.694387197494506836e+00 -2.526885271072387695e+00
-1.009767627716064453e+01 -1.608430624008178711e+00 -2.655166864395141602e+00
-9.464617729187011719e+00 -1.291574597358703613e+00 -8.933208584785461426e-01
-7.936972141265869141e+00 -4.163247942924499512e-01 -6.511144042015075684e-01
-1.006328010559082031e+01 -4.635817050933837891e+00 -5.545904636383056641e+00
-1.034825992584228516e+01 -3.652887582778930664e+00 -5.425379753112792969e+00
-1.053400802612304688e+01 -2.258237838745117188e+00 -5.302222251892089844e+00
-1.059196567535400391e+01 -2.099742174148559570e+00 -5.871843338012695312e+00
-1.008376693725585938e+01 -6.577158570289611816e-01 -5.353930473327636719e+00
-1.059115219116210938e+01 -2.844344854354858398e+00 -7.961462974548339844e+00
-1.071260166168212891e+01 -1.947726368904113770e+00 -8.886570930480957031e+00
-1.060247707366943359e+01 -8.116472959518432617e-01 -8.516282081604003906e+00
-9.952688217163085938e+00 -3.310768902301788330e-01 -6.705231666564941406e+00
-8.383216857910156250e+00 -2.015676796436309814e-01 -2.255265235900878906e+00
-6.924310684204101562e+00 1.696849942207336426e+00 -3.688793420791625977e+00
-9.017545700073242188e+00 3.862663805484771729e-01 -6.202332973480224609e+00
-7.575080871582031250e+00 1.435195922851562500e+00 -4.989385604858398438e+00
1.318855094909667969e+01 -5.533979415893554688e+00 4.490933895111083984e+00
1.343512725830078125e+01 -6.049620628356933594e+00 6.798149347305297852e-01
1.298835182189941406e+01 -5.905509948730468750e+00 1.391052722930908203e+00
1.480392837524414062e+01 -5.780349254608154297e+00 1.796007752418518066e+00
1.467953586578369141e+01 -5.043380260467529297e+00 2.991953134536743164e+00
1.193880462646484375e+01 -5.613698959350585938e+00 2.689292430877685547e+00
4.452959060668945312e+00 -1.131626844406127930e+00 4.867945671081542969e+00
5.340737819671630859e+00 -7.722508907318115234e-01 6.014733791351318359e+00
6.611597537994384766e+00 -4.874330520629882812e+00 -1.669878482818603516e+00
8.857418060302734375e+00 -6.279802322387695312e+00 -1.246381998062133789e+00
8.080500602722167969e+00 -6.201925754547119141e+00 -1.086742281913757324e+00
7.419311523437500000e+00 -6.273070335388183594e+00 -4.995344579219818115e-01
2.546649932861328125e+00 -5.428344726562500000e+00 4.052086174488067627e-01
4.273179531097412109e+00 -4.717010498046875000e+00 -1.499286174774169922e+00
5.140821933746337891e+00 -5.116130352020263672e+00 -1.171825766563415527e+00
2.295029640197753906e+00 -4.294522762298583984e+00 -1.262799382209777832e+00
4.097327232360839844e+00 -4.743381977081298828e+00 -1.280406355857849121e+00
5.094972133636474609e+00 -5.577258586883544922e+00 2.131439894437789917e-01
5.778881072998046875e+00 -5.996994495391845703e+00 -6.113676428794860840e-01
3.083223104476928711e+00 -5.501283168792724609e+00 -5.889218449592590332e-01
9.434853553771972656e+00 -5.135441780090332031e+00 3.036387205123901367e+00
1.000616931915283203e+01 -4.672339916229248047e+00 4.797761917114257812e+00
9.934814453125000000e+00 -4.842250823974609375e+00 4.212583065032958984e+00
8.729459762573242188e+00 -3.932616233825683594e+00 5.219082355499267578e+00
8.918745040893554688e+00 -4.922520160675048828e+00 3.111696720123291016e+00
9.004494667053222656e+00 -5.898035526275634766e+00 1.407924890518188477e+00
8.653360366821289062e+00 -6.096755504608154297e+00 9.308698177337646484e-01
5.549785137176513672e+00 -1.231894850730895996e+00 3.974641323089599609e+00
6.167514801025390625e+00 -3.659125804901123047e+00 2.369458436965942383e+00
5.590150356292724609e+00 -3.954578876495361328e+00 1.857287526130676270e+00
4.523324012756347656e+00 -1.874164223670959473e+00 3.043587684631347656e+00
4.633454799652099609e+00 -1.448082566261291504e+00 3.677689790725708008e+00
6.916385650634765625e+00 -2.367259979248046875e+00 4.247522354125976562e+00
6.746994495391845703e+00 -1.800885200500488281e+00 5.435538291931152344e+00
6.524897098541259766e+00 -5.459927082061767578e+00 9.299387335777282715e-01
1.207740402221679688e+01 -4.199530124664306641e+00 5.832234382629394531e+00
1.374035835266113281e+01 -4.632140636444091797e+00 4.489733695983886719e+00
1.256525802612304688e+01 -3.405587196350097656e+00 4.828591346740722656e+00
1.339235019683837891e+01 -3.391175746917724609e+00 3.174338102340698242e+00
7.927408218383789062e+00 -2.729988813400268555e+00 6.520331859588623047e+00
7.505359649658203125e+00 -2.300423383712768555e+00 6.519297122955322266e+00
4.295539855957031250e+00 -4.557391405105590820e-01 6.708071231842041016e+00
9.733174324035644531e+00 -3.964758872985839844e+00 6.366977214813232422e+00
1.051539993286132812e+01 -2.706924438476562500e+00 6.390800476074218750e+00
1.081218910217285156e+01 -2.362340211868286133e+00 5.446417331695556641e+00
8.791293144226074219e+00 -1.361003518104553223e+00 6.398418426513671875e+00
9.116341590881347656e+00 -1.058713316917419434e+00 5.435716152191162109e+00
1.117769718170166016e+01 -2.108465433120727539e+00 4.509539604187011719e+00
1.149748420715332031e+01 -1.777122378349304199e+00 3.566953420639038086e+00
6.724298000335693359e+00 -1.312762975692749023e+00 6.328512191772460938e+00
7.878485679626464844e+00 -7.610954046249389648e-01 6.339189052581787109e+00
7.142300605773925781e+00 1.709239035844802856e-01 5.811505794525146484e+00
6.353784561157226562e+00 -7.560595124959945679e-02 6.103130817413330078e+00
5.748782634735107422e+00 1.025084018707275391e+00 5.623461246490478516e+00
8.203137397766113281e+00 4.135038256645202637e-01 4.524171352386474609e+00
5.804090976715087891e+00 2.159603834152221680e+00 4.200903892517089844e+00
6.219690322875976562e+00 2.298294305801391602e+00 3.740210294723510742e+00
-2.132091283798217773e+00 -2.800439596176147461e+00 3.763156414031982422e+00
-1.522507548332214355e+00 -3.803837060928344727e+00 1.659356117248535156e+00
-1.478086233139038086e+00 -4.653708457946777344e+00 3.868700265884399414e-01
-1.616751313209533691e+00 -2.865799903869628906e+00 3.490109920501708984e+00
-2.462228238582611084e-01 -2.662177085876464844e+00 2.368152379989624023e+00
-5.070203304290771484e+00 -3.477556228637695312e+00 1.457206368446350098e+00
-4.357418537139892578e+00 -3.315040349960327148e+00 2.190423250198364258e+00
-5.798616886138916016e+00 -2.585356235504150391e+00 3.356498479843139648e+00
-5.275415897369384766e+00 -3.014816522598266602e+00 2.516361713409423828e+00
-4.091834545135498047e+00 -2.824496507644653320e+00 3.356941699981689453e+00
-2.759035587310791016e+00 -1.620935082435607910e+00 4.864806652069091797e+00
-5.641854763031005859e+00 -1.244987964630126953e+00 4.639080047607421875e+00
-5.335167407989501953e+00 -7.180669903755187988e-01 4.824979305267333984e+00
2.543068885803222656e+00 -1.710281491279602051e+00 3.622728586196899414e+00
1.372957825660705566e+00 -8.936656117439270020e-01 4.107760429382324219e+00
-6.364995241165161133e-02 -1.192636251449584961e+00 3.648609876632690430e+00
1.090690374374389648e+00 -3.280388116836547852e-01 4.646135807037353516e+00
2.537151575088500977e+00 -1.071784019470214844e+00 5.213079452514648438e+00
3.569061279296875000e+00 -6.125147342681884766e-01 6.505478858947753906e+00
1.122530698776245117e+00 7.553939819335937500e-01 5.373814582824707031e+00
-3.219460964202880859e+00 -1.377479314804077148e+00 4.942608833312988281e+00
-4.232970714569091797e+00 3.083252608776092529e-01 4.930802822113037109e+00
-2.746624469757080078e+00 5.649068355560302734e-01 5.088945388793945312e+00
-1.165408372879028320e+00 1.616455316543579102e+00 4.387442588806152344e+00
-3.882916450500488281e+00 1.027558803558349609e+00 4.015625953674316406e+00
-3.822943210601806641e+00 1.429174661636352539e+00 2.869529247283935547e+00
-1.810360401868820190e-01 -5.106382369995117188e+00 -8.346271514892578125e-02
2.926112711429595947e-01 -4.964132785797119141e+00 -1.183097660541534424e-01
8.079089522361755371e-01 -4.972892284393310547e+00 3.024039231240749359e-02
1.642461657524108887e+00 -3.804945468902587891e+00 1.407389283180236816e+00
1.475661873817443848e+00 -5.005877494812011719e+00 5.769273042678833008e-01
1.616238832473754883e+00 -3.770450115203857422e+00 -1.360627770423889160e+00
1.887858152389526367e+00 -2.623932123184204102e+00 2.331979990005493164e+00
2.319713115692138672e+00 1.444958806037902832e+00 5.492520332336425781e+00
2.890379428863525391e+00 2.430020332336425781e+00 4.168857574462890625e+00
2.603958368301391602e+00 2.929718971252441406e+00 2.979035377502441406e+00
-8.632471561431884766e-01 2.483249664306640625e+00 2.612857580184936523e+00
-6.613767743110656738e-01 1.949593424797058105e+00 4.167228221893310547e+00
5.719978213310241699e-01 2.553294658660888672e+00 3.235345602035522461e+00
-1.729383826255798340e+00 3.174752473831176758e+00 1.070788800716400146e-01
-7.578222751617431641e+00 -2.446100711822509766e+00 3.526975870132446289e+00
-7.316780090332031250e+00 -1.404163360595703125e+00 4.174395084381103516e+00
-7.959485054016113281e+00 -8.015728592872619629e-01 2.885061740875244141e+00
-6.797000408172607422e+00 -1.137801647186279297e+00 4.404135227203369141e+00
-7.015383243560791016e+00 -3.504761755466461182e-01 3.026185512542724609e+00
-6.419423580169677734e+00 1.943258941173553467e-01 1.407521128654479980e+00
-6.218999862670898438e+00 1.483956277370452881e-01 2.371399641036987305e+00
-6.924488544464111328e+00 2.293933182954788208e-01 -8.178232908248901367e-01
-3.743636369705200195e+00 1.653365612030029297e+00 1.838597059249877930e+00
-5.361675739288330078e+00 2.013305902481079102e+00 -1.994100332260131836e+00
-3.648068189620971680e+00 3.033980131149291992e+00 -1.669193983078002930e+00
3.431649446487426758e+00 5.977143049240112305e-01 6.305708408355712891e+00
3.013669490814208984e+00 1.690822243690490723e+00 5.263671875000000000e+00
3.863226652145385742e+00 2.071348905563354492e+00 4.702944278717041016e+00
4.545764446258544922e+00 2.601326227188110352e+00 3.657211065292358398e+00
3.876331806182861328e+00 3.064167976379394531e+00 2.878977298736572266e+00
7.701554298400878906e+00 -4.917287349700927734e+00 -3.960048198699951172e+00
2.364925146102905273e+00 -5.077766895294189453e+00 -3.053762912750244141e+00
5.466414928436279297e+00 -4.749219894409179688e+00 -2.521093368530273438e+00
6.281679630279541016e+00 -4.698488712310791016e+00 -2.966799259185791016e+00
3.016005277633666992e+00 -5.019170761108398438e+00 -2.934520959854125977e+00
2.082018136978149414e+00 -5.932403564453125000e+00 -5.251743793487548828e+00
2.615869760513305664e+00 -5.807663440704345703e+00 -6.253558158874511719e+00
3.874476194381713867e+00 -5.140278339385986328e+00 -5.597922801971435547e+00
5.891132831573486328e+00 -4.827311992645263672e+00 -3.730881214141845703e+00
7.111004352569580078e+00 -4.974945545196533203e+00 -4.068976402282714844e+00
2.438385963439941406e+00 -5.621085166931152344e+00 -8.459151268005371094e+00
8.264892578125000000e+00 -4.995090484619140625e+00 -6.010620117187500000e+00
3.288676500320434570e+00 -5.329977035522460938e+00 -7.116338729858398438e+00
3.703221559524536133e+00 -4.721281528472900391e+00 -7.899628639221191406e+00
6.257451057434082031e+00 -5.084991931915283203e+00 -5.380057811737060547e+00
7.367798805236816406e+00 -4.953796386718750000e+00 -6.337745666503906250e+00
5.853394031524658203e+00 -4.179830551147460938e+00 -7.253444671630859375e+00
7.505558490753173828e+00 -4.030032157897949219e+00 -7.375115394592285156e+00
5.573846817016601562e+00 -3.861247301101684570e+00 -7.629872798919677734e+00
5.152500629425048828e+00 -2.836801290512084961e+00 -8.646190643310546875e+00
5.231135368347167969e+00 -2.081306219100952148e+00 -8.899077415466308594e+00
-3.349131345748901367e+00 -7.970585823059082031e+00 -1.205623531341552734e+01
-3.130975008010864258e+00 -8.215018272399902344e+00 -1.051701450347900391e+01
-3.961338281631469727e+00 -7.543816089630126953e+00 -1.315939140319824219e+01
-1.582769393920898438e+00 -6.561631202697753906e+00 -1.324156379699707031e+01
-3.557024955749511719e+00 -6.333938598632812500e+00 -1.445986747741699219e+01
-3.374986171722412109e+00 -5.280389785766601562e+00 -1.519286155700683594e+01
-6.632202148437500000e+00 -6.538746833801269531e+00 -1.317178535461425781e+01
-7.073760509490966797e+00 -6.215416908264160156e+00 -1.318922233581542969e+01
-7.759904861450195312e+00 -5.233784675598144531e+00 -1.367430686950683594e+01
-5.719959259033203125e+00 -7.133292675018310547e+00 -1.307859611511230469e+01
-8.477182388305664062e+00 -5.371388912200927734e+00 -1.256463050842285156e+01
-7.365430355072021484e+00 -4.564244747161865234e+00 -1.457138538360595703e+01
-4.151591777801513672e+00 -5.534717082977294922e+00 -1.502870273590087891e+01
-5.996215343475341797e+00 -4.381130218505859375e+00 -1.525649070739746094e+01
-2.711278915405273438e+00 -5.387078285217285156e+00 -1.501458454132080078e+01
-2.175842285156250000e+00 -4.295830726623535156e+00 -1.537290096282958984e+01
-3.722399234771728516e+00 -3.714907407760620117e+00 -1.575040912628173828e+01
-2.787795066833496094e+00 -3.187236309051513672e+00 -1.572297382354736328e+01
-4.989212989807128906e+00 -2.647544145584106445e+00 -1.594082069396972656e+01
-3.920586585998535156e+00 -1.503120183944702148e+00 -1.593668365478515625e+01
-9.304577827453613281e+00 -4.445301532745361328e+00 -1.222051048278808594e+01
-8.937127113342285156e+00 -4.003253936767578125e+00 -1.344378089904785156e+01
-9.914541244506835938e+00 -2.864373922348022461e+00 -1.234462261199951172e+01
-1.040344429016113281e+01 -1.439916491508483887e+00 -1.151746749877929688e+01
-8.550429344177246094e+00 -3.349116325378417969e+00 -1.435848999023437500e+01
-7.692312240600585938e+00 -2.964790821075439453e+00 -1.519659519195556641e+01
-9.823547363281250000e+00 -9.243771433830261230e-01 -1.328186035156250000e+01
-9.376019477844238281e+00 -3.268685340881347656e-01 -1.420326900482177734e+01
-8.488072395324707031e+00 -9.504647850990295410e-01 -1.507274913787841797e+01
-7.135665893554687500e+00 1.607875525951385498e-01 -1.576994991302490234e+01
-7.628021717071533203e+00 8.153910040855407715e-01 -1.553593158721923828e+01
-1.523166894912719727e+00 -7.556764602661132812e+00 -6.889103889465332031e+00
-4.222770929336547852e-01 -7.157402515411376953e+00 -8.632411956787109375e+00
7.020769268274307251e-02 -6.570149898529052734e+00 -5.591132640838623047e+00
6.166378259658813477e-01 -6.686653137207031250e+00 -6.758093833923339844e+00
-2.402641326189041138e-01 -6.931230068206787109e+00 -9.611311912536621094e+00
-5.115708708763122559e-02 -5.894900321960449219e+00 -1.240222740173339844e+01
1.347228765487670898e+00 -6.390470981597900391e+00 -6.420563220977783203e+00
2.017049074172973633e+00 -5.952516555786132812e+00 -8.192078590393066406e+00
-7.603611350059509277e-01 -5.086937904357910156e+00 -1.430470275878906250e+01
1.023961186408996582e+00 -4.963121891021728516e+00 -1.243834400177001953e+01
-1.229079723358154297e+00 -3.740010976791381836e+00 -1.520522499084472656e+01
-1.917868405580520630e-01 -3.007415533065795898e+00 -1.486034297943115234e+01
1.958658218383789062e+00 -5.053429603576660156e+00 -1.069829368591308594e+01
-1.086608052253723145e+00 -2.405421972274780273e+00 -1.528448104858398438e+01
-1.306471347808837891e+00 -1.697400093078613281e+00 -1.534291648864746094e+01
2.140903711318969727e+00 -3.536482334136962891e+00 -1.149356174468994141e+01
8.844180703163146973e-01 -1.870142698287963867e+00 -1.348765277862548828e+01
7.970178127288818359e-01 -1.144513368606567383e+00 -1.333511924743652344e+01
-2.604536771774291992e+00 -1.778587818145751953e+00 -1.570450019836425781e+01
-2.675893545150756836e+00 -8.089954853057861328e-01 -1.564265060424804688e+01
-5.084898471832275391e+00 4.550588726997375488e-01 -1.588931083679199219e+01
-2.886580467224121094e+00 1.008145809173583984e+00 -1.536783123016357422e+01
-2.164802074432373047e+00 1.174959778785705566e+00 -1.512470054626464844e+01
-4.983649551868438721e-01 1.149740576744079590e+00 -1.389088344573974609e+01
-2.882423639297485352e+00 2.080622673034667969e+00 -1.503594493865966797e+01
-2.466587543487548828e+00 2.789051771163940430e+00 -1.464656066894531250e+01
2.702041149139404297e+00 -3.967710971832275391e+00 -1.033895778656005859e+01
3.519812583923339844e+00 -2.610862493515014648e+00 -1.011696720123291016e+01
3.012900114059448242e+00 -1.848405361175537109e+00 -1.085671615600585938e+01
9.638081192970275879e-01 -2.816060185432434082e-01 -1.281498527526855469e+01
1.482752323150634766e+00 6.297983694821596146e-03 -1.211345767974853516e+01
2.348960876464843750e+00 -2.188511341810226440e-01 -1.123076629638671875e+01
1.080891489982604980e+00 4.168951511383056641e-01 -1.233859348297119141e+01
-1.051311874389648438e+01 -9.667724370956420898e-01 -1.099264335632324219e+01
-9.969530105590820312e+00 6.871135830879211426e-01 -1.292036724090576172e+01
-1.030385684967041016e+01 -1.475642062723636627e-02 -1.048565483093261719e+01
-1.007343196868896484e+01 -1.193698868155479431e-01 -9.023729324340820312e+00
-9.727663040161132812e+00 5.464826822280883789e-01 -1.002596569061279297e+01
-9.965126991271972656e+00 9.254776239395141602e-01 -1.155073356628417969e+01
-9.435539245605468750e+00 2.036610126495361328e+00 -1.278305816650390625e+01
-8.823914527893066406e+00 1.401500344276428223e+00 -9.340571403503417969e+00
-8.419639587402343750e+00 2.402534008026123047e+00 -1.037345218658447266e+01
-8.198183059692382812e+00 1.155305624008178711e+00 -6.070533752441406250e+00
-7.962571144104003906e+00 1.594519019126892090e+00 -7.150505065917968750e+00
-8.285987854003906250e+00 1.884727716445922852e+00 -8.735400199890136719e+00
-7.903044223785400391e+00 2.553148031234741211e+00 -9.729724884033203125e+00
-6.298846721649169922e+00 2.700083971023559570e+00 -7.678446292877197266e+00
-6.215724468231201172e+00 3.010959625244140625e+00 -8.160903930664062500e+00
-8.636283874511718750e+00 2.205650091171264648e+00 -1.429110813140869141e+01
-8.037146568298339844e+00 2.231949090957641602e+00 -1.473165035247802734e+01
-7.637861728668212891e+00 3.444306373596191406e+00 -1.351273250579833984e+01
-6.656254291534423828e+00 4.266064167022705078e+00 -1.313746261596679688e+01
-6.100438594818115234e+00 1.896169543266296387e+00 -1.547651576995849609e+01
-5.844968318939208984e+00 2.185655593872070312e+00 -1.532761955261230469e+01
-5.171132564544677734e+00 3.968304872512817383e+00 -1.412191009521484375e+01
-4.615575313568115234e+00 3.960891485214233398e+00 -1.424912357330322266e+01
-5.868140220642089844e+00 3.772025585174560547e+00 -1.412553310394287109e+01
-8.275359153747558594e+00 3.286859273910522461e+00 -1.224647426605224609e+01
-6.244596004486083984e+00 4.416389465332031250e+00 -1.238056373596191406e+01
-5.557795524597167969e+00 4.383150100708007812e+00 -1.074299621582031250e+01
-3.389543056488037109e+00 4.233551979064941406e+00 -1.348825073242187500e+01
-3.171589136123657227e+00 4.295299053192138672e+00 -1.287049388885498047e+01
-5.221321582794189453e+00 4.436192989349365234e+00 -1.221925067901611328e+01
-4.469866275787353516e+00 4.635721206665039062e+00 -1.232625007629394531e+01
-3.217472553253173828e+00 4.685626029968261719e+00 -1.144363212585449219e+01
-4.958919048309326172e+00 4.786689758300781250e+00 -1.084799671173095703e+01
-3.796375989913940430e+00 4.892416477203369141e+00 -1.117150974273681641e+01
-6.642454147338867188e+00 3.686630487442016602e+00 -1.050036430358886719e+01
-5.933802127838134766e+00 3.626891851425170898e+00 -9.033217430114746094e+00
3.058044195175170898e+00 -1.915116906166076660e-01 -1.030628204345703125e+01
-1.391564309597015381e-01 1.528484463691711426e+00 -1.287972354888916016e+01
-2.115029096603393555e+00 3.221310615539550781e+00 -1.359571075439453125e+01
9.956089854240417480e-01 8.012137413024902344e-01 -1.169205379486083984e+01
-1.054522156715393066e+00 2.884379386901855469e+00 -1.233994579315185547e+01
-2.714523077011108398e+00 3.845818758010864258e+00 -1.327072811126708984e+01
-1.650496244430541992e+00 3.646735906600952148e+00 -1.187617874145507812e+01
1.129738616943359375e+01 -6.521141052246093750e+00 -3.371324777603149414e+00
1.316803455352783203e+01 -6.562547206878662109e+00 -1.783038854598999023e+00
1.111141967773437500e+01 -6.447104454040527344e+00 -8.457569479942321777e-01
1.086194419860839844e+01 -6.473716735839843750e+00 -2.596961259841918945e+00
1.415524196624755859e+01 -6.898525238037109375e+00 -4.969390869140625000e+00
1.182998466491699219e+01 -6.576448917388916016e+00 -3.966902732849121094e+00
1.253156471252441406e+01 -6.566502094268798828e+00 -5.452620506286621094e+00
1.296904659271240234e+01 -6.823822021484375000e+00 -3.649707078933715820e+00
1.540354347229003906e+01 -6.857318878173828125e+00 -3.566364526748657227e+00
1.591396903991699219e+01 -5.834494590759277344e+00 -4.078636169433593750e+00
1.604047775268554688e+01 -6.303401947021484375e+00 -1.245192408561706543e+00
1.617312049865722656e+01 -5.532792568206787109e+00 -2.009115219116210938e+00
1.441570949554443359e+01 -6.374888420104980469e+00 -7.301942259073257446e-02
1.461816787719726562e+01 -6.752511501312255859e+00 -1.599089622497558594e+00
1.520778656005859375e+01 -6.047308921813964844e+00 8.345426321029663086e-01
1.465216541290283203e+01 -4.066480159759521484e+00 1.984602093696594238e+00
1.501975345611572266e+01 -4.093899250030517578e+00 8.787690401077270508e-01
1.434505176544189453e+01 -3.173351287841796875e+00 1.084208965301513672e+00
1.564017963409423828e+01 -4.854326248168945312e+00 -3.235516309738159180e+00
1.515497875213623047e+01 -3.969198226928710938e+00 -2.480967521667480469e+00
1.514311027526855469e+01 -3.831145524978637695e+00 -9.746334552764892578e-01
1.486516857147216797e+01 -3.577086925506591797e+00 -1.417592763900756836e+00
1.422519111633300781e+01 -2.847824573516845703e+00 -7.893506884574890137e-01
1.363134098052978516e+01 -6.751930713653564453e+00 -6.199757099151611328e+00
1.504781627655029297e+01 -5.957328319549560547e+00 -6.446333408355712891e+00
1.221653556823730469e+01 -6.449652194976806641e+00 -6.646311283111572266e+00
1.275725173950195312e+01 -5.905486583709716797e+00 -7.423140525817871094e+00
1.564900398254394531e+01 -5.771970272064208984e+00 -5.462919235229492188e+00
1.531294155120849609e+01 -5.228692531585693359e+00 -5.718579292297363281e+00
1.472762107849121094e+01 -4.645916938781738281e+00 -5.300375938415527344e+00
1.309084224700927734e+01 -5.525803565979003906e+00 -7.250277042388916016e+00
1.246952819824218750e+01 -4.983416557312011719e+00 -6.572827339172363281e+00
1.329273796081542969e+01 -4.560857295989990234e+00 -5.982192039489746094e+00
1.336547279357910156e+01 -3.568799734115600586e+00 -4.753727912902832031e+00
1.483173561096191406e+01 -3.800977945327758789e+00 -2.665088891983032227e+00
1.461841201782226562e+01 -3.989005088806152344e+00 -4.268384456634521484e+00
1.404988670349121094e+01 -3.175471544265747070e+00 -3.508192777633666992e+00
1.006285667419433594e+01 -6.012666702270507812e+00 -2.744878292083740234e+00
6.943609237670898438e+00 -4.781533241271972656e+00 -2.365179300308227539e+00
7.229856014251708984e+00 -4.865350723266601562e+00 -1.942088723182678223e+00
6.794862270355224609e+00 -4.707183361053466797e+00 -2.926641464233398438e+00
1.038935852050781250e+01 -6.306682586669921875e+00 -2.343175649642944336e+00
8.941967010498046875e+00 -5.545362949371337891e+00 -1.941380977630615234e+00
7.894649505615234375e+00 -5.127385616302490234e+00 -1.574218630790710449e+00
9.507184982299804688e+00 -5.539889812469482422e+00 -3.433245182037353516e+00
9.839023590087890625e+00 -5.559065818786621094e+00 -4.660441398620605469e+00
8.256201744079589844e+00 -4.997366905212402344e+00 -3.957456827163696289e+00
1.344354248046875000e+01 -2.200617790222167969e+00 3.829782456159591675e-02
1.218358230590820312e+01 -8.037441968917846680e-01 -9.579197764396667480e-01
1.082900810241699219e+01 -5.969951152801513672e+00 -5.490934371948242188e+00
1.089818382263183594e+01 -5.425898551940917969e+00 -6.020349025726318359e+00
9.503729820251464844e+00 -5.071114063262939453e+00 -5.185969352722167969e+00
1.158569431304931641e+01 -4.715613842010498047e+00 -6.150628566741943359e+00
9.111457824707031250e+00 -4.324978351593017578e+00 -6.408139228820800781e+00
1.030245018005371094e+01 -3.553847074508666992e+00 -5.842234134674072266e+00
1.230872631072998047e+01 -3.756735563278198242e+00 -5.375263690948486328e+00
1.053262424468994141e+01 -3.231665372848510742e+00 -5.617953300476074219e+00
1.056689262390136719e+01 -2.307951688766479492e+00 -5.199797630310058594e+00
8.507419586181640625e+00 -3.681202650070190430e+00 -7.030993461608886719e+00
8.997900009155273438e+00 -3.087801456451416016e+00 -6.553740978240966797e+00
8.040543556213378906e+00 -2.029193878173828125e+00 -6.901165962219238281e+00
1.034476852416992188e+01 -1.621208548545837402e+00 -5.080501556396484375e+00
8.240288734436035156e+00 -1.702605962753295898e+00 -6.635031700134277344e+00
8.740295410156250000e+00 -4.783715009689331055e-01 -5.840203285217285156e+00
7.280239582061767578e+00 -1.614379882812500000e-01 -6.916883945465087891e+00
1.295643997192382812e+01 -2.413207292556762695e+00 -3.796990633010864258e+00
1.330548858642578125e+01 -1.754722118377685547e+00 -1.814745187759399414e+00
1.291161918640136719e+01 -1.597693443298339844e+00 -2.949336528778076172e+00
1.228739452362060547e+01 -5.324728488922119141e-01 -2.141428470611572266e+00
1.205212402343750000e+01 -1.619797945022583008e-01 -2.797882556915283203e+00
1.224618148803710938e+01 -2.048462390899658203e+00 -4.230865955352783203e+00
1.112101268768310547e+01 -1.284726262092590332e+00 -4.424482345581054688e+00
1.144444847106933594e+01 -6.227047443389892578e-01 -3.821700572967529297e+00
1.014400768280029297e+01 1.511813521385192871e+00 -1.720716118812561035e+00
9.307333946228027344e+00 2.374232769012451172e+00 -2.872170925140380859e+00
9.347938537597656250e+00 2.300444126129150391e+00 -3.356086015701293945e+00
8.579739570617675781e+00 2.924232482910156250e+00 -2.363013744354248047e+00
1.019621181488037109e+01 -9.155083298683166504e-01 -4.992915630340576172e+00
1.066821384429931641e+01 3.028786778450012207e-01 -4.122943401336669922e+00
8.368747711181640625e+00 1.336688995361328125e-01 -5.856708049774169922e+00
7.018123149871826172e+00 9.877912998199462891e-01 -6.429680347442626953e+00
1.379656219482421875e+01 -3.364770650863647461e+00 2.594938516616821289e+00
1.244053840637207031e+01 -2.325409889221191406e+00 2.908955574035644531e+00
1.131475448608398438e+01 -6.731106042861938477e-01 1.464261889457702637e+00
1.146757602691650391e+01 -5.490241050720214844e-01 3.256410658359527588e-01
1.002275466918945312e+01 -2.693546116352081299e-01 3.088063955307006836e+00
8.930486679077148438e+00 1.083071351051330566e+00 2.623378753662109375e+00
9.489411354064941406e+00 7.772750854492187500e-01 2.098021745681762695e+00
7.401216506958007812e+00 2.131915807723999023e+00 2.999660491943359375e+00
7.201265335083007812e+00 2.754671096801757812e+00 1.843440890312194824e+00
9.848781585693359375e+00 9.907692670822143555e-01 3.733543157577514648e-01
1.003996086120605469e+01 1.306067943572998047e+00 -9.713432192802429199e-01
8.052837371826171875e+00 2.722415924072265625e+00 4.543901383876800537e-01
3.347118616104125977e+00 4.248538017272949219e+00 -3.560743927955627441e-01
6.219233036041259766e+00 3.483429908752441406e+00 2.639975547790527344e-01
5.463103771209716797e+00 3.947880983352661133e+00 -2.235630035400390625e+00
3.663533449172973633e+00 4.335375785827636719e+00 -6.955987811088562012e-01
2.839762926101684570e+00 3.786803483963012695e+00 -2.463834047317504883e+00
2.953233718872070312e+00 3.484194755554199219e+00 -3.335251569747924805e+00
-9.877678751945495605e-01 3.795948028564453125e+00 -7.651542425155639648e-01
2.143005132675170898e+00 3.124173402786254883e+00 -4.389379978179931641e+00
9.135821834206581116e-03 4.154445171356201172e+00 -3.145201921463012695e+00
3.053158521652221680e-01 3.701301336288452148e+00 -4.699520111083984375e+00
2.375316143035888672e+00 3.789066314697265625e+00 -2.570672512054443359e+00
5.101223945617675781e+00 -8.748551011085510254e-01 -8.896234512329101562e+00
2.944010496139526367e+00 3.083739578723907471e-01 -9.611633300781250000e+00
5.064810276031494141e+00 5.075512528419494629e-01 -8.116651535034179688e+00
3.643998622894287109e+00 5.619601607322692871e-01 -8.972235679626464844e+00
2.524545907974243164e+00 5.018609166145324707e-01 -9.804481506347656250e+00
1.546890020370483398e+00 1.849626421928405762e+00 -9.914708137512207031e+00
3.306193053722381592e-01 3.148850440979003906e+00 -9.159057617187500000e+00
1.122641265392303467e-01 3.003124952316284180e+00 -1.045973873138427734e+01
5.656162738800048828e+00 2.803128957748413086e+00 -4.863952159881591797e+00
6.163959503173828125e+00 1.887199163436889648e+00 -6.093071937561035156e+00
4.699603080749511719e+00 2.686366319656372070e+00 -5.251246929168701172e+00
4.798053264617919922e+00 2.383615016937255859e+00 -5.964136600494384766e+00
6.607775688171386719e+00 3.712800025939941406e+00 -2.721309661865234375e+00
6.587687969207763672e+00 1.285974979400634766e+00 -6.430322647094726562e+00
5.715034008026123047e+00 1.670522928237915039e+00 -6.606926441192626953e+00
4.862182140350341797e+00 1.781090140342712402e+00 -7.040709018707275391e+00
2.733561277389526367e+00 2.834836483001708984e+00 -5.065034389495849609e+00
2.816899776458740234e+00 2.087392568588256836e+00 -7.362566471099853516e+00
2.026484727859497070e+00 2.322152137756347656e+00 -6.814331531524658203e+00
9.406247735023498535e-02 3.298059940338134766e+00 -6.272818565368652344e+00
2.705601453781127930e-01 2.956786870956420898e+00 -7.760575771331787109e+00
3.022070527076721191e-01 3.029963016510009766e+00 -8.139200210571289062e+00
-3.297202348709106445e+00 3.399124383926391602e+00 -2.584976196289062500e+00
-5.634988784790039062e+00 3.069114923477172852e+00 -7.730594158172607422e+00
-4.809521198272705078e+00 3.486389636993408203e+00 -7.635261058807373047e+00
-4.259374141693115234e+00 3.354091882705688477e+00 -6.673811912536621094e+00
-2.167406558990478516e+00 3.287105560302734375e+00 -2.312879860401153564e-01
-1.890409946441650391e+00 3.751460552215576172e+00 -1.355010867118835449e+00
-1.528108477592468262e+00 4.092202663421630859e+00 -2.469854116439819336e+00
-1.353950262069702148e+00 4.387765884399414062e+00 -3.694636583328247070e+00
-1.182608604431152344e+00 4.396723270416259766e+00 -4.988219738006591797e+00
-4.801511287689208984e+00 4.082709312438964844e+00 -8.504360198974609375e+00
-4.506305217742919922e+00 4.559490680694580078e+00 -9.024129867553710938e+00
-1.981426954269409180e+00 4.462611198425292969e+00 -7.511863231658935547e+00
-3.350732564926147461e+00 4.460273265838623047e+00 -8.331859588623046875e+00
-1.541582584381103516e+00 3.654156208038330078e+00 -1.119950580596923828e+01
-1.228811860084533691e+00 3.508924722671508789e+00 -1.106413078308105469e+01
-3.828818321228027344e+00 4.855181694030761719e+00 -1.070453166961669922e+01
-2.048378229141235352e+00 4.182152748107910156e+00 -9.850893020629882812e+00
-3.117717206478118896e-01 3.481513023376464844e+00 -9.967382431030273438e+00
-2.159776449203491211e+00 4.558457851409912109e+00 -6.121070384979248047e+00
5.283656597137451172e+00 3.144130229949951172e+00 2.277848243713378906e+00
6.064699649810791016e+00 3.153299331665039062e+00 1.773687601089477539e+00
1.966026425361633301e+00 7.043932676315307617e-01 -1.029025363922119141e+01
-5.169887542724609375e-01 2.796936273574829102e+00 -1.161699390411376953e+01
4.419443011283874512e-01 2.526086091995239258e+00 -1.077161979675292969e+01
