1.560396194458007812e+00 -4.927231788635253906e+00 -2.710700273513793945e+00
2.277201414108276367e+00 -4.766130924224853516e+00 -1.917989492416381836e+00
1.514702200889587402e+00 -4.778211593627929688e+00 -2.303610086441040039e+00
-5.068756103515625000e+00 -8.108430862426757812e+00 -7.821882724761962891e+00
-4.999627113342285156e+00 -8.061423301696777344e+00 -1.156779479980468750e+01
-4.185104846954345703e+00 -8.320875167846679688e+00 -9.419422149658203125e+00
-7.270615577697753906e+00 -7.468505859375000000e+00 -7.058959960937500000e+00
-7.774950504302978516e+00 -7.350752353668212891e+00 -7.967312812805175781e+00
-5.692361831665039062e+00 -8.128588676452636719e+00 -9.823568344116210938e+00
-6.220615386962890625e+00 -7.997355461120605469e+00 -9.061479568481445312e+00
-6.480817317962646484e+00 -7.344727516174316406e+00 -1.205434608459472656e+01
-8.410878181457519531e+00 -6.366025447845458984e+00 -1.057601451873779297e+01
-8.333459854125976562e+00 -6.188346385955810547e+00 -1.129388618469238281e+01
-9.642221450805664062e+00 -5.266203880310058594e+00 -8.363178253173828125e+00
-1.005110549926757812e+01 -4.324440956115722656e+00 -8.715938568115234375e+00
-9.587151527404785156e+00 -4.641979217529296875e+00 -1.086751842498779297e+01
-8.219766616821289062e+00 -6.690288066864013672e+00 -5.445628166198730469e+00
-9.067359924316406250e+00 -6.091431140899658203e+00 -4.930188179016113281e+00
-7.967863082885742188e+00 -5.744981765747070312e+00 -3.404410839080810547e+00
-8.496682167053222656e+00 -5.227961063385009766e+00 -2.225882530212402344e+00
-6.957921504974365234e+00 -5.440107822418212891e+00 -3.111905097961425781e+00
-2.592584371566772461e+00 -5.029343128204345703e+00 -1.542840480804443359e+00
-3.372677087783813477e+00 -4.878230571746826172e+00 -5.783122181892395020e-01
-1.438668727874755859e+00 -4.985418319702148438e+00 -2.291270196437835693e-01
-7.379201412200927734e+00 -3.210450887680053711e+00 2.313032388687133789e+00
-5.355256080627441406e+00 -3.510310411453247070e+00 1.281141638755798340e+00
-3.859624385833740234e+00 -5.067315101623535156e+00 -2.133932590484619141e+00
-7.304113864898681641e+00 -4.796203136444091797e+00 -1.626396656036376953e+00
-6.307057857513427734e+00 -5.166759967803955078e+00 -2.785379886627197266e+00
-3.737551450729370117e+00 -4.410186290740966797e+00 1.380961686372756958e-01
-4.767848491668701172e+00 -7.278307914733886719e+00 -5.294114589691162109e+00
-4.545086860656738281e+00 -6.497195243835449219e+00 -4.089710712432861328e+00
-2.280244112014770508e+00 -7.654912948608398438e+00 -6.416129112243652344e+00
-2.884483814239501953e+00 -7.166833400726318359e+00 -5.065777778625488281e+00
-2.214217424392700195e+00 -7.176608085632324219e+00 -5.297611713409423828e+00
-1.356071710586547852e+00 -6.799628734588623047e+00 -5.041848182678222656e+00
-2.779385805130004883e+00 -6.775942802429199219e+00 -4.437913417816162109e+00
-5.267346858978271484e+00 -6.849997043609619141e+00 -4.678326129913330078e+00
-6.153607845306396484e+00 -7.666385650634765625e+00 -6.741744041442871094e+00
-8.704350471496582031e+00 -6.650687694549560547e+00 -6.455018043518066406e+00
-1.416690230369567871e+00 -4.978781223297119141e+00 -1.830591559410095215e+00
-9.344927668571472168e-01 -5.039312362670898438e+00 -2.271713495254516602e+00
-2.240895032882690430e+00 -5.123619079589843750e+00 -2.018877029418945312e+00
-3.495075106620788574e-01 -5.078609943389892578e+00 -1.188673377037048340e+00
6.325755119323730469e-01 -4.608971595764160156e+00 -1.589562773704528809e+00
-8.147194981575012207e-01 -5.401675701141357422e+00 -3.017359256744384766e+00
-8.022643625736236572e-03 -5.497129917144775391e+00 -3.342197179794311523e+00
6.073485016822814941e-01 -4.759008884429931641e+00 -2.120085477828979492e+00
-9.515217781066894531e+00 -4.812580108642578125e+00 -2.044228315353393555e+00
-9.939716339111328125e+00 -4.890015602111816406e+00 -4.679866790771484375e+00
-9.351546287536621094e+00 -5.580717563629150391e+00 -3.830835580825805664e+00
-1.019521522521972656e+01 -3.758599042892456055e+00 -3.287905693054199219e+00
-1.031901550292968750e+01 -3.584405899047851562e+00 -4.715692996978759766e+00
-9.119901657104492188e+00 -4.085340499877929688e+00 3.092340826988220215e-01
-9.780673980712890625e+00 -4.172486782073974609e+00 -1.408114194869995117e+00
-9.820124626159667969e+00 -3.229707956314086914e+00 -2.798831164836883545e-01
-9.599059104919433594e+00 -2.924903869628906250e+00 9.025262594223022461e-01
-9.112948417663574219e+00 -2.720212221145629883e+00 2.167703628540039062e+00
-9.279259681701660156e+00 -1.628164410591125488e+00 1.269745349884033203e+00
-1.017259597778320312e+01 -2.693613052368164062e+00 -2.523714065551757812e+00
-1.009768104553222656e+01 -1.607751965522766113e+00 -2.652392387390136719e+00
-9.464677810668945312e+00 -1.291980504989624023e+00 -8.879663348197937012e-01
-7.936334609985351562e+00 -4.182773232460021973e-01 -6.467244625091552734e-01
-1.006276512145996094e+01 -4.634396076202392578e+00 -5.545420646667480469e+00
-1.034745693206787109e+01 -3.650610446929931641e+00 -5.424792766571044922e+00
-1.053380298614501953e+01 -2.256158828735351562e+00 -5.301474571228027344e+00
-1.059127235412597656e+01 -2.097037315368652344e+00 -5.871917724609375000e+00
-1.008361625671386719e+01 -6.561014652252197266e-01 -5.353829383850097656e+00
-1.058986473083496094e+01 -2.842616081237792969e+00 -7.961787700653076172e+00
-1.071187686920166016e+01 -1.947106242179870605e+00 -8.887534141540527344e+00
-1.060124397277832031e+01 -8.117284774780273438e-01 -8.517566680908203125e+00
-9.951376914978027344e+00 -3.309594392776489258e-01 -6.706367969512939453e+00
-8.382989883422851562e+00 -2.024725079536437988e-01 -2.253595829010009766e+00
-6.926488399505615234e+00 1.700940489768981934e+00 -3.686465740203857422e+00
-9.016343116760253906e+00 3.862770497798919678e-01 -6.203293323516845703e+00
-7.576533794403076172e+00 1.440022945404052734e+00 -4.987607479095458984e+00
1.325613689422607422e+01 -4.727336883544921875e+00 4.294019222259521484e+00
1.355947780609130859e+01 -6.085513591766357422e+00 7.602936625480651855e-01
1.305435180664062500e+01 -5.813651084899902344e+00 1.407986998558044434e+00
1.493129730224609375e+01 -5.665544509887695312e+00 1.926259994506835938e+00
1.480133724212646484e+01 -4.620608329772949219e+00 2.983594417572021484e+00
1.197828578948974609e+01 -5.323875904083251953e+00 2.634768247604370117e+00
4.350771427154541016e+00 -1.060337901115417480e+00 5.450488090515136719e+00
5.179605960845947266e+00 -4.914326965808868408e-01 6.813770294189453125e+00
6.646324157714843750e+00 -4.822374343872070312e+00 -1.656750321388244629e+00
8.907705307006835938e+00 -6.244124412536621094e+00 -1.228888988494873047e+00
8.119008064270019531e+00 -6.152616977691650391e+00 -1.063676595687866211e+00
7.446214199066162109e+00 -6.215002536773681641e+00 -4.691109955310821533e-01
2.553765773773193359e+00 -5.401593208312988281e+00 4.189459085464477539e-01
4.293871402740478516e+00 -4.690707683563232422e+00 -1.490332365036010742e+00
5.165958881378173828e+00 -5.079613208770751953e+00 -1.157871603965759277e+00
2.306361675262451172e+00 -4.271085262298583984e+00 -1.249162673950195312e+00
4.113598823547363281e+00 -4.720307350158691406e+00 -1.271118640899658203e+00
5.107717990875244141e+00 -5.536084651947021484e+00 2.445126622915267944e-01
5.804653167724609375e+00 -5.944591999053955078e+00 -5.799629092216491699e-01
3.096676826477050781e+00 -5.471107959747314453e+00 -5.723041296005249023e-01
9.455254554748535156e+00 -5.008833885192871094e+00 3.051717758178710938e+00
1.009011745452880859e+01 -4.261473178863525391e+00 4.772484302520751953e+00
9.974929809570312500e+00 -4.606271266937255859e+00 4.216612339019775391e+00
8.788691520690917969e+00 -3.606179952621459961e+00 5.316246032714843750e+00
8.934902191162109375e+00 -4.820389747619628906e+00 3.142745971679687500e+00
9.025336265563964844e+00 -5.834908485412597656e+00 1.433458685874938965e+00
8.680740356445312500e+00 -6.049835205078125000e+00 9.562687277793884277e-01
5.447064399719238281e+00 -1.168747305870056152e+00 4.368782043457031250e+00
6.149212837219238281e+00 -3.613592147827148438e+00 2.495310544967651367e+00
5.581268310546875000e+00 -3.916103839874267578e+00 1.942479968070983887e+00
4.497055530548095703e+00 -1.835250139236450195e+00 3.246213197708129883e+00
4.573467731475830078e+00 -1.444109797477722168e+00 4.018743038177490234e+00
6.867860794067382812e+00 -2.261252641677856445e+00 4.445611476898193359e+00
6.677901744842529297e+00 -1.608512759208679199e+00 5.819061756134033203e+00
6.533007144927978516e+00 -5.410498142242431641e+00 9.799551963806152344e-01
1.222201156616210938e+01 -3.362010717391967773e+00 5.624038696289062500e+00
1.395486640930175781e+01 -3.892670392990112305e+00 4.427956581115722656e+00
1.278545761108398438e+01 -2.613379240036010742e+00 4.711514949798583984e+00
1.362330913543701172e+01 -2.760549068450927734e+00 3.084535360336303711e+00
8.002947807312011719e+00 -2.373271942138671875e+00 6.748003005981445312e+00
7.503468513488769531e+00 -1.999386429786682129e+00 6.970026969909667969e+00
4.208495140075683594e+00 -1.972302347421646118e-01 7.971130371093750000e+00
9.893235206604003906e+00 -3.307778596878051758e+00 6.296964645385742188e+00
1.063238906860351562e+01 -1.913317680358886719e+00 6.387042045593261719e+00
1.088855934143066406e+01 -1.615593194961547852e+00 5.446091651916503906e+00
8.805554389953613281e+00 -8.981524705886840820e-01 6.642551422119140625e+00
9.085249900817871094e+00 -5.872055292129516602e-01 5.590641021728515625e+00
1.117004871368408203e+01 -1.592693448066711426e+00 4.474732875823974609e+00
1.147638797760009766e+01 -1.451691150665283203e+00 3.450685977935791016e+00
6.672637462615966797e+00 -1.028757214546203613e+00 6.812248229980468750e+00
7.829750537872314453e+00 -4.034697711467742920e-01 6.668522834777832031e+00
7.050872325897216797e+00 4.501993358135223389e-01 6.090600967407226562e+00
6.217964172363281250e+00 2.142879962921142578e-01 6.641579627990722656e+00
5.652565479278564453e+00 1.315618991851806641e+00 6.136771202087402344e+00
8.115661621093750000e+00 7.497828006744384766e-01 4.704886913299560547e+00
5.757098674774169922e+00 2.446272373199462891e+00 4.567523002624511719e+00
6.150986671447753906e+00 2.534651279449462891e+00 3.973768949508666992e+00
-2.134028911590576172e+00 -2.794420957565307617e+00 3.791638374328613281e+00
-1.519033551216125488e+00 -3.791141748428344727e+00 1.681740403175354004e+00
-1.474740505218505859e+00 -4.640473842620849609e+00 4.013787508010864258e-01
-1.611682891845703125e+00 -2.862010717391967773e+00 3.530999183654785156e+00
-2.301608920097351074e-01 -2.659448623657226562e+00 2.431888103485107422e+00
-5.070657253265380859e+00 -3.474725961685180664e+00 1.474477887153625488e+00
-4.358403205871582031e+00 -3.312800168991088867e+00 2.210666656494140625e+00
-5.805720806121826172e+00 -2.595980644226074219e+00 3.397032260894775391e+00
-5.278993129730224609e+00 -3.016373872756958008e+00 2.541394948959350586e+00
-4.095750808715820312e+00 -2.824531793594360352e+00 3.390134334564208984e+00
-2.762545108795166016e+00 -1.616434931755065918e+00 4.888755798339843750e+00
-5.655213832855224609e+00 -1.267289996147155762e+00 4.711885929107666016e+00
-5.352364540100097656e+00 -7.367727160453796387e-01 4.912220954895019531e+00
2.531859397888183594e+00 -1.733980774879455566e+00 3.937154293060302734e+00
1.386460542678833008e+00 -9.033158421516418457e-01 4.326968669891357422e+00
-3.849729895591735840e-02 -1.193131685256958008e+00 3.740455865859985352e+00
1.100626945495605469e+00 -3.234643340110778809e-01 4.848467350006103516e+00
2.479084014892578125e+00 -1.060585618019104004e+00 5.717333316802978516e+00
3.433501958847045898e+00 -6.012894511222839355e-01 7.322273731231689453e+00
1.106325268745422363e+00 7.865186333656311035e-01 5.535349369049072266e+00
-3.228495121002197266e+00 -1.387593269348144531e+00 5.016160964965820312e+00
-4.246940612792968750e+00 3.012284338474273682e-01 5.013191699981689453e+00
-2.752635002136230469e+00 5.653023719787597656e-01 5.140174865722656250e+00
-1.170237064361572266e+00 1.615265130996704102e+00 4.418352127075195312e+00
-3.888915061950683594e+00 1.019538164138793945e+00 4.050312995910644531e+00
-3.824068546295166016e+00 1.423915386199951172e+00 2.891494989395141602e+00
-1.759120970964431763e-01 -5.088942050933837891e+00 -6.928310543298721313e-02
3.006333410739898682e-01 -4.945096015930175781e+00 -1.001859381794929504e-01
8.199738860130310059e-01 -4.945963382720947266e+00 5.617509782314300537e-02
1.651841163635253906e+00 -3.794157505035400391e+00 1.489884018898010254e+00
1.485656380653381348e+00 -4.980990409851074219e+00 6.127386093139648438e-01
1.623828649520874023e+00 -3.752362728118896484e+00 -1.352535247802734375e+00
1.895048022270202637e+00 -2.636326313018798828e+00 2.491718769073486328e+00
2.251281976699829102e+00 1.543227910995483398e+00 5.829959869384765625e+00
2.856014728546142578e+00 2.553874015808105469e+00 4.423193454742431641e+00
2.606825590133666992e+00 2.977827548980712891e+00 3.093690156936645508e+00
-8.618946075439453125e-01 2.483895063400268555e+00 2.633854150772094727e+00
-6.629439592361450195e-01 1.942619442939758301e+00 4.210237026214599609e+00
5.736134648323059082e-01 2.545660972595214844e+00 3.286057710647583008e+00
-1.728582262992858887e+00 3.173354148864746094e+00 1.101387217640876770e-01
-7.586343765258789062e+00 -2.458234786987304688e+00 3.556438922882080078e+00
-7.329615592956542969e+00 -1.423281788825988770e+00 4.218745231628417969e+00
-7.961184978485107422e+00 -8.127731680870056152e-01 2.907965183258056641e+00
-6.812983036041259766e+00 -1.160451769828796387e+00 4.464569091796875000e+00
-7.016657829284667969e+00 -3.672455847263336182e-01 3.061083078384399414e+00
-6.420072555541992188e+00 1.886269748210906982e-01 1.420638561248779297e+00
-6.219447135925292969e+00 1.393567174673080444e-01 2.392002344131469727e+00
-6.923824310302734375e+00 2.271728068590164185e-01 -8.147332072257995605e-01
-3.744251728057861328e+00 1.652213454246520996e+00 1.847149252891540527e+00
-5.360915660858154297e+00 2.013960838317871094e+00 -1.993866682052612305e+00
-3.645303964614868164e+00 3.032194375991821289e+00 -1.670494556427001953e+00
3.289025068283081055e+00 8.215898871421813965e-01 6.981913089752197266e+00
2.939567089080810547e+00 1.858855724334716797e+00 5.697204113006591797e+00
3.801578521728515625e+00 2.325923919677734375e+00 5.146821022033691406e+00
4.515698432922363281e+00 2.882287025451660156e+00 4.011068820953369141e+00
3.864086151123046875e+00 3.269208431243896484e+00 3.081901073455810547e+00
7.755897045135498047e+00 -4.893187046051025391e+00 -3.954850673675537109e+00
2.376312971115112305e+00 -5.067545413970947266e+00 -3.050384044647216797e+00
5.492395401000976562e+00 -4.726347923278808594e+00 -2.516166925430297852e+00
6.317497253417968750e+00 -4.678609371185302734e+00 -2.964303255081176758e+00
3.032143831253051758e+00 -5.004273414611816406e+00 -2.930754184722900391e+00
2.090027332305908203e+00 -5.926752567291259766e+00 -5.248776435852050781e+00
2.625323295593261719e+00 -5.805230140686035156e+00 -6.250824451446533203e+00
3.888779401779174805e+00 -5.139159679412841797e+00 -5.595636367797851562e+00
5.920107841491699219e+00 -4.812143325805664062e+00 -3.726403713226318359e+00
7.154588699340820312e+00 -4.954990386962890625e+00 -4.062678813934326172e+00
2.442890167236328125e+00 -5.620423316955566406e+00 -8.457224845886230469e+00
8.316196441650390625e+00 -4.967713832855224609e+00 -6.004453659057617188e+00
3.298843622207641602e+00 -5.329574108123779297e+00 -7.114072322845458984e+00
3.711734533309936523e+00 -4.721478939056396484e+00 -7.897720336914062500e+00
6.286452293395996094e+00 -5.068740367889404297e+00 -5.372934818267822266e+00
7.404282093048095703e+00 -4.926250457763671875e+00 -6.326086521148681641e+00
5.874690055847167969e+00 -4.174627304077148438e+00 -7.247370719909667969e+00
7.530595302581787109e+00 -4.027915477752685547e+00 -7.368222713470458984e+00
5.585719108581542969e+00 -3.861823081970214844e+00 -7.626336574554443359e+00
5.157262325286865234e+00 -2.838627099990844727e+00 -8.643259048461914062e+00
5.232367515563964844e+00 -2.079743623733520508e+00 -8.897159576416015625e+00
-3.349675178527832031e+00 -7.970452785491943359e+00 -1.205593299865722656e+01
-3.131363153457641602e+00 -8.214782714843750000e+00 -1.051670932769775391e+01
-3.961761951446533203e+00 -7.543619155883789062e+00 -1.315917968750000000e+01
-1.581670880317687988e+00 -6.563514709472656250e+00 -1.324235630035400391e+01
-3.557023286819458008e+00 -6.334512710571289062e+00 -1.446012973785400391e+01
-3.375170469284057617e+00 -5.281082153320312500e+00 -1.519272899627685547e+01
-6.631399154663085938e+00 -6.536222457885742188e+00 -1.317106246948242188e+01
-7.071988582611083984e+00 -6.211750984191894531e+00 -1.318843078613281250e+01
-7.758031845092773438e+00 -5.231481075286865234e+00 -1.367472171783447266e+01
-5.720198631286621094e+00 -7.132247447967529297e+00 -1.307825469970703125e+01
-8.474049568176269531e+00 -5.364847660064697266e+00 -1.256387996673583984e+01
-7.364298820495605469e+00 -4.564173698425292969e+00 -1.457312965393066406e+01
-4.151368141174316406e+00 -5.535547733306884766e+00 -1.502962493896484375e+01
-5.996099948883056641e+00 -4.382226467132568359e+00 -1.525751686096191406e+01
-2.711362361907958984e+00 -5.387942790985107422e+00 -1.501394081115722656e+01
-2.177158117294311523e+00 -4.295715808868408203e+00 -1.536957645416259766e+01
-3.722806215286254883e+00 -3.716215848922729492e+00 -1.575278568267822266e+01
-2.790320396423339844e+00 -3.187313556671142578e+00 -1.571556949615478516e+01
-4.990038871765136719e+00 -2.649612426757812500e+00 -1.594049835205078125e+01
-3.920958995819091797e+00 -1.504514813423156738e+00 -1.593529510498046875e+01
-9.301903724670410156e+00 -4.441714286804199219e+00 -1.222203636169433594e+01
-8.935012817382812500e+00 -4.001647472381591797e+00 -1.344564914703369141e+01
-9.912281036376953125e+00 -2.863406658172607422e+00 -1.234743690490722656e+01
-1.040142822265625000e+01 -1.439389586448669434e+00 -1.151990032196044922e+01
-8.549580574035644531e+00 -3.349490642547607422e+00 -1.436057090759277344e+01
-7.692361831665039062e+00 -2.967020273208618164e+00 -1.519762039184570312e+01
-9.822615623474121094e+00 -9.248744845390319824e-01 -1.328402042388916016e+01
-9.375452041625976562e+00 -3.285710513591766357e-01 -1.420535945892333984e+01
-8.487822532653808594e+00 -9.513726234436035156e-01 -1.507415580749511719e+01
-7.135807037353515625e+00 1.593672186136245728e-01 -1.577000141143798828e+01
-7.627601623535156250e+00 8.135951757431030273e-01 -1.553687477111816406e+01
-1.521668553352355957e+00 -7.555198192596435547e+00 -6.887502193450927734e+00
-4.208495914936065674e-01 -7.156435489654541016e+00 -8.630996704101562500e+00
7.386351376771926880e-02 -6.567193984985351562e+00 -5.588046550750732422e+00
6.194003820419311523e-01 -6.684563159942626953e+00 -6.755767822265625000e+00
-2.395514994859695435e-01 -6.931078433990478516e+00 -9.610394477844238281e+00
-5.071652680635452271e-02 -5.895338058471679688e+00 -1.240194797515869141e+01
1.352726459503173828e+00 -6.386769771575927734e+00 -6.417747020721435547e+00
2.021034240722656250e+00 -5.950948238372802734e+00 -8.189866065979003906e+00
-7.605122923851013184e-01 -5.087192535400390625e+00 -1.430373001098632812e+01
1.024539828300476074e+00 -4.963045597076416016e+00 -1.243767261505126953e+01
-1.230227470397949219e+00 -3.740056753158569336e+00 -1.520305442810058594e+01
-1.923448741436004639e-01 -3.007510423660278320e+00 -1.485957241058349609e+01
1.960045099258422852e+00 -5.053096771240234375e+00 -1.069708251953125000e+01
-1.087712645530700684e+00 -2.405735015869140625e+00 -1.528198432922363281e+01
-1.307069897651672363e+00 -1.697565317153930664e+00 -1.534146022796630859e+01
2.141896247863769531e+00 -3.536285400390625000e+00 -1.149284648895263672e+01
8.844530582427978516e-01 -1.870192050933837891e+00 -1.348713874816894531e+01
7.970697283744812012e-01 -1.144393563270568848e+00 -1.333466625213623047e+01
-2.606257915496826172e+00 -1.778707027435302734e+00 -1.569879436492919922e+01
-2.676274538040161133e+00 -8.100998401641845703e-01 -1.564085578918457031e+01
-5.084938049316406250e+00 4.534506499767303467e-01 -1.588824558258056641e+01
-2.887269258499145508e+00 1.007279276847839355e+00 -1.536636447906494141e+01
-2.164824247360229492e+00 1.174617528915405273e+00 -1.512453460693359375e+01
-4.979556202888488770e-01 1.149832844734191895e+00 -1.389069557189941406e+01
-2.882389545440673828e+00 2.079975843429565430e+00 -1.503574085235595703e+01
-2.466002702713012695e+00 2.788764238357543945e+00 -1.464713668823242188e+01
2.704180717468261719e+00 -3.967453956604003906e+00 -1.033778285980224609e+01
3.520578622817993164e+00 -2.609743595123291016e+00 -1.011324310302734375e+01
3.012725830078125000e+00 -1.847584247589111328e+00 -1.085394096374511719e+01
9.636652469635009766e-01 -2.814466357231140137e-01 -1.281368732452392578e+01
1.482381939888000488e+00 6.833465304225683212e-03 -1.211109352111816406e+01
2.348662137985229492e+00 -2.178352922201156616e-01 -1.122802448272705078e+01
1.080990552902221680e+00 4.172730743885040283e-01 -1.233687305450439453e+01
-1.051231861114501953e+01 -9.668393731117248535e-01 -1.099408245086669922e+01
-9.968042373657226562e+00 6.848775148391723633e-01 -1.292265033721923828e+01
-1.030206489562988281e+01 -1.666096225380897522e-02 -1.048743152618408203e+01
-1.007193279266357422e+01 -1.210818141698837280e-01 -9.025383949279785156e+00
-9.725323677062988281e+00 5.434187054634094238e-01 -1.002841377258300781e+01
-9.963363647460937500e+00 9.221786856651306152e-01 -1.155311965942382812e+01
-9.433685302734375000e+00 2.032180309295654297e+00 -1.278584671020507812e+01
-8.819331169128417969e+00 1.395192980766296387e+00 -9.344232559204101562e+00
-8.415214538574218750e+00 2.396369457244873047e+00 -1.037707424163818359e+01
-8.197763442993164062e+00 1.157408714294433594e+00 -6.070661067962646484e+00
-7.959320545196533203e+00 1.591522216796875000e+00 -7.153161525726318359e+00
-8.280624389648437500e+00 1.877555131912231445e+00 -8.739730834960937500e+00
-7.897824764251708984e+00 2.546245336532592773e+00 -9.734031677246093750e+00
-6.296710014343261719e+00 2.700220346450805664e+00 -7.679181098937988281e+00
-6.213332653045654297e+00 3.008576869964599609e+00 -8.162754058837890625e+00
-8.635025024414062500e+00 2.201128005981445312e+00 -1.429372882843017578e+01
-8.036720275878906250e+00 2.229259490966796875e+00 -1.473344707489013672e+01
-7.636642456054687500e+00 3.440109968185424805e+00 -1.351499271392822266e+01
-6.655083656311035156e+00 4.261282920837402344e+00 -1.313911056518554688e+01
-6.100338935852050781e+00 1.893647909164428711e+00 -1.547677516937255859e+01
-5.844701766967773438e+00 2.183607101440429688e+00 -1.532780075073242188e+01
-5.170483589172363281e+00 3.965973854064941406e+00 -1.412306880950927734e+01
-4.615168094635009766e+00 3.959800481796264648e+00 -1.425023365020751953e+01
-5.867572784423828125e+00 3.768202543258666992e+00 -1.412631130218505859e+01
-8.272385597229003906e+00 3.280662298202514648e+00 -1.224937820434570312e+01
-6.242414474487304688e+00 4.411201477050781250e+00 -1.238347053527832031e+01
-5.555193424224853516e+00 4.379834175109863281e+00 -1.074559020996093750e+01
-3.388803005218505859e+00 4.233239650726318359e+00 -1.348964786529541016e+01
-3.170645952224731445e+00 4.295602321624755859e+00 -1.287181472778320312e+01
-5.219593524932861328e+00 4.432663917541503906e+00 -1.222162342071533203e+01
-4.468850135803222656e+00 4.634743213653564453e+00 -1.232792091369628906e+01
-3.216511726379394531e+00 4.686226367950439453e+00 -1.144456005096435547e+01
-4.957759380340576172e+00 4.785525321960449219e+00 -1.084974098205566406e+01
-3.795551300048828125e+00 4.892502784729003906e+00 -1.117292022705078125e+01
-6.638638973236083984e+00 3.680693864822387695e+00 -1.050372123718261719e+01
-5.930998325347900391e+00 3.623628377914428711e+00 -9.035926818847656250e+00
3.058415412902832031e+00 -1.890042126178741455e-01 -1.030319118499755859e+01
-1.385329663753509521e-01 1.529102563858032227e+00 -1.287891960144042969e+01
-2.113961458206176758e+00 3.221709966659545898e+00 -1.359620094299316406e+01
9.958900213241577148e-01 8.023647069931030273e-01 -1.169018459320068359e+01
-1.053463697433471680e+00 2.885139465332031250e+00 -1.234005928039550781e+01
-2.713432312011718750e+00 3.846283435821533203e+00 -1.327176570892333984e+01
-1.649521350860595703e+00 3.647353410720825195e+00 -1.187691402435302734e+01
1.143097019195556641e+01 -6.491531848907470703e+00 -3.365321874618530273e+00
1.332678794860839844e+01 -6.622220993041992188e+00 -1.716581463813781738e+00
1.117447185516357422e+01 -6.440937519073486328e+00 -8.238909840583801270e-01
1.097463035583496094e+01 -6.447245597839355469e+00 -2.584483385086059570e+00
1.434001445770263672e+01 -6.905755519866943359e+00 -5.017698287963867188e+00
1.198111152648925781e+01 -6.550235748291015625e+00 -3.970903396606445312e+00
1.268690013885498047e+01 -6.527601718902587891e+00 -5.470631599426269531e+00
1.314168834686279297e+01 -6.826966285705566406e+00 -3.657716035842895508e+00
1.561650085449218750e+01 -6.970893383026123047e+00 -3.585728168487548828e+00
1.604460144042968750e+01 -5.910721778869628906e+00 -4.177057743072509766e+00
1.624312591552734375e+01 -6.411275386810302734e+00 -1.155619025230407715e+00
1.636063766479492188e+01 -5.630717277526855469e+00 -2.049397468566894531e+00
1.458434677124023438e+01 -6.468346118927001953e+00 6.648027896881103516e-02
1.481230831146240234e+01 -6.875596046447753906e+00 -1.535736441612243652e+00
1.537926864624023438e+01 -6.076879978179931641e+00 9.814330935478210449e-01
1.483525180816650391e+01 -3.781920671463012695e+00 1.898730754852294922e+00
1.515190887451171875e+01 -4.048664569854736328e+00 8.478401899337768555e-01
1.436579895019531250e+01 -3.136516332626342773e+00 9.766382575035095215e-01
1.577312278747558594e+01 -4.868999958038330078e+00 -3.351305007934570312e+00
1.519957160949707031e+01 -3.999832630157470703e+00 -2.584977865219116211e+00
1.520783901214599609e+01 -3.879816055297851562e+00 -1.036543369293212891e+00
1.494689655303955078e+01 -3.563879728317260742e+00 -1.531546473503112793e+00
1.429758071899414062e+01 -2.766640424728393555e+00 -9.124346971511840820e-01
1.379127597808837891e+01 -6.699095726013183594e+00 -6.240731716156005859e+00
1.522819614410400391e+01 -5.906154155731201172e+00 -6.542152881622314453e+00
1.235097217559814453e+01 -6.404939174652099609e+00 -6.658277511596679688e+00
1.289081954956054688e+01 -5.868786811828613281e+00 -7.447845935821533203e+00
1.590788936614990234e+01 -5.809031486511230469e+00 -5.635487079620361328e+00
1.557049274444580078e+01 -5.053781509399414062e+00 -5.923596858978271484e+00
1.499180507659912109e+01 -4.392326354980468750e+00 -5.530621528625488281e+00
1.323246860504150391e+01 -5.476011753082275391e+00 -7.309157371520996094e+00
1.260404777526855469e+01 -4.919423580169677734e+00 -6.623860836029052734e+00
1.346156883239746094e+01 -4.437886238098144531e+00 -6.102252960205078125e+00
1.357778549194335938e+01 -3.353577136993408203e+00 -4.946474075317382812e+00
1.495082187652587891e+01 -3.691543102264404297e+00 -2.823867797851562500e+00
1.487052536010742188e+01 -3.721311569213867188e+00 -4.496428966522216797e+00
1.430555820465087891e+01 -2.885998487472534180e+00 -3.747844219207763672e+00
1.015756988525390625e+01 -5.980218887329101562e+00 -2.733268499374389648e+00
6.987560749053955078e+00 -4.740402221679687500e+00 -2.359167337417602539e+00
7.275034427642822266e+00 -4.808071136474609375e+00 -1.930283427238464355e+00
6.839248657226562500e+00 -4.686045646667480469e+00 -2.924180984497070312e+00
1.047855186462402344e+01 -6.274357318878173828e+00 -2.330109596252441406e+00
9.007762908935546875e+00 -5.506941795349121094e+00 -1.929330587387084961e+00
7.947495937347412109e+00 -5.072425842285156250e+00 -1.561840415000915527e+00
9.592996597290039062e+00 -5.503828525543212891e+00 -3.425957918167114258e+00
9.948743820190429688e+00 -5.510865688323974609e+00 -4.656533718109130859e+00
8.326027870178222656e+00 -4.965574741363525391e+00 -3.952301979064941406e+00
1.351202678680419922e+01 -2.082073450088500977e+00 -6.492568552494049072e-02
1.218515396118164062e+01 -7.072973251342773438e-01 -1.033150553703308105e+00
1.095597171783447266e+01 -5.919956684112548828e+00 -5.491193771362304688e+00
1.101486301422119141e+01 -5.381246089935302734e+00 -6.031009197235107422e+00
9.588788032531738281e+00 -5.040203571319580078e+00 -5.193321228027343750e+00
1.170108795166015625e+01 -4.659092903137207031e+00 -6.180347919464111328e+00
9.174406051635742188e+00 -4.296935558319091797e+00 -6.412563323974609375e+00
1.039008522033691406e+01 -3.511441230773925781e+00 -5.868846893310546875e+00
1.244992160797119141e+01 -3.649176359176635742e+00 -5.461926937103271484e+00
1.063556575775146484e+01 -3.167543411254882812e+00 -5.671112537384033203e+00
1.065944957733154297e+01 -2.241647481918334961e+00 -5.256658554077148438e+00
8.537861824035644531e+00 -3.668099641799926758e+00 -7.028481483459472656e+00
9.046401023864746094e+00 -3.061646938323974609e+00 -6.569129943847656250e+00
8.052286148071289062e+00 -2.021549224853515625e+00 -6.903987884521484375e+00
1.039784145355224609e+01 -1.578342080116271973e+00 -5.115709304809570312e+00
8.253355979919433594e+00 -1.690225601196289062e+00 -6.639552116394042969e+00
8.746161460876464844e+00 -4.660589694976806641e-01 -5.845819950103759766e+00
7.282456398010253906e+00 -1.542759388685226440e-01 -6.917858600616455078e+00
1.322269153594970703e+01 -2.111515045166015625e+00 -4.053851604461669922e+00
1.340614795684814453e+01 -1.614832401275634766e+00 -1.948644876480102539e+00
1.315571498870849609e+01 -1.305062294006347656e+00 -3.149324178695678711e+00
1.235480499267578125e+01 -3.915945887565612793e-01 -2.240830183029174805e+00
1.200313663482666016e+01 -1.073982417583465576e-01 -2.838245391845703125e+00
1.238325595855712891e+01 -1.892298340797424316e+00 -4.363207340240478516e+00
1.119001865386962891e+01 -1.211314439773559570e+00 -4.486998558044433594e+00
1.146423053741455078e+01 -5.577996969223022461e-01 -3.866306543350219727e+00
1.015280628204345703e+01 1.597042202949523926e+00 -1.740697979927062988e+00
9.266390800476074219e+00 2.389499187469482422e+00 -2.883368492126464844e+00
9.314659118652343750e+00 2.306489944458007812e+00 -3.348999500274658203e+00
8.556840896606445312e+00 2.946054935455322266e+00 -2.361790418624877930e+00
1.020449733734130859e+01 -8.947358727455139160e-01 -5.003709316253662109e+00
1.063454055786132812e+01 3.112839758396148682e-01 -4.120817184448242188e+00
8.368100166320800781e+00 1.407667845487594604e-01 -5.858804225921630859e+00
7.019299030303955078e+00 9.955369830131530762e-01 -6.431677818298339844e+00
1.395125579833984375e+01 -3.009364604949951172e+00 2.491612911224365234e+00
1.249657821655273438e+01 -1.980219364166259766e+00 2.821509122848510742e+00
1.125476360321044922e+01 -5.127674341201782227e-01 1.416781544685363770e+00
1.147352695465087891e+01 -3.789705634117126465e-01 2.857736349105834961e-01
9.962485313415527344e+00 4.059870541095733643e-02 3.142408609390258789e+00
8.828865051269531250e+00 1.310323953628540039e+00 2.717652320861816406e+00
9.430608749389648438e+00 9.968060255050659180e-01 2.117388486862182617e+00
7.296429157257080078e+00 2.329294919967651367e+00 3.127088546752929688e+00
7.137575626373291016e+00 2.918861389160156250e+00 1.924714207649230957e+00
9.842910766601562500e+00 1.169825434684753418e+00 3.813319802284240723e-01
1.005483245849609375e+01 1.477016329765319824e+00 -9.822654724121093750e-01
7.972385406494140625e+00 2.779858589172363281e+00 4.719067215919494629e-01
3.352211713790893555e+00 4.269969463348388672e+00 -3.394375145435333252e-01
6.213969707489013672e+00 3.646259069442749023e+00 3.223277330398559570e-01
5.480335235595703125e+00 4.055324554443359375e+00 -2.220281362533569336e+00
3.671467542648315430e+00 4.386938095092773438e+00 -6.775161623954772949e-01
2.848383426666259766e+00 3.823263406753540039e+00 -2.453216314315795898e+00
2.961593866348266602e+00 3.516765117645263672e+00 -3.327064037322998047e+00
-9.877625703811645508e-01 3.794485092163085938e+00 -7.635861039161682129e-01
2.150635480880737305e+00 3.148668766021728516e+00 -4.385071754455566406e+00
1.045991387218236923e-02 4.161432266235351562e+00 -3.142295598983764648e+00
3.079876601696014404e-01 3.712260007858276367e+00 -4.697401046752929688e+00
2.380724191665649414e+00 3.809025764465332031e+00 -2.564872980117797852e+00
5.103097915649414062e+00 -8.708137869834899902e-01 -8.894304275512695312e+00
2.945688724517822266e+00 3.133766055107116699e-01 -9.608575820922851562e+00
5.067125320434570312e+00 5.161342620849609375e-01 -8.114779472351074219e+00
3.646232128143310547e+00 5.693640112876892090e-01 -8.969701766967773438e+00
2.525422573089599609e+00 5.053879022598266602e-01 -9.800989151000976562e+00
1.547320604324340820e+00 1.851994395256042480e+00 -9.912146568298339844e+00
3.309608697891235352e-01 3.151363849639892578e+00 -9.157168388366699219e+00
1.126176640391349792e-01 3.004571914672851562e+00 -1.045836353302001953e+01
5.660617828369140625e+00 2.820821762084960938e+00 -4.855700969696044922e+00
6.167734146118164062e+00 1.898764967918395996e+00 -6.090792179107666016e+00
4.705607891082763672e+00 2.702271938323974609e+00 -5.246273994445800781e+00
4.803923606872558594e+00 2.401197671890258789e+00 -5.960586547851562500e+00
6.615198612213134766e+00 3.775634288787841797e+00 -2.717309713363647461e+00
6.590915203094482422e+00 1.296290516853332520e+00 -6.431725025177001953e+00
5.718475818634033203e+00 1.683001041412353516e+00 -6.604824066162109375e+00
4.866586208343505859e+00 1.793862104415893555e+00 -7.038495540618896484e+00
2.740085124969482422e+00 2.858088016510009766e+00 -5.060930252075195312e+00
2.819799661636352539e+00 2.096771001815795898e+00 -7.358973503112792969e+00
2.030983448028564453e+00 2.334837913513183594e+00 -6.810955524444580078e+00
9.610343724489212036e-02 3.305138349533081055e+00 -6.270472526550292969e+00
2.729323208332061768e-01 2.962230205535888672e+00 -7.757775306701660156e+00
3.035309612751007080e-01 3.034114837646484375e+00 -8.136930465698242188e+00
-3.295693635940551758e+00 3.396541357040405273e+00 -2.585323333740234375e+00
-5.633860111236572266e+00 3.069980859756469727e+00 -7.730826854705810547e+00
-4.808423995971679688e+00 3.487404584884643555e+00 -7.635834217071533203e+00
-4.259569168090820312e+00 3.356088638305664062e+00 -6.673658847808837891e+00
-2.164976596832275391e+00 3.283497333526611328e+00 -2.318278700113296509e-01
-1.887938737869262695e+00 3.750735044479370117e+00 -1.354131937026977539e+00
-1.527867317199707031e+00 4.094511985778808594e+00 -2.467995643615722656e+00
-1.353789687156677246e+00 4.392803192138671875e+00 -3.692604780197143555e+00
-1.182524442672729492e+00 4.402077198028564453e+00 -4.986163139343261719e+00
-4.800317764282226562e+00 4.083537578582763672e+00 -8.505701065063476562e+00
-4.505056381225585938e+00 4.559862613677978516e+00 -9.025563240051269531e+00
-1.980571866035461426e+00 4.465495109558105469e+00 -7.511347770690917969e+00
-3.349768877029418945e+00 4.462193489074707031e+00 -8.332152366638183594e+00
-1.540666103363037109e+00 3.655462265014648438e+00 -1.119980430603027344e+01
-1.227851510047912598e+00 3.510558843612670898e+00 -1.106397342681884766e+01
-3.827817678451538086e+00 4.855576038360595703e+00 -1.070569038391113281e+01
-2.047559499740600586e+00 4.183500289916992188e+00 -9.850996017456054688e+00
-3.113039433956146240e-01 3.483055830001831055e+00 -9.966621398925781250e+00
-2.159272432327270508e+00 4.562484264373779297e+00 -6.120279312133789062e+00
5.279685020446777344e+00 3.427744626998901367e+00 2.503273248672485352e+00
6.045542240142822266e+00 3.379953622817993164e+00 1.898152709007263184e+00
1.966324687004089355e+00 7.065710425376892090e-01 -1.028752422332763672e+01
-5.165091156959533691e-01 2.798007011413574219e+00 -1.161613082885742188e+01
4.421242475509643555e-01 2.527422904968261719e+00 -1.076976490020751953e+01
