1.560787439346313477e+00 -4.933134078979492188e+00 -2.712024211883544922e+00
2.277765989303588867e+00 -4.778450012207031250e+00 -1.919923543930053711e+00
1.514871478080749512e+00 -4.788142204284667969e+00 -2.306043148040771484e+00
-5.068820953369140625e+00 -8.108559608459472656e+00 -7.822280406951904297e+00
-4.999392032623291016e+00 -8.061342239379882812e+00 -1.156796169281005859e+01
-4.185020446777343750e+00 -8.321057319641113281e+00 -9.419629096984863281e+00
-7.270898342132568359e+00 -7.468429088592529297e+00 -7.058969497680664062e+00
-7.775070667266845703e+00 -7.350666999816894531e+00 -7.967391490936279297e+00
-5.692378044128417969e+00 -8.128715515136718750e+00 -9.823760986328125000e+00
-6.220789432525634766e+00 -7.997401237487792969e+00 -9.061575889587402344e+00
-6.480558872222900391e+00 -7.344996452331542969e+00 -1.205448055267333984e+01
-8.410601615905761719e+00 -6.366425514221191406e+00 -1.057624721527099609e+01
-8.332993507385253906e+00 -6.188857078552246094e+00 -1.129446411132812500e+01
-9.642216682434082031e+00 -5.266698360443115234e+00 -8.362918853759765625e+00
-1.005126190185546875e+01 -4.324621677398681641e+00 -8.715840339660644531e+00
-9.586769104003906250e+00 -4.642099857330322266e+00 -1.086768150329589844e+01
-8.220105171203613281e+00 -6.690327167510986328e+00 -5.445704460144042969e+00
-9.067626953125000000e+00 -6.091684818267822266e+00 -4.930355072021484375e+00
-7.968105316162109375e+00 -5.745323181152343750e+00 -3.404693365097045898e+00
-8.496821403503417969e+00 -5.228198051452636719e+00 -2.226382255554199219e+00
-6.958242893218994141e+00 -5.440124511718750000e+00 -3.112404346466064453e+00
-2.593527078628540039e+00 -5.031714439392089844e+00 -1.546820521354675293e+00
-3.373831987380981445e+00 -4.882352352142333984e+00 -5.818645954132080078e-01
-1.440469384193420410e+00 -4.994500637054443359e+00 -2.356291413307189941e-01
-7.379452705383300781e+00 -3.212184429168701172e+00 2.312029838562011719e+00
-5.355541229248046875e+00 -3.512466192245483398e+00 1.278922438621520996e+00
-3.860213279724121094e+00 -5.068426132202148438e+00 -2.135986566543579102e+00
-7.304314136505126953e+00 -4.796240329742431641e+00 -1.626735210418701172e+00
-6.307512283325195312e+00 -5.166785717010498047e+00 -2.786353588104248047e+00
-3.738737106323242188e+00 -4.414877891540527344e+00 1.353195756673812866e-01
-4.767994880676269531e+00 -7.278651714324951172e+00 -5.294765472412109375e+00
-4.545535087585449219e+00 -6.497956752777099609e+00 -4.090688228607177734e+00
-2.280395507812500000e+00 -7.655322551727294922e+00 -6.416860103607177734e+00
-2.884742021560668945e+00 -7.167513847351074219e+00 -5.066816806793212891e+00
-2.214481592178344727e+00 -7.177178859710693359e+00 -5.298745632171630859e+00
-1.356498599052429199e+00 -6.801434040069580078e+00 -5.043723583221435547e+00
-2.779773235321044922e+00 -6.776863574981689453e+00 -4.439285755157470703e+00
-5.267623901367187500e+00 -6.850320816040039062e+00 -4.678871154785156250e+00
-6.153860092163085938e+00 -7.666578292846679688e+00 -6.742064952850341797e+00
-8.704419136047363281e+00 -6.650764942169189453e+00 -6.454884529113769531e+00
-1.417187929153442383e+00 -4.982112407684326172e+00 -1.834469914436340332e+00
-9.347480535507202148e-01 -5.043256759643554688e+00 -2.275382280349731445e+00
-2.241405963897705078e+00 -5.125401020050048828e+00 -2.022062301635742188e+00
-3.505965173244476318e-01 -5.087924957275390625e+00 -1.195672750473022461e+00
6.324778199195861816e-01 -4.619935035705566406e+00 -1.595938563346862793e+00
-8.146819472312927246e-01 -5.403996467590332031e+00 -3.019940376281738281e+00
-8.072266355156898499e-03 -5.500252723693847656e+00 -3.344324111938476562e+00
6.073930263519287109e-01 -4.766020298004150391e+00 -2.123870134353637695e+00
-9.515459060668945312e+00 -4.813547134399414062e+00 -2.044696092605590820e+00
-9.940156936645507812e+00 -4.890685081481933594e+00 -4.680015087127685547e+00
-9.351745605468750000e+00 -5.581267833709716797e+00 -3.831157445907592773e+00
-1.019592857360839844e+01 -3.759708404541015625e+00 -3.287999153137207031e+00
-1.031968498229980469e+01 -3.585857391357421875e+00 -4.715704441070556641e+00
-9.119942665100097656e+00 -4.087328910827636719e+00 3.091985285282135010e-01
-9.780959129333496094e+00 -4.174064636230468750e+00 -1.408427953720092773e+00
-9.820112228393554688e+00 -3.231395721435546875e+00 -2.799845337867736816e-01
-9.599061965942382812e+00 -2.926817893981933594e+00 9.024449586868286133e-01
-9.112931251525878906e+00 -2.722188472747802734e+00 2.167492628097534180e+00
-9.279030799865722656e+00 -1.629629969596862793e+00 1.269668579101562500e+00
-1.017273235321044922e+01 -2.694823741912841797e+00 -2.523681640625000000e+00
-1.009741210937500000e+01 -1.608732104301452637e+00 -2.652409791946411133e+00
-9.464686393737792969e+00 -1.293088436126708984e+00 -8.879278302192687988e-01
-7.937229156494140625e+00 -4.171560704708099365e-01 -6.464855670928955078e-01
-1.006327438354492188e+01 -4.635228157043457031e+00 -5.545303344726562500e+00
-1.034776496887207031e+01 -3.651770353317260742e+00 -5.425222873687744141e+00
-1.053304862976074219e+01 -2.257873535156250000e+00 -5.301871299743652344e+00
-1.059010791778564453e+01 -2.097795486450195312e+00 -5.872072696685791016e+00
-1.008363723754882812e+01 -6.563904881477355957e-01 -5.353271961212158203e+00
-1.059015274047851562e+01 -2.843131065368652344e+00 -7.961650371551513672e+00
-1.071177577972412109e+01 -1.947228908538818359e+00 -8.887074470520019531e+00
-1.060239219665527344e+01 -8.080495595932006836e-01 -8.515748977661132812e+00
-9.953614234924316406e+00 -3.264118432998657227e-01 -6.704213619232177734e+00
-8.383446693420410156e+00 -2.013604342937469482e-01 -2.253508329391479492e+00
-6.926339149475097656e+00 1.702856421470642090e+00 -3.687232017517089844e+00
-9.017105102539062500e+00 3.888085186481475830e-01 -6.202104568481445312e+00
-7.576268196105957031e+00 1.440659046173095703e+00 -4.988230228424072266e+00
1.313066196441650391e+01 -5.624640941619873047e+00 4.702133178710937500e+00
1.352572727203369141e+01 -6.221045494079589844e+00 8.307189345359802246e-01
1.300873756408691406e+01 -6.033838748931884766e+00 1.521949529647827148e+00
1.486326599121093750e+01 -5.923029899597167969e+00 2.022209644317626953e+00
1.466226673126220703e+01 -5.085372447967529297e+00 3.180655717849731445e+00
1.191515064239501953e+01 -5.731072902679443359e+00 2.829085350036621094e+00
4.381866931915283203e+00 -1.242352247238159180e+00 5.091393470764160156e+00
5.225181102752685547e+00 -9.264606237411499023e-01 6.254530429840087891e+00
6.647125244140625000e+00 -4.841224193572998047e+00 -1.653302907943725586e+00
8.905484199523925781e+00 -6.255666732788085938e+00 -1.212457299232482910e+00
8.121183395385742188e+00 -6.166948795318603516e+00 -1.052657008171081543e+00
7.449943542480468750e+00 -6.238373279571533203e+00 -4.659938514232635498e-01
2.553755044937133789e+00 -5.419283390045166016e+00 4.071795940399169922e-01
4.294161796569824219e+00 -4.703121185302734375e+00 -1.490817189216613770e+00
5.165987014770507812e+00 -5.093875885009765625e+00 -1.156485915184020996e+00
2.306704759597778320e+00 -4.285668373107910156e+00 -1.257807970046997070e+00
4.114461421966552734e+00 -4.732458114624023438e+00 -1.271786212921142578e+00
5.109410285949707031e+00 -5.563295841217041016e+00 2.352597266435623169e-01
5.807387351989746094e+00 -5.966243743896484375e+00 -5.849688053131103516e-01
3.097668170928955078e+00 -5.491014480590820312e+00 -5.816248059272766113e-01
9.424946784973144531e+00 -5.173952102661132812e+00 3.179496049880981445e+00
9.903715133666992188e+00 -4.849954605102539062e+00 5.177037239074707031e+00
9.879403114318847656e+00 -4.935194492340087891e+00 4.447767257690429688e+00
8.605770111083984375e+00 -4.178474903106689453e+00 5.839978218078613281e+00
8.906019210815429688e+00 -4.959172248840332031e+00 3.266597986221313477e+00
9.012293815612792969e+00 -5.899393558502197266e+00 1.483714222908020020e+00
8.678124427795410156e+00 -6.073882102966308594e+00 9.769340753555297852e-01
5.517675399780273438e+00 -1.401185750961303711e+00 4.299167156219482422e+00
6.164158821105957031e+00 -3.693259477615356445e+00 2.495027542114257812e+00
5.592431545257568359e+00 -3.964190959930419922e+00 1.922303557395935059e+00
4.523885250091552734e+00 -1.901072025299072266e+00 3.166033506393432617e+00
4.616245746612548828e+00 -1.533466339111328125e+00 3.868488788604736328e+00
6.873984336853027344e+00 -2.517098188400268555e+00 4.591302871704101562e+00
6.623066425323486328e+00 -2.087963581085205078e+00 5.973401546478271484e+00
6.541262149810791016e+00 -5.443805217742919922e+00 9.717262387275695801e-01
1.198863792419433594e+01 -4.401129245758056641e+00 6.151686191558837891e+00
1.368462753295898438e+01 -4.685465812683105469e+00 4.679198741912841797e+00
1.248482608795166016e+01 -3.553990125656127930e+00 4.998360157012939453e+00
1.337928581237792969e+01 -3.463919639587402344e+00 3.295830011367797852e+00
7.624666690826416016e+00 -3.229964971542358398e+00 7.639185905456542969e+00
7.228240013122558594e+00 -2.563924312591552734e+00 7.299629688262939453e+00
4.177288055419921875e+00 -5.142511129379272461e-01 6.962865829467773438e+00
9.548097610473632812e+00 -4.402004241943359375e+00 7.241508007049560547e+00
1.021091556549072266e+01 -3.178456544876098633e+00 6.848692417144775391e+00
1.055337333679199219e+01 -2.726572275161743164e+00 5.752102375030517578e+00
8.514737129211425781e+00 -1.738848328590393066e+00 6.918831348419189453e+00
8.869394302368164062e+00 -1.402958273887634277e+00 5.710661411285400391e+00
1.092352581024169922e+01 -2.477097272872924805e+00 4.658621788024902344e+00
1.129620456695556641e+01 -2.172951221466064453e+00 3.595478057861328125e+00
6.514810085296630859e+00 -1.530418872833251953e+00 6.767111778259277344e+00
7.666401386260986328e+00 -1.080744504928588867e+00 6.707301139831542969e+00
6.992856025695800781e+00 -9.822395443916320801e-02 5.973217010498046875e+00
6.239354133605957031e+00 -3.042418062686920166e-01 6.222393035888671875e+00
5.659005641937255859e+00 8.644593358039855957e-01 5.730751514434814453e+00
8.030673980712890625e+00 1.318604350090026855e-01 4.677160263061523438e+00
5.748592853546142578e+00 2.062553644180297852e+00 4.327425003051757812e+00
6.127701759338378906e+00 2.146327257156372070e+00 3.822515726089477539e+00
-2.135144948959350586e+00 -2.796295881271362305e+00 3.780060052871704102e+00
-1.523239731788635254e+00 -3.800506591796875000e+00 1.670103430747985840e+00
-1.476648449897766113e+00 -4.650677680969238281e+00 3.938738107681274414e-01
-1.618558645248413086e+00 -2.861812829971313477e+00 3.504720211029052734e+00
-2.456337511539459229e-01 -2.661653757095336914e+00 2.388730525970458984e+00
-5.071878910064697266e+00 -3.477434873580932617e+00 1.471830129623413086e+00
-4.359684467315673828e+00 -3.315435647964477539e+00 2.206518411636352539e+00
-5.806002616882324219e+00 -2.598283767700195312e+00 3.395873308181762695e+00
-5.279415607452392578e+00 -3.018602848052978516e+00 2.538911342620849609e+00
-4.096699237823486328e+00 -2.827153205871582031e+00 3.385668039321899414e+00
-2.761388301849365234e+00 -1.621246099472045898e+00 4.883939266204833984e+00
-5.655395030975341797e+00 -1.269498586654663086e+00 4.711152553558349609e+00
-5.351699352264404297e+00 -7.391031384468078613e-01 4.911792755126953125e+00
2.519999504089355469e+00 -1.746057033538818359e+00 3.731865644454956055e+00
1.364575147628784180e+00 -9.029453992843627930e-01 4.176754474639892578e+00
-6.237933039665222168e-02 -1.191877841949462891e+00 3.676216125488281250e+00
1.079448938369750977e+00 -3.276541233062744141e-01 4.712039947509765625e+00
2.476104974746704102e+00 -1.095888018608093262e+00 5.371844768524169922e+00
3.458393096923828125e+00 -6.365939974784851074e-01 6.748224735260009766e+00
1.094116806983947754e+00 7.592133283615112305e-01 5.447945594787597656e+00
-3.227867126464843750e+00 -1.391802430152893066e+00 5.014297962188720703e+00
-4.246104717254638672e+00 2.973489165306091309e-01 5.012180805206298828e+00
-2.752119302749633789e+00 5.621842741966247559e-01 5.139711856842041016e+00
-1.173978567123413086e+00 1.613468289375305176e+00 4.412132740020751953e+00
-3.889501094818115234e+00 1.017333149909973145e+00 4.049385547637939453e+00
-3.824179887771606445e+00 1.420431852340698242e+00 2.890141725540161133e+00
-1.781876534223556519e-01 -5.101903915405273438e+00 -7.780571281909942627e-02
2.976714372634887695e-01 -4.958710193634033203e+00 -1.125466823577880859e-01
8.156846165657043457e-01 -4.965068817138671875e+00 3.658632934093475342e-02
1.644776344299316406e+00 -3.804573059082031250e+00 1.432096242904663086e+00
1.482176303863525391e+00 -4.998687744140625000e+00 5.849630236625671387e-01
1.624979019165039062e+00 -3.765700817108154297e+00 -1.358710289001464844e+00
1.883355498313903809e+00 -2.636911392211914062e+00 2.385181188583374023e+00
2.262312889099121094e+00 1.465283870697021484e+00 5.635134696960449219e+00
2.862512826919555664e+00 2.454378604888916016e+00 4.285559177398681641e+00
2.600718736648559570e+00 2.957433223724365234e+00 3.042968750000000000e+00
-8.649947047233581543e-01 2.482399463653564453e+00 2.623619556427001953e+00
-6.701534390449523926e-01 1.950533628463745117e+00 4.193798065185546875e+00
5.673981308937072754e-01 2.549437522888183594e+00 3.261283874511718750e+00
-1.729072093963623047e+00 3.176062583923339844e+00 1.092661619186401367e-01
-7.586182117462158203e+00 -2.460787296295166016e+00 3.555824518203735352e+00
-7.329068183898925781e+00 -1.425389766693115234e+00 4.217681407928466797e+00
-7.961100578308105469e+00 -8.143300414085388184e-01 2.907667160034179688e+00
-6.812564373016357422e+00 -1.162156343460083008e+00 4.463500022888183594e+00
-7.016777515411376953e+00 -3.684943914413452148e-01 3.060752630233764648e+00
-6.420413017272949219e+00 1.880744695663452148e-01 1.420806646347045898e+00
-6.219798088073730469e+00 1.386578828096389771e-01 2.392019987106323242e+00
-6.924704551696777344e+00 2.282183766365051270e-01 -8.137758970260620117e-01
-3.744250774383544922e+00 1.648850083351135254e+00 1.846440672874450684e+00
-5.361691951751708984e+00 2.016953468322753906e+00 -1.993231296539306641e+00
-3.647404909133911133e+00 3.038592338562011719e+00 -1.667985439300537109e+00
3.335306406021118164e+00 6.364808082580566406e-01 6.557524204254150391e+00
2.956041574478149414e+00 1.722195148468017578e+00 5.447044849395751953e+00
3.813385009765625000e+00 2.073008775711059570e+00 4.889687538146972656e+00
4.524188518524169922e+00 2.639045715332031250e+00 3.843859434127807617e+00
3.874070405960083008e+00 3.160802602767944336e+00 3.009503841400146484e+00
7.757084369659423828e+00 -4.908101558685302734e+00 -3.945454597473144531e+00
2.376827955245971680e+00 -5.074049472808837891e+00 -3.050143241882324219e+00
5.493556976318359375e+00 -4.736870288848876953e+00 -2.512575149536132812e+00
6.318583488464355469e+00 -4.689108371734619141e+00 -2.958324432373046875e+00
3.032888174057006836e+00 -5.011805534362792969e+00 -2.929601907730102539e+00
2.090421438217163086e+00 -5.930532932281494141e+00 -5.249078750610351562e+00
2.625573635101318359e+00 -5.807384490966796875e+00 -6.250892162322998047e+00
3.889476537704467773e+00 -5.141815662384033203e+00 -5.594714641571044922e+00
5.921505451202392578e+00 -4.818877220153808594e+00 -3.722388505935668945e+00
7.155950069427490234e+00 -4.965836048126220703e+00 -4.056342601776123047e+00
2.443098545074462891e+00 -5.621747493743896484e+00 -8.457021713256835938e+00
8.320013046264648438e+00 -4.980725765228271484e+00 -5.993906974792480469e+00
3.299245595932006836e+00 -5.331216335296630859e+00 -7.113322734832763672e+00
3.712581157684326172e+00 -4.722983360290527344e+00 -7.896866798400878906e+00
6.288238525390625000e+00 -5.073896884918212891e+00 -5.369238376617431641e+00
7.407476902008056641e+00 -4.933162689208984375e+00 -6.320145130157470703e+00
5.877947330474853516e+00 -4.179318428039550781e+00 -7.244789600372314453e+00
7.535062789916992188e+00 -4.034342288970947266e+00 -7.360898017883300781e+00
5.588423728942871094e+00 -3.865288734436035156e+00 -7.624528408050537109e+00
5.158380985260009766e+00 -2.839607954025268555e+00 -8.641082763671875000e+00
5.233340263366699219e+00 -2.080261468887329102e+00 -8.895730972290039062e+00
-3.349462509155273438e+00 -7.970334053039550781e+00 -1.205603981018066406e+01
-3.131220579147338867e+00 -8.215004920959472656e+00 -1.051681613922119141e+01
-3.961347103118896484e+00 -7.543442249298095703e+00 -1.315935420989990234e+01
-1.581836104393005371e+00 -6.563123703002929688e+00 -1.324232482910156250e+01
-3.556664466857910156e+00 -6.334052562713623047e+00 -1.446017646789550781e+01
-3.375300168991088867e+00 -5.280859470367431641e+00 -1.519306087493896484e+01
-6.631245136260986328e+00 -6.537012577056884766e+00 -1.317137241363525391e+01
-7.072057247161865234e+00 -6.212829589843750000e+00 -1.318905162811279297e+01
-7.757845401763916016e+00 -5.232572555541992188e+00 -1.367546558380126953e+01
-5.719727993011474609e+00 -7.132159709930419922e+00 -1.307817363739013672e+01
-8.473426818847656250e+00 -5.365445613861083984e+00 -1.256426048278808594e+01
-7.363640308380126953e+00 -4.565083980560302734e+00 -1.457378005981445312e+01
-4.151398658752441406e+00 -5.534635543823242188e+00 -1.502907752990722656e+01
-5.995883464813232422e+00 -4.381699085235595703e+00 -1.525748729705810547e+01
-2.711474418640136719e+00 -5.387327671051025391e+00 -1.501432037353515625e+01
-2.176955699920654297e+00 -4.295485496520996094e+00 -1.537023258209228516e+01
-3.722843170166015625e+00 -3.716037034988403320e+00 -1.575324535369873047e+01
-2.790303230285644531e+00 -3.187141418457031250e+00 -1.571598720550537109e+01
-4.989822864532470703e+00 -2.649644851684570312e+00 -1.594037151336669922e+01
-3.921101808547973633e+00 -1.504783987998962402e+00 -1.593603229522705078e+01
-9.300864219665527344e+00 -4.441661357879638672e+00 -1.222249126434326172e+01
-8.933853149414062500e+00 -4.001189708709716797e+00 -1.344630432128906250e+01
-9.911138534545898438e+00 -2.863351106643676758e+00 -1.234686851501464844e+01
-1.040198993682861328e+01 -1.439446330070495605e+00 -1.151893043518066406e+01
-8.548911094665527344e+00 -3.349452972412109375e+00 -1.436083221435546875e+01
-7.691791057586669922e+00 -2.966984510421752930e+00 -1.519836330413818359e+01
-9.822684288024902344e+00 -9.251035451889038086e-01 -1.328339576721191406e+01
-9.375908851623535156e+00 -3.272408246994018555e-01 -1.420382308959960938e+01
-8.487486839294433594e+00 -9.509994983673095703e-01 -1.507330131530761719e+01
-7.135573863983154297e+00 1.603957414627075195e-01 -1.576969242095947266e+01
-7.627804756164550781e+00 8.145664334297180176e-01 -1.553570365905761719e+01
-1.521926164627075195e+00 -7.555970191955566406e+00 -6.888397693634033203e+00
-4.210159778594970703e-01 -7.156499862670898438e+00 -8.631596565246582031e+00
7.372039556503295898e-02 -6.569159030914306641e+00 -5.589589595794677734e+00
6.191997528076171875e-01 -6.685851097106933594e+00 -6.756860733032226562e+00
-2.396705001592636108e-01 -6.930740833282470703e+00 -9.610650062561035156e+00
-5.081741139292716980e-02 -5.895380973815917969e+00 -1.240206813812255859e+01
1.352844595909118652e+00 -6.389674663543701172e+00 -6.418348789215087891e+00
2.021150827407836914e+00 -5.952714443206787109e+00 -8.190011024475097656e+00
-7.605879306793212891e-01 -5.087227821350097656e+00 -1.430382633209228516e+01
1.024495720863342285e+00 -4.963354587554931641e+00 -1.243768024444580078e+01
-1.230522632598876953e+00 -3.739832162857055664e+00 -1.520251464843750000e+01
-1.924802660942077637e-01 -3.007516145706176758e+00 -1.485940647125244141e+01
1.960189700126647949e+00 -5.053915977478027344e+00 -1.069704246520996094e+01
-1.087916135787963867e+00 -2.405564546585083008e+00 -1.528160572052001953e+01
-1.307571649551391602e+00 -1.697620391845703125e+00 -1.534097099304199219e+01
2.141513109207153320e+00 -3.536562681198120117e+00 -1.149209785461425781e+01
8.845409154891967773e-01 -1.870307922363281250e+00 -1.348692035675048828e+01
7.970505356788635254e-01 -1.144410371780395508e+00 -1.333434963226318359e+01
-2.606339216232299805e+00 -1.778952956199645996e+00 -1.569963359832763672e+01
-2.676797151565551758e+00 -8.099872469902038574e-01 -1.564062118530273438e+01
-5.084934711456298828e+00 4.539934694766998291e-01 -1.588824653625488281e+01
-2.887047290802001953e+00 1.007046461105346680e+00 -1.536603832244873047e+01
-2.164363145828247070e+00 1.174911975860595703e+00 -1.512441444396972656e+01
-4.973415136337280273e-01 1.150292277336120605e+00 -1.389052486419677734e+01
-2.882298707962036133e+00 2.080149888992309570e+00 -1.503494930267333984e+01
-2.465924501419067383e+00 2.789212942123413086e+00 -1.464650058746337891e+01
2.703808546066284180e+00 -3.968162775039672852e+00 -1.033697509765625000e+01
3.520697116851806641e+00 -2.609788417816162109e+00 -1.011134243011474609e+01
3.012919425964355469e+00 -1.847241044044494629e+00 -1.085288810729980469e+01
9.652977585792541504e-01 -2.807647883892059326e-01 -1.281408309936523438e+01
1.484075546264648438e+00 7.820929400622844696e-03 -1.211126804351806641e+01
2.350254535675048828e+00 -2.165870666503906250e-01 -1.122782707214355469e+01
1.082156538963317871e+00 4.182797670364379883e-01 -1.233685016632080078e+01
-1.051276111602783203e+01 -9.677080512046813965e-01 -1.099250507354736328e+01
-9.967991828918457031e+00 6.855472326278686523e-01 -1.292128467559814453e+01
-1.030393695831298828e+01 -1.582176610827445984e-02 -1.048553848266601562e+01
-1.007312679290771484e+01 -1.185325905680656433e-01 -9.023294448852539062e+00
-9.726341247558593750e+00 5.444772243499755859e-01 -1.002614402770996094e+01
-9.964504241943359375e+00 9.233759641647338867e-01 -1.155110454559326172e+01
-9.434230804443359375e+00 2.033138751983642578e+00 -1.278400325775146484e+01
-8.820753097534179688e+00 1.398940563201904297e+00 -9.341501235961914062e+00
-8.417267799377441406e+00 2.399170398712158203e+00 -1.037503528594970703e+01
-8.198448181152343750e+00 1.159462928771972656e+00 -6.069658279418945312e+00
-7.961579322814941406e+00 1.597500085830688477e+00 -7.149931907653808594e+00
-8.283525466918945312e+00 1.884903907775878906e+00 -8.736251831054687500e+00
-7.900271892547607422e+00 2.550847053527832031e+00 -9.731839179992675781e+00
-6.297471523284912109e+00 2.699746847152709961e+00 -7.678599357604980469e+00
-6.214013099670410156e+00 3.010981798171997070e+00 -8.161602020263671875e+00
-8.635632514953613281e+00 2.202278137207031250e+00 -1.429164600372314453e+01
-8.036957740783691406e+00 2.230469942092895508e+00 -1.473191356658935547e+01
-7.636795997619628906e+00 3.440442085266113281e+00 -1.351341056823730469e+01
-6.655608654022216797e+00 4.264338970184326172e+00 -1.313844299316406250e+01
-6.100075721740722656e+00 1.895160794258117676e+00 -1.547712421417236328e+01
-5.844688415527343750e+00 2.185366153717041016e+00 -1.532804107666015625e+01
-5.170425415039062500e+00 3.968533277511596680e+00 -1.412279033660888672e+01
-4.614842414855957031e+00 3.960704088211059570e+00 -1.424950504302978516e+01
-5.867943763732910156e+00 3.772720098495483398e+00 -1.412731170654296875e+01
-8.273802757263183594e+00 3.283111333847045898e+00 -1.224769306182861328e+01
-6.243015289306640625e+00 4.415190696716308594e+00 -1.238226127624511719e+01
-5.555752754211425781e+00 4.383545875549316406e+00 -1.074435043334960938e+01
-3.388788223266601562e+00 4.233924388885498047e+00 -1.348892784118652344e+01
-3.170305013656616211e+00 4.296837329864501953e+00 -1.287164974212646484e+01
-5.219838142395019531e+00 4.435887813568115234e+00 -1.222061729431152344e+01
-4.468486785888671875e+00 4.636567592620849609e+00 -1.232709121704101562e+01
-3.216355085372924805e+00 4.688016414642333984e+00 -1.144400310516357422e+01
-4.958275794982910156e+00 4.789171218872070312e+00 -1.084898471832275391e+01
-3.795544862747192383e+00 4.894639015197753906e+00 -1.117207527160644531e+01
-6.639949798583984375e+00 3.684615850448608398e+00 -1.050236320495605469e+01
-5.931241512298583984e+00 3.625812530517578125e+00 -9.034860610961914062e+00
3.060813188552856445e+00 -1.869675368070602417e-01 -1.030343437194824219e+01
-1.376381516456604004e-01 1.530112028121948242e+00 -1.287834548950195312e+01
-2.113938570022583008e+00 3.222258090972900391e+00 -1.359576225280761719e+01
9.968239068984985352e-01 8.031867146492004395e-01 -1.168949985504150391e+01
-1.053159952163696289e+00 2.885920047760009766e+00 -1.233912372589111328e+01
-2.713552951812744141e+00 3.846779584884643555e+00 -1.327134227752685547e+01
-1.649160504341125488e+00 3.648904800415039062e+00 -1.187614154815673828e+01
1.142610168457031250e+01 -6.516659736633300781e+00 -3.337006092071533203e+00
1.331053256988525391e+01 -6.696693897247314453e+00 -1.667304754257202148e+00
1.116747665405273438e+01 -6.440408706665039062e+00 -8.075723648071289062e-01
1.097045135498046875e+01 -6.459261417388916016e+00 -2.561778783798217773e+00
1.434008121490478516e+01 -6.952976703643798828e+00 -4.973188400268554688e+00
1.197818088531494141e+01 -6.582951545715332031e+00 -3.937408447265625000e+00
1.268741130828857422e+01 -6.567967891693115234e+00 -5.431694984436035156e+00
1.313673877716064453e+01 -6.873805522918701172e+00 -3.618131637573242188e+00
1.561017036437988281e+01 -7.032756805419921875e+00 -3.539571285247802734e+00
1.605029106140136719e+01 -5.969640731811523438e+00 -4.123605728149414062e+00
1.622701072692871094e+01 -6.497231006622314453e+00 -1.104113817214965820e+00
1.635258865356445312e+01 -5.710003852844238281e+00 -1.988190412521362305e+00
1.455921459197998047e+01 -6.572179317474365234e+00 1.194660365581512451e-01
1.479698276519775391e+01 -6.947959423065185547e+00 -1.489540576934814453e+00
1.534811782836914062e+01 -6.227131366729736328e+00 1.049058914184570312e+00
1.475006771087646484e+01 -4.092297077178955078e+00 2.074629783630371094e+00
1.511303520202636719e+01 -4.222176074981689453e+00 9.641985893249511719e-01
1.429287624359130859e+01 -3.379496574401855469e+00 1.116851210594177246e+00
1.578392219543457031e+01 -4.932555198669433594e+00 -3.291474580764770508e+00
1.520867252349853516e+01 -4.073733806610107422e+00 -2.510293483734130859e+00
1.519332408905029297e+01 -3.982265949249267578e+00 -9.480009078979492188e-01
1.494776725769042969e+01 -3.650225162506103516e+00 -1.449076771736145020e+00
1.430406379699707031e+01 -2.886938095092773438e+00 -8.162235021591186523e-01
1.379803180694580078e+01 -6.740047931671142578e+00 -6.197074413299560547e+00
1.523965930938720703e+01 -5.948579788208007812e+00 -6.493625640869140625e+00
1.235783958435058594e+01 -6.442098617553710938e+00 -6.620179176330566406e+00
1.290152359008789062e+01 -5.907127380371093750e+00 -7.403880119323730469e+00
1.591949558258056641e+01 -5.858959674835205078e+00 -5.584514617919921875e+00
1.559498023986816406e+01 -5.096239089965820312e+00 -5.873898029327392578e+00
1.501804637908935547e+01 -4.434237480163574219e+00 -5.476461410522460938e+00
1.324637317657470703e+01 -5.514932632446289062e+00 -7.259234905242919922e+00
1.261821365356445312e+01 -4.960484027862548828e+00 -6.574089050292968750e+00
1.347897529602050781e+01 -4.479831218719482422e+00 -6.048478603363037109e+00
1.360264682769775391e+01 -3.395968914031982422e+00 -4.889265060424804688e+00
1.497242546081542969e+01 -3.753541231155395508e+00 -2.752967119216918945e+00
1.490145015716552734e+01 -3.767414331436157227e+00 -4.437119960784912109e+00
1.434823703765869141e+01 -2.925394773483276367e+00 -3.687247037887573242e+00
1.015527915954589844e+01 -5.994318962097167969e+00 -2.713186740875244141e+00
6.988175868988037109e+00 -4.754712581634521484e+00 -2.352246522903442383e+00
7.275939464569091797e+00 -4.824933528900146484e+00 -1.922921299934387207e+00
6.840217113494873047e+00 -4.698239326477050781e+00 -2.917192459106445312e+00
1.047505187988281250e+01 -6.282428264617919922e+00 -2.308773517608642578e+00
9.007712364196777344e+00 -5.518238067626953125e+00 -1.913900017738342285e+00
7.947134494781494141e+00 -5.086963176727294922e+00 -1.550520777702331543e+00
9.590441703796386719e+00 -5.524402141571044922e+00 -3.407316923141479492e+00
9.946728706359863281e+00 -5.537622928619384766e+00 -4.633226871490478516e+00
8.326120376586914062e+00 -4.984624385833740234e+00 -3.938765764236450195e+00
1.352765369415283203e+01 -2.207091093063354492e+00 3.954736888408660889e-02
1.217455768585205078e+01 -8.620667457580566406e-01 -9.699881672859191895e-01
1.095492362976074219e+01 -5.951851844787597656e+00 -5.461026191711425781e+00
1.102036571502685547e+01 -5.411739349365234375e+00 -5.997120857238769531e+00
9.591581344604492188e+00 -5.063670635223388672e+00 -5.173876762390136719e+00
1.171234798431396484e+01 -4.692373275756835938e+00 -6.138362407684326172e+00
9.181400299072265625e+00 -4.312685489654541016e+00 -6.394607543945312500e+00
1.040013504028320312e+01 -3.533533811569213867e+00 -5.842851638793945312e+00
1.246580028533935547e+01 -3.685495615005493164e+00 -5.413292407989501953e+00
1.064877128601074219e+01 -3.189717769622802734e+00 -5.641373634338378906e+00
1.067367649078369141e+01 -2.262990474700927734e+00 -5.227301597595214844e+00
8.544371604919433594e+00 -3.678189516067504883e+00 -7.015897274017333984e+00
9.053632736206054688e+00 -3.075573682785034180e+00 -6.550936222076416016e+00
8.056068420410156250e+00 -2.028991222381591797e+00 -6.896859645843505859e+00
1.041047191619873047e+01 -1.596819400787353516e+00 -5.090798854827880859e+00
8.260690689086914062e+00 -1.700871467590332031e+00 -6.630263805389404297e+00
8.754503250122070312e+00 -4.778008162975311279e-01 -5.833555221557617188e+00
7.285094261169433594e+00 -1.600554734468460083e-01 -6.912255287170410156e+00
1.325749206542968750e+01 -2.149646759033203125e+00 -3.997454643249511719e+00
1.343616008758544922e+01 -1.698297858238220215e+00 -1.870390653610229492e+00
1.320984363555908203e+01 -1.332693815231323242e+00 -3.094918251037597656e+00
1.238168239593505859e+01 -4.648874402046203613e-01 -2.176270008087158203e+00
1.204394149780273438e+01 -1.421767920255661011e-01 -2.791523694992065430e+00
1.240620422363281250e+01 -1.928015947341918945e+00 -4.311292171478271484e+00
1.121187782287597656e+01 -1.235309362411499023e+00 -4.449668407440185547e+00
1.149552726745605469e+01 -5.812315940856933594e-01 -3.828157424926757812e+00
1.015658950805664062e+01 1.523283481597900391e+00 -1.705994367599487305e+00
9.281955718994140625e+00 2.346153497695922852e+00 -2.855961084365844727e+00
9.328399658203125000e+00 2.288854837417602539e+00 -3.334043979644775391e+00
8.565527915954589844e+00 2.907337188720703125e+00 -2.348160982131958008e+00
1.021823787689208984e+01 -9.105005264282226562e-01 -4.984624385833740234e+00
1.065615367889404297e+01 2.956346571445465088e-01 -4.102681636810302734e+00
8.372294425964355469e+00 1.331728696823120117e-01 -5.851820468902587891e+00
7.020410060882568359e+00 9.888185262680053711e-01 -6.425268650054931641e+00
1.379121875762939453e+01 -3.470840215682983398e+00 2.673301458358764648e+00
1.235822868347167969e+01 -2.515978813171386719e+00 2.964777231216430664e+00
1.116328907012939453e+01 -9.295836091041564941e-01 1.501916646957397461e+00
1.140285587310791016e+01 -6.618070602416992188e-01 3.492374718189239502e-01
9.825039863586425781e+00 -5.838702321052551270e-01 3.223757982254028320e+00
8.777315139770507812e+00 8.504936695098876953e-01 2.705548048019409180e+00
9.333491325378417969e+00 5.486035346984863281e-01 2.156347751617431641e+00
7.263734340667724609e+00 1.904795765876770020e+00 3.049816608428955078e+00
7.132740974426269531e+00 2.632526874542236328e+00 1.898219585418701172e+00
9.773889541625976562e+00 8.706783056259155273e-01 4.148137867450714111e-01
1.001962852478027344e+01 1.274567842483520508e+00 -9.397055506706237793e-01
7.976533889770507812e+00 2.598040819168090820e+00 4.703814983367919922e-01
3.353100061416625977e+00 4.274728298187255859e+00 -3.407852351665496826e-01
6.216433048248291016e+00 3.539480447769165039e+00 3.072266280651092529e-01
5.480981826782226562e+00 4.035595417022705078e+00 -2.217347383499145508e+00
3.675037384033203125e+00 4.389646530151367188e+00 -6.768729686737060547e-01
2.850712060928344727e+00 3.825524091720581055e+00 -2.453385353088378906e+00
2.963312387466430664e+00 3.519031286239624023e+00 -3.326134920120239258e+00
-9.872542023658752441e-01 3.797930717468261719e+00 -7.634825706481933594e-01
2.151192903518676758e+00 3.153030633926391602e+00 -4.384344577789306641e+00
1.173366978764533997e-02 4.167945861816406250e+00 -3.142496585845947266e+00
3.091997504234313965e-01 3.716728925704956055e+00 -4.697592258453369141e+00
2.382258415222167969e+00 3.810945272445678711e+00 -2.564075946807861328e+00
5.105316162109375000e+00 -8.699895143508911133e-01 -8.893699645996093750e+00
2.948101043701171875e+00 3.150576949119567871e-01 -9.607887268066406250e+00
5.070110797882080078e+00 5.160732865333557129e-01 -8.113875389099121094e+00
3.648778915405273438e+00 5.720988512039184570e-01 -8.969173431396484375e+00
2.527819395065307617e+00 5.072238445281982422e-01 -9.801112174987792969e+00
1.548084497451782227e+00 1.853005051612854004e+00 -9.911592483520507812e+00
3.316251635551452637e-01 3.153024435043334961e+00 -9.156553268432617188e+00
1.124537289142608643e-01 3.005086421966552734e+00 -1.045729255676269531e+01
5.660221099853515625e+00 2.816719770431518555e+00 -4.856452941894531250e+00
6.167253017425537109e+00 1.894373893737792969e+00 -6.089126110076904297e+00
4.705815792083740234e+00 2.702778816223144531e+00 -5.246137619018554688e+00
4.804870605468750000e+00 2.399770975112915039e+00 -5.960278511047363281e+00
6.610483169555664062e+00 3.740258455276489258e+00 -2.710883617401123047e+00
6.590969562530517578e+00 1.290639638900756836e+00 -6.427093982696533203e+00
5.720958709716796875e+00 1.680676698684692383e+00 -6.603892803192138672e+00
4.868851184844970703e+00 1.793670654296875000e+00 -7.038792610168457031e+00
2.740679979324340820e+00 2.861446857452392578e+00 -5.060640335083007812e+00
2.821133136749267578e+00 2.098556995391845703e+00 -7.358937740325927734e+00
2.031383514404296875e+00 2.335525035858154297e+00 -6.810387611389160156e+00
9.703227877616882324e-02 3.307785987854003906e+00 -6.269781112670898438e+00
2.729972302913665771e-01 2.963366031646728516e+00 -7.756983280181884766e+00
3.035914301872253418e-01 3.034695386886596680e+00 -8.136512756347656250e+00
-3.296847105026245117e+00 3.403678655624389648e+00 -2.583763837814331055e+00
-5.633585453033447266e+00 3.069053649902343750e+00 -7.730877399444580078e+00
-4.809630870819091797e+00 3.489100933074951172e+00 -7.634364604949951172e+00
-4.258996009826660156e+00 3.355533123016357422e+00 -6.673417568206787109e+00
-2.167001008987426758e+00 3.290134906768798828e+00 -2.293402552604675293e-01
-1.889647841453552246e+00 3.758046865463256836e+00 -1.353471040725708008e+00
-1.527531266212463379e+00 4.103620529174804688e+00 -2.467431068420410156e+00
-1.353019356727600098e+00 4.400505065917968750e+00 -3.693069219589233398e+00
-1.181524634361267090e+00 4.407721042633056641e+00 -4.987039566040039062e+00
-4.800982475280761719e+00 4.085204601287841797e+00 -8.504207611083984375e+00
-4.505268096923828125e+00 4.561585903167724609e+00 -9.024387359619140625e+00
-1.981121182441711426e+00 4.466531276702880859e+00 -7.510385513305664062e+00
-3.350374221801757812e+00 4.463859558105468750e+00 -8.330822944641113281e+00
-1.540775299072265625e+00 3.656757116317749023e+00 -1.119885540008544922e+01
-1.228386163711547852e+00 3.510986328125000000e+00 -1.106310558319091797e+01
-3.828009605407714844e+00 4.857914447784423828e+00 -1.070495986938476562e+01
-2.047840833663940430e+00 4.185297966003417969e+00 -9.850004196166992188e+00
-3.114127218723297119e-01 3.484131097793579102e+00 -9.965584754943847656e+00
-2.159527301788330078e+00 4.563869953155517578e+00 -6.119726181030273438e+00
5.282241344451904297e+00 3.209765195846557617e+00 2.420118093490600586e+00
6.044675350189208984e+00 3.153270959854125977e+00 1.847128748893737793e+00
1.968338251113891602e+00 7.082716822624206543e-01 -1.028721904754638672e+01
-5.162402391433715820e-01 2.798517942428588867e+00 -1.161504554748535156e+01
4.423362910747528076e-01 2.528017282485961914e+00 -1.076868915557861328e+01
