1.561766624450683594e+00 -4.938664436340332031e+00 -2.711223125457763672e+00
2.278538703918457031e+00 -4.790638446807861328e+00 -1.918712854385375977e+00
1.516240596771240234e+00 -4.795800685882568359e+00 -2.305173635482788086e+00
-5.068868637084960938e+00 -8.108720779418945312e+00 -7.821987152099609375e+00
-4.999298095703125000e+00 -8.062268257141113281e+00 -1.156747627258300781e+01
-4.184978961944580078e+00 -8.321185111999511719e+00 -9.419344902038574219e+00
-7.270924568176269531e+00 -7.468537330627441406e+00 -7.058918952941894531e+00
-7.775012016296386719e+00 -7.350767612457275391e+00 -7.967202186584472656e+00
-5.692252159118652344e+00 -8.129266738891601562e+00 -9.823304176330566406e+00
-6.220630168914794922e+00 -7.997678756713867188e+00 -9.061289787292480469e+00
-6.480357170104980469e+00 -7.345839500427246094e+00 -1.205420112609863281e+01
-8.410608291625976562e+00 -6.367182254791259766e+00 -1.057611751556396484e+01
-8.333014488220214844e+00 -6.190527915954589844e+00 -1.129451465606689453e+01
-9.642270088195800781e+00 -5.266764640808105469e+00 -8.363053321838378906e+00
-1.005069541931152344e+01 -4.324859142303466797e+00 -8.716028213500976562e+00
-9.587141990661621094e+00 -4.643763542175292969e+00 -1.086806488037109375e+01
-8.220064163208007812e+00 -6.690490722656250000e+00 -5.445555210113525391e+00
-9.067448616027832031e+00 -6.091749668121337891e+00 -4.930337905883789062e+00
-7.968138694763183594e+00 -5.745347976684570312e+00 -3.404752254486083984e+00
-8.497004508972167969e+00 -5.228712081909179688e+00 -2.226284503936767578e+00
-6.958284378051757812e+00 -5.440484523773193359e+00 -3.112392187118530273e+00
-2.593596935272216797e+00 -5.032378673553466797e+00 -1.547607779502868652e+00
-3.374030351638793945e+00 -4.882758140563964844e+00 -5.827735662460327148e-01
-1.440930128097534180e+00 -4.996442794799804688e+00 -2.367261052131652832e-01
-7.379636764526367188e+00 -3.213378906250000000e+00 2.312059402465820312e+00
-5.355775356292724609e+00 -3.513049602508544922e+00 1.278855919837951660e+00
-3.860181570053100586e+00 -5.068675041198730469e+00 -2.136510610580444336e+00
-7.304450511932373047e+00 -4.796702861785888672e+00 -1.626684546470642090e+00
-6.307581901550292969e+00 -5.167063713073730469e+00 -2.786469697952270508e+00
-3.739040851593017578e+00 -4.414815902709960938e+00 1.341511458158493042e-01
-4.768115043640136719e+00 -7.279110908508300781e+00 -5.294483661651611328e+00
-4.545427322387695312e+00 -6.498394489288330078e+00 -4.090725421905517578e+00
-2.280393123626708984e+00 -7.655979633331298828e+00 -6.416917324066162109e+00
-2.884734392166137695e+00 -7.168343544006347656e+00 -5.066706180572509766e+00
-2.214512348175048828e+00 -7.178267002105712891e+00 -5.298647403717041016e+00
-1.356298089027404785e+00 -6.803113460540771484e+00 -5.043435573577880859e+00
-2.779686689376831055e+00 -6.777740001678466797e+00 -4.439269542694091797e+00
-5.267623901367187500e+00 -6.850613594055175781e+00 -4.678641319274902344e+00
-6.153889656066894531e+00 -7.666820049285888672e+00 -6.741806983947753906e+00
-8.704609870910644531e+00 -6.650940418243408203e+00 -6.454846382141113281e+00
-1.416806578636169434e+00 -4.984201908111572266e+00 -1.834701418876647949e+00
-9.342224001884460449e-01 -5.046252727508544922e+00 -2.275208950042724609e+00
-2.241173744201660156e+00 -5.126737117767333984e+00 -2.022363424301147461e+00
-3.507444560527801514e-01 -5.092306613922119141e+00 -1.196065902709960938e+00
6.338723897933959961e-01 -4.625966548919677734e+00 -1.595520973205566406e+00
-8.143690228462219238e-01 -5.406167030334472656e+00 -3.019635915756225586e+00
-7.915699854493141174e-03 -5.502766609191894531e+00 -3.344142913818359375e+00
6.083553433418273926e-01 -4.770677566528320312e+00 -2.123310327529907227e+00
-9.515503883361816406e+00 -4.813569545745849609e+00 -2.044786453247070312e+00
-9.939891815185546875e+00 -4.890687942504882812e+00 -4.680170536041259766e+00
-9.351786613464355469e+00 -5.581271648406982422e+00 -3.831289052963256836e+00
-1.019571208953857422e+01 -3.759565353393554688e+00 -3.288124799728393555e+00
-1.031911849975585938e+01 -3.585766553878784180e+00 -4.715756416320800781e+00
-9.120090484619140625e+00 -4.087627410888671875e+00 3.093617856502532959e-01
-9.780933380126953125e+00 -4.174105644226074219e+00 -1.408406257629394531e+00
-9.820383071899414062e+00 -3.231701850891113281e+00 -2.797079980373382568e-01
-9.599266052246093750e+00 -2.927295207977294922e+00 9.027510285377502441e-01
-9.113246917724609375e+00 -2.722808837890625000e+00 2.167619943618774414e+00
-9.279040336608886719e+00 -1.630331039428710938e+00 1.269747376441955566e+00
-1.017275810241699219e+01 -2.694763422012329102e+00 -2.523556947708129883e+00
-1.009724330902099609e+01 -1.608888268470764160e+00 -2.652442932128906250e+00
-9.464798927307128906e+00 -1.293460845947265625e+00 -8.877775669097900391e-01
-7.937420368194580078e+00 -4.178497791290283203e-01 -6.459237933158874512e-01
-1.006280803680419922e+01 -4.635236740112304688e+00 -5.545594692230224609e+00
-1.034746932983398438e+01 -3.652181148529052734e+00 -5.424895763397216797e+00
-1.053356647491455078e+01 -2.257911682128906250e+00 -5.301394939422607422e+00
-1.059115123748779297e+01 -2.099333763122558594e+00 -5.871662139892578125e+00
-1.008395862579345703e+01 -6.576066613197326660e-01 -5.353298187255859375e+00
-1.059010505676269531e+01 -2.843445062637329102e+00 -7.961494922637939453e+00
-1.071215629577636719e+01 -1.947772026062011719e+00 -8.886857032775878906e+00
-1.060293483734130859e+01 -8.126710653305053711e-01 -8.515887260437011719e+00
-9.953523635864257812e+00 -3.318769931793212891e-01 -6.705317974090576172e+00
-8.383176803588867188e+00 -2.022353857755661011e-01 -2.253319978713989258e+00
-6.926089286804199219e+00 1.700657367706298828e+00 -3.687380313873291016e+00
-9.018056869506835938e+00 3.856727480888366699e-01 -6.202321052551269531e+00
-7.576009273529052734e+00 1.437300682067871094e+00 -4.988562583923339844e+00
1.318484306335449219e+01 -5.777887344360351562e+00 4.769315242767333984e+00
1.353865242004394531e+01 -6.269172668457031250e+00 8.532668352127075195e-01
1.301983833312988281e+01 -6.134043216705322266e+00 1.561578035354614258e+00
1.489145374298095703e+01 -5.997130870819091797e+00 2.050416469573974609e+00
1.470184898376464844e+01 -5.173372268676757812e+00 3.221050500869750977e+00
1.193325805664062500e+01 -5.900237560272216797e+00 2.894485235214233398e+00
4.377802371978759766e+00 -1.322025775909423828e+00 5.066284179687500000e+00
5.213341712951660156e+00 -1.072994947433471680e+00 6.229233741760253906e+00
6.648198127746582031e+00 -4.878738880157470703e+00 -1.643169283866882324e+00
8.908508300781250000e+00 -6.298446655273437500e+00 -1.198419570922851562e+00
8.122871398925781250e+00 -6.210168361663818359e+00 -1.041864752769470215e+00
7.450185775756835938e+00 -6.278000354766845703e+00 -4.566997587680816650e-01
2.553404808044433594e+00 -5.429749488830566406e+00 4.098908603191375732e-01
4.295325756072998047e+00 -4.723988056182861328e+00 -1.486294984817504883e+00
5.166445255279541016e+00 -5.123295783996582031e+00 -1.151774644851684570e+00
2.309400558471679688e+00 -4.299509048461914062e+00 -1.255608081817626953e+00
4.115836620330810547e+00 -4.751845359802246094e+00 -1.268593668937683105e+00
5.108367919921875000e+00 -5.583612442016601562e+00 2.358801960945129395e-01
5.805559635162353516e+00 -6.000931739807128906e+00 -5.802406072616577148e-01
3.096743583679199219e+00 -5.506515502929687500e+00 -5.788589715957641602e-01
9.437546730041503906e+00 -5.297709465026855469e+00 3.233711242675781250e+00
9.913636207580566406e+00 -5.222861766815185547e+00 5.345023632049560547e+00
9.887976646423339844e+00 -5.184427738189697266e+00 4.535396575927734375e+00
8.625857353210449219e+00 -4.394521236419677734e+00 5.827915191650390625e+00
8.918156623840332031e+00 -5.043825626373291016e+00 3.297105073928833008e+00
9.019303321838378906e+00 -5.952198982238769531e+00 1.503235936164855957e+00
8.681660652160644531e+00 -6.109385967254638672e+00 9.886898398399353027e-01
5.519623756408691406e+00 -1.462039232254028320e+00 4.245011329650878906e+00
6.174076557159423828e+00 -3.720799446105957031e+00 2.469619274139404297e+00
5.596297740936279297e+00 -3.981896400451660156e+00 1.909951210021972656e+00
4.524573326110839844e+00 -1.925435066223144531e+00 3.145837068557739258e+00
4.614593982696533203e+00 -1.572840929031372070e+00 3.845898628234863281e+00
6.900197029113769531e+00 -2.581388235092163086e+00 4.530737876892089844e+00
6.636393070220947266e+00 -2.198104143142700195e+00 5.825387954711914062e+00
6.543910026550292969e+00 -5.474259376525878906e+00 9.725307822227478027e-01
1.200987434387207031e+01 -4.631481170654296875e+00 6.299504280090332031e+00
1.370998477935791016e+01 -4.783676147460937500e+00 4.760833263397216797e+00
1.253253269195556641e+01 -3.614910125732421875e+00 5.136169910430908203e+00
1.342092227935791016e+01 -3.477920532226562500e+00 3.388270854949951172e+00
7.674831390380859375e+00 -3.321012258529663086e+00 7.314940929412841797e+00
7.252734661102294922e+00 -2.798731803894042969e+00 7.020524024963378906e+00
4.159894466400146484e+00 -6.424237489700317383e-01 6.943335056304931641e+00
9.535885810852050781e+00 -4.710221290588378906e+00 7.568310737609863281e+00
1.027565574645996094e+01 -3.312629461288452148e+00 7.136802673339843750e+00
1.064440536499023438e+01 -2.777708768844604492e+00 5.938416481018066406e+00
8.556036949157714844e+00 -1.895324707031250000e+00 6.812213420867919922e+00
8.939055442810058594e+00 -1.459999918937683105e+00 5.742625236511230469e+00
1.100933933258056641e+01 -2.442778825759887695e+00 4.809113979339599609e+00
1.136925315856933594e+01 -2.114229440689086914e+00 3.720366001129150391e+00
6.526698112487792969e+00 -1.738365650177001953e+00 6.621113300323486328e+00
7.668132781982421875e+00 -1.276824593544006348e+00 6.560529708862304688e+00
6.983646869659423828e+00 -2.072940468788146973e-01 5.985109329223632812e+00
6.222055912017822266e+00 -4.354243278503417969e-01 6.246722698211669922e+00
5.655337333679199219e+00 7.643132209777832031e-01 5.730651855468750000e+00
8.041082382202148438e+00 6.256154179573059082e-02 4.702285766601562500e+00
5.740850448608398438e+00 1.964103221893310547e+00 4.312352180480957031e+00
6.120161533355712891e+00 2.062497377395629883e+00 3.815684318542480469e+00
-2.135485649108886719e+00 -2.802592277526855469e+00 3.779316663742065430e+00
-1.524272918701171875e+00 -3.804492473602294922e+00 1.667726635932922363e+00
-1.477539658546447754e+00 -4.653064250946044922e+00 3.922940492630004883e-01
-1.620737791061401367e+00 -2.870094060897827148e+00 3.503179550170898438e+00
-2.492049336433410645e-01 -2.667114019393920898e+00 2.382689952850341797e+00
-5.072118759155273438e+00 -3.477912902832031250e+00 1.471036791801452637e+00
-4.360009193420410156e+00 -3.316646337509155273e+00 2.205775499343872070e+00
-5.806003093719482422e+00 -2.599131584167480469e+00 3.394730091094970703e+00
-5.279468536376953125e+00 -3.019360780715942383e+00 2.538551092147827148e+00
-4.096583843231201172e+00 -2.829184532165527344e+00 3.384737253189086914e+00
-2.760864496231079102e+00 -1.623686671257019043e+00 4.883917808532714844e+00
-5.654975414276123047e+00 -1.270333051681518555e+00 4.709492206573486328e+00
-5.351263999938964844e+00 -7.400292158126831055e-01 4.910316944122314453e+00
2.512981891632080078e+00 -1.774005532264709473e+00 3.714980602264404297e+00
1.359705686569213867e+00 -9.260183572769165039e-01 4.162591457366943359e+00
-6.732983142137527466e-02 -1.201408624649047852e+00 3.668524742126464844e+00
1.077764630317687988e+00 -3.555988073348999023e-01 4.694571018218994141e+00
2.466396331787109375e+00 -1.151393175125122070e+00 5.350815296173095703e+00
3.444996118545532227e+00 -7.243831157684326172e-01 6.728476047515869141e+00
1.098552107810974121e+00 7.253116965293884277e-01 5.416669368743896484e+00
-3.227213621139526367e+00 -1.393874287605285645e+00 5.013810157775878906e+00
-4.245707035064697266e+00 2.964529097080230713e-01 5.011120796203613281e+00
-2.752051830291748047e+00 5.604032874107360840e-01 5.136611461639404297e+00
-1.171759366989135742e+00 1.609833717346191406e+00 4.409252643585205078e+00
-3.888520002365112305e+00 1.018022060394287109e+00 4.049205303192138672e+00
-3.823813915252685547e+00 1.421013355255126953e+00 2.890543222427368164e+00
-1.794055253267288208e-01 -5.104756832122802734e+00 -7.912844419479370117e-02
2.965528964996337891e-01 -4.964053153991699219e+00 -1.136854887008666992e-01
8.146616816520690918e-01 -4.974513053894042969e+00 3.660884499549865723e-02
1.642205715179443359e+00 -3.814450502395629883e+00 1.426488637924194336e+00
1.480962395668029785e+00 -5.008883953094482422e+00 5.837737917900085449e-01
1.628501057624816895e+00 -3.774950265884399414e+00 -1.357436537742614746e+00
1.879108905792236328e+00 -2.648648262023925781e+00 2.374778270721435547e+00
2.267679214477539062e+00 1.393628597259521484e+00 5.605800628662109375e+00
2.864728927612304688e+00 2.396271944046020508e+00 4.269262790679931641e+00
2.602145910263061523e+00 2.934293031692504883e+00 3.036030054092407227e+00
-8.642376065254211426e-01 2.476014137268066406e+00 2.621386289596557617e+00
-6.673737168312072754e-01 1.938285946846008301e+00 4.186360359191894531e+00
5.683100223541259766e-01 2.536492586135864258e+00 3.254331827163696289e+00
-1.729521751403808594e+00 3.174098730087280273e+00 1.092406138777732849e-01
-7.586316585540771484e+00 -2.461054325103759766e+00 3.555604934692382812e+00
-7.329125404357910156e+00 -1.425913691520690918e+00 4.217832088470458984e+00
-7.960997581481933594e+00 -8.149085044860839844e-01 2.907596111297607422e+00
-6.812249660491943359e+00 -1.162982821464538574e+00 4.463411808013916016e+00
-7.016477584838867188e+00 -3.687874078750610352e-01 3.060467958450317383e+00
-6.420170783996582031e+00 1.883287131786346436e-01 1.420854687690734863e+00
-6.219380855560302734e+00 1.384898126125335693e-01 2.391746044158935547e+00
-6.924511909484863281e+00 2.274632751941680908e-01 -8.146246671676635742e-01
-3.744589567184448242e+00 1.649173140525817871e+00 1.846947550773620605e+00
-5.362046718597412109e+00 2.013437986373901367e+00 -1.993362545967102051e+00
-3.646125793457031250e+00 3.029775619506835938e+00 -1.670493245124816895e+00
3.329618930816650391e+00 5.453275442123413086e-01 6.539790153503417969e+00
2.957895755767822266e+00 1.640305519104003906e+00 5.426125049591064453e+00
3.813048124313354492e+00 1.990685343742370605e+00 4.878933906555175781e+00
4.522006034851074219e+00 2.567015171051025391e+00 3.832833766937255859e+00
3.875463962554931641e+00 3.118953943252563477e+00 3.003960609436035156e+00
7.759449958801269531e+00 -4.942156314849853516e+00 -3.935058355331420898e+00
2.377724170684814453e+00 -5.082466125488281250e+00 -3.048888683319091797e+00
5.495136737823486328e+00 -4.759826660156250000e+00 -2.507791996002197266e+00
6.320288658142089844e+00 -4.715422153472900391e+00 -2.951061487197875977e+00
3.033736705780029297e+00 -5.024053573608398438e+00 -2.927446365356445312e+00
2.090799331665039062e+00 -5.935240268707275391e+00 -5.248615741729736328e+00
2.626283645629882812e+00 -5.810880661010742188e+00 -6.250272750854492188e+00
3.889824628829956055e+00 -5.145940780639648438e+00 -5.593442916870117188e+00
5.922640800476074219e+00 -4.835376739501953125e+00 -3.717959880828857422e+00
7.157030105590820312e+00 -4.991671085357666016e+00 -4.048663139343261719e+00
2.443382740020751953e+00 -5.623003005981445312e+00 -8.456563949584960938e+00
8.320633888244628906e+00 -5.002553939819335938e+00 -5.983778953552246094e+00
3.300199031829833984e+00 -5.334715843200683594e+00 -7.112712383270263672e+00
3.713657855987548828e+00 -4.726512908935546875e+00 -7.896303653717041016e+00
6.289333343505859375e+00 -5.085868835449218750e+00 -5.365561962127685547e+00
7.408771514892578125e+00 -4.946214199066162109e+00 -6.314402103424072266e+00
5.879310131072998047e+00 -4.190189838409423828e+00 -7.241497039794921875e+00
7.537072181701660156e+00 -4.045419692993164062e+00 -7.353873729705810547e+00
5.590554714202880859e+00 -3.871843338012695312e+00 -7.623036861419677734e+00
5.161201000213623047e+00 -2.845141649246215820e+00 -8.640907287597656250e+00
5.235085010528564453e+00 -2.085098028182983398e+00 -8.896123886108398438e+00
-3.349388122558593750e+00 -7.970875740051269531e+00 -1.205559062957763672e+01
-3.131252527236938477e+00 -8.215083122253417969e+00 -1.051643848419189453e+01
-3.961390495300292969e+00 -7.544438362121582031e+00 -1.315889644622802734e+01
-1.581844449043273926e+00 -6.563749790191650391e+00 -1.324213600158691406e+01
-3.556904792785644531e+00 -6.335349082946777344e+00 -1.445983123779296875e+01
-3.375077247619628906e+00 -5.282568454742431641e+00 -1.519302368164062500e+01
-6.631084442138671875e+00 -6.538105964660644531e+00 -1.317125511169433594e+01
-7.071971416473388672e+00 -6.214711666107177734e+00 -1.318937397003173828e+01
-7.757802009582519531e+00 -5.235545635223388672e+00 -1.367670536041259766e+01
-5.719636917114257812e+00 -7.133181571960449219e+00 -1.307784175872802734e+01
-8.473659515380859375e+00 -5.367728233337402344e+00 -1.256507205963134766e+01
-7.363751411437988281e+00 -4.567444801330566406e+00 -1.457465457916259766e+01
-4.151037216186523438e+00 -5.536242485046386719e+00 -1.502925300598144531e+01
-5.995640754699707031e+00 -4.384219169616699219e+00 -1.525830554962158203e+01
-2.711299419403076172e+00 -5.389091968536376953e+00 -1.501404476165771484e+01
-2.176115512847900391e+00 -4.297770023345947266e+00 -1.537093734741210938e+01
-3.722739696502685547e+00 -3.718202114105224609e+00 -1.575239181518554688e+01
-2.789798498153686523e+00 -3.189326763153076172e+00 -1.571692180633544922e+01
-4.989865303039550781e+00 -2.651636123657226562e+00 -1.594145870208740234e+01
-3.921181201934814453e+00 -1.507020950317382812e+00 -1.593614101409912109e+01
-9.300631523132324219e+00 -4.443699359893798828e+00 -1.222251701354980469e+01
-8.934410095214843750e+00 -4.004726886749267578e+00 -1.344634914398193359e+01
-9.911590576171875000e+00 -2.865595102310180664e+00 -1.234673023223876953e+01
-1.040226840972900391e+01 -1.440812826156616211e+00 -1.151888942718505859e+01
-8.549204826354980469e+00 -3.352383613586425781e+00 -1.436125183105468750e+01
-7.692132472991943359e+00 -2.969702243804931641e+00 -1.519874954223632812e+01
-9.822671890258789062e+00 -9.278978109359741211e-01 -1.328332328796386719e+01
-9.376227378845214844e+00 -3.329372704029083252e-01 -1.420466613769531250e+01
-8.488002777099609375e+00 -9.555867910385131836e-01 -1.507456016540527344e+01
-7.135956287384033203e+00 1.563683003187179565e-01 -1.577015495300292969e+01
-7.628522872924804688e+00 8.091946244239807129e-01 -1.553567409515380859e+01
-1.521647691726684570e+00 -7.557054519653320312e+00 -6.888251304626464844e+00
-4.208241999149322510e-01 -7.157599449157714844e+00 -8.631460189819335938e+00
7.378716021776199341e-02 -6.570645332336425781e+00 -5.589438915252685547e+00
6.194205284118652344e-01 -6.687059402465820312e+00 -6.756667613983154297e+00
-2.396483272314071655e-01 -6.931509494781494141e+00 -9.610609054565429688e+00
-5.068794637918472290e-02 -5.895648002624511719e+00 -1.240190601348876953e+01
1.353490591049194336e+00 -6.392072677612304688e+00 -6.418313503265380859e+00
2.021603345870971680e+00 -5.953875541687011719e+00 -8.189893722534179688e+00
-7.602326869964599609e-01 -5.088237762451171875e+00 -1.430387401580810547e+01
1.024758934974670410e+00 -4.963645935058593750e+00 -1.243765354156494141e+01
-1.229898214340209961e+00 -3.741416454315185547e+00 -1.520334625244140625e+01
-1.922622621059417725e-01 -3.008304357528686523e+00 -1.485969352722167969e+01
1.960605978965759277e+00 -5.054594993591308594e+00 -1.069712066650390625e+01
-1.087576031684875488e+00 -2.406895160675048828e+00 -1.528224468231201172e+01
-1.307552576065063477e+00 -1.698608636856079102e+00 -1.534140777587890625e+01
2.142091512680053711e+00 -3.537756204605102539e+00 -1.149219799041748047e+01
8.847730159759521484e-01 -1.870928883552551270e+00 -1.348701572418212891e+01
7.972664237022399902e-01 -1.145424365997314453e+00 -1.333465766906738281e+01
-2.606072425842285156e+00 -1.780864953994750977e+00 -1.569938182830810547e+01
-2.676477909088134766e+00 -8.120288252830505371e-01 -1.564125537872314453e+01
-5.085150718688964844e+00 4.510509073734283447e-01 -1.588815975189208984e+01
-2.887068271636962891e+00 1.004957675933837891e+00 -1.536695003509521484e+01
-2.164881944656372070e+00 1.172395348548889160e+00 -1.512433052062988281e+01
-4.982498586177825928e-01 1.147057771682739258e+00 -1.388992595672607422e+01
-2.882629632949829102e+00 2.077124834060668945e+00 -1.503581047058105469e+01
-2.466759204864501953e+00 2.784878730773925781e+00 -1.464589118957519531e+01
2.704618215560913086e+00 -3.969688653945922852e+00 -1.033660602569580078e+01
3.522221565246582031e+00 -2.614660978317260742e+00 -1.011139488220214844e+01
3.013312101364135742e+00 -1.851594209671020508e+00 -1.085266876220703125e+01
9.639008641242980957e-01 -2.842614948749542236e-01 -1.281285667419433594e+01
1.482273340225219727e+00 2.617655554786324501e-03 -1.210959625244140625e+01
2.348332405090332031e+00 -2.229568809270858765e-01 -1.122620010375976562e+01
1.080489158630371094e+00 4.127843379974365234e-01 -1.233521461486816406e+01
-1.051433086395263672e+01 -9.682314991950988770e-01 -1.099213695526123047e+01
-9.969652175903320312e+00 6.804198622703552246e-01 -1.292133331298828125e+01
-1.030642127990722656e+01 -1.907635666429996490e-02 -1.048512077331542969e+01
-1.007549667358398438e+01 -1.217187345027923584e-01 -9.022693634033203125e+00
-9.729928970336914062e+00 5.411779284477233887e-01 -1.002575492858886719e+01
-9.967086791992187500e+00 9.193445444107055664e-01 -1.155094909667968750e+01
-9.436015129089355469e+00 2.026781797409057617e+00 -1.278428649902343750e+01
-8.822010993957519531e+00 1.391475915908813477e+00 -9.342392921447753906e+00
-8.417653083801269531e+00 2.390923500061035156e+00 -1.037561511993408203e+01
-8.198026657104492188e+00 1.154406547546386719e+00 -6.070663452148437500e+00
-7.961480140686035156e+00 1.589080214500427246e+00 -7.151516437530517578e+00
-8.283091545104980469e+00 1.874159336090087891e+00 -8.738237380981445312e+00
-7.899897098541259766e+00 2.540417432785034180e+00 -9.732913017272949219e+00
-6.297028541564941406e+00 2.692705869674682617e+00 -7.679646492004394531e+00
-6.213524818420410156e+00 3.000942468643188477e+00 -8.162980079650878906e+00
-8.636558532714843750e+00 2.195444822311401367e+00 -1.429169464111328125e+01
-8.037179946899414062e+00 2.223478317260742188e+00 -1.473121452331542969e+01
-7.637665748596191406e+00 3.431214094161987305e+00 -1.351238441467285156e+01
-6.657044410705566406e+00 4.254721164703369141e+00 -1.313804531097412109e+01
-6.100759506225585938e+00 1.889440655708312988e+00 -1.547674560546875000e+01
-5.845920085906982422e+00 2.179037332534790039e+00 -1.532746410369873047e+01
-5.172155380249023438e+00 3.960257768630981445e+00 -1.412178039550781250e+01
-4.616711616516113281e+00 3.954718589782714844e+00 -1.424892234802246094e+01
-5.869320392608642578e+00 3.762493371963500977e+00 -1.412524318695068359e+01
-8.274066925048828125e+00 3.273949146270751953e+00 -1.224773216247558594e+01
-6.244035720825195312e+00 4.403946399688720703e+00 -1.238248920440673828e+01
-5.556890964508056641e+00 4.373398780822753906e+00 -1.074487781524658203e+01
-3.390136957168579102e+00 4.227538108825683594e+00 -1.348805618286132812e+01
-3.172076225280761719e+00 4.288963794708251953e+00 -1.287066364288330078e+01
-5.220833778381347656e+00 4.425985336303710938e+00 -1.222027301788330078e+01
-4.470321178436279297e+00 4.628217697143554688e+00 -1.232679557800292969e+01
-3.217772245407104492e+00 4.679632663726806641e+00 -1.144400501251220703e+01
-4.959151268005371094e+00 4.778730392456054688e+00 -1.084923934936523438e+01
-3.796613454818725586e+00 4.886172294616699219e+00 -1.117241954803466797e+01
-6.640060424804687500e+00 3.673379182815551758e+00 -1.050329017639160156e+01
-5.931620121002197266e+00 3.614664077758789062e+00 -9.036354064941406250e+00
3.056214809417724609e+00 -1.974329501390457153e-01 -1.029979228973388672e+01
-1.396369785070419312e-01 1.523521542549133301e+00 -1.287699222564697266e+01
-2.115291595458984375e+00 3.216136693954467773e+00 -1.359473705291748047e+01
9.943608045578002930e-01 7.951322197914123535e-01 -1.168791007995605469e+01
-1.055163264274597168e+00 2.878396511077880859e+00 -1.233825397491455078e+01
-2.714851140975952148e+00 3.839893817901611328e+00 -1.327036952972412109e+01
-1.651423454284667969e+00 3.640004634857177734e+00 -1.187563419342041016e+01
1.143112468719482422e+01 -6.564700126647949219e+00 -3.320275306701660156e+00
1.332135009765625000e+01 -6.727766513824462891e+00 -1.649776339530944824e+00
1.117393302917480469e+01 -6.460222721099853516e+00 -7.972275018692016602e-01
1.097423839569091797e+01 -6.502463340759277344e+00 -2.544791936874389648e+00
1.435210990905761719e+01 -6.971146583557128906e+00 -4.956992626190185547e+00
1.198357009887695312e+01 -6.636465549468994141e+00 -3.919800996780395508e+00
1.269624519348144531e+01 -6.605701446533203125e+00 -5.413294792175292969e+00
1.314797401428222656e+01 -6.901182174682617188e+00 -3.602558135986328125e+00
1.562314605712890625e+01 -7.038060665130615234e+00 -3.523863792419433594e+00
1.605708122253417969e+01 -5.967726230621337891e+00 -4.106630325317382812e+00
1.623590469360351562e+01 -6.501600265502929688e+00 -1.091404795646667480e+00
1.636669540405273438e+01 -5.706388950347900391e+00 -1.972425937652587891e+00
1.457256317138671875e+01 -6.597185134887695312e+00 1.360466182231903076e-01
1.480897712707519531e+01 -6.962242603302001953e+00 -1.474986076354980469e+00
1.536049079895019531e+01 -6.244502544403076172e+00 1.061942100524902344e+00
1.476865959167480469e+01 -4.130609035491943359e+00 2.117000579833984375e+00
1.512104988098144531e+01 -4.241186141967773438e+00 9.915140271186828613e-01
1.431390857696533203e+01 -3.389840841293334961e+00 1.160853981971740723e+00
1.579578876495361328e+01 -4.925295352935791016e+00 -3.274278402328491211e+00
1.522246646881103516e+01 -4.063912868499755859e+00 -2.491008520126342773e+00
1.520447444915771484e+01 -3.977884054183959961e+00 -9.272700548171997070e-01
1.496279716491699219e+01 -3.642181396484375000e+00 -1.427877664566040039e+00
1.431134223937988281e+01 -2.886628627777099609e+00 -7.896326780319213867e-01
1.380959224700927734e+01 -6.759276390075683594e+00 -6.178335189819335938e+00
1.524948978424072266e+01 -5.957232952117919922e+00 -6.472884654998779297e+00
1.236901950836181641e+01 -6.469606399536132812e+00 -6.600744724273681641e+00
1.291218185424804688e+01 -5.923789024353027344e+00 -7.382563591003417969e+00
1.592450332641601562e+01 -5.858537673950195312e+00 -5.565752029418945312e+00
1.560668754577636719e+01 -5.094850063323974609e+00 -5.859175682067871094e+00
1.503230667114257812e+01 -4.426776409149169922e+00 -5.463535308837890625e+00
1.325321578979492188e+01 -5.529732227325439453e+00 -7.234830856323242188e+00
1.262565326690673828e+01 -4.977396965026855469e+00 -6.548730850219726562e+00
1.348649978637695312e+01 -4.489171504974365234e+00 -6.025365352630615234e+00
1.361042785644531250e+01 -3.396315574645996094e+00 -4.868696689605712891e+00
1.498832035064697266e+01 -3.741653919219970703e+00 -2.732641696929931641e+00
1.491593551635742188e+01 -3.755591154098510742e+00 -4.421951770782470703e+00
1.435823917388916016e+01 -2.916759967803955078e+00 -3.667052745819091797e+00
1.015692234039306641e+01 -6.044511795043945312e+00 -2.699488401412963867e+00
6.990324497222900391e+00 -4.792971611022949219e+00 -2.341612339019775391e+00
7.276751041412353516e+00 -4.868395328521728516e+00 -1.910511255264282227e+00
6.842354297637939453e+00 -4.728425502777099609e+00 -2.907838582992553711e+00
1.047939586639404297e+01 -6.325733184814453125e+00 -2.296070098876953125e+00
9.006937980651855469e+00 -5.569150447845458984e+00 -1.901605248451232910e+00
7.947702407836914062e+00 -5.133863925933837891e+00 -1.538933038711547852e+00
9.592539787292480469e+00 -5.573163509368896484e+00 -3.393682479858398438e+00
9.950049400329589844e+00 -5.583696365356445312e+00 -4.619071483612060547e+00
8.328609466552734375e+00 -5.026010990142822266e+00 -3.926295757293701172e+00
1.353072547912597656e+01 -2.214237689971923828e+00 7.203910499811172485e-02
1.216447448730468750e+01 -8.900867700576782227e-01 -9.445624947547912598e-01
1.096133422851562500e+01 -5.995218276977539062e+00 -5.445835113525390625e+00
1.102748107910156250e+01 -5.443160533905029297e+00 -5.977681636810302734e+00
9.594020843505859375e+00 -5.097015380859375000e+00 -5.159402847290039062e+00
1.171693706512451172e+01 -4.716068744659423828e+00 -6.112643718719482422e+00
9.182605743408203125e+00 -4.333989143371582031e+00 -6.377748966217041016e+00
1.039946365356445312e+01 -3.557502031326293945e+00 -5.817717552185058594e+00
1.246811103820800781e+01 -3.698858737945556641e+00 -5.387058734893798828e+00
1.064493942260742188e+01 -3.213186025619506836e+00 -5.611311912536621094e+00
1.066974067687988281e+01 -2.281807661056518555e+00 -5.199433326721191406e+00
8.545562744140625000e+00 -3.693349361419677734e+00 -7.003242015838623047e+00
9.051827430725097656e+00 -3.093076229095458984e+00 -6.531584262847900391e+00
8.056539535522460938e+00 -2.037889957427978516e+00 -6.889801979064941406e+00
1.040692710876464844e+01 -1.613217711448669434e+00 -5.069000244140625000e+00
8.259424209594726562e+00 -1.713275432586669922e+00 -6.619922637939453125e+00
8.752827644348144531e+00 -4.894209206104278564e-01 -5.822407722473144531e+00
7.282085895538330078e+00 -1.726709604263305664e-01 -6.904677391052246094e+00
1.326533508300781250e+01 -2.144681692123413086e+00 -3.977695226669311523e+00
1.344429779052734375e+01 -1.694896221160888672e+00 -1.845072627067565918e+00
1.321691989898681641e+01 -1.326417446136474609e+00 -3.071883916854858398e+00
1.238215351104736328e+01 -4.651612341403961182e-01 -2.151653766632080078e+00
1.205206203460693359e+01 -1.398346722126007080e-01 -2.772649526596069336e+00
1.240851593017578125e+01 -1.932784676551818848e+00 -4.289087772369384766e+00
1.121466636657714844e+01 -1.242642164230346680e+00 -4.430379867553710938e+00
1.150523757934570312e+01 -5.800595879554748535e-01 -3.815020799636840820e+00
1.015321826934814453e+01 1.506895065307617188e+00 -1.694684267044067383e+00
9.289210319519042969e+00 2.341881513595581055e+00 -2.848618030548095703e+00
9.331164360046386719e+00 2.286257028579711914e+00 -3.329794406890869141e+00
8.567317008972167969e+00 2.896618127822875977e+00 -2.345562458038330078e+00
1.021608924865722656e+01 -9.199730753898620605e-01 -4.968499660491943359e+00
1.066107654571533203e+01 2.938776910305023193e-01 -4.096532821655273438e+00
8.368831634521484375e+00 1.224256604909896851e-01 -5.843271255493164062e+00
7.015341758728027344e+00 9.762598872184753418e-01 -6.417617321014404297e+00
1.382520866394042969e+01 -3.494697809219360352e+00 2.734757661819458008e+00
1.239935970306396484e+01 -2.504104614257812500e+00 3.044722795486450195e+00
1.118167877197265625e+01 -9.449863433837890625e-01 1.555827140808105469e+00
1.137566184997558594e+01 -7.367978692054748535e-01 3.761473298072814941e-01
9.856992721557617188e+00 -6.163700222969055176e-01 3.274321556091308594e+00
8.772146224975585938e+00 7.688959836959838867e-01 2.722024679183959961e+00
9.329203605651855469e+00 4.858594536781311035e-01 2.185650110244750977e+00
7.256421566009521484e+00 1.824209690093994141e+00 3.051309347152709961e+00
7.127335548400878906e+00 2.559882164001464844e+00 1.897192478179931641e+00
9.749289512634277344e+00 7.989212274551391602e-01 4.342933297157287598e-01
1.000038719177246094e+01 1.216696381568908691e+00 -9.208641648292541504e-01
7.972886085510253906e+00 2.554820299148559570e+00 4.728288054466247559e-01
3.352217912673950195e+00 4.269374370574951172e+00 -3.401063382625579834e-01
6.211400508880615234e+00 3.503014326095581055e+00 3.026043474674224854e-01
5.478538990020751953e+00 4.026116371154785156e+00 -2.217195510864257812e+00
3.672802448272705078e+00 4.382692337036132812e+00 -6.773717999458312988e-01
2.846796035766601562e+00 3.811399698257446289e+00 -2.450968265533447266e+00
2.957260370254516602e+00 3.495956420898437500e+00 -3.322211265563964844e+00
-9.872525334358215332e-01 3.793396472930908203e+00 -7.648826837539672852e-01
2.143946409225463867e+00 3.129220962524414062e+00 -4.379703044891357422e+00
9.245527908205986023e-03 4.158603191375732422e+00 -3.142356634140014648e+00
3.051201701164245605e-01 3.702803611755371094e+00 -4.695816040039062500e+00
2.378390550613403320e+00 3.799857616424560547e+00 -2.562546730041503906e+00
5.101646900177001953e+00 -8.807138800621032715e-01 -8.890093803405761719e+00
2.939852952957153320e+00 2.987605035305023193e-01 -9.602781295776367188e+00
5.060353279113769531e+00 4.925437271595001221e-01 -8.103458404541015625e+00
3.639371156692504883e+00 5.508576035499572754e-01 -8.962395668029785156e+00
2.520920991897583008e+00 4.934107065200805664e-01 -9.797341346740722656e+00
1.544754028320312500e+00 1.842474102973937988e+00 -9.909435272216796875e+00
3.285489380359649658e-01 3.142429351806640625e+00 -9.155684471130371094e+00
1.105368882417678833e-01 2.996765613555908203e+00 -1.045596790313720703e+01
5.652019500732421875e+00 2.795314311981201172e+00 -4.849950313568115234e+00
6.158585548400878906e+00 1.875224113464355469e+00 -6.081156253814697266e+00
4.697305679321289062e+00 2.676370382308959961e+00 -5.238616466522216797e+00
4.794436454772949219e+00 2.368574380874633789e+00 -5.950347423553466797e+00
6.607939720153808594e+00 3.728877544403076172e+00 -2.709101676940917969e+00
6.583137989044189453e+00 1.272682070732116699e+00 -6.417902946472167969e+00
5.708756446838378906e+00 1.652968049049377441e+00 -6.591343879699707031e+00
4.856522083282470703e+00 1.761909484863281250e+00 -7.025457382202148438e+00
2.731844186782836914e+00 2.832986354827880859e+00 -5.053819656372070312e+00
2.812211990356445312e+00 2.075950384140014648e+00 -7.352999687194824219e+00
2.024253368377685547e+00 2.318475961685180664e+00 -6.807188034057617188e+00
9.304764121770858765e-02 3.296475887298583984e+00 -6.268970012664794922e+00
2.692458927631378174e-01 2.952845335006713867e+00 -7.755862712860107422e+00
3.010685741901397705e-01 3.025511026382446289e+00 -8.134773254394531250e+00
-3.295997142791748047e+00 3.394204139709472656e+00 -2.585254907608032227e+00
-5.633864879608154297e+00 3.062356710433959961e+00 -7.731727600097656250e+00
-4.808447360992431641e+00 3.480782270431518555e+00 -7.635797500610351562e+00
-4.258585929870605469e+00 3.351323843002319336e+00 -6.674094200134277344e+00
-2.166478395462036133e+00 3.284230947494506836e+00 -2.317148745059967041e-01
-1.888876795768737793e+00 3.747280597686767578e+00 -1.355886220932006836e+00
-1.527930021286010742e+00 4.091863155364990234e+00 -2.469367027282714844e+00
-1.354003190994262695e+00 4.387845516204833984e+00 -3.693910837173461914e+00
-1.183208942413330078e+00 4.396072864532470703e+00 -4.986841678619384766e+00
-4.800628662109375000e+00 4.074725627899169922e+00 -8.506402015686035156e+00
-4.505997657775878906e+00 4.550971984863281250e+00 -9.025855064392089844e+00
-1.981660842895507812e+00 4.460728168487548828e+00 -7.511020660400390625e+00
-3.350966453552246094e+00 4.456322193145751953e+00 -8.331971168518066406e+00
-1.542121648788452148e+00 3.648713111877441406e+00 -1.119868373870849609e+01
-1.229593992233276367e+00 3.502953767776489258e+00 -1.106263732910156250e+01
-3.829046487808227539e+00 4.848299503326416016e+00 -1.070551013946533203e+01
-2.048735380172729492e+00 4.177448272705078125e+00 -9.850476264953613281e+00
-3.130997717380523682e-01 3.475912094116210938e+00 -9.965033531188964844e+00
-2.159737586975097656e+00 4.558233737945556641e+00 -6.120111942291259766e+00
5.276953697204589844e+00 3.140011787414550781e+00 2.407190322875976562e+00
6.029826164245605469e+00 3.061561822891235352e+00 1.828283667564392090e+00
1.963068008422851562e+00 6.965907812118530273e-01 -1.028398799896240234e+01
-5.181272625923156738e-01 2.790479898452758789e+00 -1.161406230926513672e+01
4.400908648967742920e-01 2.519117593765258789e+00 -1.076716613769531250e+01
