1.560650110244750977e+00 -4.928148746490478516e+00 -2.711283206939697266e+00
2.278019905090332031e+00 -4.767903327941894531e+00 -1.917785644531250000e+00
1.514885067939758301e+00 -4.779946327209472656e+00 -2.304041147232055664e+00
-5.068754673004150391e+00 -8.108374595642089844e+00 -7.821931838989257812e+00
-4.999253749847412109e+00 -8.061882019042968750e+00 -1.156777000427246094e+01
-4.184978008270263672e+00 -8.321167945861816406e+00 -9.419431686401367188e+00
-7.270742416381835938e+00 -7.468266487121582031e+00 -7.058809757232666016e+00
-7.774954795837402344e+00 -7.350661754608154297e+00 -7.967190265655517578e+00
-5.692145824432373047e+00 -8.128860473632812500e+00 -9.823504447937011719e+00
-6.220661163330078125e+00 -7.997408866882324219e+00 -9.061371803283691406e+00
-6.480360507965087891e+00 -7.345006465911865234e+00 -1.205432128906250000e+01
-8.410573005676269531e+00 -6.366578578948974609e+00 -1.057626724243164062e+01
-8.332906723022460938e+00 -6.189359188079833984e+00 -1.129434967041015625e+01
-9.642332077026367188e+00 -5.266357898712158203e+00 -8.363055229187011719e+00
-1.005099582672119141e+01 -4.324556827545166016e+00 -8.716102600097656250e+00
-9.586978912353515625e+00 -4.642392635345458984e+00 -1.086724472045898438e+01
-8.219790458679199219e+00 -6.690160751342773438e+00 -5.445530414581298828e+00
-9.067234992980957031e+00 -6.091399669647216797e+00 -4.930316925048828125e+00
-7.967690467834472656e+00 -5.744790554046630859e+00 -3.404840707778930664e+00
-8.496591567993164062e+00 -5.228217601776123047e+00 -2.226388454437255859e+00
-6.957789897918701172e+00 -5.439906597137451172e+00 -3.112314224243164062e+00
-2.591836690902709961e+00 -5.028633117675781250e+00 -1.543144822120666504e+00
-3.372018337249755859e+00 -4.878460407257080078e+00 -5.783633589744567871e-01
-1.437836647033691406e+00 -4.986883163452148438e+00 -2.294860333204269409e-01
-7.379221916198730469e+00 -3.211466550827026367e+00 2.313180446624755859e+00
-5.355177402496337891e+00 -3.511168956756591797e+00 1.281373977661132812e+00
-3.859224796295166016e+00 -5.066992759704589844e+00 -2.133916378021240234e+00
-7.304149150848388672e+00 -4.796273231506347656e+00 -1.626554608345031738e+00
-6.306972503662109375e+00 -5.166522502899169922e+00 -2.785442590713500977e+00
-3.737028598785400391e+00 -4.411280632019042969e+00 1.386869698762893677e-01
-4.767803192138671875e+00 -7.278142929077148438e+00 -5.294095516204833984e+00
-4.544953346252441406e+00 -6.497248649597167969e+00 -4.089372158050537109e+00
-2.280297994613647461e+00 -7.654752254486083984e+00 -6.416335582733154297e+00
-2.884514331817626953e+00 -7.166659355163574219e+00 -5.065865993499755859e+00
-2.214325666427612305e+00 -7.176272869110107422e+00 -5.297956466674804688e+00
-1.356009364128112793e+00 -6.800152301788330078e+00 -5.042573928833007812e+00
-2.779269456863403320e+00 -6.775750637054443359e+00 -4.437886714935302734e+00
-5.267263412475585938e+00 -6.849912643432617188e+00 -4.678273200988769531e+00
-6.153641223907470703e+00 -7.666255950927734375e+00 -6.741642951965332031e+00
-8.704479217529296875e+00 -6.650666713714599609e+00 -6.454856395721435547e+00
-1.415778398513793945e+00 -4.978723526000976562e+00 -1.830604553222656250e+00
-9.337732195854187012e-01 -5.039756774902343750e+00 -2.272108078002929688e+00
-2.239940166473388672e+00 -5.123343944549560547e+00 -2.018757820129394531e+00
-3.486647307872772217e-01 -5.079646110534667969e+00 -1.189421534538269043e+00
6.326870918273925781e-01 -4.609525680541992188e+00 -1.590785384178161621e+00
-8.142541646957397461e-01 -5.402042865753173828e+00 -3.017738580703735352e+00
-7.906967774033546448e-03 -5.497519969940185547e+00 -3.342977046966552734e+00
6.077343225479125977e-01 -4.760011196136474609e+00 -2.121216058731079102e+00
-9.515049934387207031e+00 -4.813389301300048828e+00 -2.044514417648315430e+00
-9.939625740051269531e+00 -4.890366077423095703e+00 -4.680090904235839844e+00
-9.351359367370605469e+00 -5.580967903137207031e+00 -3.831192731857299805e+00
-1.019533348083496094e+01 -3.759273052215576172e+00 -3.287964582443237305e+00
-1.031946468353271484e+01 -3.585438966751098633e+00 -4.715705871582031250e+00
-9.119756698608398438e+00 -4.086798667907714844e+00 3.095138370990753174e-01
-9.780629158020019531e+00 -4.173676013946533203e+00 -1.408120274543762207e+00
-9.820012092590332031e+00 -3.230957508087158203e+00 -2.797413468360900879e-01
-9.598735809326171875e+00 -2.926252603530883789e+00 9.027901291847229004e-01
-9.112855911254882812e+00 -2.721330642700195312e+00 2.167978763580322266e+00
-9.279022216796875000e+00 -1.629308700561523438e+00 1.269830346107482910e+00
-1.017261314392089844e+01 -2.694378376007080078e+00 -2.523606061935424805e+00
-1.009772300720214844e+01 -1.608086585998535156e+00 -2.652343034744262695e+00
-9.464614868164062500e+00 -1.292742609977722168e+00 -8.878840804100036621e-01
-7.936667442321777344e+00 -4.180462360382080078e-01 -6.466642022132873535e-01
-1.006289386749267578e+01 -4.634768009185791016e+00 -5.545532226562500000e+00
-1.034791755676269531e+01 -3.651482820510864258e+00 -5.424970149993896484e+00
-1.053396511077880859e+01 -2.257337570190429688e+00 -5.301194667816162109e+00
-1.059211635589599609e+01 -2.098154783248901367e+00 -5.871067523956298828e+00
-1.008329391479492188e+01 -6.573541760444641113e-01 -5.353777885437011719e+00
-1.059016609191894531e+01 -2.842911958694458008e+00 -7.961665153503417969e+00
-1.071140861511230469e+01 -1.946932196617126465e+00 -8.887184143066406250e+00
-1.060103034973144531e+01 -8.119814991950988770e-01 -8.517413139343261719e+00
-9.951717376708984375e+00 -3.313026428222656250e-01 -6.706159591674804688e+00
-8.383068084716796875e+00 -2.017917782068252563e-01 -2.253534793853759766e+00
-6.926858425140380859e+00 1.702769398689270020e+00 -3.686905384063720703e+00
-9.016205787658691406e+00 3.846218883991241455e-01 -6.203821659088134766e+00
-7.575505733489990234e+00 1.437645554542541504e+00 -4.989414691925048828e+00
1.326310825347900391e+01 -4.716657638549804688e+00 4.301095008850097656e+00
1.355920982360839844e+01 -6.084295749664306641e+00 7.608776092529296875e-01
1.305398082733154297e+01 -5.806387901306152344e+00 1.407458424568176270e+00
1.493125724792480469e+01 -5.664029121398925781e+00 1.924980521202087402e+00
1.480976200103759766e+01 -4.615176200866699219e+00 2.987492084503173828e+00
1.198496723175048828e+01 -5.306029319763183594e+00 2.632143735885620117e+00
4.355104446411132812e+00 -1.050098896026611328e+00 5.470119953155517578e+00
5.193512916564941406e+00 -4.591424465179443359e-01 6.841950416564941406e+00
6.647639274597167969e+00 -4.818837642669677734e+00 -1.654178619384765625e+00
8.906908035278320312e+00 -6.244205951690673828e+00 -1.228128433227539062e+00
8.119564056396484375e+00 -6.150087833404541016e+00 -1.062997817993164062e+00
7.448115825653076172e+00 -6.215414047241210938e+00 -4.688672423362731934e-01
2.553607463836669922e+00 -5.403469085693359375e+00 4.196645021438598633e-01
4.294613361358642578e+00 -4.688576698303222656e+00 -1.492002964019775391e+00
5.166806697845458984e+00 -5.072728633880615234e+00 -1.156488776206970215e+00
2.306776762008666992e+00 -4.273185729980468750e+00 -1.250562310218811035e+00
4.114961624145507812e+00 -4.719050407409667969e+00 -1.272593617439270020e+00
5.108987808227539062e+00 -5.533188343048095703e+00 2.439958453178405762e-01
5.805679798126220703e+00 -5.939229011535644531e+00 -5.803243517875671387e-01
3.098147869110107422e+00 -5.471957683563232422e+00 -5.727196335792541504e-01
9.464319229125976562e+00 -5.001469612121582031e+00 3.046558618545532227e+00
1.010013294219970703e+01 -4.240731716156005859e+00 4.768811225891113281e+00
9.983307838439941406e+00 -4.591650009155273438e+00 4.212305068969726562e+00
8.791686058044433594e+00 -3.575504541397094727e+00 5.321665287017822266e+00
8.940219879150390625e+00 -4.811710834503173828e+00 3.139287471771240234e+00
9.030626296997070312e+00 -5.831723690032958984e+00 1.431083202362060547e+00
8.682740211486816406e+00 -6.049425125122070312e+00 9.568827748298645020e-01
5.448871135711669922e+00 -1.157860636711120605e+00 4.381881713867187500e+00
6.147338390350341797e+00 -3.610951900482177734e+00 2.499616861343383789e+00
5.580479621887207031e+00 -3.913876295089721680e+00 1.945768117904663086e+00
4.496309280395507812e+00 -1.834814667701721191e+00 3.255064725875854492e+00
4.574149608612060547e+00 -1.441218495368957520e+00 4.032551765441894531e+00
6.865626811981201172e+00 -2.254690647125244141e+00 4.453513145446777344e+00
6.675918579101562500e+00 -1.593063354492187500e+00 5.838937282562255859e+00
6.534830093383789062e+00 -5.404545783996582031e+00 9.782578945159912109e-01
1.223736667633056641e+01 -3.339499235153198242e+00 5.639353752136230469e+00
1.396568584442138672e+01 -3.897325992584228516e+00 4.430123329162597656e+00
1.279689693450927734e+01 -2.609921932220458984e+00 4.709149360656738281e+00
1.363262939453125000e+01 -2.758145332336425781e+00 3.084452629089355469e+00
8.021409034729003906e+00 -2.296495676040649414e+00 6.719840526580810547e+00
7.514572620391845703e+00 -1.985867023468017578e+00 7.008136749267578125e+00
4.227111339569091797e+00 -1.192210614681243896e-01 7.965337753295898438e+00
9.898149490356445312e+00 -3.259291887283325195e+00 6.266875743865966797e+00
1.067565822601318359e+01 -1.911626577377319336e+00 6.388663291931152344e+00
1.090830135345458984e+01 -1.621675729751586914e+00 5.446328163146972656e+00
8.830270767211914062e+00 -8.532835841178894043e-01 6.626262664794921875e+00
9.103311538696289062e+00 -5.727145671844482422e-01 5.581107616424560547e+00
1.118334102630615234e+01 -1.599178314208984375e+00 4.467695236206054688e+00
1.147753524780273438e+01 -1.457108378410339355e+00 3.442306041717529297e+00
6.675776481628417969e+00 -1.003729820251464844e+00 6.830644130706787109e+00
7.839592933654785156e+00 -3.774971663951873779e-01 6.664807319641113281e+00
7.051682949066162109e+00 4.589160978794097900e-01 6.082493782043457031e+00
6.213058948516845703e+00 2.225501239299774170e-01 6.637913703918457031e+00
5.648076534271240234e+00 1.315133690834045410e+00 6.135933876037597656e+00
8.128063201904296875e+00 7.625879645347595215e-01 4.700634479522705078e+00
5.754523754119873047e+00 2.445224285125732422e+00 4.566601276397705078e+00
6.153367519378662109e+00 2.540292263031005859e+00 3.972623586654663086e+00
-2.134255170822143555e+00 -2.796309471130371094e+00 3.794736385345458984e+00
-1.518955349922180176e+00 -3.792579889297485352e+00 1.684662699699401855e+00
-1.473907232284545898e+00 -4.642503261566162109e+00 4.024395346641540527e-01
-1.611211180686950684e+00 -2.863122940063476562e+00 3.534815073013305664e+00
-2.291876822710037231e-01 -2.660536289215087891e+00 2.436556577682495117e+00
-5.070636749267578125e+00 -3.475424051284790039e+00 1.474671125411987305e+00
-4.358395576477050781e+00 -3.312995910644531250e+00 2.211092948913574219e+00
-5.805836200714111328e+00 -2.596195459365844727e+00 3.397107124328613281e+00
-5.279225349426269531e+00 -3.017041206359863281e+00 2.541639804840087891e+00
-4.095988273620605469e+00 -2.825285434722900391e+00 3.390894412994384766e+00
-2.762979984283447266e+00 -1.617280602455139160e+00 4.889501571655273438e+00
-5.655469894409179688e+00 -1.266951203346252441e+00 4.711742877960205078e+00
-5.352183341979980469e+00 -7.363459467887878418e-01 4.912068367004394531e+00
2.534507751464843750e+00 -1.739110589027404785e+00 3.949876546859741211e+00
1.388856768608093262e+00 -9.080366492271423340e-01 4.338443279266357422e+00
-3.625633567571640015e-02 -1.195653796195983887e+00 3.747954607009887695e+00
1.102115511894226074e+00 -3.270915150642395020e-01 4.859280109405517578e+00
2.480787515640258789e+00 -1.068224549293518066e+00 5.739266395568847656e+00
3.435644865036010742e+00 -6.056699156761169434e-01 7.367712974548339844e+00
1.107147812843322754e+00 7.859819531440734863e-01 5.538938522338867188e+00
-3.228704214096069336e+00 -1.387985110282897949e+00 5.016072273254394531e+00
-4.246482372283935547e+00 3.011136651039123535e-01 5.012264728546142578e+00
-2.752243757247924805e+00 5.649968385696411133e-01 5.138858795166015625e+00
-1.169431686401367188e+00 1.615036129951477051e+00 4.417379856109619141e+00
-3.888727188110351562e+00 1.019986152648925781e+00 4.049194335937500000e+00
-3.824106454849243164e+00 1.424503684043884277e+00 2.891182184219360352e+00
-1.751865744590759277e-01 -5.090686321258544922e+00 -6.965811550617218018e-02
3.008928298950195312e-01 -4.944373130798339844e+00 -9.992349147796630859e-02
8.197379708290100098e-01 -4.946325302124023438e+00 5.729769915342330933e-02
1.653217196464538574e+00 -3.794709444046020508e+00 1.492748856544494629e+00
1.486152291297912598e+00 -4.980839252471923828e+00 6.136970520019531250e-01
1.624869942665100098e+00 -3.755242109298706055e+00 -1.353210926055908203e+00
1.897031784057617188e+00 -2.639018535614013672e+00 2.498200416564941406e+00
2.250155687332153320e+00 1.546742916107177734e+00 5.837318897247314453e+00
2.852961063385009766e+00 2.557748794555664062e+00 4.425237178802490234e+00
2.606160163879394531e+00 2.978733777999877930e+00 3.093717813491821289e+00
-8.604639172554016113e-01 2.480523824691772461e+00 2.631213426589965820e+00
-6.606850624084472656e-01 1.942724227905273438e+00 4.208401203155517578e+00
5.756693482398986816e-01 2.540031671524047852e+00 3.283825874328613281e+00
-1.728340625762939453e+00 3.173212528228759766e+00 1.097112149000167847e-01
-7.586178302764892578e+00 -2.459099769592285156e+00 3.556674003601074219e+00
-7.329329490661621094e+00 -1.423814296722412109e+00 4.218660831451416016e+00
-7.960808277130126953e+00 -8.135768771171569824e-01 2.907871484756469727e+00
-6.812722206115722656e+00 -1.160441279411315918e+00 4.464545249938964844e+00
-7.016368389129638672e+00 -3.675611019134521484e-01 3.060910224914550781e+00
-6.419950008392333984e+00 1.889758557081222534e-01 1.420505642890930176e+00
-6.219169616699218750e+00 1.390943378210067749e-01 2.391815900802612305e+00
-6.924308776855468750e+00 2.280028313398361206e-01 -8.148742914199829102e-01
-3.744781970977783203e+00 1.650967359542846680e+00 1.847159504890441895e+00
-5.362783432006835938e+00 2.017210006713867188e+00 -1.992762088775634766e+00
-3.645576477050781250e+00 3.031834363937377930e+00 -1.671052336692810059e+00
3.287714242935180664e+00 8.324096202850341797e-01 6.995095252990722656e+00
2.934706211090087891e+00 1.863869428634643555e+00 5.703365802764892578e+00
3.796918153762817383e+00 2.327443122863769531e+00 5.146612644195556641e+00
4.513544559478759766e+00 2.882519006729125977e+00 4.011284351348876953e+00
3.863436460494995117e+00 3.267575979232788086e+00 3.081316709518432617e+00
7.757345676422119141e+00 -4.891672134399414062e+00 -3.954747438430786133e+00
2.376676321029663086e+00 -5.068777084350585938e+00 -3.050516128540039062e+00
5.493479728698730469e+00 -4.725243091583251953e+00 -2.515385866165161133e+00
6.318481445312500000e+00 -4.678441047668457031e+00 -2.963428020477294922e+00
3.032894611358642578e+00 -5.004628658294677734e+00 -2.930038452148437500e+00
2.090235948562622070e+00 -5.927779197692871094e+00 -5.249244689941406250e+00
2.626185655593872070e+00 -5.806305408477783203e+00 -6.251746654510498047e+00
3.889641284942626953e+00 -5.139857769012451172e+00 -5.596154212951660156e+00
5.921481132507324219e+00 -4.811968803405761719e+00 -3.726493358612060547e+00
7.155994415283203125e+00 -4.954514503479003906e+00 -4.063211917877197266e+00
2.442859649658203125e+00 -5.620245456695556641e+00 -8.457448005676269531e+00
8.317841529846191406e+00 -4.967765331268310547e+00 -6.004477024078369141e+00
3.299837589263916016e+00 -5.329944133758544922e+00 -7.114865779876708984e+00
3.712671756744384766e+00 -4.721593379974365234e+00 -7.898210525512695312e+00
6.287745475769042969e+00 -5.068677425384521484e+00 -5.373664855957031250e+00
7.405910968780517578e+00 -4.925957679748535156e+00 -6.326931476593017578e+00
5.876034736633300781e+00 -4.174701213836669922e+00 -7.248749732971191406e+00
7.531742095947265625e+00 -4.027230739593505859e+00 -7.367951393127441406e+00
5.587212562561035156e+00 -3.861496925354003906e+00 -7.627509117126464844e+00
5.158390045166015625e+00 -2.837693452835083008e+00 -8.643892288208007812e+00
5.232706546783447266e+00 -2.079243659973144531e+00 -8.897279739379882812e+00
-3.349208354949951172e+00 -7.971138477325439453e+00 -1.205595588684082031e+01
-3.131030082702636719e+00 -8.215591430664062500e+00 -1.051671314239501953e+01
-3.961236715316772461e+00 -7.544069290161132812e+00 -1.315911674499511719e+01
-1.581608772277832031e+00 -6.563451290130615234e+00 -1.324227714538574219e+01
-3.556695938110351562e+00 -6.334411144256591797e+00 -1.445977306365966797e+01
-3.375119209289550781e+00 -5.280817508697509766e+00 -1.519237327575683594e+01
-6.631344795227050781e+00 -6.536637783050537109e+00 -1.317114925384521484e+01
-7.072326183319091797e+00 -6.212455749511718750e+00 -1.318874549865722656e+01
-7.758416652679443359e+00 -5.232419013977050781e+00 -1.367524909973144531e+01
-5.719651222229003906e+00 -7.132385253906250000e+00 -1.307806777954101562e+01
-8.473949432373046875e+00 -5.365823268890380859e+00 -1.256428527832031250e+01
-7.364374637603759766e+00 -4.564675331115722656e+00 -1.457326221466064453e+01
-4.151360511779785156e+00 -5.534897327423095703e+00 -1.502879905700683594e+01
-5.996060848236083984e+00 -4.381827831268310547e+00 -1.525698661804199219e+01
-2.711311101913452148e+00 -5.387866020202636719e+00 -1.501396465301513672e+01
-2.177058219909667969e+00 -4.295545101165771484e+00 -1.536974716186523438e+01
-3.723131179809570312e+00 -3.715463161468505859e+00 -1.575212764739990234e+01
-2.790585756301879883e+00 -3.186747550964355469e+00 -1.571582794189453125e+01
-4.990384101867675781e+00 -2.648856163024902344e+00 -1.593937778472900391e+01
-3.921479701995849609e+00 -1.504112124443054199e+00 -1.593464851379394531e+01
-9.300976753234863281e+00 -4.442345619201660156e+00 -1.222144699096679688e+01
-8.934840202331542969e+00 -4.001961708068847656e+00 -1.344539546966552734e+01
-9.911313056945800781e+00 -2.863315582275390625e+00 -1.234660339355468750e+01
-1.040128040313720703e+01 -1.439352989196777344e+00 -1.151957321166992188e+01
-8.549628257751464844e+00 -3.349262952804565430e+00 -1.436028385162353516e+01
-7.692571640014648438e+00 -2.966576099395751953e+00 -1.519761562347412109e+01
-9.821364402770996094e+00 -9.240842461585998535e-01 -1.328383827209472656e+01
-9.375272750854492188e+00 -3.279669284820556641e-01 -1.420481586456298828e+01
-8.487797737121582031e+00 -9.514236450195312500e-01 -1.507399272918701172e+01
-7.135936737060546875e+00 1.592684686183929443e-01 -1.576954364776611328e+01
-7.627601146697998047e+00 8.141273260116577148e-01 -1.553633213043212891e+01
-1.521805882453918457e+00 -7.555019378662109375e+00 -6.887876510620117188e+00
-4.211013019084930420e-01 -7.156126499176025391e+00 -8.631310462951660156e+00
7.386444509029388428e-02 -6.567714214324951172e+00 -5.588639736175537109e+00
6.192252039909362793e-01 -6.684674739837646484e+00 -6.756335258483886719e+00
-2.395935356616973877e-01 -6.930826663970947266e+00 -9.610614776611328125e+00
-5.060885474085807800e-02 -5.895525932312011719e+00 -1.240207481384277344e+01
1.352751016616821289e+00 -6.387389183044433594e+00 -6.418315410614013672e+00
2.021106243133544922e+00 -5.951159477233886719e+00 -8.190337181091308594e+00
-7.603397965431213379e-01 -5.087263584136962891e+00 -1.430390548706054688e+01
1.024483203887939453e+00 -4.963054656982421875e+00 -1.243777275085449219e+01
-1.230183839797973633e+00 -3.739883661270141602e+00 -1.520303344726562500e+01
-1.921921968460083008e-01 -3.007433652877807617e+00 -1.485965538024902344e+01
1.960107207298278809e+00 -5.053322792053222656e+00 -1.069733619689941406e+01
-1.087727785110473633e+00 -2.405450344085693359e+00 -1.528184032440185547e+01
-1.307008743286132812e+00 -1.697510361671447754e+00 -1.534194469451904297e+01
2.141781330108642578e+00 -3.536302089691162109e+00 -1.149270057678222656e+01
8.844214677810668945e-01 -1.870224714279174805e+00 -1.348706817626953125e+01
7.971698641777038574e-01 -1.144229054450988770e+00 -1.333468437194824219e+01
-2.606509447097778320e+00 -1.778319954872131348e+00 -1.569923400878906250e+01
-2.676581144332885742e+00 -8.095604181289672852e-01 -1.564024734497070312e+01
-5.085097312927246094e+00 4.539754390716552734e-01 -1.588787555694580078e+01
-2.887282848358154297e+00 1.007115006446838379e+00 -1.536630821228027344e+01
-2.165086507797241211e+00 1.174615383148193359e+00 -1.512406730651855469e+01
-4.983310997486114502e-01 1.149714112281799316e+00 -1.389029312133789062e+01
-2.882699966430664062e+00 2.079786300659179688e+00 -1.503539943695068359e+01
-2.466239690780639648e+00 2.788590669631958008e+00 -1.464693737030029297e+01
2.703905582427978516e+00 -3.967244386672973633e+00 -1.033759784698486328e+01
3.520000696182250977e+00 -2.609414577484130859e+00 -1.011261177062988281e+01
3.011917114257812500e+00 -1.847506046295166016e+00 -1.085304069519042969e+01
9.639999866485595703e-01 -2.813212573528289795e-01 -1.281371879577636719e+01
1.482354283332824707e+00 6.893812678754329681e-03 -1.211049652099609375e+01
2.348573207855224609e+00 -2.178712934255599976e-01 -1.122728538513183594e+01
1.080714225769042969e+00 4.173723757266998291e-01 -1.233642482757568359e+01
-1.051134300231933594e+01 -9.664090275764465332e-01 -1.099363613128662109e+01
-9.966927528381347656e+00 6.856021285057067871e-01 -1.292275714874267578e+01
-1.030197715759277344e+01 -1.660808175802230835e-02 -1.048768234252929688e+01
-1.007176685333251953e+01 -1.219126358628273010e-01 -9.025206565856933594e+00
-9.725092887878417969e+00 5.424804687500000000e-01 -1.002882289886474609e+01
-9.963027954101562500e+00 9.229069948196411133e-01 -1.155295372009277344e+01
-9.433185577392578125e+00 2.033414363861083984e+00 -1.278554916381835938e+01
-8.820264816284179688e+00 1.394994258880615234e+00 -9.343862533569335938e+00
-8.415826797485351562e+00 2.396685361862182617e+00 -1.037664508819580078e+01
-8.196999549865722656e+00 1.153918743133544922e+00 -6.072248935699462891e+00
-7.958862304687500000e+00 1.589046835899353027e+00 -7.153856277465820312e+00
-8.280815124511718750e+00 1.877011418342590332e+00 -8.739764213562011719e+00
-7.898028850555419922e+00 2.545608282089233398e+00 -9.734097480773925781e+00
-6.295609474182128906e+00 2.695626974105834961e+00 -7.680609703063964844e+00
-6.211864471435546875e+00 3.005255937576293945e+00 -8.164124488830566406e+00
-8.635121345520019531e+00 2.202110528945922852e+00 -1.429378700256347656e+01
-8.036559104919433594e+00 2.230608224868774414e+00 -1.473320293426513672e+01
-7.636496543884277344e+00 3.441916465759277344e+00 -1.351454544067382812e+01
-6.654731273651123047e+00 4.263249397277832031e+00 -1.313888740539550781e+01
-6.100588321685791016e+00 1.894437074661254883e+00 -1.547666454315185547e+01
-5.844906330108642578e+00 2.184434652328491211e+00 -1.532803916931152344e+01
-5.170300483703613281e+00 3.966954469680786133e+00 -1.412297058105468750e+01
-4.614975452423095703e+00 3.960318565368652344e+00 -1.425009059906005859e+01
-5.867170333862304688e+00 3.769558191299438477e+00 -1.412657356262207031e+01
-8.272937774658203125e+00 3.282228469848632812e+00 -1.224867725372314453e+01
-6.242115497589111328e+00 4.412142276763916016e+00 -1.238272476196289062e+01
-5.555037498474121094e+00 4.380011081695556641e+00 -1.074557685852050781e+01
-3.388520479202270508e+00 4.233554840087890625e+00 -1.348959732055664062e+01
-3.170211553573608398e+00 4.295690536499023438e+00 -1.287173938751220703e+01
-5.219097614288330078e+00 4.433522701263427734e+00 -1.222109317779541016e+01
-4.468306064605712891e+00 4.635131835937500000e+00 -1.232772064208984375e+01
-3.216234445571899414e+00 4.686053276062011719e+00 -1.144459438323974609e+01
-4.957294464111328125e+00 4.785743236541748047e+00 -1.084968280792236328e+01
-3.795083761215209961e+00 4.892578125000000000e+00 -1.117292881011962891e+01
-6.638111591339111328e+00 3.680187463760375977e+00 -1.050407314300537109e+01
-5.929872989654541016e+00 3.621285438537597656e+00 -9.036795616149902344e+00
3.058138132095336914e+00 -1.892043948173522949e-01 -1.030264759063720703e+01
-1.389133483171463013e-01 1.529006600379943848e+00 -1.287849140167236328e+01
-2.114540100097656250e+00 3.221267461776733398e+00 -1.359598445892333984e+01
9.958631396293640137e-01 8.023300766944885254e-01 -1.168998432159423828e+01
-1.053906083106994629e+00 2.884820222854614258e+00 -1.233978843688964844e+01
-2.713626384735107422e+00 3.845996618270874023e+00 -1.327169799804687500e+01
-1.649101376533508301e+00 3.647503376007080078e+00 -1.187668037414550781e+01
1.143104648590087891e+01 -6.490464687347412109e+00 -3.364542245864868164e+00
1.332790756225585938e+01 -6.619898796081542969e+00 -1.715495347976684570e+00
1.117365837097167969e+01 -6.436634540557861328e+00 -8.239681720733642578e-01
1.097459602355957031e+01 -6.446178436279296875e+00 -2.583742141723632812e+00
1.434042453765869141e+01 -6.906414031982421875e+00 -5.013496398925781250e+00
1.198087024688720703e+01 -6.548537254333496094e+00 -3.968475580215454102e+00
1.268750476837158203e+01 -6.526419639587402344e+00 -5.467169761657714844e+00
1.314182853698730469e+01 -6.826489448547363281e+00 -3.654679536819458008e+00
1.561746788024902344e+01 -6.970503807067871094e+00 -3.582154750823974609e+00
1.604712867736816406e+01 -5.911154747009277344e+00 -4.172615051269531250e+00
1.624332809448242188e+01 -6.409766674041748047e+00 -1.153258562088012695e+00
1.635722160339355469e+01 -5.630970001220703125e+00 -2.047188997268676758e+00
1.458431720733642578e+01 -6.470286846160888672e+00 6.874155253171920776e-02
1.481208705902099609e+01 -6.876173019409179688e+00 -1.532744765281677246e+00
1.537828063964843750e+01 -6.074326992034912109e+00 9.824388027191162109e-01
1.483623123168945312e+01 -3.778974056243896484e+00 1.900514125823974609e+00
1.514741325378417969e+01 -4.050603389739990234e+00 8.488928079605102539e-01
1.436669158935546875e+01 -3.135216236114501953e+00 9.773094654083251953e-01
1.576858425140380859e+01 -4.870735168457031250e+00 -3.348852634429931641e+00
1.519955062866210938e+01 -4.002650737762451172e+00 -2.581531286239624023e+00
1.520421791076660156e+01 -3.882861375808715820e+00 -1.033572316169738770e+00
1.494473838806152344e+01 -3.563053846359252930e+00 -1.529521465301513672e+00
1.429323577880859375e+01 -2.768718242645263672e+00 -9.107791185379028320e-01
1.379215335845947266e+01 -6.699024200439453125e+00 -6.238061428070068359e+00
1.522860050201416016e+01 -5.905465126037597656e+00 -6.539796352386474609e+00
1.235249805450439453e+01 -6.404726028442382812e+00 -6.656764984130859375e+00
1.289082527160644531e+01 -5.868028163909912109e+00 -7.445693016052246094e+00
1.590751361846923828e+01 -5.808944702148437500e+00 -5.632867336273193359e+00
1.556892204284667969e+01 -5.054582118988037109e+00 -5.920852184295654297e+00
1.499307823181152344e+01 -4.391610622406005859e+00 -5.529394626617431641e+00
1.323263359069824219e+01 -5.475109100341796875e+00 -7.306931495666503906e+00
1.260513019561767578e+01 -4.921519756317138672e+00 -6.620268821716308594e+00
1.346407222747802734e+01 -4.435987949371337891e+00 -6.101100444793701172e+00
1.357934188842773438e+01 -3.350109577178955078e+00 -4.946898460388183594e+00
1.495076084136962891e+01 -3.691219806671142578e+00 -2.820876121520996094e+00
1.487003612518310547e+01 -3.720435380935668945e+00 -4.494915008544921875e+00
1.430524158477783203e+01 -2.885062217712402344e+00 -3.746124267578125000e+00
1.015749263763427734e+01 -5.979640483856201172e+00 -2.732053756713867188e+00
6.988189697265625000e+00 -4.738354206085205078e+00 -2.358072280883789062e+00
7.275893688201904297e+00 -4.806852340698242188e+00 -1.928220987319946289e+00
6.840364933013916016e+00 -4.685791015625000000e+00 -2.923690319061279297e+00
1.047916030883789062e+01 -6.272016525268554688e+00 -2.329421758651733398e+00
9.008537292480468750e+00 -5.504833221435546875e+00 -1.928076028823852539e+00
7.948168277740478516e+00 -5.071013450622558594e+00 -1.560204863548278809e+00
9.593783378601074219e+00 -5.501773357391357422e+00 -3.425621032714843750e+00
9.949141502380371094e+00 -5.512135982513427734e+00 -4.656357288360595703e+00
8.327292442321777344e+00 -4.963981151580810547e+00 -3.951798439025878906e+00
1.350714874267578125e+01 -2.081108331680297852e+00 -6.279722601175308228e-02
1.218170452117919922e+01 -7.062076926231384277e-01 -1.032347917556762695e+00
1.095736122131347656e+01 -5.918113231658935547e+00 -5.490132331848144531e+00
1.101521968841552734e+01 -5.380870819091796875e+00 -6.030903816223144531e+00
9.590071678161621094e+00 -5.040267467498779297e+00 -5.192826747894287109e+00
1.170222949981689453e+01 -4.659033298492431641e+00 -6.179847240447998047e+00
9.175444602966308594e+00 -4.295392036437988281e+00 -6.412104129791259766e+00
1.039164733886718750e+01 -3.509615182876586914e+00 -5.869342803955078125e+00
1.245247936248779297e+01 -3.647737026214599609e+00 -5.463654518127441406e+00
1.063790130615234375e+01 -3.164390802383422852e+00 -5.674938678741455078e+00
1.066271114349365234e+01 -2.239244461059570312e+00 -5.260165214538574219e+00
8.539889335632324219e+00 -3.667250394821166992e+00 -7.028873920440673828e+00
9.047599792480468750e+00 -3.061033725738525391e+00 -6.568773746490478516e+00
8.054141044616699219e+00 -2.021322727203369141e+00 -6.904864311218261719e+00
1.039942741394042969e+01 -1.577575445175170898e+00 -5.117102622985839844e+00
8.256220817565917969e+00 -1.689852118492126465e+00 -6.642879486083984375e+00
8.747202873229980469e+00 -4.654808342456817627e-01 -5.847658634185791016e+00
7.283277988433837891e+00 -1.542138159275054932e-01 -6.919433593750000000e+00
1.322166728973388672e+01 -2.110651493072509766e+00 -4.051475048065185547e+00
1.340399074554443359e+01 -1.615919947624206543e+00 -1.947071433067321777e+00
1.315533638000488281e+01 -1.304049849510192871e+00 -3.147897958755493164e+00
1.235492134094238281e+01 -3.905203938484191895e-01 -2.240642070770263672e+00
1.200237560272216797e+01 -1.070317029953002930e-01 -2.837462186813354492e+00
1.238230991363525391e+01 -1.892037153244018555e+00 -4.361323833465576172e+00
1.118936634063720703e+01 -1.210505366325378418e+00 -4.486260890960693359e+00
1.146303462982177734e+01 -5.588160157203674316e-01 -3.863967180252075195e+00
1.015266799926757812e+01 1.596666693687438965e+00 -1.742862105369567871e+00
9.265866279602050781e+00 2.390140533447265625e+00 -2.882799148559570312e+00
9.314562797546386719e+00 2.307504653930664062e+00 -3.348972797393798828e+00
8.556996345520019531e+00 2.946879386901855469e+00 -2.361445188522338867e+00
1.020525264739990234e+01 -8.945639729499816895e-01 -5.005099773406982422e+00
1.063459396362304688e+01 3.108824193477630615e-01 -4.121008396148681641e+00
8.368097305297851562e+00 1.412666738033294678e-01 -5.860154151916503906e+00
7.018365383148193359e+00 9.948328137397766113e-01 -6.430829524993896484e+00
1.395839881896972656e+01 -3.000133514404296875e+00 2.493143796920776367e+00
1.250726699829101562e+01 -1.971081972122192383e+00 2.820621967315673828e+00
1.126423549652099609e+01 -5.032245516777038574e-01 1.415777325630187988e+00
1.147042560577392578e+01 -3.754222989082336426e-01 2.891409993171691895e-01
9.971177101135253906e+00 4.919730126857757568e-02 3.140294313430786133e+00
8.840179443359375000e+00 1.323615312576293945e+00 2.716200590133666992e+00
9.434211730957031250e+00 1.000247120857238770e+00 2.117140531539916992e+00
7.300098419189453125e+00 2.335996150970458984e+00 3.123043537139892578e+00
7.139318466186523438e+00 2.921720266342163086e+00 1.921301841735839844e+00
9.845184326171875000e+00 1.174211502075195312e+00 3.802872300148010254e-01
1.004865169525146484e+01 1.480689167976379395e+00 -9.844759106636047363e-01
7.974244117736816406e+00 2.781659841537475586e+00 4.704493284225463867e-01
3.351685047149658203e+00 4.270026683807373047e+00 -3.401573300361633301e-01
6.213425636291503906e+00 3.646126508712768555e+00 3.219521343708038330e-01
5.480689048767089844e+00 4.056478977203369141e+00 -2.221045494079589844e+00
3.671709775924682617e+00 4.387851715087890625e+00 -6.783639788627624512e-01
2.847538471221923828e+00 3.822605848312377930e+00 -2.452967405319213867e+00
2.961900949478149414e+00 3.513669729232788086e+00 -3.326062917709350586e+00
-9.869523048400878906e-01 3.796018600463867188e+00 -7.634530663490295410e-01
2.149802207946777344e+00 3.145383358001708984e+00 -4.384494304656982422e+00
1.059543807059526443e-02 4.163681030273437500e+00 -3.142575740814208984e+00
3.083958923816680908e-01 3.712127685546875000e+00 -4.697598457336425781e+00
2.381327867507934570e+00 3.810685396194458008e+00 -2.564957141876220703e+00
5.102386951446533203e+00 -8.706343770027160645e-01 -8.893836021423339844e+00
2.945480108261108398e+00 3.128485381603240967e-01 -9.608264923095703125e+00
5.067214488983154297e+00 5.159231424331665039e-01 -8.115430831909179688e+00
3.645834684371948242e+00 5.687490701675415039e-01 -8.969264984130859375e+00
2.525456905364990234e+00 5.051082968711853027e-01 -9.801266670227050781e+00
1.547160267829895020e+00 1.851904392242431641e+00 -9.912137985229492188e+00
3.315418660640716553e-01 3.151986122131347656e+00 -9.157419204711914062e+00
1.125087663531303406e-01 3.004466772079467773e+00 -1.045841789245605469e+01
5.660710334777832031e+00 2.820477008819580078e+00 -4.856759548187255859e+00
6.167370319366455078e+00 1.899991035461425781e+00 -6.090936660766601562e+00
4.704927444458007812e+00 2.699526309967041016e+00 -5.246168613433837891e+00
4.803237915039062500e+00 2.398032426834106445e+00 -5.961036682128906250e+00
6.615293502807617188e+00 3.775802135467529297e+00 -2.717666149139404297e+00
6.589495658874511719e+00 1.295437932014465332e+00 -6.430485248565673828e+00
5.718760013580322266e+00 1.682137608528137207e+00 -6.605332851409912109e+00
4.866443634033203125e+00 1.794697165489196777e+00 -7.038868427276611328e+00
2.739623785018920898e+00 2.853443384170532227e+00 -5.060474872589111328e+00
2.819801330566406250e+00 2.096398353576660156e+00 -7.358960151672363281e+00
2.031516313552856445e+00 2.334608793258666992e+00 -6.811347961425781250e+00
9.634584933519363403e-02 3.305355787277221680e+00 -6.270875453948974609e+00
2.731391489505767822e-01 2.962209463119506836e+00 -7.758206367492675781e+00
3.039257228374481201e-01 3.034428358078002930e+00 -8.137188911437988281e+00
-3.296263217926025391e+00 3.399556875228881836e+00 -2.584940671920776367e+00
-5.632656574249267578e+00 3.067019939422607422e+00 -7.732243061065673828e+00
-4.807855129241943359e+00 3.484971046447753906e+00 -7.636111259460449219e+00
-4.258665084838867188e+00 3.353991270065307617e+00 -6.674350738525390625e+00
-2.166977167129516602e+00 3.285285711288452148e+00 -2.310942560434341431e-01
-1.890207648277282715e+00 3.755614042282104492e+00 -1.353223204612731934e+00
-1.528237938880920410e+00 4.098431587219238281e+00 -2.468124628067016602e+00
-1.353906154632568359e+00 4.393572807312011719e+00 -3.693306207656860352e+00
-1.182762861251831055e+00 4.401957035064697266e+00 -4.987049102783203125e+00
-4.799962997436523438e+00 4.080693721771240234e+00 -8.506122589111328125e+00
-4.504680633544921875e+00 4.558449745178222656e+00 -9.025718688964843750e+00
-1.981062054634094238e+00 4.464334487915039062e+00 -7.511476993560791016e+00
-3.349936485290527344e+00 4.460760116577148438e+00 -8.332243919372558594e+00
-1.540892243385314941e+00 3.654761314392089844e+00 -1.119958496093750000e+01
-1.228177189826965332e+00 3.509848117828369141e+00 -1.106382942199707031e+01
-3.827425956726074219e+00 4.855508327484130859e+00 -1.070579338073730469e+01
-2.047462224960327148e+00 4.183420181274414062e+00 -9.851037025451660156e+00
-3.110796213150024414e-01 3.483469247817993164e+00 -9.966770172119140625e+00
-2.159698247909545898e+00 4.560046195983886719e+00 -6.120708465576171875e+00
5.279349327087402344e+00 3.426642656326293945e+00 2.503400564193725586e+00
6.044974803924560547e+00 3.381035804748535156e+00 1.897616744041442871e+00
1.966713309288024902e+00 7.068555355072021484e-01 -1.028753089904785156e+01
-5.166280865669250488e-01 2.797574043273925781e+00 -1.161616992950439453e+01
4.420740008354187012e-01 2.527400732040405273e+00 -1.076977539062500000e+01
