1.559050679206848145e+00 -4.929526805877685547e+00 -2.710963726043701172e+00
2.275097846984863281e+00 -4.770517349243164062e+00 -1.917142868041992188e+00
1.512732267379760742e+00 -4.781794071197509766e+00 -2.304728746414184570e+00
-5.068872928619384766e+00 -8.108681678771972656e+00 -7.822142124176025391e+00
-4.999692916870117188e+00 -8.061829566955566406e+00 -1.156777667999267578e+01
-4.185008525848388672e+00 -8.321233749389648438e+00 -9.419545173645019531e+00
-7.270918846130371094e+00 -7.468226432800292969e+00 -7.058909416198730469e+00
-7.775202751159667969e+00 -7.350607395172119141e+00 -7.967243671417236328e+00
-5.692594528198242188e+00 -8.128863334655761719e+00 -9.823598861694335938e+00
-6.220839023590087891e+00 -7.997383117675781250e+00 -9.061526298522949219e+00
-6.481122970581054688e+00 -7.345040798187255859e+00 -1.205442714691162109e+01
-8.411262512207031250e+00 -6.366399288177490234e+00 -1.057606601715087891e+01
-8.334090232849121094e+00 -6.189045429229736328e+00 -1.129431629180908203e+01
-9.642824172973632812e+00 -5.266218662261962891e+00 -8.362914085388183594e+00
-1.005148029327392578e+01 -4.324271202087402344e+00 -8.715459823608398438e+00
-9.587439537048339844e+00 -4.641631126403808594e+00 -1.086704444885253906e+01
-8.219964027404785156e+00 -6.690042018890380859e+00 -5.445600509643554688e+00
-9.067117691040039062e+00 -6.090787410736083984e+00 -4.930337429046630859e+00
-7.967739105224609375e+00 -5.744491577148437500e+00 -3.404820680618286133e+00
-8.496658325195312500e+00 -5.227836608886718750e+00 -2.226263523101806641e+00
-6.957950115203857422e+00 -5.439741134643554688e+00 -3.112396240234375000e+00
-2.593738317489624023e+00 -5.030249118804931641e+00 -1.546643137931823730e+00
-3.373753547668457031e+00 -4.880542755126953125e+00 -5.817537307739257812e-01
-1.440467000007629395e+00 -4.991523742675781250e+00 -2.351765781641006470e-01
-7.379156589508056641e+00 -3.212279319763183594e+00 2.312280654907226562e+00
-5.355401992797851562e+00 -3.512129545211791992e+00 1.279541850090026855e+00
-3.860379219055175781e+00 -5.067535877227783203e+00 -2.135852813720703125e+00
-7.304188728332519531e+00 -4.796335220336914062e+00 -1.626683235168457031e+00
-6.307469844818115234e+00 -5.166523456573486328e+00 -2.786158323287963867e+00
-3.738466739654541016e+00 -4.412971496582031250e+00 1.351894438266754150e-01
-4.768092155456542969e+00 -7.278831481933593750e+00 -5.294338703155517578e+00
-4.545554161071777344e+00 -6.497666835784912109e+00 -4.090339660644531250e+00
-2.280519247055053711e+00 -7.654963493347167969e+00 -6.416619300842285156e+00
-2.884795427322387695e+00 -7.167205810546875000e+00 -5.066442489624023438e+00
-2.214629888534545898e+00 -7.176637649536132812e+00 -5.298388957977294922e+00
-1.356771349906921387e+00 -6.800569057464599609e+00 -5.043213367462158203e+00
-2.779853820800781250e+00 -6.776404857635498047e+00 -4.438929557800292969e+00
-5.267532348632812500e+00 -6.850196838378906250e+00 -4.678634643554687500e+00
-6.153844833374023438e+00 -7.666712760925292969e+00 -6.741812705993652344e+00
-8.704492568969726562e+00 -6.650379657745361328e+00 -6.454912662506103516e+00
-1.417947888374328613e+00 -4.980191707611083984e+00 -1.834208130836486816e+00
-9.358158111572265625e-01 -5.040908336639404297e+00 -2.275029659271240234e+00
-2.241974592208862305e+00 -5.124042510986328125e+00 -2.021827459335327148e+00
-3.515027463436126709e-01 -5.083683013916015625e+00 -1.195042014122009277e+00
6.301633119583129883e-01 -4.613501071929931641e+00 -1.594775438308715820e+00
-8.155105113983154297e-01 -5.402735710144042969e+00 -3.019320011138916016e+00
-8.868242613971233368e-03 -5.498604297637939453e+00 -3.343462467193603516e+00
6.058683991432189941e-01 -4.762020587921142578e+00 -2.123047351837158203e+00
-9.515191078186035156e+00 -4.812658309936523438e+00 -2.044662475585937500e+00
-9.939746856689453125e+00 -4.889508247375488281e+00 -4.680358409881591797e+00
-9.351583480834960938e+00 -5.580175399780273438e+00 -3.831279039382934570e+00
-1.019590377807617188e+01 -3.758892297744750977e+00 -3.287971019744873047e+00
-1.031930828094482422e+01 -3.584784746170043945e+00 -4.715856075286865234e+00
-9.119880676269531250e+00 -4.089577198028564453e+00 3.100654184818267822e-01
-9.780770301818847656e+00 -4.174022674560546875e+00 -1.408300638198852539e+00
-9.820017814636230469e+00 -3.232337236404418945e+00 -2.793840169906616211e-01
-9.598698616027832031e+00 -2.928116798400878906e+00 9.031896591186523438e-01
-9.112801551818847656e+00 -2.722487211227416992e+00 2.167814016342163086e+00
-9.278716087341308594e+00 -1.629890680313110352e+00 1.269584655761718750e+00
-1.017305469512939453e+01 -2.694678068161010742e+00 -2.523407459259033203e+00
-1.009768199920654297e+01 -1.608890652656555176e+00 -2.652346611022949219e+00
-9.464919090270996094e+00 -1.293593883514404297e+00 -8.874646425247192383e-01
-7.936779022216796875e+00 -4.179590046405792236e-01 -6.465392112731933594e-01
-1.006235027313232422e+01 -4.634748935699462891e+00 -5.545596122741699219e+00
-1.034722805023193359e+01 -3.650899410247802734e+00 -5.425083637237548828e+00
-1.053335571289062500e+01 -2.257098674774169922e+00 -5.301416397094726562e+00
-1.059069156646728516e+01 -2.097565889358520508e+00 -5.871916770935058594e+00
-1.008362102508544922e+01 -6.572694778442382812e-01 -5.353182792663574219e+00
-1.059020996093750000e+01 -2.842968702316284180e+00 -7.961444854736328125e+00
-1.071216011047363281e+01 -1.946749091148376465e+00 -8.886608123779296875e+00
-1.060184669494628906e+01 -8.101879954338073730e-01 -8.515917778015136719e+00
-9.952284812927246094e+00 -3.291265666484832764e-01 -6.704691410064697266e+00
-8.383023262023925781e+00 -2.019627690315246582e-01 -2.253208637237548828e+00
-6.926475048065185547e+00 1.702027440071105957e+00 -3.686589717864990234e+00
-9.017909049987792969e+00 3.879977762699127197e-01 -6.201391220092773438e+00
-7.577108860015869141e+00 1.441839933395385742e+00 -4.987028598785400391e+00
1.309716606140136719e+01 -5.322283267974853516e+00 4.759225368499755859e+00
1.352413463592529297e+01 -6.102003097534179688e+00 8.529298305511474609e-01
1.300114440917968750e+01 -5.887734413146972656e+00 1.537642478942871094e+00
1.484837055206298828e+01 -5.748282909393310547e+00 2.073533058166503906e+00
1.464592361450195312e+01 -4.849211215972900391e+00 3.245441675186157227e+00
1.190610027313232422e+01 -5.541273593902587891e+00 2.838955640792846680e+00
4.398022174835205078e+00 -1.089626073837280273e+00 5.065992832183837891e+00
5.256700038909912109e+00 -6.621288061141967773e-01 6.223895072937011719e+00
6.640309810638427734e+00 -4.817081928253173828e+00 -1.638835191726684570e+00
8.903812408447265625e+00 -6.222091197967529297e+00 -1.201629996299743652e+00
8.119289398193359375e+00 -6.134708881378173828e+00 -1.042231321334838867e+00
7.448220252990722656e+00 -6.215289592742919922e+00 -4.559091627597808838e-01
2.552227735519409180e+00 -5.413485527038574219e+00 4.118006229400634766e-01
4.290403366088867188e+00 -4.691106796264648438e+00 -1.484387397766113281e+00
5.161441802978515625e+00 -5.079412937164306641e+00 -1.148453712463378906e+00
2.303731203079223633e+00 -4.277621269226074219e+00 -1.253923654556274414e+00
4.110910415649414062e+00 -4.721053600311279297e+00 -1.265962839126586914e+00
5.107184410095214844e+00 -5.549089431762695312e+00 2.398082911968231201e-01
5.804508209228515625e+00 -5.949049472808837891e+00 -5.759807825088500977e-01
3.095540046691894531e+00 -5.481645107269287109e+00 -5.776078104972839355e-01
9.420104026794433594e+00 -5.053503036499023438e+00 3.166985511779785156e+00
9.914129257202148438e+00 -4.528088092803955078e+00 5.113756179809570312e+00
9.885623931884765625e+00 -4.694121360778808594e+00 4.412167549133300781e+00
8.596775054931640625e+00 -3.928306102752685547e+00 5.764236927032470703e+00
8.901107788085937500e+00 -4.872713088989257812e+00 3.254022359848022461e+00
9.012705802917480469e+00 -5.846685409545898438e+00 1.486797571182250977e+00
8.678356170654296875e+00 -6.045115470886230469e+00 9.862505197525024414e-01
5.517653465270996094e+00 -1.267548203468322754e+00 4.261304855346679688e+00
6.158412456512451172e+00 -3.650780916213989258e+00 2.490636110305786133e+00
5.589733600616455078e+00 -3.938453197479248047e+00 1.920716762542724609e+00
4.520985603332519531e+00 -1.862892150878906250e+00 3.159623622894287109e+00
4.618304252624511719e+00 -1.455862998962402344e+00 3.844753026962280273e+00
6.861705780029296875e+00 -2.396622419357299805e+00 4.558973789215087891e+00
6.635290145874023438e+00 -1.846865177154541016e+00 5.940089702606201172e+00
6.536819934844970703e+00 -5.420360088348388672e+00 9.805512428283691406e-01
1.195677375793457031e+01 -4.013911247253417969e+00 6.184574127197265625e+00
1.365926456451416016e+01 -4.361314296722412109e+00 4.778390407562255859e+00
1.251516532897949219e+01 -3.130777359008789062e+00 5.134579181671142578e+00
1.340453624725341797e+01 -3.136573553085327148e+00 3.391669750213623047e+00
7.644426345825195312e+00 -2.912904262542724609e+00 7.541943550109863281e+00
7.228229045867919922e+00 -2.242008924484252930e+00 7.326241016387939453e+00
4.212349891662597656e+00 -3.038991391658782959e-01 6.949773788452148438e+00
9.547386169433593750e+00 -4.027108669281005859e+00 7.046659946441650391e+00
1.028847980499267578e+01 -2.673813104629516602e+00 6.967445373535156250e+00
1.065935897827148438e+01 -2.145220518112182617e+00 5.954833984375000000e+00
8.559041023254394531e+00 -1.307952642440795898e+00 7.053802013397216797e+00
8.948278427124023438e+00 -9.471934437751770020e-01 5.850814819335937500e+00
1.102353191375732422e+01 -1.935855627059936523e+00 4.848779678344726562e+00
1.136634731292724609e+01 -1.750077247619628906e+00 3.738689661026000977e+00
6.554894447326660156e+00 -1.202386379241943359e+00 6.760728836059570312e+00
7.693468570709228516e+00 -6.763103604316711426e-01 6.798342227935791016e+00
7.015266895294189453e+00 2.320044785737991333e-01 6.000515937805175781e+00
6.273433685302734375e+00 3.306961432099342346e-02 6.260446071624755859e+00
5.672745704650878906e+00 1.112983226776123047e+00 5.706520080566406250e+00
8.070361137390136719e+00 4.627310335636138916e-01 4.732466220855712891e+00
5.734413623809814453e+00 2.219316244125366211e+00 4.282334804534912109e+00
6.125905990600585938e+00 2.301879167556762695e+00 3.811764955520629883e+00
-2.132980346679687500e+00 -2.792895317077636719e+00 3.780646085739135742e+00
-1.522240400314331055e+00 -3.795543909072875977e+00 1.670538663864135742e+00
-1.476351499557495117e+00 -4.646394729614257812e+00 3.939323723316192627e-01
-1.616023302078247070e+00 -2.855481863021850586e+00 3.506676912307739258e+00
-2.424921393394470215e-01 -2.653204441070556641e+00 2.390137672424316406e+00
-5.071579456329345703e+00 -3.476860046386718750e+00 1.471987485885620117e+00
-4.359101295471191406e+00 -3.314516544342041016e+00 2.207006454467773438e+00
-5.805395603179931641e+00 -2.596721649169921875e+00 3.395215749740600586e+00
-5.278887748718261719e+00 -3.017751932144165039e+00 2.539404630661010742e+00
-4.095157146453857422e+00 -2.824878215789794922e+00 3.385944604873657227e+00
-2.760147571563720703e+00 -1.617568731307983398e+00 4.885030746459960938e+00
-5.654609680175781250e+00 -1.267755985260009766e+00 4.709942340850830078e+00
-5.351659297943115234e+00 -7.374395728111267090e-01 4.910928726196289062e+00
2.532602310180664062e+00 -1.694288730621337891e+00 3.727822065353393555e+00
1.370225548744201660e+00 -8.691880106925964355e-01 4.176368236541748047e+00
-5.869066715240478516e-02 -1.179378390312194824e+00 3.677460193634033203e+00
1.083630323410034180e+00 -2.886739075183868408e-01 4.708024501800537109e+00
2.497887134552001953e+00 -1.001381993293762207e+00 5.368296623229980469e+00
3.489415407180786133e+00 -4.932753443717956543e-01 6.739438533782958984e+00
1.097088575363159180e+00 8.054454922676086426e-01 5.441571235656738281e+00
-3.227139949798583984e+00 -1.388226628303527832e+00 5.013899326324462891e+00
-4.246539592742919922e+00 3.005450367927551270e-01 5.011792659759521484e+00
-2.753064393997192383e+00 5.683324933052062988e-01 5.139985084533691406e+00
-1.175782680511474609e+00 1.624652504920959473e+00 4.415463447570800781e+00
-3.889428138732910156e+00 1.019919872283935547e+00 4.049200057983398438e+00
-3.825327396392822266e+00 1.423708677291870117e+00 2.891165018081665039e+00
-1.780975908041000366e-01 -5.097486019134521484e+00 -7.712714374065399170e-02
2.975132167339324951e-01 -4.953477859497070312e+00 -1.105409562587738037e-01
8.149151802062988281e-01 -4.957969665527343750e+00 4.097635671496391296e-02
1.647274017333984375e+00 -3.792062997817993164e+00 1.435997128486633301e+00
1.482098340988159180e+00 -4.989835262298583984e+00 5.907453894615173340e-01
1.621817946434020996e+00 -3.757626295089721680e+00 -1.355509042739868164e+00
1.889478564262390137e+00 -2.615338563919067383e+00 2.385358572006225586e+00
2.257050514221191406e+00 1.574392199516296387e+00 5.638354778289794922e+00
2.852187156677246094e+00 2.538582563400268555e+00 4.275831222534179688e+00
2.594301700592041016e+00 2.981350183486938477e+00 3.030910491943359375e+00
-8.670356273651123047e-01 2.489605665206909180e+00 2.624409198760986328e+00
-6.740492582321166992e-01 1.969114303588867188e+00 4.196510314941406250e+00
5.624980330467224121e-01 2.571450471878051758e+00 3.260940790176391602e+00
-1.730384230613708496e+00 3.176588535308837891e+00 1.109652742743492126e-01
-7.586080551147460938e+00 -2.459970474243164062e+00 3.556077480316162109e+00
-7.329070091247558594e+00 -1.424557685852050781e+00 4.218106269836425781e+00
-7.960648536682128906e+00 -8.142849802970886230e-01 2.907545804977416992e+00
-6.812308788299560547e+00 -1.161127567291259766e+00 4.463570594787597656e+00
-7.016049385070800781e+00 -3.693296611309051514e-01 3.060255289077758789e+00
-6.420022964477539062e+00 1.889512091875076294e-01 1.420260310173034668e+00
-6.219384193420410156e+00 1.391113996505737305e-01 2.391492128372192383e+00
-6.924348831176757812e+00 2.281446158885955811e-01 -8.148319125175476074e-01
-3.745181322097778320e+00 1.650488257408142090e+00 1.847571730613708496e+00
-5.362223148345947266e+00 2.015952348709106445e+00 -1.993080615997314453e+00
-3.648054122924804688e+00 3.036230325698852539e+00 -1.668139338493347168e+00
3.346431970596313477e+00 7.907419204711914062e-01 6.543907642364501953e+00
2.950335741043090820e+00 1.854339718818664551e+00 5.437205314636230469e+00
3.805602312088012695e+00 2.228416204452514648e+00 4.872966766357421875e+00
4.508968830108642578e+00 2.737497568130493164e+00 3.813628911972045898e+00
3.859948396682739258e+00 3.195426225662231445e+00 2.983973503112792969e+00
7.752360820770263672e+00 -4.880418777465820312e+00 -3.933082580566406250e+00
2.375071287155151367e+00 -5.069838047027587891e+00 -3.048694372177124023e+00
5.488857746124267578e+00 -4.723122119903564453e+00 -2.506362915039062500e+00
6.312790393829345703e+00 -4.671412467956542969e+00 -2.950242280960083008e+00
3.030519485473632812e+00 -5.005446434020996094e+00 -2.926933050155639648e+00
2.089480161666870117e+00 -5.928457260131835938e+00 -5.247858524322509766e+00
2.625066041946411133e+00 -5.805936813354492188e+00 -6.249588489532470703e+00
3.888540267944335938e+00 -5.139338016510009766e+00 -5.592576980590820312e+00
5.917411327362060547e+00 -4.806400775909423828e+00 -3.716240167617797852e+00
7.151899814605712891e+00 -4.945824623107910156e+00 -4.046154499053955078e+00
2.443096637725830078e+00 -5.620751857757568359e+00 -8.456049919128417969e+00
8.317856788635253906e+00 -4.961873054504394531e+00 -5.980443477630615234e+00
3.298861980438232422e+00 -5.329617977142333984e+00 -7.111680507659912109e+00
3.712297439575195312e+00 -4.721782684326171875e+00 -7.895077705383300781e+00
6.287009716033935547e+00 -5.064874649047851562e+00 -5.362812519073486328e+00
7.406945705413818359e+00 -4.922475814819335938e+00 -6.311359405517578125e+00
5.876437187194824219e+00 -4.173836708068847656e+00 -7.239553451538085938e+00
7.533576011657714844e+00 -4.026309967041015625e+00 -7.353760719299316406e+00
5.587612628936767578e+00 -3.862065076828002930e+00 -7.621352672576904297e+00
5.159015178680419922e+00 -2.839685916900634766e+00 -8.641056060791015625e+00
5.232642173767089844e+00 -2.082539319992065430e+00 -8.896222114562988281e+00
-3.349350690841674805e+00 -7.970823764801025391e+00 -1.205583667755126953e+01
-3.131043910980224609e+00 -8.215337753295898438e+00 -1.051674365997314453e+01
-3.961664676666259766e+00 -7.543897628784179688e+00 -1.315893268585205078e+01
-1.581921577453613281e+00 -6.563365459442138672e+00 -1.324202823638916016e+01
-3.557235479354858398e+00 -6.334263801574707031e+00 -1.445942783355712891e+01
-3.375900030136108398e+00 -5.280198574066162109e+00 -1.519127750396728516e+01
-6.631954669952392578e+00 -6.536970138549804688e+00 -1.317133712768554688e+01
-7.073000907897949219e+00 -6.212586879730224609e+00 -1.318880367279052734e+01
-7.758971691131591797e+00 -5.232830047607421875e+00 -1.367505836486816406e+01
-5.720374107360839844e+00 -7.132591247558593750e+00 -1.307819461822509766e+01
-8.474637985229492188e+00 -5.365250587463378906e+00 -1.256441211700439453e+01
-7.364934921264648438e+00 -4.564862251281738281e+00 -1.457274532318115234e+01
-4.151945590972900391e+00 -5.534358501434326172e+00 -1.502810001373291016e+01
-5.996586322784423828e+00 -4.381679058074951172e+00 -1.525594997406005859e+01
-2.712116718292236328e+00 -5.387341499328613281e+00 -1.501301288604736328e+01
-2.177912235260009766e+00 -4.295147895812988281e+00 -1.536862087249755859e+01
-3.723493814468383789e+00 -3.715467214584350586e+00 -1.575179862976074219e+01
-2.791478395462036133e+00 -3.186790227890014648e+00 -1.571424674987792969e+01
-4.990540504455566406e+00 -2.648483753204345703e+00 -1.593954181671142578e+01
-3.921824216842651367e+00 -1.504065632820129395e+00 -1.593484783172607422e+01
-9.300745010375976562e+00 -4.441108703613281250e+00 -1.222121620178222656e+01
-8.935597419738769531e+00 -4.000981330871582031e+00 -1.344451522827148438e+01
-9.911989212036132812e+00 -2.862291574478149414e+00 -1.234581375122070312e+01
-1.040168380737304688e+01 -1.438197493553161621e+00 -1.151808452606201172e+01
-8.550072669982910156e+00 -3.348677635192871094e+00 -1.435944652557373047e+01
-7.692964553833007812e+00 -2.965887308120727539e+00 -1.519663429260253906e+01
-9.822775840759277344e+00 -9.235847592353820801e-01 -1.328140735626220703e+01
-9.376527786254882812e+00 -3.260448276996612549e-01 -1.420153808593750000e+01
-8.488885879516601562e+00 -9.502186179161071777e-01 -1.507180595397949219e+01
-7.137235164642333984e+00 1.613200157880783081e-01 -1.576769828796386719e+01
-7.629155635833740234e+00 8.159208893775939941e-01 -1.553280639648437500e+01
-1.522172451019287109e+00 -7.555140018463134766e+00 -6.888082981109619141e+00
-4.212567210197448730e-01 -7.156174659729003906e+00 -8.631166458129882812e+00
7.330343127250671387e-02 -6.568120479583740234e+00 -5.588876724243164062e+00
6.190557479858398438e-01 -6.684792995452880859e+00 -6.756140708923339844e+00
-2.399699687957763672e-01 -6.930755138397216797e+00 -9.610404968261718750e+00
-5.077202990651130676e-02 -5.895570755004882812e+00 -1.240188407897949219e+01
1.352223277091979980e+00 -6.387747764587402344e+00 -6.417383670806884766e+00
2.020839214324951172e+00 -5.951177120208740234e+00 -8.189341545104980469e+00
-7.609143257141113281e-01 -5.087208747863769531e+00 -1.430325412750244141e+01
1.024545907974243164e+00 -4.963263988494873047e+00 -1.243744373321533203e+01
-1.231036901473999023e+00 -3.739873647689819336e+00 -1.520200824737548828e+01
-1.928540319204330444e-01 -3.007541179656982422e+00 -1.485898399353027344e+01
1.960381269454956055e+00 -5.053584575653076172e+00 -1.069670867919921875e+01
-1.088612794876098633e+00 -2.405496358871459961e+00 -1.528084945678710938e+01
-1.308006763458251953e+00 -1.697701215744018555e+00 -1.534033393859863281e+01
2.141843557357788086e+00 -3.536635875701904297e+00 -1.149203205108642578e+01
8.847714662551879883e-01 -1.870376110076904297e+00 -1.348702430725097656e+01
7.970620989799499512e-01 -1.144589900970458984e+00 -1.333432292938232422e+01
-2.607212543487548828e+00 -1.778589129447937012e+00 -1.569815635681152344e+01
-2.676992177963256836e+00 -8.097588419914245605e-01 -1.564018917083740234e+01
-5.086129665374755859e+00 4.546193778514862061e-01 -1.588695240020751953e+01
-2.887895822525024414e+00 1.007374286651611328e+00 -1.536601734161376953e+01
-2.165772199630737305e+00 1.174565196037292480e+00 -1.512317276000976562e+01
-4.991547763347625732e-01 1.149167060852050781e+00 -1.388876342773437500e+01
-2.883064270019531250e+00 2.080675601959228516e+00 -1.503469848632812500e+01
-2.467424392700195312e+00 2.788731575012207031e+00 -1.464422035217285156e+01
2.703765153884887695e+00 -3.968139410018920898e+00 -1.033640098571777344e+01
3.519517898559570312e+00 -2.611470460891723633e+00 -1.011040592193603516e+01
3.011027336120605469e+00 -1.849495768547058105e+00 -1.085144329071044922e+01
9.628320932388305664e-01 -2.824372947216033936e-01 -1.281173801422119141e+01
1.480326175689697266e+00 4.997422918677330017e-03 -1.210780715942382812e+01
2.345907926559448242e+00 -2.206137031316757202e-01 -1.122414207458496094e+01
1.078680038452148438e+00 4.153921902179718018e-01 -1.233360481262207031e+01
-1.051301574707031250e+01 -9.648732542991638184e-01 -1.099169826507568359e+01
-9.970023155212402344e+00 6.866254210472106934e-01 -1.291894340515136719e+01
-1.030410766601562500e+01 -1.404200308024883270e-02 -1.048506164550781250e+01
-1.007308673858642578e+01 -1.189988255500793457e-01 -9.023168563842773438e+00
-9.726816177368164062e+00 5.462031960487365723e-01 -1.002617549896240234e+01
-9.965154647827148438e+00 9.253902435302734375e-01 -1.155014038085937500e+01
-9.436602592468261719e+00 2.035884141921997070e+00 -1.278127098083496094e+01
-8.822338104248046875e+00 1.400462269783020020e+00 -9.340579032897949219e+00
-8.419740676879882812e+00 2.402073144912719727e+00 -1.037252044677734375e+01
-8.200748443603515625e+00 1.160299658775329590e+00 -6.067716121673583984e+00
-7.964008808135986328e+00 1.599764108657836914e+00 -7.147763252258300781e+00
-8.285955429077148438e+00 1.885644316673278809e+00 -8.734100341796875000e+00
-7.903228282928466797e+00 2.552564859390258789e+00 -9.728834152221679688e+00
-6.299800872802734375e+00 2.701099872589111328e+00 -7.676887512207031250e+00
-6.216709613800048828e+00 3.012082815170288086e+00 -8.159519195556640625e+00
-8.637862205505371094e+00 2.204981803894042969e+00 -1.428937816619873047e+01
-8.038691520690917969e+00 2.232125520706176758e+00 -1.472863769531250000e+01
-7.639786720275878906e+00 3.444720029830932617e+00 -1.350987243652343750e+01
-6.658457279205322266e+00 4.267696857452392578e+00 -1.313373565673828125e+01
-6.102309226989746094e+00 1.895955443382263184e+00 -1.547280788421630859e+01
-5.846752643585205078e+00 2.185355663299560547e+00 -1.532455158233642578e+01
-5.173006534576416016e+00 3.968306779861450195e+00 -1.411823654174804688e+01
-4.617151737213134766e+00 3.960717678070068359e+00 -1.424637985229492188e+01
-5.870063781738281250e+00 3.771589517593383789e+00 -1.412108802795410156e+01
-8.276970863342285156e+00 3.286348342895507812e+00 -1.224437808990478516e+01
-6.245877742767333984e+00 4.417796611785888672e+00 -1.237798786163330078e+01
-5.558705806732177734e+00 4.385365009307861328e+00 -1.074064922332763672e+01
-3.390769004821777344e+00 4.233116149902343750e+00 -1.348585987091064453e+01
-3.172952651977539062e+00 4.294887542724609375e+00 -1.286802673339843750e+01
-5.222687721252441406e+00 4.437589168548583984e+00 -1.221688747406005859e+01
-4.470952987670898438e+00 4.636042118072509766e+00 -1.232408046722412109e+01
-3.218972682952880859e+00 4.684944152832031250e+00 -1.144085025787353516e+01
-4.959887504577636719e+00 4.788980484008789062e+00 -1.084555435180664062e+01
-3.797492504119873047e+00 4.893140792846679688e+00 -1.116924667358398438e+01
-6.643207550048828125e+00 3.687290906906127930e+00 -1.049866199493408203e+01
-5.934577941894531250e+00 3.628586053848266602e+00 -9.031561851501464844e+00
3.053973674774169922e+00 -1.935096681118011475e-01 -1.029822826385498047e+01
-1.416230052709579468e-01 1.526555538177490234e+00 -1.287526035308837891e+01
-2.116427659988403320e+00 3.220375776290893555e+00 -1.359287643432617188e+01
9.923664331436157227e-01 7.985949516296386719e-01 -1.168617248535156250e+01
-1.056745886802673340e+00 2.882534980773925781e+00 -1.233619213104248047e+01
-2.715873956680297852e+00 3.845204353332519531e+00 -1.326816272735595703e+01
-1.652304410934448242e+00 3.645617961883544922e+00 -1.187312221527099609e+01
1.142968559265136719e+01 -6.461277484893798828e+00 -3.319405317306518555e+00
1.331380367279052734e+01 -6.615940093994140625e+00 -1.642205119132995605e+00
1.116918182373046875e+01 -6.418666839599609375e+00 -7.944077253341674805e-01
1.097029972076416016e+01 -6.416834354400634766e+00 -2.545083999633789062e+00
1.434381866455078125e+01 -6.894896030426025391e+00 -4.951246261596679688e+00
1.198459815979003906e+01 -6.511444568634033203e+00 -3.919690847396850586e+00
1.269241046905517578e+01 -6.497683048248291016e+00 -5.413446426391601562e+00
1.314122200012207031e+01 -6.812259674072265625e+00 -3.596919775009155273e+00
1.561435127258300781e+01 -6.967194080352783203e+00 -3.512548685073852539e+00
1.605305671691894531e+01 -5.907347202301025391e+00 -4.100406169891357422e+00
1.622676467895507812e+01 -6.424349784851074219e+00 -1.071187615394592285e+00
1.635678100585937500e+01 -5.636867046356201172e+00 -1.961405992507934570e+00
1.455734634399414062e+01 -6.477721691131591797e+00 1.523651778697967529e-01
1.479841423034667969e+01 -6.875082969665527344e+00 -1.461201906204223633e+00
1.533838748931884766e+01 -6.112063884735107422e+00 1.088679075241088867e+00
1.474406051635742188e+01 -3.918447256088256836e+00 2.114205598831176758e+00
1.510455131530761719e+01 -4.104096889495849609e+00 9.983960986137390137e-01
1.429231548309326172e+01 -3.245410203933715820e+00 1.157257556915283203e+00
1.578802013397216797e+01 -4.867182254791259766e+00 -3.268407821655273438e+00
1.521437740325927734e+01 -4.000738620758056641e+00 -2.487610578536987305e+00
1.519523429870605469e+01 -3.901046276092529297e+00 -9.217084646224975586e-01
1.495024013519287109e+01 -3.576286792755126953e+00 -1.426680564880371094e+00
1.430043601989746094e+01 -2.805635690689086914e+00 -7.988055944442749023e-01
1.380096817016601562e+01 -6.683548450469970703e+00 -6.176927566528320312e+00
1.524020385742187500e+01 -5.895423412322998047e+00 -6.474641323089599609e+00
1.236010360717773438e+01 -6.395070075988769531e+00 -6.601370811462402344e+00
1.290263652801513672e+01 -5.861906051635742188e+00 -7.385773658752441406e+00
1.591992187500000000e+01 -5.803608894348144531e+00 -5.562052726745605469e+00
1.558938598632812500e+01 -5.045211791992187500e+00 -5.850705146789550781e+00
1.501428318023681641e+01 -4.383253097534179688e+00 -5.456436634063720703e+00
1.324427318572998047e+01 -5.469048023223876953e+00 -7.240616798400878906e+00
1.261557483673095703e+01 -4.919003009796142578e+00 -6.555961608886718750e+00
1.347378635406494141e+01 -4.438074111938476562e+00 -6.028183460235595703e+00
1.359596633911132812e+01 -3.352669239044189453e+00 -4.872052192687988281e+00
1.497464179992675781e+01 -3.688065290451049805e+00 -2.732710838317871094e+00
1.489731597900390625e+01 -3.714154720306396484e+00 -4.417634010314941406e+00
1.433934020996093750e+01 -2.875970840454101562e+00 -3.668899059295654297e+00
1.015435600280761719e+01 -5.953344821929931641e+00 -2.697385787963867188e+00
6.981822490692138672e+00 -4.728565692901611328e+00 -2.339728593826293945e+00
7.267862796783447266e+00 -4.794856548309326172e+00 -1.907721877098083496e+00
6.834605693817138672e+00 -4.676101207733154297e+00 -2.906289577484130859e+00
1.047491359710693359e+01 -6.243911266326904297e+00 -2.294695377349853516e+00
9.004444122314453125e+00 -5.481452465057373047e+00 -1.898907661437988281e+00
7.940920352935791016e+00 -5.055617809295654297e+00 -1.535309076309204102e+00
9.591451644897460938e+00 -5.480291366577148438e+00 -3.391662597656250000e+00
9.948296546936035156e+00 -5.489452838897705078e+00 -4.617533683776855469e+00
8.323804855346679688e+00 -4.949421882629394531e+00 -3.924595594406127930e+00
1.350959777832031250e+01 -2.138208866119384766e+00 5.305864661931991577e-02
1.216311740875244141e+01 -8.095690608024597168e-01 -9.554359912872314453e-01
1.095778560638427734e+01 -5.896291732788085938e+00 -5.444795131683349609e+00
1.101808834075927734e+01 -5.371782779693603516e+00 -5.980901718139648438e+00
9.586889266967773438e+00 -5.029421806335449219e+00 -5.159116268157958984e+00
1.170866870880126953e+01 -4.658382892608642578e+00 -6.120444774627685547e+00
9.176865577697753906e+00 -4.293507575988769531e+00 -6.382426738739013672e+00
1.039389324188232422e+01 -3.511657238006591797e+00 -5.826712131500244141e+00
1.245890426635742188e+01 -3.652491092681884766e+00 -5.393196105957031250e+00
1.063752937316894531e+01 -3.172450065612792969e+00 -5.618380546569824219e+00
1.065975952148437500e+01 -2.250276088714599609e+00 -5.202431678771972656e+00
8.541099548339843750e+00 -3.667462587356567383e+00 -7.007114887237548828e+00
9.046658515930175781e+00 -3.064833641052246094e+00 -6.537858486175537109e+00
8.052692413330078125e+00 -2.023963212966918945e+00 -6.890969753265380859e+00
1.039563655853271484e+01 -1.586942195892333984e+00 -5.070440292358398438e+00
8.252746582031250000e+00 -1.696469426155090332e+00 -6.620795726776123047e+00
8.744964599609375000e+00 -4.738184809684753418e-01 -5.822765350341796875e+00
7.278545856475830078e+00 -1.629890203475952148e-01 -6.905783653259277344e+00
1.325207328796386719e+01 -2.105103731155395508e+00 -3.985415458679199219e+00
1.342744159698486328e+01 -1.642154097557067871e+00 -1.856330513954162598e+00
1.319417762756347656e+01 -1.299563646316528320e+00 -3.082609415054321289e+00
1.236715698242187500e+01 -4.296490252017974854e-01 -2.170287370681762695e+00
1.203078079223632812e+01 -1.199477389454841614e-01 -2.784742593765258789e+00
1.239577293395996094e+01 -1.901630520820617676e+00 -4.297149181365966797e+00
1.119996643066406250e+01 -1.219092488288879395e+00 -4.433512210845947266e+00
1.148677253723144531e+01 -5.612165331840515137e-01 -3.820352554321289062e+00
1.015356445312500000e+01 1.542156934738159180e+00 -1.710064172744750977e+00
9.280611991882324219e+00 2.361839532852172852e+00 -2.860131263732910156e+00
9.328583717346191406e+00 2.300470113754272461e+00 -3.338339567184448242e+00
8.566170692443847656e+00 2.921199560165405273e+00 -2.352471590042114258e+00
1.020522403717041016e+01 -9.029343724250793457e-01 -4.970397949218750000e+00
1.064998531341552734e+01 3.084615468978881836e-01 -4.099413871765136719e+00
8.365258216857910156e+00 1.324984133243560791e-01 -5.844841003417968750e+00
7.013377189636230469e+00 9.845871925354003906e-01 -6.420017242431640625e+00
1.380877017974853516e+01 -3.236673116683959961e+00 2.734781503677368164e+00
1.237286281585693359e+01 -2.244132280349731445e+00 3.042112112045288086e+00
1.118574714660644531e+01 -7.388878464698791504e-01 1.559370398521423340e+00
1.139858913421630859e+01 -5.814118981361389160e-01 3.722195923328399658e-01
9.887429237365722656e+00 -2.615882456302642822e-01 3.297702789306640625e+00
8.804138183593750000e+00 1.057933926582336426e+00 2.734676837921142578e+00
9.368423461914062500e+00 7.418608069419860840e-01 2.194724798202514648e+00
7.277102470397949219e+00 2.091747283935546875e+00 3.062380075454711914e+00
7.127040863037109375e+00 2.732243061065673828e+00 1.887806296348571777e+00
9.772498130798339844e+00 9.548709392547607422e-01 4.303684532642364502e-01
1.001541519165039062e+01 1.321205854415893555e+00 -9.351295232772827148e-01
7.969193935394287109e+00 2.655932188034057617e+00 4.649606347084045410e-01
3.349589347839355469e+00 4.269246578216552734e+00 -3.444658219814300537e-01
6.206201553344726562e+00 3.551505327224731445e+00 2.947902381420135498e-01
5.476173400878906250e+00 4.035073757171630859e+00 -2.222519636154174805e+00
3.668930530548095703e+00 4.383159637451171875e+00 -6.818249821662902832e-01
2.845088481903076172e+00 3.813543558120727539e+00 -2.453086614608764648e+00
2.956020116806030273e+00 3.501606225967407227e+00 -3.322730302810668945e+00
-9.885421991348266602e-01 3.798174619674682617e+00 -7.617289423942565918e-01
2.143388509750366211e+00 3.135508775711059570e+00 -4.380265235900878906e+00
7.655704859644174576e-03 4.160987854003906250e+00 -3.140192985534667969e+00
3.038084805011749268e-01 3.706658363342285156e+00 -4.694525718688964844e+00
2.377289533615112305e+00 3.802185535430908203e+00 -2.562944650650024414e+00
5.098706722259521484e+00 -8.763391375541687012e-01 -8.888654708862304688e+00
2.938436985015869141e+00 3.049041926860809326e-01 -9.601449966430664062e+00
5.058326244354248047e+00 5.017455220222473145e-01 -8.103848457336425781e+00
3.638044118881225586e+00 5.585840940475463867e-01 -8.962058067321777344e+00
2.518763780593872070e+00 4.982289075851440430e-01 -9.795369148254394531e+00
1.543091773986816406e+00 1.846517205238342285e+00 -9.908305168151855469e+00
3.268999755382537842e-01 3.145835876464843750e+00 -9.153597831726074219e+00
1.088097840547561646e-01 2.999727487564086914e+00 -1.045444297790527344e+01
5.652981281280517578e+00 2.803016901016235352e+00 -4.851177215576171875e+00
6.158436775207519531e+00 1.881930112838745117e+00 -6.082301616668701172e+00
4.697140216827392578e+00 2.682866573333740234e+00 -5.238105297088623047e+00
4.792376995086669922e+00 2.375737667083740234e+00 -5.949968338012695312e+00
6.609618186950683594e+00 3.744666814804077148e+00 -2.714344978332519531e+00
6.582684993743896484e+00 1.281963706016540527e+00 -6.420898437500000000e+00
5.707661628723144531e+00 1.663871765136718750e+00 -6.593584537506103516e+00
4.853775024414062500e+00 1.771384835243225098e+00 -7.025203704833984375e+00
2.732246875762939453e+00 2.842504739761352539e+00 -5.054649353027343750e+00
2.811879396438598633e+00 2.083797931671142578e+00 -7.352632522583007812e+00
2.024143934249877930e+00 2.323896646499633789e+00 -6.806629657745361328e+00
9.194727241992950439e-02 3.300347328186035156e+00 -6.267641067504882812e+00
2.680516541004180908e-01 2.956233978271484375e+00 -7.754476547241210938e+00
2.991354167461395264e-01 3.028230190277099609e+00 -8.133853912353515625e+00
-3.297596931457519531e+00 3.402227878570556641e+00 -2.583669900894165039e+00
-5.635451316833496094e+00 3.069572687149047852e+00 -7.729739189147949219e+00
-4.810406684875488281e+00 3.488222599029541016e+00 -7.633561134338378906e+00
-4.259367465972900391e+00 3.354707002639770508e+00 -6.673185825347900391e+00
-2.168610334396362305e+00 3.289312601089477539e+00 -2.280235588550567627e-01
-1.891225695610046387e+00 3.757096529006958008e+00 -1.351813435554504395e+00
-1.529439806938171387e+00 4.101061820983886719e+00 -2.466013193130493164e+00
-1.355540871620178223e+00 4.394986152648925781e+00 -3.691449880599975586e+00
-1.184644818305969238e+00 4.401706695556640625e+00 -4.984762191772460938e+00
-4.802586555480957031e+00 4.084897994995117188e+00 -8.502220153808593750e+00
-4.507537364959716797e+00 4.561058521270751953e+00 -9.021886825561523438e+00
-1.982823491096496582e+00 4.464022636413574219e+00 -7.509130001068115234e+00
-3.352171421051025391e+00 4.461722850799560547e+00 -8.329420089721679688e+00
-1.543976545333862305e+00 3.652313232421875000e+00 -1.119643306732177734e+01
-1.231708765029907227e+00 3.506436586380004883e+00 -1.106057262420654297e+01
-3.830022573471069336e+00 4.856504917144775391e+00 -1.070235252380371094e+01
-2.050000190734863281e+00 4.181851863861083984e+00 -9.848045349121093750e+00
-3.142741024494171143e-01 3.479227542877197266e+00 -9.963457107543945312e+00
-2.161434173583984375e+00 4.561711311340332031e+00 -6.118769168853759766e+00
5.262797355651855469e+00 3.235796213150024414e+00 2.385937690734863281e+00
6.025526523590087891e+00 3.182245969772338867e+00 1.820942401885986328e+00
1.961024761199951172e+00 7.008987665176391602e-01 -1.028242111206054688e+01
-5.199922919273376465e-01 2.794274806976318359e+00 -1.161231327056884766e+01
4.383649230003356934e-01 2.522793531417846680e+00 -1.076567935943603516e+01
