1.561271429061889648e+00 -4.937364101409912109e+00 -2.710699558258056641e+00
2.277945756912231445e+00 -4.787820816040039062e+00 -1.918094992637634277e+00
1.515524148941040039e+00 -4.793829917907714844e+00 -2.304639101028442383e+00
-5.068874835968017578e+00 -8.108665466308593750e+00 -7.822141170501708984e+00
-4.999064922332763672e+00 -8.062342643737792969e+00 -1.156763935089111328e+01
-4.185002326965332031e+00 -8.321170806884765625e+00 -9.419445991516113281e+00
-7.270834445953369141e+00 -7.468528747558593750e+00 -7.059103012084960938e+00
-7.774982452392578125e+00 -7.350860118865966797e+00 -7.967365264892578125e+00
-5.692133903503417969e+00 -8.129130363464355469e+00 -9.823505401611328125e+00
-6.220652580261230469e+00 -7.997638702392578125e+00 -9.061534881591796875e+00
-6.480296134948730469e+00 -7.345835685729980469e+00 -1.205433559417724609e+01
-8.410489082336425781e+00 -6.367222309112548828e+00 -1.057614231109619141e+01
-8.332803726196289062e+00 -6.190173625946044922e+00 -1.129446983337402344e+01
-9.642429351806640625e+00 -5.267356395721435547e+00 -8.363092422485351562e+00
-1.005129814147949219e+01 -4.325805664062500000e+00 -8.715972900390625000e+00
-9.586933135986328125e+00 -4.644099235534667969e+00 -1.086770725250244141e+01
-8.219992637634277344e+00 -6.690644264221191406e+00 -5.445637702941894531e+00
-9.067424774169921875e+00 -6.092174053192138672e+00 -4.930303573608398438e+00
-7.968122482299804688e+00 -5.745337963104248047e+00 -3.404648303985595703e+00
-8.496967315673828125e+00 -5.227724075317382812e+00 -2.226448535919189453e+00
-6.958316326141357422e+00 -5.440255641937255859e+00 -3.112408399581909180e+00
-2.593743801116943359e+00 -5.031430244445800781e+00 -1.547378420829772949e+00
-3.374165296554565430e+00 -4.882428646087646484e+00 -5.823238492012023926e-01
-1.441106319427490234e+00 -4.995733737945556641e+00 -2.363864630460739136e-01
-7.379813671112060547e+00 -3.211181879043579102e+00 2.311470746994018555e+00
-5.355968952178955078e+00 -3.512378215789794922e+00 1.278894543647766113e+00
-3.860375165939331055e+00 -5.068293094635009766e+00 -2.136295318603515625e+00
-7.304386615753173828e+00 -4.796432971954345703e+00 -1.626713156700134277e+00
-6.307660102844238281e+00 -5.166927814483642578e+00 -2.786400079727172852e+00
-3.739302396774291992e+00 -4.414947509765625000e+00 1.348887681961059570e-01
-4.768131732940673828e+00 -7.278955459594726562e+00 -5.294696331024169922e+00
-4.545617580413818359e+00 -6.498084068298339844e+00 -4.090760707855224609e+00
-2.280331850051879883e+00 -7.655755996704101562e+00 -6.416937828063964844e+00
-2.884768486022949219e+00 -7.167639255523681641e+00 -5.066996097564697266e+00
-2.214400768280029297e+00 -7.177687168121337891e+00 -5.298918247222900391e+00
-1.356177806854248047e+00 -6.802764892578125000e+00 -5.043511390686035156e+00
-2.779795408248901367e+00 -6.777042865753173828e+00 -4.439534187316894531e+00
-5.267665863037109375e+00 -6.850465774536132812e+00 -4.678854465484619141e+00
-6.153884410858154297e+00 -7.666838645935058594e+00 -6.742026805877685547e+00
-8.704555511474609375e+00 -6.651185989379882812e+00 -6.454982757568359375e+00
-1.417002916336059570e+00 -4.982985019683837891e+00 -1.834841966629028320e+00
-9.344877600669860840e-01 -5.044890880584716797e+00 -2.275384902954101562e+00
-2.241370916366577148e+00 -5.125597000122070312e+00 -2.022533655166625977e+00
-3.510569930076599121e-01 -5.090952396392822266e+00 -1.195807218551635742e+00
6.333909630775451660e-01 -4.625010967254638672e+00 -1.595019459724426270e+00
-8.145372867584228516e-01 -5.404971599578857422e+00 -3.019549369812011719e+00
-8.024133741855621338e-03 -5.502277374267578125e+00 -3.343737363815307617e+00
6.077699661254882812e-01 -4.769090652465820312e+00 -2.123064517974853516e+00
-9.515498161315917969e+00 -4.813426971435546875e+00 -2.044661760330200195e+00
-9.939788818359375000e+00 -4.891064167022705078e+00 -4.680141925811767578e+00
-9.351594924926757812e+00 -5.581384658813476562e+00 -3.831183195114135742e+00
-1.019566631317138672e+01 -3.759922027587890625e+00 -3.288233995437622070e+00
-1.031907272338867188e+01 -3.586112260818481445e+00 -4.715954780578613281e+00
-9.119985580444335938e+00 -4.087505817413330078e+00 3.094450831413269043e-01
-9.781035423278808594e+00 -4.174237251281738281e+00 -1.408417105674743652e+00
-9.820236206054687500e+00 -3.231760740280151367e+00 -2.798986732959747314e-01
-9.599222183227539062e+00 -2.927039146423339844e+00 9.025271534919738770e-01
-9.113257408142089844e+00 -2.721960306167602539e+00 2.167362451553344727e+00
-9.279107093811035156e+00 -1.630097866058349609e+00 1.269507169723510742e+00
-1.017299747467041016e+01 -2.695055723190307617e+00 -2.523691892623901367e+00
-1.009759140014648438e+01 -1.608950614929199219e+00 -2.652342557907104492e+00
-9.464747428894042969e+00 -1.293569684028625488e+00 -8.879498243331909180e-01
-7.936427593231201172e+00 -4.187473356723785400e-01 -6.465875506401062012e-01
-1.006294059753417969e+01 -4.635804176330566406e+00 -5.545574665069580078e+00
-1.034731960296630859e+01 -3.652494907379150391e+00 -5.425146102905273438e+00
-1.053337478637695312e+01 -2.258176565170288086e+00 -5.301578998565673828e+00
-1.059120559692382812e+01 -2.099802732467651367e+00 -5.872080326080322266e+00
-1.008408546447753906e+01 -6.580107212066650391e-01 -5.353683948516845703e+00
-1.059018516540527344e+01 -2.844770908355712891e+00 -7.961807727813720703e+00
-1.071195793151855469e+01 -1.949109435081481934e+00 -8.887414932250976562e+00
-1.060144138336181641e+01 -8.143185973167419434e-01 -8.517479896545410156e+00
-9.952166557312011719e+00 -3.327623605728149414e-01 -6.706013202667236328e+00
-8.383105278015136719e+00 -2.026265412569046021e-01 -2.253515958786010742e+00
-6.926804542541503906e+00 1.702190160751342773e+00 -3.687219619750976562e+00
-9.017503738403320312e+00 3.841973841190338135e-01 -6.202579975128173828e+00
-7.577050209045410156e+00 1.438056468963623047e+00 -4.988656520843505859e+00
1.316839885711669922e+01 -5.709871768951416016e+00 4.758440971374511719e+00
1.353916740417480469e+01 -6.253267288208007812e+00 8.543781638145446777e-01
1.302171134948730469e+01 -6.107481956481933594e+00 1.558501958847045898e+00
1.488741683959960938e+01 -5.963338375091552734e+00 2.054655790328979492e+00
1.469549655914306641e+01 -5.122057437896728516e+00 3.228266000747680664e+00
1.193379020690917969e+01 -5.843149185180664062e+00 2.881899595260620117e+00
4.372915744781494141e+00 -1.288957715034484863e+00 5.071671485900878906e+00
5.211353778839111328e+00 -1.003792762756347656e+00 6.234260559082031250e+00
6.647902965545654297e+00 -4.877598285675048828e+00 -1.643002748489379883e+00
8.907712936401367188e+00 -6.294818878173828125e+00 -1.195542335510253906e+00
8.122307777404785156e+00 -6.214238166809082031e+00 -1.039472699165344238e+00
7.449849605560302734e+00 -6.275254726409912109e+00 -4.552682638168334961e-01
2.553028345108032227e+00 -5.426128387451171875e+00 4.079241454601287842e-01
4.294612884521484375e+00 -4.719976425170898438e+00 -1.486745834350585938e+00
5.166326522827148438e+00 -5.118702411651611328e+00 -1.151275634765625000e+00
2.308321952819824219e+00 -4.297536373138427734e+00 -1.255575180053710938e+00
4.115735530853271484e+00 -4.748262882232666016e+00 -1.269012928009033203e+00
5.107995510101318359e+00 -5.578631877899169922e+00 2.368167191743850708e-01
5.804862976074218750e+00 -5.996603965759277344e+00 -5.784912705421447754e-01
3.096307992935180664e+00 -5.504016876220703125e+00 -5.786544084548950195e-01
9.430682182312011719e+00 -5.270927429199218750e+00 3.225728750228881836e+00
9.903298377990722656e+00 -5.106903553009033203e+00 5.315160751342773438e+00
9.883724212646484375e+00 -5.120758056640625000e+00 4.520098686218261719e+00
8.602015495300292969e+00 -4.322112083435058594e+00 5.834651947021484375e+00
8.908954620361328125e+00 -5.023092746734619141e+00 3.295940160751342773e+00
9.015490531921386719e+00 -5.940098762512207031e+00 1.502876520156860352e+00
8.680258750915527344e+00 -6.103941917419433594e+00 9.902095794677734375e-01
5.511002540588378906e+00 -1.435862302780151367e+00 4.257134437561035156e+00
6.168440341949462891e+00 -3.712673902511596680e+00 2.477574110031127930e+00
5.593805313110351562e+00 -3.977593898773193359e+00 1.914521336555480957e+00
4.520776271820068359e+00 -1.918686509132385254e+00 3.152217149734497070e+00
4.609685897827148438e+00 -1.558120131492614746e+00 3.851095199584960938e+00
6.885015010833740234e+00 -2.555044174194335938e+00 4.545654296875000000e+00
6.617624759674072266e+00 -2.153216123580932617e+00 5.860905647277832031e+00
6.542255401611328125e+00 -5.468376636505126953e+00 9.755900502204895020e-01
1.199861145019531250e+01 -4.537819862365722656e+00 6.272775650024414062e+00
1.370288276672363281e+01 -4.713516235351562500e+00 4.770835876464843750e+00
1.253127288818359375e+01 -3.525689125061035156e+00 5.137430191040039062e+00
1.342140483856201172e+01 -3.411310195922851562e+00 3.394580125808715820e+00
7.646165847778320312e+00 -3.248012065887451172e+00 7.373457908630371094e+00
7.226367473602294922e+00 -2.714598417282104492e+00 7.103138923645019531e+00
4.158820629119873047e+00 -5.913661122322082520e-01 6.949244022369384766e+00
9.520103454589843750e+00 -4.599718570709228516e+00 7.525166988372802734e+00
1.026033020019531250e+01 -3.250707864761352539e+00 7.081403732299804688e+00
1.065022754669189453e+01 -2.670482873916625977e+00 5.938088893890380859e+00
8.534214019775390625e+00 -1.821076631546020508e+00 6.864407062530517578e+00
8.930430412292480469e+00 -1.391226410865783691e+00 5.768477439880371094e+00
1.101445388793945312e+01 -2.341126203536987305e+00 4.823961734771728516e+00
1.137415313720703125e+01 -2.042351484298706055e+00 3.727192640304565430e+00
6.512231826782226562e+00 -1.667070150375366211e+00 6.654621601104736328e+00
7.660905838012695312e+00 -1.200480222702026367e+00 6.612216472625732422e+00
6.980752468109130859e+00 -1.471885442733764648e-01 6.001943111419677734e+00
6.224197387695312500e+00 -3.634106516838073730e-01 6.251889705657958984e+00
5.652469635009765625e+00 8.194921612739562988e-01 5.733467578887939453e+00
8.042157173156738281e+00 1.243461370468139648e-01 4.717970848083496094e+00
5.736820697784423828e+00 2.004000186920166016e+00 4.312864303588867188e+00
6.117645263671875000e+00 2.101061105728149414e+00 3.820118188858032227e+00
-2.135761976242065430e+00 -2.802365064620971680e+00 3.780343294143676758e+00
-1.524633407592773438e+00 -3.804464817047119141e+00 1.668800711631774902e+00
-1.477826952934265137e+00 -4.653024196624755859e+00 3.929099142551422119e-01
-1.620835900306701660e+00 -2.870440483093261719e+00 3.504603147506713867e+00
-2.500552237033843994e-01 -2.666966199874877930e+00 2.383898496627807617e+00
-5.072340965270996094e+00 -3.477081298828125000e+00 1.470959901809692383e+00
-4.360098838806152344e+00 -3.316112995147705078e+00 2.205830335617065430e+00
-5.806253910064697266e+00 -2.597911834716796875e+00 3.394904136657714844e+00
-5.279856681823730469e+00 -3.018500328063964844e+00 2.538629055023193359e+00
-4.096789360046386719e+00 -2.828925132751464844e+00 3.384971857070922852e+00
-2.760812520980834961e+00 -1.623958706855773926e+00 4.883280277252197266e+00
-5.655077934265136719e+00 -1.269388556480407715e+00 4.709792137145996094e+00
-5.351458072662353516e+00 -7.395735383033752441e-01 4.910845756530761719e+00
2.511609792709350586e+00 -1.768080353736877441e+00 3.720332145690917969e+00
1.357546806335449219e+00 -9.245627522468566895e-01 4.165989875793457031e+00
-6.840665638446807861e-02 -1.201241850852966309e+00 3.670079708099365234e+00
1.075706481933593750e+00 -3.558582663536071777e-01 4.694760322570800781e+00
2.463141202926635742e+00 -1.141320347785949707e+00 5.358583450317382812e+00
3.442483901977539062e+00 -6.986575722694396973e-01 6.735554218292236328e+00
1.097637653350830078e+00 7.252129316329956055e-01 5.410905361175537109e+00
-3.227310419082641602e+00 -1.392450809478759766e+00 5.011957645416259766e+00
-4.245607852935791016e+00 2.979971766471862793e-01 5.010624408721923828e+00
-2.751276254653930664e+00 5.613054037094116211e-01 5.135407447814941406e+00
-1.171752929687500000e+00 1.609740972518920898e+00 4.406361579895019531e+00
-3.889487981796264648e+00 1.017725706100463867e+00 4.048565864562988281e+00
-3.825423479080200195e+00 1.422234296798706055e+00 2.890147209167480469e+00
-1.794159859418869019e-01 -5.104295730590820312e+00 -7.857074588537216187e-02
2.964030206203460693e-01 -4.963596343994140625e+00 -1.130940467119216919e-01
8.143045902252197266e-01 -4.973103046417236328e+00 3.643697127699851990e-02
1.641808986663818359e+00 -3.812953472137451172e+00 1.428056120872497559e+00
1.480654835700988770e+00 -5.007204055786132812e+00 5.839926004409790039e-01
1.627384185791015625e+00 -3.773352861404418945e+00 -1.356708168983459473e+00
1.878585815429687500e+00 -2.646805047988891602e+00 2.378090143203735352e+00
2.263119220733642578e+00 1.395143866539001465e+00 5.585889816284179688e+00
2.860783338546752930e+00 2.403501749038696289e+00 4.258624076843261719e+00
2.598973512649536133e+00 2.938419818878173828e+00 3.031509637832641602e+00
-8.648321628570556641e-01 2.476633548736572266e+00 2.620002746582031250e+00
-6.677801609039306641e-01 1.938896536827087402e+00 4.182892322540283203e+00
5.669516324996948242e-01 2.537546634674072266e+00 3.251662254333496094e+00
-1.729495763778686523e+00 3.173786163330078125e+00 1.089550629258155823e-01
-7.586514949798583984e+00 -2.460207939147949219e+00 3.555612087249755859e+00
-7.329490184783935547e+00 -1.425374269485473633e+00 4.218185901641845703e+00
-7.961134433746337891e+00 -8.143034577369689941e-01 2.907480001449584961e+00
-6.812602043151855469e+00 -1.162202596664428711e+00 4.463788032531738281e+00
-7.016660213470458984e+00 -3.682050108909606934e-01 3.060663700103759766e+00
-6.420122146606445312e+00 1.882760822772979736e-01 1.420709013938903809e+00
-6.219643115997314453e+00 1.388176083564758301e-01 2.391698360443115234e+00
-6.924015045166015625e+00 2.280388176441192627e-01 -8.148258328437805176e-01
-3.745790719985961914e+00 1.649900794029235840e+00 1.847348928451538086e+00
-5.362297058105468750e+00 2.014874458312988281e+00 -1.993284463882446289e+00
-3.647194385528564453e+00 3.032919406890869141e+00 -1.669484257698059082e+00
3.324172258377075195e+00 5.729007720947265625e-01 6.533284664154052734e+00
2.951744318008422852e+00 1.655479669570922852e+00 5.413987159729003906e+00
3.807103633880615234e+00 2.018667459487915039e+00 4.873386859893798828e+00
4.518015384674072266e+00 2.592308998107910156e+00 3.830712080001831055e+00
3.871593952178955078e+00 3.129415750503540039e+00 3.000268459320068359e+00
7.758854866027832031e+00 -4.940132141113281250e+00 -3.933540105819702148e+00
2.377257108688354492e+00 -5.080499172210693359e+00 -3.048293352127075195e+00
5.494335651397705078e+00 -4.756232261657714844e+00 -2.507441997528076172e+00
6.319493293762207031e+00 -4.712260246276855469e+00 -2.950308561325073242e+00
3.033074378967285156e+00 -5.021599292755126953e+00 -2.927178144454956055e+00
2.090302467346191406e+00 -5.933841228485107422e+00 -5.248268127441406250e+00
2.625877380371093750e+00 -5.810808658599853516e+00 -6.250283241271972656e+00
3.889567136764526367e+00 -5.145166873931884766e+00 -5.593315601348876953e+00
5.922049999237060547e+00 -4.832015037536621094e+00 -3.717516660690307617e+00
7.156422138214111328e+00 -4.988842010498046875e+00 -4.048079490661621094e+00
2.443443059921264648e+00 -5.622786045074462891e+00 -8.456750869750976562e+00
8.320719718933105469e+00 -5.000046253204345703e+00 -5.982861042022705078e+00
3.300074338912963867e+00 -5.334604263305664062e+00 -7.112714767456054688e+00
3.713635921478271484e+00 -4.726115226745605469e+00 -7.896297454833984375e+00
6.288350582122802734e+00 -5.084046363830566406e+00 -5.364871025085449219e+00
7.408478736877441406e+00 -4.945047378540039062e+00 -6.312912940979003906e+00
5.878615856170654297e+00 -4.188134193420410156e+00 -7.241120338439941406e+00
7.536246776580810547e+00 -4.043694496154785156e+00 -7.353448867797851562e+00
5.590442657470703125e+00 -3.871399879455566406e+00 -7.622984409332275391e+00
5.161464214324951172e+00 -2.845164060592651367e+00 -8.641641616821289062e+00
5.234273433685302734e+00 -2.084851980209350586e+00 -8.896590232849121094e+00
-3.349054813385009766e+00 -7.971471786499023438e+00 -1.205578517913818359e+01
-3.130987882614135742e+00 -8.215475082397460938e+00 -1.051662445068359375e+01
-3.961005210876464844e+00 -7.544942855834960938e+00 -1.315896415710449219e+01
-1.581515550613403320e+00 -6.564299583435058594e+00 -1.324224662780761719e+01
-3.556551933288574219e+00 -6.335907936096191406e+00 -1.445981979370117188e+01
-3.374774932861328125e+00 -5.283348560333251953e+00 -1.519281578063964844e+01
-6.631094455718994141e+00 -6.538285732269287109e+00 -1.317142581939697266e+01
-7.072064399719238281e+00 -6.214481353759765625e+00 -1.318939399719238281e+01
-7.758179664611816406e+00 -5.234961986541748047e+00 -1.367617321014404297e+01
-5.719417572021484375e+00 -7.133639335632324219e+00 -1.307800006866455078e+01
-8.473553657531738281e+00 -5.367379665374755859e+00 -1.256483364105224609e+01
-7.364114761352539062e+00 -4.567777156829833984e+00 -1.457464408874511719e+01
-4.151110649108886719e+00 -5.537146568298339844e+00 -1.502936172485351562e+01
-5.995774745941162109e+00 -4.384948730468750000e+00 -1.525789356231689453e+01
-2.711243152618408203e+00 -5.389736652374267578e+00 -1.501383495330810547e+01
-2.177253246307373047e+00 -4.297523975372314453e+00 -1.536963653564453125e+01
-3.722707748413085938e+00 -3.718693733215332031e+00 -1.575326156616210938e+01
-2.790577888488769531e+00 -3.188691616058349609e+00 -1.571614074707031250e+01
-4.990290641784667969e+00 -2.651701211929321289e+00 -1.594046401977539062e+01
-3.921266317367553711e+00 -1.506433010101318359e+00 -1.593626594543457031e+01
-9.300415039062500000e+00 -4.444054603576660156e+00 -1.222229099273681641e+01
-8.934880256652832031e+00 -4.005105495452880859e+00 -1.344641208648681641e+01
-9.911726951599121094e+00 -2.866246700286865234e+00 -1.234738540649414062e+01
-1.040146636962890625e+01 -1.442018628120422363e+00 -1.152019596099853516e+01
-8.549575805664062500e+00 -3.353024482727050781e+00 -1.436124992370605469e+01
-7.692479133605957031e+00 -2.969729900360107422e+00 -1.519834518432617188e+01
-9.822885513305664062e+00 -9.288478493690490723e-01 -1.328391838073730469e+01
-9.377534866333007812e+00 -3.341217041015625000e-01 -1.420437526702880859e+01
-8.488398551940917969e+00 -9.558899402618408203e-01 -1.507416820526123047e+01
-7.136433124542236328e+00 1.564105004072189331e-01 -1.577049064636230469e+01
-7.629192829132080078e+00 8.081937432289123535e-01 -1.553574657440185547e+01
-1.521652579307556152e+00 -7.556838035583496094e+00 -6.888483524322509766e+00
-4.209205210208892822e-01 -7.157357692718505859e+00 -8.631556510925292969e+00
7.380734384059906006e-02 -6.570392131805419922e+00 -5.589479923248291016e+00
6.194303035736083984e-01 -6.687013149261474609e+00 -6.756673812866210938e+00
-2.398438751697540283e-01 -6.930799007415771484e+00 -9.610610961914062500e+00
-5.052251741290092468e-02 -5.895835876464843750e+00 -1.240194892883300781e+01
1.352780699729919434e+00 -6.391414642333984375e+00 -6.417999267578125000e+00
2.021313667297363281e+00 -5.953655719757080078e+00 -8.189920425415039062e+00
-7.602111101150512695e-01 -5.088424205780029297e+00 -1.430374240875244141e+01
1.024772286415100098e+00 -4.963798999786376953e+00 -1.243768024444580078e+01
-1.230443000793457031e+00 -3.741350412368774414e+00 -1.520262908935546875e+01
-1.924245655536651611e-01 -3.008410692214965820e+00 -1.485960292816162109e+01
1.960440993309020996e+00 -5.054584980010986328e+00 -1.069693374633789062e+01
-1.087916135787963867e+00 -2.406758308410644531e+00 -1.528189563751220703e+01
-1.307517409324645996e+00 -1.698748707771301270e+00 -1.534106159210205078e+01
2.142261028289794922e+00 -3.537395238876342773e+00 -1.149244499206542969e+01
8.849174976348876953e-01 -1.870864510536193848e+00 -1.348697757720947266e+01
7.971633672714233398e-01 -1.145309329032897949e+00 -1.333453464508056641e+01
-2.606624364852905273e+00 -1.780321359634399414e+00 -1.569886779785156250e+01
-2.676651477813720703e+00 -8.106961846351623535e-01 -1.564064311981201172e+01
-5.084837913513183594e+00 4.512690603733062744e-01 -1.588895416259765625e+01
-2.887399911880493164e+00 1.005516767501831055e+00 -1.536664295196533203e+01
-2.164810180664062500e+00 1.172744035720825195e+00 -1.512421131134033203e+01
-4.979981780052185059e-01 1.147455811500549316e+00 -1.388991737365722656e+01
-2.882935047149658203e+00 2.077316999435424805e+00 -1.503559207916259766e+01
-2.466755151748657227e+00 2.785150051116943359e+00 -1.464632892608642578e+01
2.704758644104003906e+00 -3.969549179077148438e+00 -1.033706760406494141e+01
3.522116422653198242e+00 -2.614178419113159180e+00 -1.011162376403808594e+01
3.013353347778320312e+00 -1.851118683815002441e+00 -1.085302352905273438e+01
9.642847180366516113e-01 -2.839820683002471924e-01 -1.281322479248046875e+01
1.482830405235290527e+00 2.825543051585555077e-03 -1.210994148254394531e+01
2.348621368408203125e+00 -2.224792540073394775e-01 -1.122644519805908203e+01
1.081282854080200195e+00 4.131715297698974609e-01 -1.233583354949951172e+01
-1.051241016387939453e+01 -9.708931446075439453e-01 -1.099348545074462891e+01
-9.969777107238769531e+00 6.792907714843750000e-01 -1.292165660858154297e+01
-1.030371570587158203e+01 -2.122423052787780762e-02 -1.048717594146728516e+01
-1.007235622406005859e+01 -1.257127374410629272e-01 -9.024891853332519531e+00
-9.726349830627441406e+00 5.364752411842346191e-01 -1.002824974060058594e+01
-9.964753150939941406e+00 9.164774417877197266e-01 -1.155248737335205078e+01
-9.435254096984863281e+00 2.024626731872558594e+00 -1.278436374664306641e+01
-8.820445060729980469e+00 1.389194607734680176e+00 -9.343209266662597656e+00
-8.416776657104492188e+00 2.388656854629516602e+00 -1.037611865997314453e+01
-8.198779106140136719e+00 1.154813170433044434e+00 -6.070436000823974609e+00
-7.960251808166503906e+00 1.587643623352050781e+00 -7.152507781982421875e+00
-8.281952857971191406e+00 1.872215270996093750e+00 -8.739195823669433594e+00
-7.899607658386230469e+00 2.538239955902099609e+00 -9.733663558959960938e+00
-6.297310352325439453e+00 2.691837072372436523e+00 -7.679752826690673828e+00
-6.213071346282958984e+00 2.999040842056274414e+00 -8.163668632507324219e+00
-8.637186050415039062e+00 2.194423437118530273e+00 -1.429188156127929688e+01
-8.038113594055175781e+00 2.221501827239990234e+00 -1.473121261596679688e+01
-7.638164043426513672e+00 3.430160045623779297e+00 -1.351185989379882812e+01
-6.657341480255126953e+00 4.252537727355957031e+00 -1.313697624206542969e+01
-6.101469993591308594e+00 1.889574646949768066e+00 -1.547654914855957031e+01
-5.846075534820556641e+00 2.178752660751342773e+00 -1.532659244537353516e+01
-5.172526359558105469e+00 3.960001230239868164e+00 -1.412133789062500000e+01
-4.616982936859130859e+00 3.955407619476318359e+00 -1.424918746948242188e+01
-5.869435310363769531e+00 3.761518478393554688e+00 -1.412417316436767578e+01
-8.274250030517578125e+00 3.272438526153564453e+00 -1.224734497070312500e+01
-6.244726181030273438e+00 4.403677463531494141e+00 -1.238222026824951172e+01
-5.557430744171142578e+00 4.371416091918945312e+00 -1.074500179290771484e+01
-3.390289306640625000e+00 4.228171825408935547e+00 -1.348884391784667969e+01
-3.171945571899414062e+00 4.289167404174804688e+00 -1.287087821960449219e+01
-5.221677303314208984e+00 4.425793647766113281e+00 -1.222068119049072266e+01
-4.470663547515869141e+00 4.627695083618164062e+00 -1.232687187194824219e+01
-3.218350648880004883e+00 4.678272247314453125e+00 -1.144388103485107422e+01
-4.959742546081542969e+00 4.776991844177246094e+00 -1.084937667846679688e+01
-3.797171354293823242e+00 4.884249210357666016e+00 -1.117237663269042969e+01
-6.640415668487548828e+00 3.671666145324707031e+00 -1.050342369079589844e+01
-5.931880474090576172e+00 3.612938880920410156e+00 -9.036417961120605469e+00
3.056538105010986328e+00 -1.966666132211685181e-01 -1.030024909973144531e+01
-1.387657076120376587e-01 1.524183034896850586e+00 -1.287763690948486328e+01
-2.114576578140258789e+00 3.217043399810791016e+00 -1.359562969207763672e+01
9.948892593383789062e-01 7.959023714065551758e-01 -1.168839454650878906e+01
-1.054200291633605957e+00 2.879400730133056641e+00 -1.233878421783447266e+01
-2.714663505554199219e+00 3.840536355972290039e+00 -1.327080535888671875e+01
-1.650590062141418457e+00 3.640979290008544922e+00 -1.187572288513183594e+01
1.143263435363769531e+01 -6.551424503326416016e+00 -3.318752765655517578e+00
1.332264900207519531e+01 -6.713677883148193359e+00 -1.648140311241149902e+00
1.117262935638427734e+01 -6.462539672851562500e+00 -7.940350174903869629e-01
1.097389030456542969e+01 -6.496508598327636719e+00 -2.542316436767578125e+00
1.435358238220214844e+01 -6.955789089202880859e+00 -4.955241680145263672e+00
1.198595237731933594e+01 -6.614614009857177734e+00 -3.919175624847412109e+00
1.269752788543701172e+01 -6.587763786315917969e+00 -5.412902355194091797e+00
1.314842796325683594e+01 -6.886473655700683594e+00 -3.601599693298339844e+00
1.562456035614013672e+01 -7.025664806365966797e+00 -3.522880077362060547e+00
1.605920982360839844e+01 -5.955622673034667969e+00 -4.106377601623535156e+00
1.623738288879394531e+01 -6.488599777221679688e+00 -1.089593291282653809e+00
1.636547660827636719e+01 -5.694407939910888672e+00 -1.971411943435668945e+00
1.457314872741699219e+01 -6.581298351287841797e+00 1.394168734550476074e-01
1.481046390533447266e+01 -6.948244094848632812e+00 -1.472886085510253906e+00
1.536094665527343750e+01 -6.225526809692382812e+00 1.066436290740966797e+00
1.476537132263183594e+01 -4.095308780670166016e+00 2.117987632751464844e+00
1.511955070495605469e+01 -4.217039585113525391e+00 9.930785894393920898e-01
1.430703163146972656e+01 -3.370113372802734375e+00 1.159140467643737793e+00
1.579428482055664062e+01 -4.915691375732421875e+00 -3.273105859756469727e+00
1.522137641906738281e+01 -4.050734519958496094e+00 -2.490828514099121094e+00
1.520427799224853516e+01 -3.963407039642333984e+00 -9.258199334144592285e-01
1.495960903167724609e+01 -3.628173351287841797e+00 -1.427722692489624023e+00
1.430905532836914062e+01 -2.873835563659667969e+00 -7.923365235328674316e-01
1.380987167358398438e+01 -6.748295783996582031e+00 -6.177345275878906250e+00
1.524954319000244141e+01 -5.947057247161865234e+00 -6.471587657928466797e+00
1.236967277526855469e+01 -6.460712432861328125e+00 -6.600521564483642578e+00
1.291275310516357422e+01 -5.916339874267578125e+00 -7.381561279296875000e+00
1.592683029174804688e+01 -5.846990108489990234e+00 -5.565276145935058594e+00
1.560384368896484375e+01 -5.086201190948486328e+00 -5.857398033142089844e+00
1.502981662750244141e+01 -4.418469429016113281e+00 -5.462705612182617188e+00
1.325297451019287109e+01 -5.520878314971923828e+00 -7.234676837921142578e+00
1.262604904174804688e+01 -4.970605850219726562e+00 -6.547274112701416016e+00
1.348453140258789062e+01 -4.480718612670898438e+00 -6.026456832885742188e+00
1.360880565643310547e+01 -3.388900279998779297e+00 -4.870019912719726562e+00
1.498520088195800781e+01 -3.731410980224609375e+00 -2.733740568161010742e+00
1.491231250762939453e+01 -3.748785257339477539e+00 -4.420932292938232422e+00
1.435521411895751953e+01 -2.908993244171142578e+00 -3.667038440704345703e+00
1.015710735321044922e+01 -6.038434982299804688e+00 -2.697308540344238281e+00
6.988899230957031250e+00 -4.790190696716308594e+00 -2.340834379196166992e+00
7.275948524475097656e+00 -4.867770195007324219e+00 -1.911237478256225586e+00
6.841243743896484375e+00 -4.726234912872314453e+00 -2.906623840332031250e+00
1.047785091400146484e+01 -6.322385311126708984e+00 -2.293543100357055664e+00
9.005935668945312500e+00 -5.566306591033935547e+00 -1.899970293045043945e+00
7.945473194122314453e+00 -5.135796546936035156e+00 -1.538243412971496582e+00
9.593003273010253906e+00 -5.564556121826171875e+00 -3.393021345138549805e+00
9.950509071350097656e+00 -5.574921607971191406e+00 -4.618380069732666016e+00
8.328007698059082031e+00 -5.021743297576904297e+00 -3.925078630447387695e+00
1.352302265167236328e+01 -2.205500841140747070e+00 6.569014489650726318e-02
1.216145420074462891e+01 -8.766882419586181641e-01 -9.463035464286804199e-01
1.096192550659179688e+01 -5.984224796295166016e+00 -5.444895744323730469e+00
1.102795696258544922e+01 -5.435819149017333984e+00 -5.978028774261474609e+00
9.594125747680664062e+00 -5.091388702392578125e+00 -5.159110069274902344e+00
1.171683406829833984e+01 -4.710650920867919922e+00 -6.112082004547119141e+00
9.182390213012695312e+00 -4.330794811248779297e+00 -6.377891063690185547e+00
1.039991092681884766e+01 -3.552213668823242188e+00 -5.819264888763427734e+00
1.246792316436767578e+01 -3.693262577056884766e+00 -5.387196540832519531e+00
1.064495372772216797e+01 -3.208164691925048828e+00 -5.612722396850585938e+00
1.066947555541992188e+01 -2.277562618255615234e+00 -5.200051307678222656e+00
8.544229507446289062e+00 -3.690457582473754883e+00 -7.001950263977050781e+00
9.051861763000488281e+00 -3.089317798614501953e+00 -6.533306598663330078e+00
8.055652618408203125e+00 -2.036276817321777344e+00 -6.889188289642333984e+00
1.040715312957763672e+01 -1.610425233840942383e+00 -5.070095539093017578e+00
8.257992744445800781e+00 -1.711470484733581543e+00 -6.619055271148681641e+00
8.751140594482421875e+00 -4.880400002002716064e-01 -5.821301937103271484e+00
7.283112525939941406e+00 -1.705221384763717651e-01 -6.906430721282958984e+00
1.326298427581787109e+01 -2.139178991317749023e+00 -3.977416038513183594e+00
1.344047641754150391e+01 -1.687347769737243652e+00 -1.846144318580627441e+00
1.321294307708740234e+01 -1.322059154510498047e+00 -3.071311473846435547e+00
1.238006019592285156e+01 -4.572439491748809814e-01 -2.154411554336547852e+00
1.204763984680175781e+01 -1.355361938476562500e-01 -2.773951530456542969e+00
1.240734958648681641e+01 -1.927504181861877441e+00 -4.290985107421875000e+00
1.121149635314941406e+01 -1.239741802215576172e+00 -4.429886341094970703e+00
1.150072193145751953e+01 -5.768562555313110352e-01 -3.814641714096069336e+00
1.015135192871093750e+01 1.513782262802124023e+00 -1.695630073547363281e+00
9.286640167236328125e+00 2.345890522003173828e+00 -2.850411653518676758e+00
9.330224037170410156e+00 2.288852930068969727e+00 -3.330835580825805664e+00
8.565872192382812500e+00 2.900328397750854492e+00 -2.344667434692382812e+00
1.021427059173583984e+01 -9.188393950462341309e-01 -4.968947410583496094e+00
1.065886688232421875e+01 2.969115972518920898e-01 -4.095956325531005859e+00
8.369732856750488281e+00 1.253395676612854004e-01 -5.843770980834960938e+00
7.016421318054199219e+00 9.775688648223876953e-01 -6.418993949890136719e+00
1.382492542266845703e+01 -3.446753978729248047e+00 2.739129304885864258e+00
1.239956188201904297e+01 -2.451914787292480469e+00 3.047823667526245117e+00
1.118545246124267578e+01 -9.043965935707092285e-01 1.557339310646057129e+00
1.137508010864257812e+01 -7.091069221496582031e-01 3.751220107078552246e-01
9.861473083496093750e+00 -5.492936968803405762e-01 3.284974336624145508e+00
8.776284217834472656e+00 8.213037848472595215e-01 2.732050895690917969e+00
9.331645965576171875e+00 5.313404202461242676e-01 2.191232442855834961e+00
7.258763313293457031e+00 1.870842218399047852e+00 3.059338808059692383e+00
7.121868133544921875e+00 2.584855079650878906e+00 1.895279288291931152e+00
9.749109268188476562e+00 8.231020569801330566e-01 4.342003762722015381e-01
1.000010871887207031e+01 1.231949448585510254e+00 -9.225163459777832031e-01
7.969316005706787109e+00 2.569004297256469727e+00 4.725313484668731689e-01
3.351462125778198242e+00 4.268558025360107422e+00 -3.412063419818878174e-01
6.209885597229003906e+00 3.511596441268920898e+00 3.017953038215637207e-01
5.477777957916259766e+00 4.028145313262939453e+00 -2.217930555343627930e+00
3.671808719635009766e+00 4.381220817565917969e+00 -6.776219010353088379e-01
2.846305608749389648e+00 3.811572790145874023e+00 -2.451711654663085938e+00
2.957466125488281250e+00 3.497120380401611328e+00 -3.322614431381225586e+00
-9.880500435829162598e-01 3.793596744537353516e+00 -7.642233371734619141e-01
2.143766164779663086e+00 3.129533052444458008e+00 -4.380002498626708984e+00
9.248137474060058594e-03 4.159296989440917969e+00 -3.141427516937255859e+00
3.056661486625671387e-01 3.706951856613159180e+00 -4.696014881134033203e+00
2.378494262695312500e+00 3.800231456756591797e+00 -2.562988281250000000e+00
5.101412296295166016e+00 -8.804323673248291016e-01 -8.890455245971679688e+00
2.940319776535034180e+00 3.001772761344909668e-01 -9.603930473327636719e+00
5.061235427856445312e+00 4.954726994037628174e-01 -8.105072021484375000e+00
3.639799833297729492e+00 5.522157549858093262e-01 -8.962721824645996094e+00
2.520851135253906250e+00 4.941416978836059570e-01 -9.797425270080566406e+00
1.545158982276916504e+00 1.843585491180419922e+00 -9.909865379333496094e+00
3.295673429965972900e-01 3.144033432006835938e+00 -9.155508995056152344e+00
1.112177073955535889e-01 2.997164726257324219e+00 -1.045689296722412109e+01
5.650198936462402344e+00 2.795309066772460938e+00 -4.849130630493164062e+00
6.159867286682128906e+00 1.875574588775634766e+00 -6.081098079681396484e+00
4.697265148162841797e+00 2.677895784378051758e+00 -5.239902019500732422e+00
4.795105457305908203e+00 2.369253873825073242e+00 -5.951982021331787109e+00
6.607489109039306641e+00 3.731670618057250977e+00 -2.709537982940673828e+00
6.584340095520019531e+00 1.274926185607910156e+00 -6.419173240661621094e+00
5.710571289062500000e+00 1.655321598052978516e+00 -6.593138217926025391e+00
4.856926918029785156e+00 1.764966726303100586e+00 -7.026968002319335938e+00
2.733187198638916016e+00 2.835658550262451172e+00 -5.054492950439453125e+00
2.812651634216308594e+00 2.077878475189208984e+00 -7.353025913238525391e+00
2.025299072265625000e+00 2.320961952209472656e+00 -6.807291030883789062e+00
9.378933161497116089e-02 3.299191951751708984e+00 -6.269141674041748047e+00
2.700047194957733154e-01 2.954338550567626953e+00 -7.756088733673095703e+00
3.016498088836669922e-01 3.026131153106689453e+00 -8.135205268859863281e+00
-3.297164678573608398e+00 3.398400306701660156e+00 -2.584881544113159180e+00
-5.633537769317626953e+00 3.060990333557128906e+00 -7.732584953308105469e+00
-4.808502197265625000e+00 3.480483531951904297e+00 -7.636126995086669922e+00
-4.258536815643310547e+00 3.351069450378417969e+00 -6.674577713012695312e+00
-2.167263507843017578e+00 3.285901784896850586e+00 -2.306479811668395996e-01
-1.890857458114624023e+00 3.754180669784545898e+00 -1.353000283241271973e+00
-1.529165267944335938e+00 4.097078800201416016e+00 -2.467752218246459961e+00
-1.354191422462463379e+00 4.392411708831787109e+00 -3.692954540252685547e+00
-1.182726740837097168e+00 4.399553298950195312e+00 -4.986429214477539062e+00
-4.801474094390869141e+00 4.072836399078369141e+00 -8.506134986877441406e+00
-4.506881713867187500e+00 4.549658298492431641e+00 -9.025811195373535156e+00
-1.981501579284667969e+00 4.460375785827636719e+00 -7.511551856994628906e+00
-3.350922107696533203e+00 4.456050872802734375e+00 -8.332407951354980469e+00
-1.541713714599609375e+00 3.648204565048217773e+00 -1.119876098632812500e+01
-1.229251384735107422e+00 3.502949237823486328e+00 -1.106288146972656250e+01
-3.829485654830932617e+00 4.847367763519287109e+00 -1.070535945892333984e+01
-2.048368692398071289e+00 4.177285671234130859e+00 -9.851037025451660156e+00
-3.122777938842773438e-01 3.475603342056274414e+00 -9.965656280517578125e+00
-2.159587383270263672e+00 4.558190345764160156e+00 -6.120793342590332031e+00
5.274036407470703125e+00 3.158558845520019531e+00 2.406807184219360352e+00
6.027743816375732422e+00 3.080639839172363281e+00 1.828073024749755859e+00
1.963545322418212891e+00 6.977410912513732910e-01 -1.028449630737304688e+01
-5.172320604324340820e-01 2.791464328765869141e+00 -1.161487388610839844e+01
4.408636391162872314e-01 2.520274639129638672e+00 -1.076787757873535156e+01
