1.561312437057495117e+00 -4.936506748199462891e+00 -2.711098432540893555e+00
2.278079986572265625e+00 -4.786337375640869141e+00 -1.917593002319335938e+00
1.515590429306030273e+00 -4.793133735656738281e+00 -2.304814577102661133e+00
-5.068819522857666016e+00 -8.108702659606933594e+00 -7.822213172912597656e+00
-4.999271392822265625e+00 -8.062028884887695312e+00 -1.156789875030517578e+01
-4.185011863708496094e+00 -8.321121215820312500e+00 -9.419598579406738281e+00
-7.270971298217773438e+00 -7.468694686889648438e+00 -7.058967113494873047e+00
-7.775109291076660156e+00 -7.350853919982910156e+00 -7.967370510101318359e+00
-5.692208766937255859e+00 -8.129034042358398438e+00 -9.823631286621093750e+00
-6.220746517181396484e+00 -7.997777462005615234e+00 -9.061539649963378906e+00
-6.480439662933349609e+00 -7.345640659332275391e+00 -1.205421257019042969e+01
-8.410527229309082031e+00 -6.366732120513916016e+00 -1.057599735260009766e+01
-8.332922935485839844e+00 -6.189968109130859375e+00 -1.129377746582031250e+01
-9.642317771911621094e+00 -5.266738414764404297e+00 -8.363188743591308594e+00
-1.005068969726562500e+01 -4.325248718261718750e+00 -8.716333389282226562e+00
-9.586925506591796875e+00 -4.642834663391113281e+00 -1.086747169494628906e+01
-8.220143318176269531e+00 -6.690584659576416016e+00 -5.445519447326660156e+00
-9.067675590515136719e+00 -6.091811180114746094e+00 -4.930181503295898438e+00
-7.968080997467041016e+00 -5.744994163513183594e+00 -3.404768228530883789e+00
-8.496844291687011719e+00 -5.228248596191406250e+00 -2.226488351821899414e+00
-6.958192825317382812e+00 -5.440162181854248047e+00 -3.112506866455078125e+00
-2.593567609786987305e+00 -5.032174587249755859e+00 -1.546943545341491699e+00
-3.373980522155761719e+00 -4.882669925689697266e+00 -5.821115970611572266e-01
-1.440730094909667969e+00 -4.995257377624511719e+00 -2.360125780105590820e-01
-7.379682064056396484e+00 -3.213048219680786133e+00 2.311848878860473633e+00
-5.355900287628173828e+00 -3.512944936752319336e+00 1.278969526290893555e+00
-3.860153198242187500e+00 -5.068665504455566406e+00 -2.136147260665893555e+00
-7.304387569427490234e+00 -4.796278953552246094e+00 -1.626923680305480957e+00
-6.307468891143798828e+00 -5.166994094848632812e+00 -2.786462545394897461e+00
-3.739094257354736328e+00 -4.414925098419189453e+00 1.348778456449508667e-01
-4.768020153045654297e+00 -7.278850078582763672e+00 -5.294687747955322266e+00
-4.545468330383300781e+00 -6.498206615447998047e+00 -4.090688228607177734e+00
-2.280299425125122070e+00 -7.655405521392822266e+00 -6.416800975799560547e+00
-2.884681701660156250e+00 -7.167805194854736328e+00 -5.066739559173583984e+00
-2.214342117309570312e+00 -7.177358150482177734e+00 -5.298660278320312500e+00
-1.356380343437194824e+00 -6.802016258239746094e+00 -5.043513774871826172e+00
-2.779679775238037109e+00 -6.777204990386962891e+00 -4.439237117767333984e+00
-5.267508983612060547e+00 -6.850415706634521484e+00 -4.678905010223388672e+00
-6.153810977935791016e+00 -7.666833877563476562e+00 -6.742016792297363281e+00
-8.704804420471191406e+00 -6.650907993316650391e+00 -6.454976558685302734e+00
-1.416893959045410156e+00 -4.983424663543701172e+00 -1.834409594535827637e+00
-9.343956112861633301e-01 -5.045238971710205078e+00 -2.275133132934570312e+00
-2.241159677505493164e+00 -5.126190662384033203e+00 -2.021978139877319336e+00
-3.507731556892395020e-01 -5.090627193450927734e+00 -1.196053743362426758e+00
6.336263418197631836e-01 -4.624449253082275391e+00 -1.595948338508605957e+00
-8.146371841430664062e-01 -5.404699325561523438e+00 -3.019752502441406250e+00
-8.045529946684837341e-03 -5.501501560211181641e+00 -3.344036340713500977e+00
6.078466176986694336e-01 -4.769118785858154297e+00 -2.123248815536499023e+00
-9.515409469604492188e+00 -4.813456058502197266e+00 -2.044879436492919922e+00
-9.939972877502441406e+00 -4.890577793121337891e+00 -4.679950237274169922e+00
-9.351715087890625000e+00 -5.581059932708740234e+00 -3.831197738647460938e+00
-1.019570446014404297e+01 -3.759538412094116211e+00 -3.288270473480224609e+00
-1.031888771057128906e+01 -3.585842370986938477e+00 -4.716192722320556641e+00
-9.120026588439941406e+00 -4.087336063385009766e+00 3.088964223861694336e-01
-9.781100273132324219e+00 -4.174240112304687500e+00 -1.408342719078063965e+00
-9.820777893066406250e+00 -3.231959581375122070e+00 -2.794555127620697021e-01
-9.599342346191406250e+00 -2.926887273788452148e+00 9.023582935333251953e-01
-9.113301277160644531e+00 -2.722229957580566406e+00 2.167333364486694336e+00
-9.279051780700683594e+00 -1.629623293876647949e+00 1.269523739814758301e+00
-1.017279911041259766e+01 -2.694768667221069336e+00 -2.523777723312377930e+00
-1.009754085540771484e+01 -1.608902096748352051e+00 -2.652827739715576172e+00
-9.464671134948730469e+00 -1.293327927589416504e+00 -8.881859779357910156e-01
-7.936664581298828125e+00 -4.182000756263732910e-01 -6.470919251441955566e-01
-1.006298637390136719e+01 -4.635578155517578125e+00 -5.545638561248779297e+00
-1.034712314605712891e+01 -3.652201890945434570e+00 -5.425439357757568359e+00
-1.053312873840332031e+01 -2.258392572402954102e+00 -5.301899433135986328e+00
-1.059107303619384766e+01 -2.099425077438354492e+00 -5.872288227081298828e+00
-1.008355903625488281e+01 -6.581329107284545898e-01 -5.353812694549560547e+00
-1.058976364135742188e+01 -2.843687057495117188e+00 -7.962333679199218750e+00
-1.071143054962158203e+01 -1.947936534881591797e+00 -8.887490272521972656e+00
-1.060233402252197266e+01 -8.124058842658996582e-01 -8.517021179199218750e+00
-9.952552795410156250e+00 -3.312562406063079834e-01 -6.705728054046630859e+00
-8.382948875427246094e+00 -2.022929489612579346e-01 -2.253741264343261719e+00
-6.927356243133544922e+00 1.702407240867614746e+00 -3.686877965927124023e+00
-9.017020225524902344e+00 3.850800395011901855e-01 -6.202815532684326172e+00
-7.576083660125732422e+00 1.438567161560058594e+00 -4.988790512084960938e+00
1.315574455261230469e+01 -5.633220672607421875e+00 4.760801792144775391e+00
1.353309154510498047e+01 -6.228470802307128906e+00 8.582875728607177734e-01
1.301517963409423828e+01 -6.065091133117675781e+00 1.559117078781127930e+00
1.487111568450927734e+01 -5.919187068939208984e+00 2.064269542694091797e+00
1.467477512359619141e+01 -5.072912216186523438e+00 3.241112709045410156e+00
1.192462730407714844e+01 -5.774554252624511719e+00 2.874495267868041992e+00
4.385539054870605469e+00 -1.261033773422241211e+00 5.082136631011962891e+00
5.232402801513671875e+00 -9.422262310981750488e-01 6.243325233459472656e+00
6.647568225860595703e+00 -4.869145870208740234e+00 -1.640409350395202637e+00
8.907410621643066406e+00 -6.285694122314453125e+00 -1.195883989334106445e+00
8.122450828552246094e+00 -6.201668262481689453e+00 -1.037288904190063477e+00
7.449478626251220703e+00 -6.266472339630126953e+00 -4.526933729648590088e-01
2.553221464157104492e+00 -5.424971103668212891e+00 4.099727272987365723e-01
4.294766426086425781e+00 -4.717377185821533203e+00 -1.484942317008972168e+00
5.165967941284179688e+00 -5.113577842712402344e+00 -1.149358630180358887e+00
2.308362007141113281e+00 -4.294436931610107422e+00 -1.254164934158325195e+00
4.115639209747314453e+00 -4.744587898254394531e+00 -1.267098665237426758e+00
5.108295917510986328e+00 -5.575396537780761719e+00 2.399158477783203125e-01
5.804883480072021484e+00 -5.989102363586425781e+00 -5.756592750549316406e-01
3.096973896026611328e+00 -5.500209331512451172e+00 -5.769050121307373047e-01
9.424650192260742188e+00 -5.227879524230957031e+00 3.216767072677612305e+00
9.907832145690917969e+00 -4.967688560485839844e+00 5.263615131378173828e+00
9.878957748413085938e+00 -5.031147480010986328e+00 4.503779411315917969e+00
8.600975036621093750e+00 -4.282134532928466797e+00 5.862507820129394531e+00
8.906222343444824219e+00 -4.996038436889648438e+00 3.291214704513549805e+00
9.013091087341308594e+00 -5.923499107360839844e+00 1.501320362091064453e+00
8.678886413574218750e+00 -6.096894264221191406e+00 9.922901391983032227e-01
5.521426677703857422e+00 -1.428130745887756348e+00 4.287591457366943359e+00
6.167895793914794922e+00 -3.709009647369384766e+00 2.490261316299438477e+00
5.594262599945068359e+00 -3.974249839782714844e+00 1.920610308647155762e+00
4.525708675384521484e+00 -1.913148641586303711e+00 3.162255287170410156e+00
4.618845462799072266e+00 -1.548977017402648926e+00 3.863249301910400391e+00
6.882641315460205078e+00 -2.550925254821777344e+00 4.581888198852539062e+00
6.624231338500976562e+00 -2.144410610198974609e+00 5.934084415435791016e+00
6.541266918182373047e+00 -5.463210105895996094e+00 9.799529314041137695e-01
1.198064422607421875e+01 -4.435617923736572266e+00 6.268246650695800781e+00
1.369639492034912109e+01 -4.634203910827636719e+00 4.783829689025878906e+00
1.252459144592285156e+01 -3.432371377944946289e+00 5.138432025909423828e+00
1.342716217041015625e+01 -3.337993383407592773e+00 3.401076555252075195e+00
7.626049518585205078e+00 -3.326225996017456055e+00 7.569553375244140625e+00
7.228043079376220703e+00 -2.676853895187377930e+00 7.216366291046142578e+00
4.176999092102050781e+00 -5.329643487930297852e-01 6.954751491546630859e+00
9.536115646362304688e+00 -4.521068096160888672e+00 7.375314712524414062e+00
1.023906993865966797e+01 -3.125374794006347656e+00 6.991245746612548828e+00
1.064698886871337891e+01 -2.526847362518310547e+00 5.934821605682373047e+00
8.520691871643066406e+00 -1.750847697257995605e+00 6.938566684722900391e+00
8.931791305541992188e+00 -1.287157297134399414e+00 5.796840190887451172e+00
1.102436542510986328e+01 -2.232536792755126953e+00 4.822945594787597656e+00
1.138016033172607422e+01 -1.963266491889953613e+00 3.729110479354858398e+00
6.529398918151855469e+00 -1.597936034202575684e+00 6.708772659301757812e+00
7.670667648315429688e+00 -1.126345992088317871e+00 6.668300151824951172e+00
6.993776321411132812e+00 -7.339325547218322754e-02 6.012214183807373047e+00
6.245156288146972656e+00 -2.879213094711303711e-01 6.265535831451416016e+00
5.662236690521240234e+00 8.779865503311157227e-01 5.734767913818359375e+00
8.049759864807128906e+00 1.954260468482971191e-01 4.725327491760253906e+00
5.737612724304199219e+00 2.043247222900390625e+00 4.308546543121337891e+00
6.122073173522949219e+00 2.140840291976928711e+00 3.819170951843261719e+00
-2.135028362274169922e+00 -2.800673246383666992e+00 3.779792785644531250e+00
-1.524017572402954102e+00 -3.802197694778442383e+00 1.668575644493103027e+00
-1.477267503738403320e+00 -4.651012897491455078e+00 3.930605351924896240e-01
-1.619917988777160645e+00 -2.867442131042480469e+00 3.504455804824829102e+00
-2.471881806850433350e-01 -2.664394617080688477e+00 2.385699987411499023e+00
-5.072213649749755859e+00 -3.477829694747924805e+00 1.471106767654418945e+00
-4.359767436981201172e+00 -3.315932273864746094e+00 2.205597400665283203e+00
-5.805912971496582031e+00 -2.599005699157714844e+00 3.394846916198730469e+00
-5.279661178588867188e+00 -3.019506931304931641e+00 2.538670539855957031e+00
-4.096242904663085938e+00 -2.828176736831665039e+00 3.384488582611083984e+00
-2.760414838790893555e+00 -1.622737765312194824e+00 4.883943557739257812e+00
-5.654916286468505859e+00 -1.270732879638671875e+00 4.709951877593994141e+00
-5.351385593414306641e+00 -7.403055429458618164e-01 4.910391330718994141e+00
2.519739151000976562e+00 -1.757593989372253418e+00 3.725663423538208008e+00
1.363498330116271973e+00 -9.157697558403015137e-01 4.169084072113037109e+00
-6.469425559043884277e-02 -1.197853207588195801e+00 3.672583818435668945e+00
1.079896926879882812e+00 -3.450987040996551514e-01 4.697516918182373047e+00
2.475059986114501953e+00 -1.118525505065917969e+00 5.362795352935791016e+00
3.458173513412475586e+00 -6.620030999183654785e-01 6.739263057708740234e+00
1.100126862525939941e+00 7.370377182960510254e-01 5.415443897247314453e+00
-3.226880550384521484e+00 -1.393052935600280762e+00 5.012632369995117188e+00
-4.245206832885742188e+00 2.964063286781311035e-01 5.010137081146240234e+00
-2.751685142517089844e+00 5.608873963356018066e-01 5.135175704956054688e+00
-1.171658992767333984e+00 1.610592365264892578e+00 4.407024383544921875e+00
-3.887681722640991211e+00 1.012091159820556641e+00 4.045711994171142578e+00
-3.824910640716552734e+00 1.420612454414367676e+00 2.889923334121704102e+00
-1.789425760507583618e-01 -5.102633476257324219e+00 -7.837334275245666504e-02
2.967630922794342041e-01 -4.961579322814941406e+00 -1.128190904855728149e-01
8.148636817932128906e-01 -4.970660209655761719e+00 3.803260624408721924e-02
1.643759012222290039e+00 -3.808997869491577148e+00 1.430263757705688477e+00
1.481189727783203125e+00 -5.004053115844726562e+00 5.857526659965515137e-01
1.627346158027648926e+00 -3.772821903228759766e+00 -1.357462882995605469e+00
1.882626414299011230e+00 -2.641486406326293945e+00 2.381012916564941406e+00
2.266861915588378906e+00 1.414852023124694824e+00 5.583322525024414062e+00
2.860530853271484375e+00 2.421934843063354492e+00 4.258370876312255859e+00
2.599701166152954102e+00 2.945470094680786133e+00 3.031175136566162109e+00
-8.643398284912109375e-01 2.477212429046630859e+00 2.619121789932250977e+00
-6.677552461624145508e-01 1.941382288932800293e+00 4.182635307312011719e+00
5.677331686019897461e-01 2.539667844772338867e+00 3.250729799270629883e+00
-1.730177044868469238e+00 3.172629594802856445e+00 1.099515110254287720e-01
-7.586313724517822266e+00 -2.460922241210937500e+00 3.555383205413818359e+00
-7.329136848449707031e+00 -1.425880789756774902e+00 4.217858791351318359e+00
-7.961089134216308594e+00 -8.143998980522155762e-01 2.907580137252807617e+00
-6.812199592590332031e+00 -1.163225889205932617e+00 4.463413715362548828e+00
-7.016385078430175781e+00 -3.688010573387145996e-01 3.060396432876586914e+00
-6.420274257659912109e+00 1.886517852544784546e-01 1.420339941978454590e+00
-6.219569683074951172e+00 1.384427249431610107e-01 2.391316652297973633e+00
-6.924287796020507812e+00 2.277564853429794312e-01 -8.154483437538146973e-01
-3.746144533157348633e+00 1.650397062301635742e+00 1.847409367561340332e+00
-5.362941741943359375e+00 2.015431642532348633e+00 -1.992835402488708496e+00
-3.646791934967041016e+00 3.032021284103393555e+00 -1.670143365859985352e+00
3.331445455551147461e+00 6.107580065727233887e-01 6.535787582397460938e+00
2.953823566436767578e+00 1.683896064758300781e+00 5.412501811981201172e+00
3.808428287506103516e+00 2.054343938827514648e+00 4.872194766998291016e+00
4.516954421997070312e+00 2.617773056030273438e+00 3.826641798019409180e+00
3.870233297348022461e+00 3.141815662384033203e+00 2.997118234634399414e+00
7.758424282073974609e+00 -4.934836387634277344e+00 -3.933466196060180664e+00
2.377220630645751953e+00 -5.079734802246093750e+00 -3.048346042633056641e+00
5.494405746459960938e+00 -4.753725051879882812e+00 -2.506170511245727539e+00
6.319249629974365234e+00 -4.709197998046875000e+00 -2.949934244155883789e+00
3.033382654190063477e+00 -5.020517349243164062e+00 -2.926481723785400391e+00
2.090297460556030273e+00 -5.932855129241943359e+00 -5.248382568359375000e+00
2.625934123992919922e+00 -5.809325695037841797e+00 -6.250072479248046875e+00
3.889348030090332031e+00 -5.144324302673339844e+00 -5.592897891998291016e+00
5.921878337860107422e+00 -4.830171585083007812e+00 -3.717256069183349609e+00
7.156161308288574219e+00 -4.984423160552978516e+00 -4.047704696655273438e+00
2.443166494369506836e+00 -5.622341156005859375e+00 -8.456393241882324219e+00
8.320050239562988281e+00 -4.997353553771972656e+00 -5.982028484344482422e+00
3.300182819366455078e+00 -5.333825588226318359e+00 -7.112240791320800781e+00
3.713840723037719727e+00 -4.726061820983886719e+00 -7.896049022674560547e+00
6.288337230682373047e+00 -5.082556724548339844e+00 -5.364218711853027344e+00
7.407964706420898438e+00 -4.942780017852783203e+00 -6.312393188476562500e+00
5.878730773925781250e+00 -4.186128139495849609e+00 -7.240345001220703125e+00
7.535923480987548828e+00 -4.042191028594970703e+00 -7.352314472198486328e+00
5.590373516082763672e+00 -3.870196104049682617e+00 -7.622489929199218750e+00
5.161201000213623047e+00 -2.844628334045410156e+00 -8.641481399536132812e+00
5.234106063842773438e+00 -2.084525108337402344e+00 -8.896169662475585938e+00
-3.349349737167358398e+00 -7.970863342285156250e+00 -1.205596923828125000e+01
-3.131194114685058594e+00 -8.215126037597656250e+00 -1.051675128936767578e+01
-3.961330652236938477e+00 -7.544198036193847656e+00 -1.315920352935791016e+01
-1.581659197807312012e+00 -6.563748836517333984e+00 -1.324221801757812500e+01
-3.556741714477539062e+00 -6.335134029388427734e+00 -1.445981025695800781e+01
-3.375229358673095703e+00 -5.282775878906250000e+00 -1.519274330139160156e+01
-6.631290912628173828e+00 -6.538091182708740234e+00 -1.317136096954345703e+01
-7.072807788848876953e+00 -6.214350223541259766e+00 -1.318928241729736328e+01
-7.758093833923339844e+00 -5.233624935150146484e+00 -1.367578887939453125e+01
-5.719727039337158203e+00 -7.133035659790039062e+00 -1.307795810699462891e+01
-8.473642349243164062e+00 -5.367323398590087891e+00 -1.256416988372802734e+01
-7.364692211151123047e+00 -4.567288398742675781e+00 -1.457429981231689453e+01
-4.151428699493408203e+00 -5.536406993865966797e+00 -1.502892684936523438e+01
-5.996416091918945312e+00 -4.384645462036132812e+00 -1.525745201110839844e+01
-2.711477518081665039e+00 -5.389146804809570312e+00 -1.501392173767089844e+01
-2.176980018615722656e+00 -4.297331809997558594e+00 -1.536976337432861328e+01
-3.722846269607543945e+00 -3.718679904937744141e+00 -1.575367355346679688e+01
-2.790653944015502930e+00 -3.189298868179321289e+00 -1.571531867980957031e+01
-4.990581035614013672e+00 -2.651299715042114258e+00 -1.593949890136718750e+01
-3.921320438385009766e+00 -1.506764292716979980e+00 -1.593469142913818359e+01
-9.300424575805664062e+00 -4.443254470825195312e+00 -1.222181034088134766e+01
-8.934741020202636719e+00 -4.004721164703369141e+00 -1.344547653198242188e+01
-9.911189079284667969e+00 -2.864971637725830078e+00 -1.234694576263427734e+01
-1.040147304534912109e+01 -1.441272258758544922e+00 -1.151974296569824219e+01
-8.550014495849609375e+00 -3.352174997329711914e+00 -1.436068058013916016e+01
-7.692536830902099609e+00 -2.969148874282836914e+00 -1.519786071777343750e+01
-9.822418212890625000e+00 -9.272894859313964844e-01 -1.328335666656494141e+01
-9.376945495605468750e+00 -3.322626352310180664e-01 -1.420457935333251953e+01
-8.488393783569335938e+00 -9.547653198242187500e-01 -1.507415962219238281e+01
-7.136086463928222656e+00 1.570959389209747314e-01 -1.577010440826416016e+01
-7.628502368927001953e+00 8.095012903213500977e-01 -1.553620433807373047e+01
-1.521962523460388184e+00 -7.555970668792724609e+00 -6.888343334197998047e+00
-4.210963249206542969e-01 -7.156873226165771484e+00 -8.631339073181152344e+00
7.378078252077102661e-02 -6.569617271423339844e+00 -5.589333534240722656e+00
6.192138791084289551e-01 -6.686058521270751953e+00 -6.756525516510009766e+00
-2.397285848855972290e-01 -6.930887222290039062e+00 -9.610541343688964844e+00
-5.060961097478866577e-02 -5.895551681518554688e+00 -1.240196418762207031e+01
1.352764606475830078e+00 -6.390688896179199219e+00 -6.417961597442626953e+00
2.021148920059204102e+00 -5.952789783477783203e+00 -8.189729690551757812e+00
-7.604849934577941895e-01 -5.088049888610839844e+00 -1.430375766754150391e+01
1.024750113487243652e+00 -4.963473796844482422e+00 -1.243768978118896484e+01
-1.230250477790832520e+00 -3.741133451461791992e+00 -1.520328140258789062e+01
-1.922983676195144653e-01 -3.008366584777832031e+00 -1.485980319976806641e+01
1.960411310195922852e+00 -5.054175376892089844e+00 -1.069690036773681641e+01
-1.088083505630493164e+00 -2.406961441040039062e+00 -1.528201484680175781e+01
-1.307681798934936523e+00 -1.698751330375671387e+00 -1.534092617034912109e+01
2.142277240753173828e+00 -3.537276506423950195e+00 -1.149244022369384766e+01
8.849877715110778809e-01 -1.870835304260253906e+00 -1.348728179931640625e+01
7.971815466880798340e-01 -1.145089745521545410e+00 -1.333499240875244141e+01
-2.606494665145874023e+00 -1.780828118324279785e+00 -1.569894886016845703e+01
-2.676832437515258789e+00 -8.116880059242248535e-01 -1.564019870758056641e+01
-5.085473537445068359e+00 4.514220952987670898e-01 -1.588779354095458984e+01
-2.887406587600708008e+00 1.005193471908569336e+00 -1.536647510528564453e+01
-2.165093660354614258e+00 1.172638297080993652e+00 -1.512363815307617188e+01
-4.982335269451141357e-01 1.147818684577941895e+00 -1.388941287994384766e+01
-2.882952213287353516e+00 2.077444553375244141e+00 -1.503577041625976562e+01
-2.466748476028442383e+00 2.785892248153686523e+00 -1.464629840850830078e+01
2.704428434371948242e+00 -3.969154119491577148e+00 -1.033673000335693359e+01
3.522186994552612305e+00 -2.614220619201660156e+00 -1.011186218261718750e+01
3.013317346572875977e+00 -1.850960254669189453e+00 -1.085310077667236328e+01
9.641273021697998047e-01 -2.833774387836456299e-01 -1.281292915344238281e+01
1.482817649841308594e+00 3.740008221939206123e-03 -1.210997962951660156e+01
2.348874807357788086e+00 -2.217689752578735352e-01 -1.122657394409179688e+01
1.080850958824157715e+00 4.140244126319885254e-01 -1.233554649353027344e+01
-1.051241207122802734e+01 -9.692744016647338867e-01 -1.099351119995117188e+01
-9.969559669494628906e+00 6.807680726051330566e-01 -1.292122554779052734e+01
-1.030392837524414062e+01 -1.969282515347003937e-02 -1.048692512512207031e+01
-1.007393836975097656e+01 -1.230898126959800720e-01 -9.024242401123046875e+00
-9.727825164794921875e+00 5.392054319381713867e-01 -1.002754592895507812e+01
-9.965065002441406250e+00 9.180765151977539062e-01 -1.155256652832031250e+01
-9.434916496276855469e+00 2.026747941970825195e+00 -1.278475666046142578e+01
-8.821704864501953125e+00 1.390678167343139648e+00 -9.343417167663574219e+00
-8.417687416076660156e+00 2.390429019927978516e+00 -1.037618350982666016e+01
-8.197690963745117188e+00 1.155052185058593750e+00 -6.070993900299072266e+00
-7.959501743316650391e+00 1.588274478912353516e+00 -7.152749061584472656e+00
-8.281517982482910156e+00 1.873232483863830566e+00 -8.739269256591796875e+00
-7.899307250976562500e+00 2.539930343627929688e+00 -9.733644485473632812e+00
-6.297215461730957031e+00 2.694449901580810547e+00 -7.679620265960693359e+00
-6.213561534881591797e+00 3.001492977142333984e+00 -8.163367271423339844e+00
-8.636658668518066406e+00 2.195760965347290039e+00 -1.429160404205322266e+01
-8.037371635437011719e+00 2.223287105560302734e+00 -1.473180770874023438e+01
-7.637604713439941406e+00 3.430997848510742188e+00 -1.351209545135498047e+01
-6.657028675079345703e+00 4.253464221954345703e+00 -1.313834667205810547e+01
-6.101237773895263672e+00 1.890026330947875977e+00 -1.547620773315429688e+01
-5.845956325531005859e+00 2.179743528366088867e+00 -1.532692623138427734e+01
-5.172452926635742188e+00 3.960818529129028320e+00 -1.412164783477783203e+01
-4.616833209991455078e+00 3.955787181854248047e+00 -1.424901580810546875e+01
-5.869382381439208984e+00 3.762287855148315430e+00 -1.412430953979492188e+01
-8.274557113647460938e+00 3.274003744125366211e+00 -1.224781608581542969e+01
-6.243950843811035156e+00 4.404418468475341797e+00 -1.238283729553222656e+01
-5.556993007659912109e+00 4.373381614685058594e+00 -1.074542236328125000e+01
-3.390083551406860352e+00 4.229040622711181641e+00 -1.348885536193847656e+01
-3.171837329864501953e+00 4.290658473968505859e+00 -1.287132263183593750e+01
-5.221125125885009766e+00 4.426769256591796875e+00 -1.222088146209716797e+01
-4.470198631286621094e+00 4.628871440887451172e+00 -1.232722377777099609e+01
-3.217570066452026367e+00 4.681026935577392578e+00 -1.144389057159423828e+01
-4.959167957305908203e+00 4.778661251068115234e+00 -1.084964847564697266e+01
-3.796699285507202148e+00 4.886209011077880859e+00 -1.117236137390136719e+01
-6.639813899993896484e+00 3.673548221588134766e+00 -1.050379753112792969e+01
-5.931673049926757812e+00 3.616002559661865234e+00 -9.036158561706542969e+00
3.057103157043457031e+00 -1.958266794681549072e-01 -1.030087947845458984e+01
-1.392898559570312500e-01 1.524848103523254395e+00 -1.287717056274414062e+01
-2.114910364151000977e+00 3.217842340469360352e+00 -1.359516334533691406e+01
9.948537945747375488e-01 7.967914938926696777e-01 -1.168823146820068359e+01
-1.054572105407714844e+00 2.880029201507568359e+00 -1.233824920654296875e+01
-2.714588880538940430e+00 3.841782808303833008e+00 -1.327107143402099609e+01
-1.650804996490478516e+00 3.642038583755493164e+00 -1.187557315826416016e+01
1.143215370178222656e+01 -6.547598361968994141e+00 -3.317458152770996094e+00
1.332019042968750000e+01 -6.697847366333007812e+00 -1.644193887710571289e+00
1.117239379882812500e+01 -6.457472801208496094e+00 -7.931277751922607422e-01
1.097473812103271484e+01 -6.489418506622314453e+00 -2.542014837265014648e+00
1.435329818725585938e+01 -6.949996948242187500e+00 -4.952461719512939453e+00
1.198582172393798828e+01 -6.614703655242919922e+00 -3.917194128036499023e+00
1.269718837738037109e+01 -6.582954406738281250e+00 -5.409757137298583984e+00
1.314837169647216797e+01 -6.880169391632080078e+00 -3.597866535186767578e+00
1.562276554107666016e+01 -7.014338016510009766e+00 -3.517903089523315430e+00
1.605858612060546875e+01 -5.946220397949218750e+00 -4.102442741394042969e+00
1.623379325866699219e+01 -6.473677158355712891e+00 -1.083319067955017090e+00
1.636462593078613281e+01 -5.678926944732666016e+00 -1.966756582260131836e+00
1.456909370422363281e+01 -6.560402393341064453e+00 1.452072858810424805e-01
1.480702972412109375e+01 -6.933103561401367188e+00 -1.468437790870666504e+00
1.535266590118408203e+01 -6.198793888092041016e+00 1.074624896049499512e+00
1.475786399841308594e+01 -4.058253765106201172e+00 2.125264883041381836e+00
1.511397933959960938e+01 -4.190190315246582031e+00 1.000275850296020508e+00
1.430892372131347656e+01 -3.329899549484252930e+00 1.165219545364379883e+00
1.579471015930175781e+01 -4.903362751007080078e+00 -3.269963741302490234e+00
1.521871185302734375e+01 -4.039298057556152344e+00 -2.488535165786743164e+00
1.520148849487304688e+01 -3.947331190109252930e+00 -9.222093820571899414e-01
1.495612621307373047e+01 -3.614819526672363281e+00 -1.425631999969482422e+00
1.430812931060791016e+01 -2.855725526809692383e+00 -7.906516194343566895e-01
1.380973911285400391e+01 -6.740730762481689453e+00 -6.175342082977294922e+00
1.524714946746826172e+01 -5.940697193145751953e+00 -6.469425678253173828e+00
1.236877822875976562e+01 -6.453945636749267578e+00 -6.598488807678222656e+00
1.291195487976074219e+01 -5.909651279449462891e+00 -7.379713535308837891e+00
1.592461109161376953e+01 -5.841038227081298828e+00 -5.562652587890625000e+00
1.560295104980468750e+01 -5.078422546386718750e+00 -5.855262756347656250e+00
1.502517890930175781e+01 -4.412663936614990234e+00 -5.459564208984375000e+00
1.325189304351806641e+01 -5.514629364013671875e+00 -7.233196258544921875e+00
1.262176036834716797e+01 -4.965137481689453125e+00 -6.546555519104003906e+00
1.348226070404052734e+01 -4.474545001983642578e+00 -6.025250434875488281e+00
1.360543727874755859e+01 -3.382444620132446289e+00 -4.869658946990966797e+00
1.497842121124267578e+01 -3.724059104919433594e+00 -2.729968309402465820e+00
1.490717983245849609e+01 -3.740960836410522461e+00 -4.418638706207275391e+00
1.434917163848876953e+01 -2.902434110641479492e+00 -3.666632890701293945e+00
1.015952491760253906e+01 -6.026188373565673828e+00 -2.697773933410644531e+00
6.989567756652832031e+00 -4.784713268280029297e+00 -2.339183807373046875e+00
7.275040626525878906e+00 -4.860095500946044922e+00 -1.908563852310180664e+00
6.841197013854980469e+00 -4.721883296966552734e+00 -2.906364679336547852e+00
1.048002910614013672e+01 -6.312532901763916016e+00 -2.293503046035766602e+00
9.007670402526855469e+00 -5.553642749786376953e+00 -1.900867104530334473e+00
7.946175575256347656e+00 -5.125101566314697266e+00 -1.536584496498107910e+00
9.594063758850097656e+00 -5.556390762329101562e+00 -3.392125844955444336e+00
9.950401306152343750e+00 -5.568985462188720703e+00 -4.616848468780517578e+00
8.328022956848144531e+00 -5.015255928039550781e+00 -3.924969673156738281e+00
1.351935386657714844e+01 -2.190708160400390625e+00 6.479154527187347412e-02
1.215710544586181641e+01 -8.627766966819763184e-01 -9.467901587486267090e-01
1.096188259124755859e+01 -5.979714393615722656e+00 -5.443501949310302734e+00
1.102615070343017578e+01 -5.430445194244384766e+00 -5.975155353546142578e+00
9.592990875244140625e+00 -5.087045192718505859e+00 -5.158206939697265625e+00
1.171442699432373047e+01 -4.704090118408203125e+00 -6.110424995422363281e+00
9.181271553039550781e+00 -4.327480792999267578e+00 -6.377025127410888672e+00
1.039726543426513672e+01 -3.547394752502441406e+00 -5.817806243896484375e+00
1.246532249450683594e+01 -3.688107967376708984e+00 -5.386437892913818359e+00
1.064206314086914062e+01 -3.203525304794311523e+00 -5.610513210296630859e+00
1.066593551635742188e+01 -2.272871017456054688e+00 -5.198760986328125000e+00
8.544055938720703125e+00 -3.688767671585083008e+00 -7.002190113067626953e+00
9.050902366638183594e+00 -3.087508678436279297e+00 -6.533175468444824219e+00
8.055311203002929688e+00 -2.036037683486938477e+00 -6.889546871185302734e+00
1.040314769744873047e+01 -1.605968952178955078e+00 -5.069494247436523438e+00
8.256735801696777344e+00 -1.710300922393798828e+00 -6.619349956512451172e+00
8.750110626220703125e+00 -4.859924912452697754e-01 -5.822824001312255859e+00
7.281745433807373047e+00 -1.700784265995025635e-01 -6.905957698822021484e+00
1.325767517089843750e+01 -2.133058547973632812e+00 -3.978519201278686523e+00
1.343380832672119141e+01 -1.677564382553100586e+00 -1.847189545631408691e+00
1.320754909515380859e+01 -1.316400527954101562e+00 -3.074349403381347656e+00
1.237252330780029297e+01 -4.527022838592529297e-01 -2.156138181686401367e+00
1.204280471801757812e+01 -1.316525042057037354e-01 -2.776499986648559570e+00
1.240346050262451172e+01 -1.922706365585327148e+00 -4.290582180023193359e+00
1.120707607269287109e+01 -1.236706733703613281e+00 -4.429053783416748047e+00
1.149616146087646484e+01 -5.731029510498046875e-01 -3.815228223800659180e+00
1.015067577362060547e+01 1.519269585609436035e+00 -1.697963118553161621e+00
9.285520553588867188e+00 2.349072694778442383e+00 -2.851495742797851562e+00
9.329288482666015625e+00 2.290782928466796875e+00 -3.332186222076416016e+00
8.565513610839843750e+00 2.903832674026489258e+00 -2.346711635589599609e+00
1.021208477020263672e+01 -9.168853163719177246e-01 -4.969265937805175781e+00
1.065715599060058594e+01 2.987925410270690918e-01 -4.097063064575195312e+00
8.368652343750000000e+00 1.249877065420150757e-01 -5.843874454498291016e+00
7.015789508819580078e+00 9.785277247428894043e-01 -6.418834686279296875e+00
1.382758331298828125e+01 -3.387118816375732422e+00 2.746701955795288086e+00
1.239990997314453125e+01 -2.395450592041015625e+00 3.046615362167358398e+00
1.118647003173828125e+01 -8.634777665138244629e-01 1.559310793876647949e+00
1.137402534484863281e+01 -6.851239204406738281e-01 3.746812939643859863e-01
9.872929573059082031e+00 -4.739066362380981445e-01 3.292645931243896484e+00
8.784264564514160156e+00 8.738981485366821289e-01 2.732206106185913086e+00
9.343076705932617188e+00 5.833045244216918945e-01 2.193143367767333984e+00
7.265737533569335938e+00 1.917666554450988770e+00 3.059795856475830078e+00
7.123143196105957031e+00 2.610400438308715820e+00 1.891170740127563477e+00
9.753439903259277344e+00 8.521448373794555664e-01 4.365969002246856689e-01
1.000265884399414062e+01 1.247354626655578613e+00 -9.236291646957397461e-01
7.969977855682373047e+00 2.587878465652465820e+00 4.687024056911468506e-01
3.350960493087768555e+00 4.268636703491210938e+00 -3.419201076030731201e-01
6.209277629852294922e+00 3.519631385803222656e+00 3.007102310657501221e-01
5.477339744567871094e+00 4.028558254241943359e+00 -2.218935251235961914e+00
3.671172380447387695e+00 4.381963253021240234e+00 -6.788558959960937500e-01
2.846240520477294922e+00 3.813490867614746094e+00 -2.452442884445190430e+00
2.957441329956054688e+00 3.497685432434082031e+00 -3.323571443557739258e+00
-9.873248934745788574e-01 3.791431427001953125e+00 -7.639936208724975586e-01
2.143903255462646484e+00 3.129014968872070312e+00 -4.380378246307373047e+00
9.108461439609527588e-03 4.158245086669921875e+00 -3.141521215438842773e+00
3.049322366714477539e-01 3.704303503036499023e+00 -4.695807456970214844e+00
2.378525972366333008e+00 3.801533699035644531e+00 -2.563556671142578125e+00
5.101379871368408203e+00 -8.794874548912048340e-01 -8.889708518981933594e+00
2.940882444381713867e+00 3.011865615844726562e-01 -9.603785514831542969e+00
5.060750961303710938e+00 4.957486689090728760e-01 -8.104560852050781250e+00
3.640341520309448242e+00 5.534122586250305176e-01 -8.962757110595703125e+00
2.521054029464721680e+00 4.945971667766571045e-01 -9.797152519226074219e+00
1.545322895050048828e+00 1.844431638717651367e+00 -9.909500122070312500e+00
3.297633826732635498e-01 3.145424842834472656e+00 -9.155049324035644531e+00
1.112684682011604309e-01 2.998132944107055664e+00 -1.045604801177978516e+01
5.651925086975097656e+00 2.794658899307250977e+00 -4.849889278411865234e+00
6.158728122711181641e+00 1.874433517456054688e+00 -6.081073760986328125e+00
4.697477817535400391e+00 2.676604270935058594e+00 -5.238848209381103516e+00
4.794338703155517578e+00 2.370350360870361328e+00 -5.951685428619384766e+00
6.607042789459228516e+00 3.733871221542358398e+00 -2.710835456848144531e+00
6.584240913391113281e+00 1.275357604026794434e+00 -6.419232368469238281e+00
5.709186077117919922e+00 1.655876517295837402e+00 -6.594095230102539062e+00
4.855560302734375000e+00 1.765012979507446289e+00 -7.026008129119873047e+00
2.733413696289062500e+00 2.834705352783203125e+00 -5.055297851562500000e+00
2.812787771224975586e+00 2.077189207077026367e+00 -7.353196144104003906e+00
2.024992942810058594e+00 2.319405555725097656e+00 -6.807106971740722656e+00
9.224464744329452515e-02 3.296892881393432617e+00 -6.268260478973388672e+00
2.686298191547393799e-01 2.953056097030639648e+00 -7.755429744720458984e+00
3.009717166423797607e-01 3.026298999786376953e+00 -8.134721755981445312e+00
-3.296881198883056641e+00 3.397066116333007812e+00 -2.585194587707519531e+00
-5.633481979370117188e+00 3.062994241714477539e+00 -7.732065200805664062e+00
-4.808799743652343750e+00 3.481756925582885742e+00 -7.635856151580810547e+00
-4.258278846740722656e+00 3.351299285888671875e+00 -6.674486160278320312e+00
-2.166226625442504883e+00 3.282701969146728516e+00 -2.316687107086181641e-01
-1.889230728149414062e+00 3.746170282363891602e+00 -1.355724453926086426e+00
-1.528288125991821289e+00 4.090308666229248047e+00 -2.468984127044677734e+00
-1.354548096656799316e+00 4.389513492584228516e+00 -3.692760229110717773e+00
-1.184082865715026855e+00 4.397657394409179688e+00 -4.986090660095214844e+00
-4.800932407379150391e+00 4.075717926025390625e+00 -8.506035804748535156e+00
-4.506291866302490234e+00 4.551810264587402344e+00 -9.025603294372558594e+00
-1.982476353645324707e+00 4.460075855255126953e+00 -7.510221481323242188e+00
-3.351059913635253906e+00 4.456975460052490234e+00 -8.331324577331542969e+00
-1.541992068290710449e+00 3.649657249450683594e+00 -1.119825649261474609e+01
-1.229374766349792480e+00 3.504408121109008789e+00 -1.106222248077392578e+01
-3.829270839691162109e+00 4.848719596862792969e+00 -1.070512580871582031e+01
-2.048866510391235352e+00 4.178011417388916016e+00 -9.849824905395507812e+00
-3.125484585762023926e-01 3.477519512176513672e+00 -9.964886665344238281e+00
-2.160889387130737305e+00 4.559782981872558594e+00 -6.119273185729980469e+00
5.272420406341552734e+00 3.174010992050170898e+00 2.403116703033447266e+00
6.027708530426025391e+00 3.099654436111450195e+00 1.825871229171752930e+00
1.963662385940551758e+00 6.985870003700256348e-01 -1.028440475463867188e+01
-5.175526738166809082e-01 2.792258262634277344e+00 -1.161422824859619141e+01
4.406092464923858643e-01 2.520894527435302734e+00 -1.076725959777832031e+01
