1.559706687927246094e+00 -4.931309223175048828e+00 -2.714083671569824219e+00
2.275655269622802734e+00 -4.775460720062255859e+00 -1.924039959907531738e+00
1.513000607490539551e+00 -4.785103321075439453e+00 -2.309191942214965820e+00
-5.068826198577880859e+00 -8.108777046203613281e+00 -7.822146892547607422e+00
-4.999397277832031250e+00 -8.061767578125000000e+00 -1.156772899627685547e+01
-4.184931278228759766e+00 -8.321290016174316406e+00 -9.419543266296386719e+00
-7.270957946777343750e+00 -7.468513011932373047e+00 -7.058896064758300781e+00
-7.775107383728027344e+00 -7.350674629211425781e+00 -7.967171192169189453e+00
-5.692244052886962891e+00 -8.129199028015136719e+00 -9.823519706726074219e+00
-6.220651626586914062e+00 -7.997725963592529297e+00 -9.061353683471679688e+00
-6.480679035186767578e+00 -7.344914913177490234e+00 -1.205396270751953125e+01
-8.411170959472656250e+00 -6.366546630859375000e+00 -1.057557678222656250e+01
-8.333943367004394531e+00 -6.189564704895019531e+00 -1.129343032836914062e+01
-9.642452239990234375e+00 -5.266315937042236328e+00 -8.362565994262695312e+00
-1.005089473724365234e+01 -4.324491977691650391e+00 -8.715495109558105469e+00
-9.587815284729003906e+00 -4.642749786376953125e+00 -1.086693286895751953e+01
-8.220120429992675781e+00 -6.690398216247558594e+00 -5.445504188537597656e+00
-9.067578315734863281e+00 -6.091349601745605469e+00 -4.930225849151611328e+00
-7.968204975128173828e+00 -5.744832992553710938e+00 -3.404760360717773438e+00
-8.496991157531738281e+00 -5.228104591369628906e+00 -2.226348161697387695e+00
-6.958373069763183594e+00 -5.439916133880615234e+00 -3.112485885620117188e+00
-2.593967914581298828e+00 -5.030119419097900391e+00 -1.548212409019470215e+00
-3.373982191085815430e+00 -4.880599021911621094e+00 -5.831499099731445312e-01
-1.440858364105224609e+00 -4.992259979248046875e+00 -2.372929155826568604e-01
-7.379329204559326172e+00 -3.212084770202636719e+00 2.312489986419677734e+00
-5.355663776397705078e+00 -3.512028932571411133e+00 1.279182314872741699e+00
-3.860615015029907227e+00 -5.067435264587402344e+00 -2.136885166168212891e+00
-7.304485321044921875e+00 -4.796210289001464844e+00 -1.626860618591308594e+00
-6.307856559753417969e+00 -5.166350364685058594e+00 -2.786693096160888672e+00
-3.738809347152709961e+00 -4.413007736206054688e+00 1.342610120773315430e-01
-4.768174171447753906e+00 -7.279064655303955078e+00 -5.294598102569580078e+00
-4.545735359191894531e+00 -6.497896671295166016e+00 -4.090880870819091797e+00
-2.280488014221191406e+00 -7.655587196350097656e+00 -6.416925907135009766e+00
-2.884893178939819336e+00 -7.167718410491943359e+00 -5.066972255706787109e+00
-2.214630126953125000e+00 -7.177444934844970703e+00 -5.298986434936523438e+00
-1.356467008590698242e+00 -6.801818370819091797e+00 -5.044361114501953125e+00
-2.779886007308959961e+00 -6.776796817779541016e+00 -4.439726829528808594e+00
-5.267720699310302734e+00 -6.850517272949218750e+00 -4.678834915161132812e+00
-6.153911590576171875e+00 -7.666901111602783203e+00 -6.741908550262451172e+00
-8.704649925231933594e+00 -6.650668144226074219e+00 -6.454892635345458984e+00
-1.418035507202148438e+00 -4.979856014251708984e+00 -1.836183190345764160e+00
-9.358433485031127930e-01 -5.040942192077636719e+00 -2.277410507202148438e+00
-2.241980314254760742e+00 -5.123927593231201172e+00 -2.023465871810913086e+00
-3.519731462001800537e-01 -5.084690093994140625e+00 -1.197764277458190918e+00
6.304315328598022461e-01 -4.615766525268554688e+00 -1.599318981170654297e+00
-8.150882124900817871e-01 -5.403843402862548828e+00 -3.020694255828857422e+00
-8.605916053056716919e-03 -5.499681472778320312e+00 -3.345301866531372070e+00
6.059322953224182129e-01 -4.763552188873291016e+00 -2.126244306564331055e+00
-9.515495300292968750e+00 -4.813417911529541016e+00 -2.044671773910522461e+00
-9.940091133117675781e+00 -4.890139102935791016e+00 -4.679691314697265625e+00
-9.351719856262207031e+00 -5.580756664276123047e+00 -3.831098318099975586e+00
-1.019586277008056641e+01 -3.759355783462524414e+00 -3.287647008895874023e+00
-1.032018661499023438e+01 -3.585855007171630859e+00 -4.715034961700439453e+00
-9.120059967041015625e+00 -4.087482452392578125e+00 3.096958398818969727e-01
-9.780983924865722656e+00 -4.174158573150634766e+00 -1.408028364181518555e+00
-9.820147514343261719e+00 -3.231299161911010742e+00 -2.794438898563385010e-01
-9.599102020263671875e+00 -2.926801919937133789e+00 9.029791951179504395e-01
-9.113075256347656250e+00 -2.721957445144653320e+00 2.168071985244750977e+00
-9.278747558593750000e+00 -1.629879593849182129e+00 1.270116806030273438e+00
-1.017280292510986328e+01 -2.694451332092285156e+00 -2.523114204406738281e+00
-1.009745693206787109e+01 -1.608345746994018555e+00 -2.652032852172851562e+00
-9.464623451232910156e+00 -1.293032884597778320e+00 -8.875804543495178223e-01
-7.936461925506591797e+00 -4.180459082126617432e-01 -6.464408040046691895e-01
-1.006307601928710938e+01 -4.634741783142089844e+00 -5.545200824737548828e+00
-1.034852218627929688e+01 -3.651757478713989258e+00 -5.424323558807373047e+00
-1.053418731689453125e+01 -2.257509708404541016e+00 -5.300892353057861328e+00
-1.059156417846679688e+01 -2.098138809204101562e+00 -5.871060848236083984e+00
-1.008396530151367188e+01 -6.564022302627563477e-01 -5.352517127990722656e+00
-1.059029865264892578e+01 -2.842643976211547852e+00 -7.961398124694824219e+00
-1.071205806732177734e+01 -1.946397662162780762e+00 -8.886821746826171875e+00
-1.060252761840820312e+01 -8.099200725555419922e-01 -8.515136718750000000e+00
-9.952732086181640625e+00 -3.285775780677795410e-01 -6.703824996948242188e+00
-8.382859230041503906e+00 -2.020774334669113159e-01 -2.253373861312866211e+00
-6.926787376403808594e+00 1.701212286949157715e+00 -3.686423778533935547e+00
-9.018462181091308594e+00 3.906190991401672363e-01 -6.200814723968505859e+00
-7.577463626861572266e+00 1.442234635353088379e+00 -4.986881732940673828e+00
1.318635463714599609e+01 -5.467468261718750000e+00 4.561109066009521484e+00
1.354400348663330078e+01 -6.180127620697021484e+00 7.864346504211425781e-01
1.303062915802001953e+01 -5.980624198913574219e+00 1.464999794960021973e+00
1.489556884765625000e+01 -5.885446548461914062e+00 1.969667077064514160e+00
1.472325897216796875e+01 -5.013450622558593750e+00 3.098613739013671875e+00
1.194142818450927734e+01 -5.634651184082031250e+00 2.742295742034912109e+00
4.411871910095214844e+00 -1.095540881156921387e+00 4.941148281097412109e+00
5.283165931701660156e+00 -7.059557437896728516e-01 6.073961257934570312e+00
6.644184589385986328e+00 -4.828844547271728516e+00 -1.661948442459106445e+00
8.906266212463378906e+00 -6.250269412994384766e+00 -1.238646030426025391e+00
8.119188308715820312e+00 -6.160042762756347656e+00 -1.079905629158020020e+00
7.446577548980712891e+00 -6.235239982604980469e+00 -4.922861158847808838e-01
2.552178382873535156e+00 -5.419520854949951172e+00 4.060293734073638916e-01
4.292095184326171875e+00 -4.697620868682861328e+00 -1.497200131416320801e+00
5.163371086120605469e+00 -5.087128639221191406e+00 -1.167148232460021973e+00
2.304024457931518555e+00 -4.283458709716796875e+00 -1.262178063392639160e+00
4.112009048461914062e+00 -4.728422164916992188e+00 -1.278640508651733398e+00
5.106146335601806641e+00 -5.561440467834472656e+00 2.193374633789062500e-01
5.802579879760742188e+00 -5.963502883911132812e+00 -6.054931282997131348e-01
3.094453096389770508e+00 -5.488785266876220703e+00 -5.876722931861877441e-01
9.438901901245117188e+00 -5.098621845245361328e+00 3.071342945098876953e+00
9.970731735229492188e+00 -4.620039939880371094e+00 4.893942832946777344e+00
9.925416946411132812e+00 -4.772485256195068359e+00 4.265807151794433594e+00
8.654552459716796875e+00 -3.943274974822998047e+00 5.391119956970214844e+00
8.915362358093261719e+00 -4.899641036987304688e+00 3.150971174240112305e+00
9.016308784484863281e+00 -5.869643211364746094e+00 1.427825331687927246e+00
8.676903724670410156e+00 -6.066642284393310547e+00 9.420557022094726562e-01
5.518260478973388672e+00 -1.235586285591125488e+00 4.059095382690429688e+00
6.161470413208007812e+00 -3.651722431182861328e+00 2.406234502792358398e+00
5.589746952056884766e+00 -3.944723129272460938e+00 1.877436161041259766e+00
4.515924930572509766e+00 -1.865069270133972168e+00 3.081609249114990234e+00
4.613411426544189453e+00 -1.442002296447753906e+00 3.733354806900024414e+00
6.884076595306396484e+00 -2.374549865722656250e+00 4.340557098388671875e+00
6.679853439331054688e+00 -1.811521172523498535e+00 5.576676368713378906e+00
6.538084506988525391e+00 -5.436121940612792969e+00 9.417083859443664551e-01
1.203959465026855469e+01 -4.145870208740234375e+00 5.937079906463623047e+00
1.374629116058349609e+01 -4.506996154785156250e+00 4.577136993408203125e+00
1.258620834350585938e+01 -3.270667076110839844e+00 4.914182662963867188e+00
1.346700000762939453e+01 -3.249238252639770508e+00 3.225982666015625000e+00
7.770937919616699219e+00 -2.780743598937988281e+00 6.852641105651855469e+00
7.364156723022460938e+00 -2.281999111175537109e+00 6.747898101806640625e+00
4.247718811035156250e+00 -3.518555760383605957e-01 6.812731266021728516e+00
9.628990173339843750e+00 -3.996503114700317383e+00 6.592042922973632812e+00
1.040540695190429688e+01 -2.692409753799438477e+00 6.581595420837402344e+00
1.077106666564941406e+01 -2.231738567352294922e+00 5.622245788574218750e+00
8.669417381286621094e+00 -1.342189550399780273e+00 6.580527305603027344e+00
9.031838417053222656e+00 -1.008158922195434570e+00 5.550333976745605469e+00
1.110129261016845703e+01 -2.040187120437622070e+00 4.598547458648681641e+00
1.143737316131591797e+01 -1.800167560577392578e+00 3.558196067810058594e+00
6.634596347808837891e+00 -1.269762873649597168e+00 6.419794559478759766e+00
7.777160644531250000e+00 -7.339433431625366211e-01 6.413366317749023438e+00
7.066997051239013672e+00 2.096504420042037964e-01 5.834410667419433594e+00
6.298446178436279297e+00 -2.093567885458469391e-02 6.126710414886474609e+00
5.697634220123291016e+00 1.064939022064208984e+00 5.611271381378173828e+00
8.120934486389160156e+00 4.345658421516418457e-01 4.558396816253662109e+00
5.759779930114746094e+00 2.194427013397216797e+00 4.205498218536376953e+00
6.161689758300781250e+00 2.293674945831298828e+00 3.743251562118530273e+00
-2.133240938186645508e+00 -2.794416189193725586e+00 3.777675867080688477e+00
-1.522933840751647949e+00 -3.797574996948242188e+00 1.666627407073974609e+00
-1.476945638656616211e+00 -4.648143291473388672e+00 3.918072283267974854e-01
-1.617581248283386230e+00 -2.858768939971923828e+00 3.500520467758178711e+00
-2.462586164474487305e-01 -2.655252933502197266e+00 2.379422187805175781e+00
-5.071907997131347656e+00 -3.476618289947509766e+00 1.471541762351989746e+00
-4.359432220458984375e+00 -3.314383745193481445e+00 2.205996274948120117e+00
-5.805417060852050781e+00 -2.596987962722778320e+00 3.395474910736083984e+00
-5.279205799102783203e+00 -3.017525434494018555e+00 2.539044857025146484e+00
-4.095251083374023438e+00 -2.825089454650878906e+00 3.384632587432861328e+00
-2.759446620941162109e+00 -1.617359042167663574e+00 4.882777214050292969e+00
-5.654324054718017578e+00 -1.268125772476196289e+00 4.710733413696289062e+00
-5.350983619689941406e+00 -7.367618680000305176e-01 4.911451339721679688e+00
2.530150890350341797e+00 -1.698296904563903809e+00 3.671210050582885742e+00
1.367024779319763184e+00 -8.767557740211486816e-01 4.141163349151611328e+00
-6.399744749069213867e-02 -1.183404684066772461e+00 3.662831544876098633e+00
1.082718133926391602e+00 -3.019091188907623291e-01 4.676557064056396484e+00
2.509171247482299805e+00 -1.023142814636230469e+00 5.292005062103271484e+00
3.517746448516845703e+00 -5.305935740470886230e-01 6.639360904693603516e+00
1.105385422706604004e+00 7.870234251022338867e-01 5.409626960754394531e+00
-3.226428985595703125e+00 -1.387745857238769531e+00 5.013723850250244141e+00
-4.246124744415283203e+00 3.014019727706909180e-01 5.012485504150390625e+00
-2.751574993133544922e+00 5.699191093444824219e-01 5.140636920928955078e+00
-1.173544287681579590e+00 1.624258756637573242e+00 4.413310527801513672e+00
-3.889135122299194336e+00 1.022818326950073242e+00 4.050993919372558594e+00
-3.825211286544799805e+00 1.425612807273864746e+00 2.892114162445068359e+00
-1.785570532083511353e-01 -5.099851131439208984e+00 -8.001814782619476318e-02
2.968850433826446533e-01 -4.956667900085449219e+00 -1.149200573563575745e-01
8.140990734100341797e-01 -4.962870121002197266e+00 3.354836255311965942e-02
1.644528269767761230e+00 -3.797591209411621094e+00 1.420671582221984863e+00
1.480486631393432617e+00 -4.996755599975585938e+00 5.820340514183044434e-01
1.623390316963195801e+00 -3.762215852737426758e+00 -1.366031765937805176e+00
1.885352492332458496e+00 -2.618373870849609375e+00 2.357367753982543945e+00
2.282561540603637695e+00 1.507374405860900879e+00 5.541880607604980469e+00
2.865938186645507812e+00 2.474806308746337891e+00 4.205474376678466797e+00
2.597535848617553711e+00 2.961026191711425781e+00 3.002237558364868164e+00
-8.669866919517517090e-01 2.488009691238403320e+00 2.619884252548217773e+00
-6.714110374450683594e-01 1.967094302177429199e+00 4.186490535736083984e+00
5.645757317543029785e-01 2.565760850906372070e+00 3.248039245605468750e+00
-1.730677604675292969e+00 3.177618741989135742e+00 1.097185313701629639e-01
-7.586029529571533203e+00 -2.460128307342529297e+00 3.556696891784667969e+00
-7.328923702239990234e+00 -1.424896121025085449e+00 4.219011783599853516e+00
-7.960775375366210938e+00 -8.141015172004699707e-01 2.908262252807617188e+00
-6.811920166015625000e+00 -1.161720037460327148e+00 4.463959693908691406e+00
-7.016415119171142578e+00 -3.677645027637481689e-01 3.061104774475097656e+00
-6.420018672943115234e+00 1.886990964412689209e-01 1.420494556427001953e+00
-6.219638347625732422e+00 1.400882899761199951e-01 2.391905069351196289e+00
-6.924173831939697266e+00 2.276379168033599854e-01 -8.148908615112304688e-01
-3.745021820068359375e+00 1.650114178657531738e+00 1.846752524375915527e+00
-5.361654758453369141e+00 2.014104843139648438e+00 -1.993421673774719238e+00
-3.647661447525024414e+00 3.034999132156372070e+00 -1.669005990028381348e+00
3.375872850418090820e+00 7.394009232521057129e-01 6.444690704345703125e+00
2.972390413284301758e+00 1.787421941757202148e+00 5.342014312744140625e+00
3.825314760208129883e+00 2.158641338348388672e+00 4.778881072998046875e+00
4.520089626312255859e+00 2.644148588180541992e+00 3.720315933227539062e+00
3.868185520172119141e+00 3.147100210189819336e+00 2.937360286712646484e+00
7.757356643676757812e+00 -4.900029182434082031e+00 -3.955440998077392578e+00
2.375952482223510742e+00 -5.072128295898437500e+00 -3.052420616149902344e+00
5.491562366485595703e+00 -4.730747222900390625e+00 -2.519833803176879883e+00
6.316908359527587891e+00 -4.681606769561767578e+00 -2.966749668121337891e+00
3.031565904617309570e+00 -5.008994579315185547e+00 -2.933186531066894531e+00
2.090208292007446289e+00 -5.930281162261962891e+00 -5.250231266021728516e+00
2.626115560531616211e+00 -5.808415889739990234e+00 -6.252166271209716797e+00
3.889368295669555664e+00 -5.141373157501220703e+00 -5.596441745758056641e+00
5.920468330383300781e+00 -4.816137790679931641e+00 -3.727741479873657227e+00
7.155499935150146484e+00 -4.960104465484619141e+00 -4.063725471496582031e+00
2.442962884902954102e+00 -5.620968818664550781e+00 -8.457613945007324219e+00
8.318304061889648438e+00 -4.977121353149414062e+00 -6.002184391021728516e+00
3.299353361129760742e+00 -5.331362724304199219e+00 -7.114779949188232422e+00
3.712087631225585938e+00 -4.722743988037109375e+00 -7.897847175598144531e+00
6.287321567535400391e+00 -5.072117805480957031e+00 -5.373830318450927734e+00
7.406068801879882812e+00 -4.929774284362792969e+00 -6.325154304504394531e+00
5.876158714294433594e+00 -4.178696155548095703e+00 -7.248352527618408203e+00
7.532998085021972656e+00 -4.031448841094970703e+00 -7.364612102508544922e+00
5.587916851043701172e+00 -3.865036725997924805e+00 -7.627055168151855469e+00
5.158994197845458984e+00 -2.840453147888183594e+00 -8.643494606018066406e+00
5.233663082122802734e+00 -2.081059932708740234e+00 -8.897195816040039062e+00
-3.349353075027465820e+00 -7.970421314239501953e+00 -1.205572128295898438e+01
-3.131169080734252930e+00 -8.214963912963867188e+00 -1.051662540435791016e+01
-3.961323261260986328e+00 -7.543653488159179688e+00 -1.315910816192626953e+01
-1.581701517105102539e+00 -6.563439846038818359e+00 -1.324233722686767578e+01
-3.556826591491699219e+00 -6.334431171417236328e+00 -1.446010208129882812e+01
-3.375467777252197266e+00 -5.281012535095214844e+00 -1.519257450103759766e+01
-6.631537914276123047e+00 -6.536807537078857422e+00 -1.317051506042480469e+01
-7.072774410247802734e+00 -6.212878704071044922e+00 -1.318786621093750000e+01
-7.759185791015625000e+00 -5.232424259185791016e+00 -1.367427539825439453e+01
-5.719906806945800781e+00 -7.132261753082275391e+00 -1.307770347595214844e+01
-8.474960327148437500e+00 -5.366688251495361328e+00 -1.256303405761718750e+01
-7.364967823028564453e+00 -4.564951896667480469e+00 -1.457269477844238281e+01
-4.151632785797119141e+00 -5.535261154174804688e+00 -1.502885627746582031e+01
-5.996754169464111328e+00 -4.382246494293212891e+00 -1.525645160675048828e+01
-2.711580753326416016e+00 -5.387800216674804688e+00 -1.501408767700195312e+01
-2.177695274353027344e+00 -4.295354843139648438e+00 -1.536973953247070312e+01
-3.722979068756103516e+00 -3.716027975082397461e+00 -1.575229454040527344e+01
-2.790928840637207031e+00 -3.187338829040527344e+00 -1.571609306335449219e+01
-4.990326881408691406e+00 -2.649648427963256836e+00 -1.593967628479003906e+01
-3.921866416931152344e+00 -1.504574179649353027e+00 -1.593459510803222656e+01
-9.300833702087402344e+00 -4.441508293151855469e+00 -1.222111511230468750e+01
-8.935449600219726562e+00 -4.001602649688720703e+00 -1.344449329376220703e+01
-9.912318229675292969e+00 -2.863001108169555664e+00 -1.234563636779785156e+01
-1.040174961090087891e+01 -1.438455104827880859e+00 -1.151824188232421875e+01
-8.549908638000488281e+00 -3.349632740020751953e+00 -1.435913372039794922e+01
-7.693002223968505859e+00 -2.966516733169555664e+00 -1.519693183898925781e+01
-9.822169303894042969e+00 -9.240056872367858887e-01 -1.328201103210449219e+01
-9.376531600952148438e+00 -3.273971676826477051e-01 -1.420265197753906250e+01
-8.488747596740722656e+00 -9.510236382484436035e-01 -1.507271003723144531e+01
-7.136400222778320312e+00 1.604364365339279175e-01 -1.576864719390869141e+01
-7.628240108489990234e+00 8.146173357963562012e-01 -1.553467464447021484e+01
-1.521928668022155762e+00 -7.555873394012451172e+00 -6.888484001159667969e+00
-4.212918877601623535e-01 -7.156847953796386719e+00 -8.631596565246582031e+00
7.345091551542282104e-02 -6.569513797760009766e+00 -5.589833736419677734e+00
6.188631057739257812e-01 -6.685891151428222656e+00 -6.756851673126220703e+00
-2.397743761539459229e-01 -6.931065559387207031e+00 -9.610709190368652344e+00
-5.054661631584167480e-02 -5.895631790161132812e+00 -1.240211200714111328e+01
1.352656602859497070e+00 -6.389197349548339844e+00 -6.418857574462890625e+00
2.021126031875610352e+00 -5.952290058135986328e+00 -8.190643310546875000e+00
-7.606418132781982422e-01 -5.087203979492187500e+00 -1.430381584167480469e+01
1.024590373039245605e+00 -4.963309764862060547e+00 -1.243779468536376953e+01
-1.230648159980773926e+00 -3.739865541458129883e+00 -1.520308494567871094e+01
-1.923477500677108765e-01 -3.007477283477783203e+00 -1.485976696014404297e+01
1.960366487503051758e+00 -5.053556919097900391e+00 -1.069732093811035156e+01
-1.087993741035461426e+00 -2.405252695083618164e+00 -1.528217601776123047e+01
-1.307401776313781738e+00 -1.697176098823547363e+00 -1.534107208251953125e+01
2.141879081726074219e+00 -3.536412239074707031e+00 -1.149241352081298828e+01
8.847514986991882324e-01 -1.870432734489440918e+00 -1.348725605010986328e+01
7.972226142883300781e-01 -1.144477248191833496e+00 -1.333473205566406250e+01
-2.606616497039794922e+00 -1.778646469116210938e+00 -1.569920825958251953e+01
-2.677165985107421875e+00 -8.100357651710510254e-01 -1.564054298400878906e+01
-5.086168289184570312e+00 4.541632533073425293e-01 -1.588740348815917969e+01
-2.887769699096679688e+00 1.007817149162292480e+00 -1.536685848236083984e+01
-2.165209770202636719e+00 1.174710988998413086e+00 -1.512411212921142578e+01
-4.983481168746948242e-01 1.149620532989501953e+00 -1.388983440399169922e+01
-2.883049964904785156e+00 2.080369710922241211e+00 -1.503508377075195312e+01
-2.466940641403198242e+00 2.788692712783813477e+00 -1.464532375335693359e+01
2.704065561294555664e+00 -3.967495679855346680e+00 -1.033741950988769531e+01
3.520605325698852539e+00 -2.610337495803833008e+00 -1.011235713958740234e+01
3.011879682540893555e+00 -1.848169922828674316e+00 -1.085253715515136719e+01
9.635293483734130859e-01 -2.819948196411132812e-01 -1.281303787231445312e+01
1.481958985328674316e+00 5.823879502713680267e-03 -1.210999107360839844e+01
2.347950458526611328e+00 -2.191036045551300049e-01 -1.122668552398681641e+01
1.080558538436889648e+00 4.162968993186950684e-01 -1.233564090728759766e+01
-1.051328086853027344e+01 -9.652091264724731445e-01 -1.099190711975097656e+01
-9.969010353088378906e+00 6.868551373481750488e-01 -1.292004203796386719e+01
-1.030421733856201172e+01 -1.303158700466156006e-02 -1.048411369323730469e+01
-1.007363700866699219e+01 -1.185960769653320312e-01 -9.021959304809570312e+00
-9.727754592895507812e+00 5.468783378601074219e-01 -1.002479934692382812e+01
-9.965128898620605469e+00 9.256677031517028809e-01 -1.154999542236328125e+01
-9.435184478759765625e+00 2.035068035125732422e+00 -1.278183746337890625e+01
-8.824678421020507812e+00 1.403459906578063965e+00 -9.338789939880371094e+00
-8.419063568115234375e+00 2.401276588439941406e+00 -1.037341308593750000e+01
-8.200111389160156250e+00 1.162089347839355469e+00 -6.068324565887451172e+00
-7.965170860290527344e+00 1.601790666580200195e+00 -7.147622585296630859e+00
-8.287992477416992188e+00 1.888609766960144043e+00 -8.733606338500976562e+00
-7.903422355651855469e+00 2.553263425827026367e+00 -9.729432106018066406e+00
-6.299727439880371094e+00 2.704328060150146484e+00 -7.676766872406005859e+00
-6.216454982757568359e+00 3.013709783554077148e+00 -8.159428596496582031e+00
-8.636193275451660156e+00 2.202981472015380859e+00 -1.429052066802978516e+01
-8.037329673767089844e+00 2.230262756347656250e+00 -1.473004722595214844e+01
-7.638064861297607422e+00 3.442220449447631836e+00 -1.351180076599121094e+01
-6.657035350799560547e+00 4.265490055084228516e+00 -1.313675785064697266e+01
-6.101007461547851562e+00 1.894868373870849609e+00 -1.547423362731933594e+01
-5.845875263214111328e+00 2.183977365493774414e+00 -1.532535743713378906e+01
-5.172246456146240234e+00 3.967241287231445312e+00 -1.411987495422363281e+01
-4.616566181182861328e+00 3.959978342056274414e+00 -1.424772644042968750e+01
-5.868902683258056641e+00 3.769752979278564453e+00 -1.412377929687500000e+01
-8.275080680847167969e+00 3.284942150115966797e+00 -1.224604415893554688e+01
-6.245112419128417969e+00 4.415813922882080078e+00 -1.237964344024658203e+01
-5.558380603790283203e+00 4.385205268859863281e+00 -1.074166107177734375e+01
-3.390154361724853516e+00 4.233164310455322266e+00 -1.348686695098876953e+01
-3.172315359115600586e+00 4.294409751892089844e+00 -1.286901378631591797e+01
-5.221938610076904297e+00 4.435965538024902344e+00 -1.221776771545410156e+01
-4.470414161682128906e+00 4.635337829589843750e+00 -1.232498550415039062e+01
-3.217907428741455078e+00 4.685635089874267578e+00 -1.144232654571533203e+01
-4.959247112274169922e+00 4.788288116455078125e+00 -1.084654998779296875e+01
-3.796742439270019531e+00 4.893371582031250000e+00 -1.117038154602050781e+01
-6.642650127410888672e+00 3.686690568923950195e+00 -1.049983978271484375e+01
-5.934256553649902344e+00 3.628330707550048828e+00 -9.032375335693359375e+00
3.057018995285034180e+00 -1.913706660270690918e-01 -1.030140495300292969e+01
-1.396572440862655640e-01 1.527675986289978027e+00 -1.287722873687744141e+01
-2.115172863006591797e+00 3.220629692077636719e+00 -1.359450912475585938e+01
9.946980476379394531e-01 8.005132079124450684e-01 -1.168851661682128906e+01
-1.055203437805175781e+00 2.883228063583374023e+00 -1.233800315856933594e+01
-2.715062379837036133e+00 3.844912767410278320e+00 -1.326949691772460938e+01
-1.650984287261962891e+00 3.646125555038452148e+00 -1.187460708618164062e+01
1.143156814575195312e+01 -6.503768444061279297e+00 -3.359636306762695312e+00
1.332305717468261719e+01 -6.667294025421142578e+00 -1.702402353286743164e+00
1.117038917541503906e+01 -6.438223838806152344e+00 -8.266623616218566895e-01
1.097334289550781250e+01 -6.452342987060546875e+00 -2.582463979721069336e+00
1.434929180145263672e+01 -6.928390979766845703e+00 -5.002259731292724609e+00
1.198505687713623047e+01 -6.561373233795166016e+00 -3.960874557495117188e+00
1.269354724884033203e+01 -6.542636394500732422e+00 -5.456590652465820312e+00
1.314494132995605469e+01 -6.851481437683105469e+00 -3.646693229675292969e+00
1.562391948699951172e+01 -7.001266479492187500e+00 -3.571372270584106445e+00
1.606392478942871094e+01 -5.937170982360839844e+00 -4.159465789794921875e+00
1.624235534667968750e+01 -6.464197158813476562e+00 -1.139737367630004883e+00
1.637132453918457031e+01 -5.673281192779541016e+00 -2.024859189987182617e+00
1.457612609863281250e+01 -6.538066387176513672e+00 8.148630708456039429e-02
1.481086540222167969e+01 -6.916209697723388672e+00 -1.523517727851867676e+00
1.536985492706298828e+01 -6.185458660125732422e+00 1.004928469657897949e+00
1.479066848754882812e+01 -4.023163318634033203e+00 2.005685806274414062e+00
1.513901233673095703e+01 -4.174485683441162109e+00 9.072883129119873047e-01
1.433880519866943359e+01 -3.303086996078491211e+00 1.060956716537475586e+00
1.580430984497070312e+01 -4.894013881683349609e+00 -3.330526113510131836e+00
1.523236083984375000e+01 -4.028466701507568359e+00 -2.553591489791870117e+00
1.521960353851318359e+01 -3.937184810638427734e+00 -9.944461584091186523e-01
1.496738529205322266e+01 -3.607343673706054688e+00 -1.492888331413269043e+00
1.433030319213867188e+01 -2.828349351882934570e+00 -8.637644052505493164e-01
1.380353546142578125e+01 -6.720074176788330078e+00 -6.222810268402099609e+00
1.524400806427001953e+01 -5.929465770721435547e+00 -6.522574424743652344e+00
1.236274147033691406e+01 -6.429093837738037109e+00 -6.642748355865478516e+00
1.290532398223876953e+01 -5.893746376037597656e+00 -7.427724838256835938e+00
1.592613887786865234e+01 -5.831406593322753906e+00 -5.616912841796875000e+00
1.559750461578369141e+01 -5.074729919433593750e+00 -5.907012462615966797e+00
1.502658081054687500e+01 -4.407004833221435547e+00 -5.514137268066406250e+00
1.324729061126708984e+01 -5.501947879791259766e+00 -7.283822059631347656e+00
1.262091636657714844e+01 -4.948730468750000000e+00 -6.596099853515625000e+00
1.348335933685302734e+01 -4.463509082794189453e+00 -6.076261520385742188e+00
1.361005783081054688e+01 -3.371652603149414062e+00 -4.924533367156982422e+00
1.499036312103271484e+01 -3.710526943206787109e+00 -2.795387268066406250e+00
1.491477298736572266e+01 -3.731698274612426758e+00 -4.477836608886718750e+00
1.435823917388916016e+01 -2.892091512680053711e+00 -3.728077411651611328e+00
1.015801143646240234e+01 -5.989635944366455078e+00 -2.733716964721679688e+00
6.987265110015869141e+00 -4.743020534515380859e+00 -2.363039731979370117e+00
7.273367881774902344e+00 -4.812383174896240234e+00 -1.935256481170654297e+00
6.839494228363037109e+00 -4.690118789672851562e+00 -2.926588296890258789e+00
1.047812461853027344e+01 -6.277868270874023438e+00 -2.332647085189819336e+00
9.008037567138671875e+00 -5.511916160583496094e+00 -1.933332562446594238e+00
7.946747779846191406e+00 -5.078281402587890625e+00 -1.567625284194946289e+00
9.592216491699218750e+00 -5.516542911529541016e+00 -3.425101280212402344e+00
9.949164390563964844e+00 -5.529985427856445312e+00 -4.651284694671630859e+00
8.327383995056152344e+00 -4.975912570953369141e+00 -3.951548576354980469e+00
1.354080009460449219e+01 -2.156563520431518555e+00 -8.663235232234001160e-03
1.218369579315185547e+01 -8.234182000160217285e-01 -1.009818673133850098e+00
1.095922565460205078e+01 -5.939503669738769531e+00 -5.482167243957519531e+00
1.102193641662597656e+01 -5.402188301086425781e+00 -6.016907691955566406e+00
9.591641426086425781e+00 -5.057130336761474609e+00 -5.187473297119140625e+00
1.171369552612304688e+01 -4.684457778930664062e+00 -6.157373905181884766e+00
9.180453300476074219e+00 -4.309895992279052734e+00 -6.405107975006103516e+00
1.039891910552978516e+01 -3.531117439270019531e+00 -5.853892326354980469e+00
1.246846294403076172e+01 -3.674194097518920898e+00 -5.434669017791748047e+00
1.064607620239257812e+01 -3.190308094024658203e+00 -5.650524616241455078e+00
1.067012214660644531e+01 -2.263641834259033203e+00 -5.237041473388671875e+00
8.541602134704589844e+00 -3.675802946090698242e+00 -7.021708488464355469e+00
9.051753997802734375e+00 -3.075596809387207031e+00 -6.557807445526123047e+00
8.055816650390625000e+00 -2.028071165084838867e+00 -6.899847984313964844e+00
1.040663433074951172e+01 -1.597093105316162109e+00 -5.098950386047363281e+00
8.258572578430175781e+00 -1.701567053794860840e+00 -6.634215831756591797e+00
8.751492500305175781e+00 -4.789297580718994141e-01 -5.838174819946289062e+00
7.283644676208496094e+00 -1.626565903425216675e-01 -6.914046764373779297e+00
1.326809692382812500e+01 -2.118481874465942383e+00 -4.038938045501708984e+00
1.344568824768066406e+01 -1.662366390228271484e+00 -1.912453532218933105e+00
1.320090770721435547e+01 -1.321298360824584961e+00 -3.128666639328002930e+00
1.237755775451660156e+01 -4.502662718296051025e-01 -2.216206073760986328e+00
1.203397750854492188e+01 -1.362704932689666748e-01 -2.818951129913330078e+00
1.240771961212158203e+01 -1.912989020347595215e+00 -4.341975688934326172e+00
1.120643424987792969e+01 -1.231426000595092773e+00 -4.466754436492919922e+00
1.149233913421630859e+01 -5.735929012298583984e-01 -3.853184223175048828e+00
1.015739154815673828e+01 1.538171529769897461e+00 -1.734339237213134766e+00
9.284687042236328125e+00 2.362529993057250977e+00 -2.878581047058105469e+00
9.334580421447753906e+00 2.300693511962890625e+00 -3.351864576339721680e+00
8.571250915527343750e+00 2.923521518707275391e+00 -2.365215778350830078e+00
1.021506023406982422e+01 -9.094793200492858887e-01 -4.994900703430175781e+00
1.065248394012451172e+01 2.993669509887695312e-01 -4.118118762969970703e+00
8.369590759277343750e+00 1.316748559474945068e-01 -5.852819919586181641e+00
7.018116950988769531e+00 9.867182970046997070e-01 -6.425693511962890625e+00
1.386304759979248047e+01 -3.335976839065551758e+00 2.606778860092163086e+00
1.243430709838867188e+01 -2.302121400833129883e+00 2.923519372940063477e+00
1.123842430114746094e+01 -7.469137907028198242e-01 1.453947544097900391e+00
1.143520927429199219e+01 -5.806719660758972168e-01 3.009077012538909912e-01
9.947672843933105469e+00 -2.781756520271301270e-01 3.138556480407714844e+00
8.850539207458496094e+00 1.062323927879333496e+00 2.630103588104248047e+00
9.415906906127929688e+00 7.433495521545410156e-01 2.096204757690429688e+00
7.319906711578369141e+00 2.094148635864257812e+00 2.982030391693115234e+00
7.154429912567138672e+00 2.743919372558593750e+00 1.837921619415283203e+00
9.801647186279296875e+00 9.557719826698303223e-01 3.647377192974090576e-01
1.003483867645263672e+01 1.318720340728759766e+00 -9.859983921051025391e-01
7.988810539245605469e+00 2.660426378250122070e+00 4.299594759941101074e-01
3.349780559539794922e+00 4.274716854095458984e+00 -3.470492064952850342e-01
6.214526176452636719e+00 3.551768541336059570e+00 2.772744596004486084e-01
5.477631568908691406e+00 4.036209106445312500e+00 -2.226586580276489258e+00
3.669886827468872070e+00 4.389253139495849609e+00 -6.850001215934753418e-01
2.846074104309082031e+00 3.819262504577636719e+00 -2.456480264663696289e+00
2.959288835525512695e+00 3.508631229400634766e+00 -3.327245235443115234e+00
-9.884226918220520020e-01 3.799014091491699219e+00 -7.627818584442138672e-01
2.146691799163818359e+00 3.142337799072265625e+00 -4.383970260620117188e+00
8.973537012934684753e-03 4.164752960205078125e+00 -3.141637325286865234e+00
3.061580359935760498e-01 3.710739135742187500e+00 -4.696540832519531250e+00
2.379310131072998047e+00 3.807354211807250977e+00 -2.565624952316284180e+00
5.102353572845458984e+00 -8.738287687301635742e-01 -8.893048286437988281e+00
2.942675828933715820e+00 3.084739446640014648e-01 -9.606033325195312500e+00
5.063934803009033203e+00 5.072834491729736328e-01 -8.110437393188476562e+00
3.643131732940673828e+00 5.630455613136291504e-01 -8.966761589050292969e+00
2.523005962371826172e+00 5.013306736946105957e-01 -9.799084663391113281e+00
1.545957565307617188e+00 1.849748015403747559e+00 -9.910690307617187500e+00
3.297919631004333496e-01 3.149831533432006836e+00 -9.155751228332519531e+00
1.113893911242485046e-01 3.002921819686889648e+00 -1.045665454864501953e+01
5.656252384185791016e+00 2.807094335556030273e+00 -4.855181217193603516e+00
6.164155960083007812e+00 1.887014150619506836e+00 -6.088163375854492188e+00
4.700699329376220703e+00 2.689899921417236328e+00 -5.243438243865966797e+00
4.797786712646484375e+00 2.383688688278198242e+00 -5.956359863281250000e+00
6.610191345214843750e+00 3.742137670516967773e+00 -2.718833684921264648e+00
6.587521553039550781e+00 1.285274744033813477e+00 -6.425543308258056641e+00
5.714465618133544922e+00 1.670658588409423828e+00 -6.600306510925292969e+00
4.861227512359619141e+00 1.780588626861572266e+00 -7.033221244812011719e+00
2.736233472824096680e+00 2.849854230880737305e+00 -5.059142589569091797e+00
2.816040277481079102e+00 2.088479518890380859e+00 -7.356408596038818359e+00
2.027728080749511719e+00 2.329583406448364258e+00 -6.809344768524169922e+00
9.379146248102188110e-02 3.303309202194213867e+00 -6.269015789031982422e+00
2.706308960914611816e-01 2.960134029388427734e+00 -7.756443023681640625e+00
3.020023107528686523e-01 3.032093286514282227e+00 -8.135441780090332031e+00
-3.296715021133422852e+00 3.401450872421264648e+00 -2.584351301193237305e+00
-5.635013580322265625e+00 3.069408178329467773e+00 -7.730021476745605469e+00
-4.809269905090332031e+00 3.487150430679321289e+00 -7.635031223297119141e+00
-4.258393764495849609e+00 3.353923320770263672e+00 -6.673949718475341797e+00
-2.167703866958618164e+00 3.289055347442626953e+00 -2.303516864776611328e-01
-1.890922546386718750e+00 3.757242202758789062e+00 -1.352822899818420410e+00
-1.529201507568359375e+00 4.103161811828613281e+00 -2.466413736343383789e+00
-1.354919075965881348e+00 4.397638320922851562e+00 -3.691684961318969727e+00
-1.183477163314819336e+00 4.403282165527343750e+00 -4.985759258270263672e+00
-4.801682472229003906e+00 4.084604263305664062e+00 -8.503423690795898438e+00
-4.506286144256591797e+00 4.561553001403808594e+00 -9.022927284240722656e+00
-1.981484293937683105e+00 4.464717388153076172e+00 -7.509876251220703125e+00
-3.350969791412353516e+00 4.463221549987792969e+00 -8.330406188964843750e+00
-1.542334675788879395e+00 3.653585195541381836e+00 -1.119769287109375000e+01
-1.229671120643615723e+00 3.508393287658691406e+00 -1.106191062927246094e+01
-3.829023122787475586e+00 4.856512069702148438e+00 -1.070339012145996094e+01
-2.048827886581420898e+00 4.183781147003173828e+00 -9.849138259887695312e+00
-3.123184144496917725e-01 3.482257604598999023e+00 -9.964962959289550781e+00
-2.160454273223876953e+00 4.560889244079589844e+00 -6.119039058685302734e+00
5.273526191711425781e+00 3.198837995529174805e+00 2.338730096817016602e+00
6.044088840484619141e+00 3.182438135147094727e+00 1.789182901382446289e+00
1.964398384094238281e+00 7.039205431938171387e-01 -1.028554439544677734e+01
-5.177819132804870605e-01 2.795989513397216797e+00 -1.161419963836669922e+01
4.409910440444946289e-01 2.525653839111328125e+00 -1.076817226409912109e+01
