1.559736132621765137e+00 -4.931605815887451172e+00 -2.714582443237304688e+00
2.276099681854248047e+00 -4.776437759399414062e+00 -1.924904584884643555e+00
1.513467073440551758e+00 -4.786211490631103516e+00 -2.309665918350219727e+00
-5.068897247314453125e+00 -8.108357429504394531e+00 -7.822144508361816406e+00
-4.999677658081054688e+00 -8.061615943908691406e+00 -1.156750774383544922e+01
-4.185182094573974609e+00 -8.320619583129882812e+00 -9.419496536254882812e+00
-7.271026134490966797e+00 -7.468789100646972656e+00 -7.058727264404296875e+00
-7.775300025939941406e+00 -7.351142883300781250e+00 -7.967090129852294922e+00
-5.692577838897705078e+00 -8.128337860107421875e+00 -9.823385238647460938e+00
-6.220887184143066406e+00 -7.997588634490966797e+00 -9.061225891113281250e+00
-6.481094837188720703e+00 -7.345325469970703125e+00 -1.205408287048339844e+01
-8.411337852478027344e+00 -6.366771697998046875e+00 -1.057571315765380859e+01
-8.334200859069824219e+00 -6.190227031707763672e+00 -1.129378509521484375e+01
-9.642534255981445312e+00 -5.266483306884765625e+00 -8.362559318542480469e+00
-1.005120849609375000e+01 -4.324806213378906250e+00 -8.715317726135253906e+00
-9.588253021240234375e+00 -4.642184734344482422e+00 -1.086643409729003906e+01
-8.220013618469238281e+00 -6.690372943878173828e+00 -5.445526123046875000e+00
-9.067562103271484375e+00 -6.091657638549804688e+00 -4.930254936218261719e+00
-7.968131542205810547e+00 -5.745235443115234375e+00 -3.404851436614990234e+00
-8.496982574462890625e+00 -5.228545188903808594e+00 -2.226426601409912109e+00
-6.958415985107421875e+00 -5.440271377563476562e+00 -3.112564086914062500e+00
-2.593789100646972656e+00 -5.030087471008300781e+00 -1.548679947853088379e+00
-3.373972415924072266e+00 -4.880729198455810547e+00 -5.832962989807128906e-01
-1.440755486488342285e+00 -4.992633342742919922e+00 -2.381606101989746094e-01
-7.379217147827148438e+00 -3.212572336196899414e+00 2.312438011169433594e+00
-5.355601787567138672e+00 -3.512433290481567383e+00 1.279058456420898438e+00
-3.860443353652954102e+00 -5.067437171936035156e+00 -2.137120962142944336e+00
-7.304435253143310547e+00 -4.796523094177246094e+00 -1.626749157905578613e+00
-6.307756423950195312e+00 -5.166666507720947266e+00 -2.786764144897460938e+00
-3.738765954971313477e+00 -4.413287639617919922e+00 1.340051144361495972e-01
-4.768032550811767578e+00 -7.278758049011230469e+00 -5.294671058654785156e+00
-4.545464515686035156e+00 -6.497717380523681641e+00 -4.091102123260498047e+00
-2.280295372009277344e+00 -7.655785083770751953e+00 -6.416754245758056641e+00
-2.884696722030639648e+00 -7.167825698852539062e+00 -5.066683769226074219e+00
-2.214314937591552734e+00 -7.177741527557373047e+00 -5.298761367797851562e+00
-1.356400251388549805e+00 -6.801751136779785156e+00 -5.044165611267089844e+00
-2.779773473739624023e+00 -6.776731014251708984e+00 -4.439623832702636719e+00
-5.267581462860107422e+00 -6.850345611572265625e+00 -4.678886413574218750e+00
-6.153854370117187500e+00 -7.666624069213867188e+00 -6.741899013519287109e+00
-8.704679489135742188e+00 -6.650900840759277344e+00 -6.454747676849365234e+00
-1.417851686477661133e+00 -4.979485034942626953e+00 -1.836678862571716309e+00
-9.354825615882873535e-01 -5.040776252746582031e+00 -2.277397871017456055e+00
-2.241875648498535156e+00 -5.123464584350585938e+00 -2.023919105529785156e+00
-3.517799675464630127e-01 -5.084451675415039062e+00 -1.198843955993652344e+00
6.310241222381591797e-01 -4.616474151611328125e+00 -1.599384188652038574e+00
-8.150733709335327148e-01 -5.403421878814697266e+00 -3.020988941192626953e+00
-8.645115420222282410e-03 -5.499770164489746094e+00 -3.345514297485351562e+00
6.063131690025329590e-01 -4.763732433319091797e+00 -2.126499414443969727e+00
-9.515615463256835938e+00 -4.813749313354492188e+00 -2.044706583023071289e+00
-9.939950942993164062e+00 -4.890529632568359375e+00 -4.679958820343017578e+00
-9.351868629455566406e+00 -5.581415653228759766e+00 -3.831235170364379883e+00
-1.019576549530029297e+01 -3.759654760360717773e+00 -3.288114547729492188e+00
-1.031946945190429688e+01 -3.585921287536621094e+00 -4.715576648712158203e+00
-9.119999885559082031e+00 -4.087808609008789062e+00 3.094184398651123047e-01
-9.781027793884277344e+00 -4.174379825592041016e+00 -1.408558487892150879e+00
-9.820122718811035156e+00 -3.231707811355590820e+00 -2.799005806446075439e-01
-9.598971366882324219e+00 -2.927422046661376953e+00 9.025823473930358887e-01
-9.112930297851562500e+00 -2.722660541534423828e+00 2.167837619781494141e+00
-9.278614997863769531e+00 -1.630125761032104492e+00 1.269783377647399902e+00
-1.017279052734375000e+01 -2.695042133331298828e+00 -2.523802757263183594e+00
-1.009725761413574219e+01 -1.609003543853759766e+00 -2.652597188949584961e+00
-9.464359283447265625e+00 -1.293365120887756348e+00 -8.880568146705627441e-01
-7.936589241027832031e+00 -4.181052148342132568e-01 -6.465173959732055664e-01
-1.006289958953857422e+01 -4.634865283966064453e+00 -5.545316219329833984e+00
-1.034757232666015625e+01 -3.651669025421142578e+00 -5.424772739410400391e+00
-1.053337287902832031e+01 -2.257744550704956055e+00 -5.301549434661865234e+00
-1.059055233001708984e+01 -2.098354101181030273e+00 -5.871547222137451172e+00
-1.008363342285156250e+01 -6.566051840782165527e-01 -5.353111743927001953e+00
-1.058966445922851562e+01 -2.842894315719604492e+00 -7.961215019226074219e+00
-1.071176433563232422e+01 -1.946652412414550781e+00 -8.886466979980468750e+00
-1.060148715972900391e+01 -8.104295134544372559e-01 -8.515682220458984375e+00
-9.952133178710937500e+00 -3.292288780212402344e-01 -6.704450607299804688e+00
-8.383040428161621094e+00 -2.022123932838439941e-01 -2.253436803817749023e+00
-6.926208972930908203e+00 1.702113151550292969e+00 -3.686057567596435547e+00
-9.018054962158203125e+00 3.888912796974182129e-01 -6.201208591461181641e+00
-7.576797962188720703e+00 1.441925525665283203e+00 -4.986548900604248047e+00
1.320085144042968750e+01 -5.495502471923828125e+00 4.524302005767822266e+00
1.354894828796386719e+01 -6.192847728729248047e+00 7.715093493461608887e-01
1.303704643249511719e+01 -5.992167949676513672e+00 1.448018193244934082e+00
1.490959930419921875e+01 -5.912403583526611328e+00 1.944115757942199707e+00
1.474193954467773438e+01 -5.036168575286865234e+00 3.067548751831054688e+00
1.194923019409179688e+01 -5.641976356506347656e+00 2.720889329910278320e+00
4.417857646942138672e+00 -1.104678153991699219e+00 4.921346664428710938e+00
5.291865348815917969e+00 -7.275050282478332520e-01 6.052057743072509766e+00
6.646643161773681641e+00 -4.837162494659423828e+00 -1.669842004776000977e+00
8.906867027282714844e+00 -6.261497497558593750e+00 -1.247092604637145996e+00
8.120019912719726562e+00 -6.170279502868652344e+00 -1.087991833686828613e+00
7.447792530059814453e+00 -6.241626739501953125e+00 -5.014519095420837402e-01
2.552799224853515625e+00 -5.421388626098632812e+00 4.044662415981292725e-01
4.292245388031005859e+00 -4.699759960174560547e+00 -1.499545454978942871e+00
5.164227008819580078e+00 -5.090896129608154297e+00 -1.171652436256408691e+00
2.304724216461181641e+00 -4.284144401550292969e+00 -1.262901782989501953e+00
4.112454891204833984e+00 -4.729174613952636719e+00 -1.280224800109863281e+00
5.106944561004638672e+00 -5.563743114471435547e+00 2.139339745044708252e-01
5.803674221038818359e+00 -5.968200683593750000e+00 -6.130707263946533203e-01
3.095017671585083008e+00 -5.490114212036132812e+00 -5.907412767410278320e-01
9.443983078002929688e+00 -5.108015537261962891e+00 3.053469657897949219e+00
9.984087944030761719e+00 -4.647207736968994141e+00 4.852799415588378906e+00
9.932920455932617188e+00 -4.797585010528564453e+00 4.240981101989746094e+00
8.675933837890625000e+00 -3.941473960876464844e+00 5.323443412780761719e+00
8.919826507568359375e+00 -4.905279159545898438e+00 3.132052183151245117e+00
9.018769264221191406e+00 -5.875971794128417969e+00 1.416059732437133789e+00
8.678211212158203125e+00 -6.074656963348388672e+00 9.324293136596679688e-01
5.522233009338378906e+00 -1.234212160110473633e+00 4.028422832489013672e+00
6.163167953491210938e+00 -3.653480052947998047e+00 2.392430782318115234e+00
5.590950489044189453e+00 -3.946381807327270508e+00 1.869971632957458496e+00
4.516669273376464844e+00 -1.867706418037414551e+00 3.068942785263061523e+00
4.615383148193359375e+00 -1.443684339523315430e+00 3.715873718261718750e+00
6.892764568328857422e+00 -2.371446847915649414e+00 4.304547786712646484e+00
6.695019245147705078e+00 -1.808801293373107910e+00 5.521213054656982422e+00
6.539122581481933594e+00 -5.441441535949707031e+00 9.340246915817260742e-01
1.206442165374755859e+01 -4.175102233886718750e+00 5.890747547149658203e+00
1.376525878906250000e+01 -4.537853240966796875e+00 4.536764144897460938e+00
1.259444522857666016e+01 -3.308298826217651367e+00 4.865076065063476562e+00
1.347753810882568359e+01 -3.274964570999145508e+00 3.191704273223876953e+00
7.814684391021728516e+00 -2.770429849624633789e+00 6.723355293273925781e+00
7.401686668395996094e+00 -2.290832757949829102e+00 6.660006046295166016e+00
4.255205154418945312e+00 -3.753592371940612793e-01 6.796206474304199219e+00
9.650599479675292969e+00 -3.997224092483520508e+00 6.500326156616210938e+00
1.042325782775878906e+01 -2.699588298797607422e+00 6.511230468750000000e+00
1.078770256042480469e+01 -2.256491661071777344e+00 5.562498092651367188e+00
8.700315475463867188e+00 -1.346292018890380859e+00 6.507659912109375000e+00
9.044263839721679688e+00 -1.033343195915222168e+00 5.497884750366210938e+00
1.111291694641113281e+01 -2.065010786056518555e+00 4.554330825805664062e+00
1.145381832122802734e+01 -1.814641475677490234e+00 3.522857904434204102e+00
6.654187202453613281e+00 -1.283404350280761719e+00 6.377379894256591797e+00
7.795882701873779297e+00 -7.415919303894042969e-01 6.372938156127929688e+00
7.078192234039306641e+00 2.000138163566589355e-01 5.811208724975585938e+00
6.304865837097167969e+00 -3.854303807020187378e-02 6.107541084289550781e+00
5.701978683471679688e+00 1.047425389289855957e+00 5.601343631744384766e+00
8.131493568420410156e+00 4.253484904766082764e-01 4.531284332275390625e+00
5.765294075012207031e+00 2.182313442230224609e+00 4.195937156677246094e+00
6.169072628021240234e+00 2.289694786071777344e+00 3.735575675964355469e+00
-2.132798671722412109e+00 -2.795086383819580078e+00 3.776677846908569336e+00
-1.522979855537414551e+00 -3.798524618148803711e+00 1.665590763092041016e+00
-1.476725578308105469e+00 -4.648928642272949219e+00 3.909753859043121338e-01
-1.617447257041931152e+00 -2.859679222106933594e+00 3.498495340347290039e+00
-2.469189614057540894e-01 -2.656599283218383789e+00 2.376354217529296875e+00
-5.072107791900634766e+00 -3.477435588836669922e+00 1.471342921257019043e+00
-4.359376907348632812e+00 -3.315104722976684570e+00 2.205589294433593750e+00
-5.805151462554931641e+00 -2.597994089126586914e+00 3.395493268966674805e+00
-5.279018402099609375e+00 -3.018515110015869141e+00 2.538923025131225586e+00
-4.095014572143554688e+00 -2.825856447219848633e+00 3.384363889694213867e+00
-2.758602619171142578e+00 -1.619091987609863281e+00 4.882684707641601562e+00
-5.653985023498535156e+00 -1.268965005874633789e+00 4.710540294647216797e+00
-5.350925922393798828e+00 -7.380329966545104980e-01 4.911068439483642578e+00
2.531842947006225586e+00 -1.700433015823364258e+00 3.658580780029296875e+00
1.367914438247680664e+00 -8.809373378753662109e-01 4.132946014404296875e+00
-6.457135081291198730e-02 -1.184883117675781250e+00 3.658947229385375977e+00
1.083890318870544434e+00 -3.090654015541076660e-01 4.668482303619384766e+00
2.515295028686523438e+00 -1.031769752502441406e+00 5.274817466735839844e+00
3.524856567382812500e+00 -5.466666221618652344e-01 6.621092796325683594e+00
1.109886527061462402e+00 7.784295082092285156e-01 5.395727634429931641e+00
-3.225569963455200195e+00 -1.389011621475219727e+00 5.012725353240966797e+00
-4.245339870452880859e+00 3.005165159702301025e-01 5.011745929718017578e+00
-2.750219345092773438e+00 5.682898759841918945e-01 5.138154029846191406e+00
-1.172343730926513672e+00 1.622386455535888672e+00 4.411320209503173828e+00
-3.889036417007446289e+00 1.022041559219360352e+00 4.050498485565185547e+00
-3.824949264526367188e+00 1.424593448638916016e+00 2.891246080398559570e+00
-1.787775903940200806e-01 -5.099613666534423828e+00 -8.125220984220504761e-02
2.965691685676574707e-01 -4.957573890686035156e+00 -1.163545995950698853e-01
8.142707347869873047e-01 -4.964884281158447266e+00 3.185077011585235596e-02
1.644433021545410156e+00 -3.799204111099243164e+00 1.416752219200134277e+00
1.481042385101318359e+00 -4.998727798461914062e+00 5.796509981155395508e-01
1.622881531715393066e+00 -3.761615037918090820e+00 -1.363077521324157715e+00
1.885274887084960938e+00 -2.619163036346435547e+00 2.350855112075805664e+00
2.288972616195678711e+00 1.486844062805175781e+00 5.522408008575439453e+00
2.869616031646728516e+00 2.459746360778808594e+00 4.193553447723388672e+00
2.598092079162597656e+00 2.956021785736083984e+00 2.997608423233032227e+00
-8.661009073257446289e-01 2.484794855117797852e+00 2.618385553359985352e+00
-6.692781448364257812e-01 1.961054325103759766e+00 4.182342529296875000e+00
5.656517744064331055e-01 2.561894178390502930e+00 3.244180679321289062e+00
-1.730453491210937500e+00 3.177317380905151367e+00 1.092430651187896729e-01
-7.585871219635009766e+00 -2.461054801940917969e+00 3.557096004486083984e+00
-7.328773975372314453e+00 -1.426318526268005371e+00 4.219789028167724609e+00
-7.960298538208007812e+00 -8.151939511299133301e-01 2.908223628997802734e+00
-6.811740398406982422e+00 -1.162755727767944336e+00 4.464833736419677734e+00
-7.016268253326416016e+00 -3.683544695377349854e-01 3.061406135559082031e+00
-6.420201778411865234e+00 1.887907981872558594e-01 1.420871496200561523e+00
-6.219624042510986328e+00 1.399352401494979858e-01 2.392347574234008789e+00
-6.924229621887207031e+00 2.277613878250122070e-01 -8.145813345909118652e-01
-3.745300054550170898e+00 1.649505257606506348e+00 1.847132563591003418e+00
-5.361747264862060547e+00 2.014935731887817383e+00 -1.992689013481140137e+00
-3.647173881530761719e+00 3.036077499389648438e+00 -1.668731808662414551e+00
3.382000684738159180e+00 7.189636230468750000e-01 6.428122997283935547e+00
2.978340148925781250e+00 1.766531348228454590e+00 5.325561523437500000e+00
3.829748153686523438e+00 2.135638475418090820e+00 4.762817382812500000e+00
4.523505210876464844e+00 2.619581222534179688e+00 3.704844951629638672e+00
3.870161533355712891e+00 3.137012481689453125e+00 2.931501388549804688e+00
7.758432388305664062e+00 -4.908175468444824219e+00 -3.961679458618164062e+00
2.375838994979858398e+00 -5.072751045227050781e+00 -3.053165197372436523e+00
5.492388248443603516e+00 -4.735095977783203125e+00 -2.523841857910156250e+00
6.318205833435058594e+00 -4.688451290130615234e+00 -2.971778631210327148e+00
3.031759738922119141e+00 -5.010447502136230469e+00 -2.934570074081420898e+00
2.089837551116943359e+00 -5.930182456970214844e+00 -5.250689983367919922e+00
2.625558614730834961e+00 -5.807926177978515625e+00 -6.252574443817138672e+00
3.889171361923217773e+00 -5.142189025878906250e+00 -5.597308635711669922e+00
5.921623706817626953e+00 -4.819917201995849609e+00 -3.730921268463134766e+00
7.156649112701416016e+00 -4.965851783752441406e+00 -4.068610191345214844e+00
2.442945480346679688e+00 -5.621628284454345703e+00 -8.458332061767578125e+00
8.318242073059082031e+00 -4.984436035156250000e+00 -6.007698535919189453e+00
3.298833608627319336e+00 -5.331718921661376953e+00 -7.115448951721191406e+00
3.711706638336181641e+00 -4.723267555236816406e+00 -7.898219108581542969e+00
6.287324905395507812e+00 -5.075078487396240234e+00 -5.376480102539062500e+00
7.405571460723876953e+00 -4.934413433074951172e+00 -6.328955173492431641e+00
5.875996112823486328e+00 -4.180804252624511719e+00 -7.249339103698730469e+00
7.532051086425781250e+00 -4.035705089569091797e+00 -7.366015434265136719e+00
5.588041782379150391e+00 -3.866575717926025391e+00 -7.628179550170898438e+00
5.158434867858886719e+00 -2.840621948242187500e+00 -8.642850875854492188e+00
5.232818126678466797e+00 -2.081625938415527344e+00 -8.896571159362792969e+00
-3.349392414093017578e+00 -7.970663070678710938e+00 -1.205580425262451172e+01
-3.131195783615112305e+00 -8.214930534362792969e+00 -1.051665496826171875e+01
-3.961775541305541992e+00 -7.543928623199462891e+00 -1.315886020660400391e+01
-1.581968784332275391e+00 -6.563309192657470703e+00 -1.324218082427978516e+01
-3.557149410247802734e+00 -6.334593296051025391e+00 -1.445965099334716797e+01
-3.375537395477294922e+00 -5.281282901763916016e+00 -1.519253730773925781e+01
-6.631903648376464844e+00 -6.537374019622802734e+00 -1.317085170745849609e+01
-7.073159694671630859e+00 -6.213650703430175781e+00 -1.318822574615478516e+01
-7.759464263916015625e+00 -5.234130859375000000e+00 -1.367453956604003906e+01
-5.720394134521484375e+00 -7.132519721984863281e+00 -1.307776737213134766e+01
-8.476002693176269531e+00 -5.368155956268310547e+00 -1.256376838684082031e+01
-7.365283489227294922e+00 -4.565654754638671875e+00 -1.457218456268310547e+01
-4.151804447174072266e+00 -5.535282135009765625e+00 -1.502850818634033203e+01
-5.996622562408447266e+00 -4.382098197937011719e+00 -1.525606250762939453e+01
-2.711829185485839844e+00 -5.387911796569824219e+00 -1.501376152038574219e+01
-2.177582025527954102e+00 -4.295735836029052734e+00 -1.536944484710693359e+01
-3.723016738891601562e+00 -3.716177940368652344e+00 -1.575203704833984375e+01
-2.791074991226196289e+00 -3.187422752380371094e+00 -1.571549987792968750e+01
-4.990128517150878906e+00 -2.650218248367309570e+00 -1.594014644622802734e+01
-3.921289205551147461e+00 -1.504794955253601074e+00 -1.593498325347900391e+01
-9.302934646606445312e+00 -4.442900180816650391e+00 -1.222045993804931641e+01
-8.935933113098144531e+00 -4.003184318542480469e+00 -1.344410610198974609e+01
-9.912677764892578125e+00 -2.863119363784790039e+00 -1.234529018402099609e+01
-1.040212059020996094e+01 -1.439010858535766602e+00 -1.151815032958984375e+01
-8.550126075744628906e+00 -3.349682331085205078e+00 -1.435962677001953125e+01
-7.693076610565185547e+00 -2.966712713241577148e+00 -1.519646835327148438e+01
-9.823556900024414062e+00 -9.235112667083740234e-01 -1.328134346008300781e+01
-9.376981735229492188e+00 -3.272313773632049561e-01 -1.420167827606201172e+01
-8.488573074340820312e+00 -9.508335590362548828e-01 -1.507195854187011719e+01
-7.136432647705078125e+00 1.606462597846984863e-01 -1.576842498779296875e+01
-7.628777980804443359e+00 8.140528202056884766e-01 -1.553412914276123047e+01
-1.521854758262634277e+00 -7.555830955505371094e+00 -6.888678550720214844e+00
-4.209998846054077148e-01 -7.156862735748291016e+00 -8.631801605224609375e+00
7.376371324062347412e-02 -6.569288253784179688e+00 -5.590003013610839844e+00
6.193711161613464355e-01 -6.686219692230224609e+00 -6.757091045379638672e+00
-2.397277057170867920e-01 -6.930972576141357422e+00 -9.610897064208984375e+00
-5.081159621477127075e-02 -5.895218849182128906e+00 -1.240218925476074219e+01
1.352671742439270020e+00 -6.389258384704589844e+00 -6.419283866882324219e+00
2.021046161651611328e+00 -5.952205181121826172e+00 -8.191053390502929688e+00
-7.607218027114868164e-01 -5.087123394012451172e+00 -1.430386161804199219e+01
1.024353861808776855e+00 -4.963159084320068359e+00 -1.243787288665771484e+01
-1.230595469474792480e+00 -3.739721059799194336e+00 -1.520307922363281250e+01
-1.921117454767227173e-01 -3.007499456405639648e+00 -1.486003780364990234e+01
1.960253953933715820e+00 -5.053723812103271484e+00 -1.069782161712646484e+01
-1.088218450546264648e+00 -2.405487060546875000e+00 -1.528183746337890625e+01
-1.307625889778137207e+00 -1.697648048400878906e+00 -1.534090614318847656e+01
2.141782522201538086e+00 -3.536668539047241211e+00 -1.149274539947509766e+01
8.848306536674499512e-01 -1.870248079299926758e+00 -1.348743534088134766e+01
7.970857024192810059e-01 -1.144411206245422363e+00 -1.333473777770996094e+01
-2.606634616851806641e+00 -1.778934121131896973e+00 -1.569906997680664062e+01
-2.676412582397460938e+00 -8.098209500312805176e-01 -1.564109230041503906e+01
-5.085661411285400391e+00 4.536278545856475830e-01 -1.588820838928222656e+01
-2.886858940124511719e+00 1.007510066032409668e+00 -1.536718559265136719e+01
-2.164669513702392578e+00 1.174666404724121094e+00 -1.512472152709960938e+01
-4.979999065399169922e-01 1.149675130844116211e+00 -1.389050960540771484e+01
-2.882378816604614258e+00 2.080305814743041992e+00 -1.503577613830566406e+01
-2.466593503952026367e+00 2.788562536239624023e+00 -1.464608860015869141e+01
2.704364776611328125e+00 -3.968368291854858398e+00 -1.033804607391357422e+01
3.519290685653686523e+00 -2.611117601394653320e+00 -1.011168956756591797e+01
3.011301040649414062e+00 -1.848723888397216797e+00 -1.085228443145751953e+01
9.640786051750183105e-01 -2.817696630954742432e-01 -1.281351375579833984e+01
1.482427954673767090e+00 5.895817652344703674e-03 -1.211048126220703125e+01
2.348141431808471680e+00 -2.191071659326553345e-01 -1.122678947448730469e+01
1.080964326858520508e+00 4.164473116397857666e-01 -1.233652019500732422e+01
-1.051302242279052734e+01 -9.657518267631530762e-01 -1.099214458465576172e+01
-9.971039772033691406e+00 6.871027946472167969e-01 -1.291758632659912109e+01
-1.030388259887695312e+01 -1.490917801856994629e-02 -1.048430156707763672e+01
-1.007257461547851562e+01 -1.195106506347656250e-01 -9.022754669189453125e+00
-9.726668357849121094e+00 5.454607605934143066e-01 -1.002461528778076172e+01
-9.965377807617187500e+00 9.242845177650451660e-01 -1.154930877685546875e+01
-9.436177253723144531e+00 2.033640861511230469e+00 -1.278081703186035156e+01
-8.822779655456542969e+00 1.403139948844909668e+00 -9.338968276977539062e+00
-8.418564796447753906e+00 2.399258375167846680e+00 -1.037313652038574219e+01
-8.200162887573242188e+00 1.160446643829345703e+00 -6.067873477935791016e+00
-7.965593338012695312e+00 1.601240158081054688e+00 -7.147305011749267578e+00
-8.288174629211425781e+00 1.889268994331359863e+00 -8.732745170593261719e+00
-7.903397560119628906e+00 2.553734302520751953e+00 -9.729151725769042969e+00
-6.300289154052734375e+00 2.703951358795166016e+00 -7.676295757293701172e+00
-6.216222286224365234e+00 3.014199972152709961e+00 -8.159146308898925781e+00
-8.637801170349121094e+00 2.200402736663818359e+00 -1.428797912597656250e+01
-8.038754463195800781e+00 2.229234695434570312e+00 -1.472955513000488281e+01
-7.639310836791992188e+00 3.440100431442260742e+00 -1.351166915893554688e+01
-6.657145500183105469e+00 4.263009071350097656e+00 -1.313650417327880859e+01
-6.101106166839599609e+00 1.894938826560974121e+00 -1.547639465332031250e+01
-5.845610141754150391e+00 2.184387683868408203e+00 -1.532741260528564453e+01
-5.172111511230468750e+00 3.966235399246215820e+00 -1.412064361572265625e+01
-4.616160392761230469e+00 3.959551095962524414e+00 -1.424847984313964844e+01
-5.869094848632812500e+00 3.769018173217773438e+00 -1.412417793273925781e+01
-8.275820732116699219e+00 3.282246112823486328e+00 -1.224595451354980469e+01
-6.245231151580810547e+00 4.414442539215087891e+00 -1.238059997558593750e+01
-5.558578014373779297e+00 4.385324001312255859e+00 -1.074223423004150391e+01
-3.389904975891113281e+00 4.232752799987792969e+00 -1.348765754699707031e+01
-3.171676397323608398e+00 4.294795036315917969e+00 -1.286977005004882812e+01
-5.221733570098876953e+00 4.436034679412841797e+00 -1.221849822998046875e+01
-4.469914913177490234e+00 4.635444641113281250e+00 -1.232550621032714844e+01
-3.217641353607177734e+00 4.685807228088378906e+00 -1.144280338287353516e+01
-4.959229469299316406e+00 4.788633823394775391e+00 -1.084714698791503906e+01
-3.796495437622070312e+00 4.892902851104736328e+00 -1.117069149017333984e+01
-6.642218589782714844e+00 3.685633659362792969e+00 -1.050032329559326172e+01
-5.933917999267578125e+00 3.628193855285644531e+00 -9.032447814941406250e+00
3.057079553604125977e+00 -1.915941834449768066e-01 -1.030155277252197266e+01
-1.390438675880432129e-01 1.528231501579284668e+00 -1.287799644470214844e+01
-2.114970684051513672e+00 3.220847368240356445e+00 -1.359502029418945312e+01
9.953820705413818359e-01 8.011298179626464844e-01 -1.168913364410400391e+01
-1.054456949234008789e+00 2.883875131607055664e+00 -1.233868026733398438e+01
-2.714570045471191406e+00 3.845382928848266602e+00 -1.327022171020507812e+01
-1.650701761245727539e+00 3.646059513092041016e+00 -1.187506484985351562e+01
1.143197822570800781e+01 -6.520371913909912109e+00 -3.366666555404663086e+00
1.332504367828369141e+01 -6.678359985351562500e+00 -1.715249776840209961e+00
1.117156410217285156e+01 -6.443600654602050781e+00 -8.333987593650817871e-01
1.097572803497314453e+01 -6.463449954986572266e+00 -2.590650320053100586e+00
1.435007762908935547e+01 -6.943213462829589844e+00 -5.011570453643798828e+00
1.198506259918212891e+01 -6.582280158996582031e+00 -3.968275547027587891e+00
1.269418334960937500e+01 -6.560901641845703125e+00 -5.464098930358886719e+00
1.314643669128417969e+01 -6.870161056518554688e+00 -3.655771732330322266e+00
1.562493801116943359e+01 -7.005852699279785156e+00 -3.581765890121459961e+00
1.606238174438476562e+01 -5.940537929534912109e+00 -4.169706821441650391e+00
1.624265098571777344e+01 -6.461747646331787109e+00 -1.153664708137512207e+00
1.637199783325195312e+01 -5.674321174621582031e+00 -2.037939310073852539e+00
1.457826805114746094e+01 -6.547854423522949219e+00 6.629984080791473389e-02
1.481278896331787109e+01 -6.917908191680908203e+00 -1.536187171936035156e+00
1.537162303924560547e+01 -6.194138050079345703e+00 9.860352277755737305e-01
1.479282474517822266e+01 -4.042279243469238281e+00 1.984078407287597656e+00
1.514156246185302734e+01 -4.186258316040039062e+00 8.902507424354553223e-01
1.433756160736083984e+01 -3.309861660003662109e+00 1.038352012634277344e+00
1.580589866638183594e+01 -4.895452976226806641e+00 -3.343167304992675781e+00
1.523457431793212891e+01 -4.029921531677246094e+00 -2.567058801651000977e+00
1.522266674041748047e+01 -3.938222408294677734e+00 -1.007609844207763672e+00
1.496786499023437500e+01 -3.609936714172363281e+00 -1.505101919174194336e+00
1.432638740539550781e+01 -2.833244800567626953e+00 -8.776377439498901367e-01
1.380410385131835938e+01 -6.732908248901367188e+00 -6.231245040893554688e+00
1.524569416046142578e+01 -5.939305782318115234e+00 -6.532260417938232422e+00
1.236232566833496094e+01 -6.441280364990234375e+00 -6.648652553558349609e+00
1.290387916564941406e+01 -5.904899120330810547e+00 -7.433395385742187500e+00
1.592407131195068359e+01 -5.836225986480712891e+00 -5.626410961151123047e+00
1.559869670867919922e+01 -5.080078601837158203e+00 -5.918668270111083984e+00
1.502863502502441406e+01 -4.410563945770263672e+00 -5.527527332305908203e+00
1.324541664123535156e+01 -5.511906623840332031e+00 -7.290434360504150391e+00
1.261905956268310547e+01 -4.957160949707031250e+00 -6.602517127990722656e+00
1.348230648040771484e+01 -4.471268653869628906e+00 -6.084444522857666016e+00
1.361018371582031250e+01 -3.376960039138793945e+00 -4.934955596923828125e+00
1.499315929412841797e+01 -3.714716434478759766e+00 -2.807912588119506836e+00
1.491394424438476562e+01 -3.736277103424072266e+00 -4.490208148956298828e+00
1.435807895660400391e+01 -2.894913673400878906e+00 -3.740570306777954102e+00
1.015810108184814453e+01 -5.999571323394775391e+00 -2.740143299102783203e+00
6.988761425018310547e+00 -4.752099514007568359e+00 -2.369365215301513672e+00
7.275908946990966797e+00 -4.823150634765625000e+00 -1.942103862762451172e+00
6.840566635131835938e+00 -4.697451591491699219e+00 -2.932782649993896484e+00
1.047925567626953125e+01 -6.286408901214599609e+00 -2.338530063629150391e+00
9.007781982421875000e+00 -5.526751041412353516e+00 -1.942148089408874512e+00
7.948407649993896484e+00 -5.088935852050781250e+00 -1.575701713562011719e+00
9.592357635498046875e+00 -5.531017303466796875e+00 -3.431977748870849609e+00
9.949118614196777344e+00 -5.543003559112548828e+00 -4.658820152282714844e+00
8.327745437622070312e+00 -4.985756397247314453e+00 -3.957748889923095703e+00
1.354626178741455078e+01 -2.153928041458129883e+00 -2.059561945497989655e-02
1.218142127990722656e+01 -8.253312706947326660e-01 -1.020772933959960938e+00
1.095879077911376953e+01 -5.954030513763427734e+00 -5.488860130310058594e+00
1.102219581604003906e+01 -5.413523674011230469e+00 -6.022574901580810547e+00
9.591821670532226562e+00 -5.069144248962402344e+00 -5.193485736846923828e+00
1.171328067779541016e+01 -4.693673610687255859e+00 -6.162236213684082031e+00
9.180092811584472656e+00 -4.316784381866455078e+00 -6.409535884857177734e+00
1.039907646179199219e+01 -3.537629365921020508e+00 -5.859293937683105469e+00
1.246707534790039062e+01 -3.680449247360229492e+00 -5.440971374511718750e+00
1.064643192291259766e+01 -3.195761203765869141e+00 -5.657353401184082031e+00
1.067209815979003906e+01 -2.265272140502929688e+00 -5.245050907135009766e+00
8.541265487670898438e+00 -3.680717706680297852e+00 -7.023999214172363281e+00
9.051176071166992188e+00 -3.080633878707885742e+00 -6.560723781585693359e+00
8.055734634399414062e+00 -2.030352354049682617e+00 -6.901125907897949219e+00
1.040831089019775391e+01 -1.598966002464294434e+00 -5.106397628784179688e+00
8.258882522583007812e+00 -1.703595042228698730e+00 -6.636133670806884766e+00
8.751861572265625000e+00 -4.797877669334411621e-01 -5.840363025665283203e+00
7.284874439239501953e+00 -1.617723256349563599e-01 -6.915633201599121094e+00
1.326837348937988281e+01 -2.121026992797851562e+00 -4.050843238830566406e+00
1.344189262390136719e+01 -1.669158816337585449e+00 -1.923944354057312012e+00
1.319845390319824219e+01 -1.324448108673095703e+00 -3.137119293212890625e+00
1.237267303466796875e+01 -4.560804367065429688e-01 -2.220720767974853516e+00
1.203213405609130859e+01 -1.377879381179809570e-01 -2.825431108474731445e+00
1.240670680999755859e+01 -1.915943622589111328e+00 -4.350541591644287109e+00
1.120771312713623047e+01 -1.232958912849426270e+00 -4.475296974182128906e+00
1.148959636688232422e+01 -5.782594680786132812e-01 -3.859731674194335938e+00
1.015540409088134766e+01 1.536191582679748535e+00 -1.738029956817626953e+00
9.285712242126464844e+00 2.362435817718505859e+00 -2.881396055221557617e+00
9.335912704467773438e+00 2.301789283752441406e+00 -3.354012966156005859e+00
8.572330474853515625e+00 2.924492359161376953e+00 -2.367969036102294922e+00
1.021407222747802734e+01 -9.119201898574829102e-01 -4.996988296508789062e+00
1.065245628356933594e+01 2.983676195144653320e-01 -4.120839595794677734e+00
8.369101524353027344e+00 1.300474107265472412e-01 -5.853185176849365234e+00
7.019067764282226562e+00 9.864752292633056641e-01 -6.426135063171386719e+00
1.386981105804443359e+01 -3.349735021591186523e+00 2.578797578811645508e+00
1.245149707794189453e+01 -2.305846691131591797e+00 2.897326231002807617e+00
1.124967670440673828e+01 -7.453412413597106934e-01 1.432223916053771973e+00
1.143782329559326172e+01 -5.787869095802307129e-01 2.880157828330993652e-01
9.959324836730957031e+00 -2.845678329467773438e-01 3.110403299331665039e+00
8.859161376953125000e+00 1.058319091796875000e+00 2.615836620330810547e+00
9.426094055175781250e+00 7.452370524406433105e-01 2.079036951065063477e+00
7.328547477722167969e+00 2.091176509857177734e+00 2.971867561340332031e+00
7.159403324127197266e+00 2.742994785308837891e+00 1.832669973373413086e+00
9.805487632751464844e+00 9.558714628219604492e-01 3.535628318786621094e-01
1.003367424011230469e+01 1.320408344268798828e+00 -9.929524064064025879e-01
7.992894649505615234e+00 2.661828756332397461e+00 4.256106317043304443e-01
3.349353551864624023e+00 4.275691509246826172e+00 -3.471704125404357910e-01
6.214902400970458984e+00 3.550353765487670898e+00 2.749688923358917236e-01
5.477007389068603516e+00 4.035485744476318359e+00 -2.227418422698974609e+00
3.670300006866455078e+00 4.391164302825927734e+00 -6.854686141014099121e-01
2.847151517868041992e+00 3.821918487548828125e+00 -2.456630706787109375e+00
2.959811449050903320e+00 3.511402368545532227e+00 -3.327853679656982422e+00
-9.878696799278259277e-01 3.796545982360839844e+00 -7.644097805023193359e-01
2.147175073623657227e+00 3.143150568008422852e+00 -4.384145259857177734e+00
9.508951567113399506e-03 4.163019657135009766e+00 -3.142312526702880859e+00
3.063124120235443115e-01 3.709977149963378906e+00 -4.697070121765136719e+00
2.379087448120117188e+00 3.808444976806640625e+00 -2.566316366195678711e+00
5.102216243743896484e+00 -8.741415143013000488e-01 -8.892741203308105469e+00
2.943547248840332031e+00 3.086100220680236816e-01 -9.606520652770996094e+00
5.065084934234619141e+00 5.084695219993591309e-01 -8.111811637878417969e+00
3.644093036651611328e+00 5.636413097381591797e-01 -8.967560768127441406e+00
2.523102045059204102e+00 5.011419653892517090e-01 -9.799079895019531250e+00
1.546617150306701660e+00 1.850265383720397949e+00 -9.910937309265136719e+00
3.305426239967346191e-01 3.150267362594604492e+00 -9.156276702880859375e+00
1.117137596011161804e-01 3.003311395645141602e+00 -1.045720863342285156e+01
5.657175064086914062e+00 2.809998989105224609e+00 -4.856758594512939453e+00
6.164435863494873047e+00 1.888094186782836914e+00 -6.088522911071777344e+00
4.702435493469238281e+00 2.693197488784790039e+00 -5.245276451110839844e+00
4.799656867980957031e+00 2.387429237365722656e+00 -5.958064079284667969e+00
6.610091686248779297e+00 3.740968942642211914e+00 -2.719029903411865234e+00
6.588310718536376953e+00 1.285043358802795410e+00 -6.425619125366210938e+00
5.715470790863037109e+00 1.670945048332214355e+00 -6.600004196166992188e+00
4.862780570983886719e+00 1.781189203262329102e+00 -7.034381389617919922e+00
2.736740350723266602e+00 2.850907087326049805e+00 -5.059877872467041016e+00
2.816957712173461914e+00 2.089112758636474609e+00 -7.357306957244873047e+00
2.028144836425781250e+00 2.328961849212646484e+00 -6.809975624084472656e+00
9.458440542221069336e-02 3.303411006927490234e+00 -6.270033359527587891e+00
2.714021503925323486e-01 2.960277557373046875e+00 -7.757313728332519531e+00
3.027297556400299072e-01 3.032663583755493164e+00 -8.136332511901855469e+00
-3.296708583831787109e+00 3.400523424148559570e+00 -2.584166049957275391e+00
-5.634725093841552734e+00 3.071014881134033203e+00 -7.729967594146728516e+00
-4.809679508209228516e+00 3.488375663757324219e+00 -7.634414196014404297e+00
-4.259302139282226562e+00 3.353836059570312500e+00 -6.673812389373779297e+00
-2.167797088623046875e+00 3.289208650588989258e+00 -2.299360036849975586e-01
-1.890228867530822754e+00 3.756111860275268555e+00 -1.353489995002746582e+00
-1.528388619422912598e+00 4.100390911102294922e+00 -2.467549085617065430e+00
-1.354337096214294434e+00 4.394879341125488281e+00 -3.692800760269165039e+00
-1.183087229728698730e+00 4.402079582214355469e+00 -4.986765861511230469e+00
-4.801812171936035156e+00 4.084844589233398438e+00 -8.503791809082031250e+00
-4.506451129913330078e+00 4.561146259307861328e+00 -9.022968292236328125e+00
-1.981487512588500977e+00 4.464689731597900391e+00 -7.510702610015869141e+00
-3.351274728775024414e+00 4.460949897766113281e+00 -8.330732345581054688e+00
-1.542189002037048340e+00 3.654105663299560547e+00 -1.119810199737548828e+01
-1.229310989379882812e+00 3.508951663970947266e+00 -1.106239795684814453e+01
-3.828865766525268555e+00 4.856007575988769531e+00 -1.070361900329589844e+01
-2.048466444015502930e+00 4.183497428894042969e+00 -9.849538803100585938e+00
-3.120608627796173096e-01 3.482279062271118164e+00 -9.965646743774414062e+00
-2.159842491149902344e+00 4.561428070068359375e+00 -6.120350360870361328e+00
5.275634765625000000e+00 3.189094305038452148e+00 2.332671165466308594e+00
6.046076297760009766e+00 3.179196119308471680e+00 1.785474419593811035e+00
1.964931607246398926e+00 7.042205929756164551e-01 -1.028578281402587891e+01
-5.172023177146911621e-01 2.796624422073364258e+00 -1.161484622955322266e+01
4.415404200553894043e-01 2.526199817657470703e+00 -1.076857662200927734e+01
