1.560393810272216797e+00 -4.931405544281005859e+00 -2.712629795074462891e+00
2.277166366577148438e+00 -4.774858951568603516e+00 -1.921366930007934570e+00
1.514287352561950684e+00 -4.785350799560546875e+00 -2.306766986846923828e+00
-5.068921566009521484e+00 -8.108635902404785156e+00 -7.822200298309326172e+00
-4.999652862548828125e+00 -8.061635017395019531e+00 -1.156809139251708984e+01
-4.185207366943359375e+00 -8.320875167846679688e+00 -9.419696807861328125e+00
-7.270873069763183594e+00 -7.468405723571777344e+00 -7.058963775634765625e+00
-7.775109767913818359e+00 -7.350682735443115234e+00 -7.967283725738525391e+00
-5.692573547363281250e+00 -8.128751754760742188e+00 -9.823741912841796875e+00
-6.220839500427246094e+00 -7.997282028198242188e+00 -9.061569213867187500e+00
-6.480899810791015625e+00 -7.345170021057128906e+00 -1.205447483062744141e+01
-8.410837173461914062e+00 -6.367283344268798828e+00 -1.057588386535644531e+01
-8.333829879760742188e+00 -6.190207004547119141e+00 -1.129427909851074219e+01
-9.642179489135742188e+00 -5.266694545745849609e+00 -8.362792015075683594e+00
-1.005158042907714844e+01 -4.325086593627929688e+00 -8.715441703796386719e+00
-9.586763381958007812e+00 -4.643219947814941406e+00 -1.086726474761962891e+01
-8.220020294189453125e+00 -6.690431594848632812e+00 -5.445456981658935547e+00
-9.067518234252929688e+00 -6.091919422149658203e+00 -4.930220127105712891e+00
-7.968165397644042969e+00 -5.745631217956542969e+00 -3.404451370239257812e+00
-8.496961593627929688e+00 -5.228812694549560547e+00 -2.226049900054931641e+00
-6.958157062530517578e+00 -5.441169738769531250e+00 -3.111747980117797852e+00
-2.593532085418701172e+00 -5.030667781829833984e+00 -1.546143531799316406e+00
-3.373817920684814453e+00 -4.880538940429687500e+00 -5.813648104667663574e-01
-1.440230846405029297e+00 -4.991921901702880859e+00 -2.346564978361129761e-01
-7.379442214965820312e+00 -3.211555004119873047e+00 2.311571121215820312e+00
-5.355567932128906250e+00 -3.511734008789062500e+00 1.279371500015258789e+00
-3.860223770141601562e+00 -5.068228244781494141e+00 -2.135529994964599609e+00
-7.304419040679931641e+00 -4.797031879425048828e+00 -1.626393437385559082e+00
-6.307549476623535156e+00 -5.167595386505126953e+00 -2.785804986953735352e+00
-3.738350868225097656e+00 -4.412769794464111328e+00 1.356627643108367920e-01
-4.767987728118896484e+00 -7.278987407684326172e+00 -5.294449329376220703e+00
-4.545391082763671875e+00 -6.498366355895996094e+00 -4.090145587921142578e+00
-2.280209541320800781e+00 -7.655256271362304688e+00 -6.416686058044433594e+00
-2.884478569030761719e+00 -7.167500495910644531e+00 -5.066495418548583984e+00
-2.214157342910766602e+00 -7.176755905151367188e+00 -5.298582553863525391e+00
-1.356266856193542480e+00 -6.801077842712402344e+00 -5.043316841125488281e+00
-2.779472827911376953e+00 -6.776828289031982422e+00 -4.438823223114013672e+00
-5.267457008361816406e+00 -6.850646972656250000e+00 -4.678642272949218750e+00
-6.153840541839599609e+00 -7.666723728179931641e+00 -6.741999149322509766e+00
-8.704690933227539062e+00 -6.650977611541748047e+00 -6.454929828643798828e+00
-1.417017102241516113e+00 -4.981556892395019531e+00 -1.833631992340087891e+00
-9.347633123397827148e-01 -5.042644500732421875e+00 -2.274636507034301758e+00
-2.241260528564453125e+00 -5.125070571899414062e+00 -2.021187782287597656e+00
-3.503738045692443848e-01 -5.085844516754150391e+00 -1.194553971290588379e+00
6.323386430740356445e-01 -4.617033958435058594e+00 -1.595241069793701172e+00
-8.146938681602478027e-01 -5.403621673583984375e+00 -3.019194602966308594e+00
-8.237832225859165192e-03 -5.499341011047363281e+00 -3.344146966934204102e+00
6.070606708526611328e-01 -4.764220237731933594e+00 -2.123593330383300781e+00
-9.515571594238281250e+00 -4.814042568206787109e+00 -2.044358730316162109e+00
-9.939950942993164062e+00 -4.890797615051269531e+00 -4.679940700531005859e+00
-9.351912498474121094e+00 -5.581476688385009766e+00 -3.831025123596191406e+00
-1.019579792022705078e+01 -3.760226726531982422e+00 -3.288193225860595703e+00
-1.031920337677001953e+01 -3.585812091827392578e+00 -4.716075897216796875e+00
-9.120150566101074219e+00 -4.088601112365722656e+00 3.101333975791931152e-01
-9.781037330627441406e+00 -4.174710273742675781e+00 -1.408159375190734863e+00
-9.820734024047851562e+00 -3.232210874557495117e+00 -2.795187532901763916e-01
-9.599139213562011719e+00 -2.927350997924804688e+00 9.027697443962097168e-01
-9.113127708435058594e+00 -2.722107887268066406e+00 2.167743921279907227e+00
-9.278899192810058594e+00 -1.630379199981689453e+00 1.269724488258361816e+00
-1.017284107208251953e+01 -2.695469379425048828e+00 -2.523621797561645508e+00
-1.009740161895751953e+01 -1.609304189682006836e+00 -2.652677059173583984e+00
-9.464715957641601562e+00 -1.293973445892333984e+00 -8.879401683807373047e-01
-7.936968803405761719e+00 -4.179654121398925781e-01 -6.462829709053039551e-01
-1.006260395050048828e+01 -4.635270118713378906e+00 -5.545525550842285156e+00
-1.034705448150634766e+01 -3.652142047882080078e+00 -5.424971580505371094e+00
-1.053326606750488281e+01 -2.258120536804199219e+00 -5.301680564880371094e+00
-1.059023952484130859e+01 -2.099886894226074219e+00 -5.872529983520507812e+00
-1.008274269104003906e+01 -6.574399471282958984e-01 -5.354645729064941406e+00
-1.059006595611572266e+01 -2.843968868255615234e+00 -7.962168216705322266e+00
-1.071234512329101562e+01 -1.947335004806518555e+00 -8.887504577636718750e+00
-1.060161209106445312e+01 -8.120808005332946777e-01 -8.517713546752929688e+00
-9.951508522033691406e+00 -3.308845460414886475e-01 -6.706622123718261719e+00
-8.383269309997558594e+00 -2.021475136280059814e-01 -2.253533601760864258e+00
-6.925980567932128906e+00 1.701088070869445801e+00 -3.687285423278808594e+00
-9.014590263366699219e+00 3.853645026683807373e-01 -6.204462528228759766e+00
-7.573758602142333984e+00 1.438529133796691895e+00 -4.990533828735351562e+00
1.324672985076904297e+01 -4.906496524810791016e+00 4.316660404205322266e+00
1.355686092376708984e+01 -6.161063671112060547e+00 7.698022127151489258e-01
1.305342483520507812e+01 -5.915858745574951172e+00 1.427329659461975098e+00
1.492735385894775391e+01 -5.751277923583984375e+00 1.929048180580139160e+00
1.479743480682373047e+01 -4.742687702178955078e+00 2.996594429016113281e+00
1.197630977630615234e+01 -5.468110561370849609e+00 2.665624380111694336e+00
4.349936008453369141e+00 -1.194552421569824219e+00 5.242914199829101562e+00
5.175434112548828125e+00 -7.820032835006713867e-01 6.542026042938232422e+00
6.648437500000000000e+00 -4.839097499847412109e+00 -1.663298726081848145e+00
8.908603668212890625e+00 -6.266742706298828125e+00 -1.237087130546569824e+00
8.120129585266113281e+00 -6.173538208007812500e+00 -1.075636744499206543e+00
7.447215080261230469e+00 -6.236987590789794922e+00 -4.816784858703613281e-01
2.554175853729248047e+00 -5.413414001464843750e+00 4.084412157535552979e-01
4.293558597564697266e+00 -4.698625564575195312e+00 -1.494498848915100098e+00
5.165983200073242188e+00 -5.086569786071777344e+00 -1.164687514305114746e+00
2.306066989898681641e+00 -4.281093597412109375e+00 -1.257483124732971191e+00
4.113998413085937500e+00 -4.727205753326416016e+00 -1.276126623153686523e+00
5.107363700866699219e+00 -5.550732135772705078e+00 2.303204089403152466e-01
5.804776191711425781e+00 -5.958953857421875000e+00 -5.957645177841186523e-01
3.096875429153442383e+00 -5.483357906341552734e+00 -5.828596949577331543e-01
9.454942703247070312e+00 -5.070476055145263672e+00 3.051196336746215820e+00
1.007112789154052734e+01 -4.398509502410888672e+00 4.784942626953125000e+00
9.968071937561035156e+00 -4.696748733520507812e+00 4.221580505371093750e+00
8.754725456237792969e+00 -3.777254581451416016e+00 5.338936328887939453e+00
8.933902740478515625e+00 -4.861275196075439453e+00 3.134665012359619141e+00
9.024877548217773438e+00 -5.861223220825195312e+00 1.423057556152343750e+00
8.680670738220214844e+00 -6.068502902984619141e+00 9.455784559249877930e-01
5.459940910339355469e+00 -1.264514446258544922e+00 4.254071235656738281e+00
6.151824951171875000e+00 -3.647116899490356445e+00 2.455379724502563477e+00
5.583769798278808594e+00 -3.939836502075195312e+00 1.912141680717468262e+00
4.498538970947265625e+00 -1.870599865913391113e+00 3.175477743148803711e+00
4.576819896697998047e+00 -1.494807839393615723e+00 3.906944513320922852e+00
6.875578403472900391e+00 -2.338164091110229492e+00 4.405365467071533203e+00
6.676175594329833984e+00 -1.755487918853759766e+00 5.731432437896728516e+00
6.535471439361572266e+00 -5.431171894073486328e+00 9.596747756004333496e-01
1.220381546020507812e+01 -3.534066915512084961e+00 5.651152610778808594e+00
1.393770790100097656e+01 -4.047343254089355469e+00 4.433216094970703125e+00
1.276333618164062500e+01 -2.788241147994995117e+00 4.726516723632812500e+00
1.361647033691406250e+01 -2.893563508987426758e+00 3.089554071426391602e+00
7.947638511657714844e+00 -2.573667287826538086e+00 6.795948505401611328e+00
7.455222606658935547e+00 -2.157147884368896484e+00 6.904476642608642578e+00
4.122086048126220703e+00 -5.912867188453674316e-01 7.519485473632812500e+00
9.836523056030273438e+00 -3.537403345108032227e+00 6.320024967193603516e+00
1.058514595031738281e+01 -2.144682884216308594e+00 6.398894309997558594e+00
1.086805820465087891e+01 -1.769307374954223633e+00 5.466910362243652344e+00
8.741107940673828125e+00 -1.103330373764038086e+00 6.634093761444091797e+00
9.045085906982421875e+00 -7.726856470108032227e-01 5.573617458343505859e+00
1.116522979736328125e+01 -1.721032381057739258e+00 4.474847793579101562e+00
1.146825885772705078e+01 -1.602197885513305664e+00 3.435627222061157227e+00
6.635375976562500000e+00 -1.234023332595825195e+00 6.669556140899658203e+00
7.774177551269531250e+00 -6.185809969902038574e-01 6.585702896118164062e+00
7.014702320098876953e+00 2.755957245826721191e-01 6.016718864440917969e+00
6.201684951782226562e+00 -4.034272208809852600e-02 6.457382678985595703e+00
5.633460044860839844e+00 1.122340798377990723e+00 6.020870208740234375e+00
8.089671134948730469e+00 5.880069732666015625e-01 4.663263797760009766e+00
5.749846458435058594e+00 2.366484880447387695e+00 4.535412311553955078e+00
6.145435333251953125e+00 2.451044321060180664e+00 3.946201801300048828e+00
-2.134915828704833984e+00 -2.798237800598144531e+00 3.784138679504394531e+00
-1.522253990173339844e+00 -3.801392316818237305e+00 1.674959182739257812e+00
-1.476536393165588379e+00 -4.649318218231201172e+00 3.966622948646545410e-01
-1.617492675781250000e+00 -2.865533590316772461e+00 3.514198541641235352e+00
-2.439118176698684692e-01 -2.661056518554687500e+00 2.401249170303344727e+00
-5.071877479553222656e+00 -3.476259231567382812e+00 1.472025036811828613e+00
-4.359385967254638672e+00 -3.314392328262329102e+00 2.207341194152832031e+00
-5.805831432342529297e+00 -2.597110748291015625e+00 3.395058155059814453e+00
-5.279338836669921875e+00 -3.017726421356201172e+00 2.539170265197753906e+00
-4.096059799194335938e+00 -2.826687574386596680e+00 3.386425733566284180e+00
-2.761576414108276367e+00 -1.621090173721313477e+00 4.885322093963623047e+00
-5.655042648315429688e+00 -1.268921613693237305e+00 4.710225105285644531e+00
-5.351468563079833984e+00 -7.389082908630371094e-01 4.911015033721923828e+00
2.513410091400146484e+00 -1.755898475646972656e+00 3.806789398193359375e+00
1.366649746894836426e+00 -9.144285321235656738e-01 4.228526592254638672e+00
-5.751804634928703308e-02 -1.196077704429626465e+00 3.696913242340087891e+00
1.084768056869506836e+00 -3.397780656814575195e-01 4.754870891571044922e+00
2.461772203445434570e+00 -1.113690853118896484e+00 5.501405239105224609e+00
3.416821956634521484e+00 -7.001479268074035645e-01 6.978376865386962891e+00
1.096071481704711914e+00 7.511591911315917969e-01 5.466292858123779297e+00
-3.227516889572143555e+00 -1.391264796257019043e+00 5.013406753540039062e+00
-4.245797634124755859e+00 2.982907295227050781e-01 5.011625766754150391e+00
-2.751727104187011719e+00 5.615962743759155273e-01 5.135353088378906250e+00
-1.171118736267089844e+00 1.609185576438903809e+00 4.406479835510253906e+00
-3.889364957809448242e+00 1.017586231231689453e+00 4.048648834228515625e+00
-3.826498270034790039e+00 1.424134016036987305e+00 2.890903711318969727e+00
-1.777872592210769653e-01 -5.096879959106445312e+00 -7.622082531452178955e-02
2.981791794300079346e-01 -4.954652786254882812e+00 -1.093536838889122009e-01
8.167325854301452637e-01 -4.959482192993164062e+00 4.172203317284584045e-02
1.645649075508117676e+00 -3.803984403610229492e+00 1.450505614280700684e+00
1.483611583709716797e+00 -4.994046688079833984e+00 5.919556617736816406e-01
1.623901486396789551e+00 -3.761178255081176758e+00 -1.358070969581604004e+00
1.882622361183166504e+00 -2.642917633056640625e+00 2.422699928283691406e+00
2.243495464324951172e+00 1.458439826965332031e+00 5.720321178436279297e+00
2.851271867752075195e+00 2.493051767349243164e+00 4.362160682678222656e+00
2.603675365447998047e+00 2.965042352676391602e+00 3.069980621337890625e+00
-8.621851205825805664e-01 2.479886531829833984e+00 2.623791217803955078e+00
-6.662075519561767578e-01 1.936735272407531738e+00 4.190926551818847656e+00
5.699913501739501953e-01 2.542934179306030273e+00 3.268521308898925781e+00
-1.729644060134887695e+00 3.178133010864257812e+00 1.108862236142158508e-01
-7.586171150207519531e+00 -2.459695577621459961e+00 3.555380105972290039e+00
-7.329398632049560547e+00 -1.424877047538757324e+00 4.218112468719482422e+00
-7.961280345916748047e+00 -8.141982555389404297e-01 2.907830476760864258e+00
-6.812619209289550781e+00 -1.161668896675109863e+00 4.463830471038818359e+00
-7.016742706298828125e+00 -3.682954609394073486e-01 3.060847997665405273e+00
-6.420433521270751953e+00 1.883735507726669312e-01 1.421099305152893066e+00
-6.220098018646240234e+00 1.387991011142730713e-01 2.392183065414428711e+00
-6.924460887908935547e+00 2.278150767087936401e-01 -8.145793080329895020e-01
-3.746654987335205078e+00 1.653474450111389160e+00 1.847997903823852539e+00
-5.361820697784423828e+00 2.012927532196044922e+00 -1.992854475975036621e+00
-3.648310661315917969e+00 3.034851789474487305e+00 -1.668790817260742188e+00
3.284157991409301758e+00 6.362472176551818848e-01 6.754263877868652344e+00
2.929270982742309570e+00 1.745707511901855469e+00 5.575757503509521484e+00
3.791278839111328125e+00 2.215692043304443359e+00 5.060347080230712891e+00
4.511785984039306641e+00 2.809891223907470703e+00 3.969784259796142578e+00
3.864580631256103516e+00 3.234548330307006836e+00 3.060682535171508789e+00
7.758216857910156250e+00 -4.913727760314941406e+00 -3.958927631378173828e+00
2.376287698745727539e+00 -5.072514533996582031e+00 -3.051646709442138672e+00
5.493357658386230469e+00 -4.735970973968505859e+00 -2.519417047500610352e+00
6.318950653076171875e+00 -4.691656589508056641e+00 -2.968209743499755859e+00
3.032289981842041016e+00 -5.009985923767089844e+00 -2.932075977325439453e+00
2.090166330337524414e+00 -5.930202960968017578e+00 -5.249724864959716797e+00
2.625640392303466797e+00 -5.808121204376220703e+00 -6.251773834228515625e+00
3.889122009277343750e+00 -5.142171382904052734e+00 -5.596605777740478516e+00
5.921262264251708984e+00 -4.820293426513671875e+00 -3.729252338409423828e+00
7.155930042266845703e+00 -4.969913959503173828e+00 -4.066643714904785156e+00
2.442876100540161133e+00 -5.621741294860839844e+00 -8.457581520080566406e+00
8.316245079040527344e+00 -4.982557773590087891e+00 -6.007565498352050781e+00
3.299267053604125977e+00 -5.331947326660156250e+00 -7.114802360534667969e+00
3.712152004241943359e+00 -4.723783969879150391e+00 -7.898255348205566406e+00
6.286568641662597656e+00 -5.075442314147949219e+00 -5.375639915466308594e+00
7.403986454010009766e+00 -4.934349536895751953e+00 -6.328412532806396484e+00
5.874794006347656250e+00 -4.180508136749267578e+00 -7.249138355255126953e+00
7.529906272888183594e+00 -4.034027576446533203e+00 -7.367386817932128906e+00
5.586449146270751953e+00 -3.865556716918945312e+00 -7.627229213714599609e+00
5.157773017883300781e+00 -2.840536594390869141e+00 -8.642734527587890625e+00
5.232249736785888672e+00 -2.082523822784423828e+00 -8.896114349365234375e+00
-3.349537134170532227e+00 -7.970446586608886719e+00 -1.205610370635986328e+01
-3.131276130676269531e+00 -8.215011596679687500e+00 -1.051684284210205078e+01
-3.961576938629150391e+00 -7.543647766113281250e+00 -1.315938282012939453e+01
-1.581889271736145020e+00 -6.563336849212646484e+00 -1.324221801757812500e+01
-3.557008743286132812e+00 -6.334289550781250000e+00 -1.445985984802246094e+01
-3.375441789627075195e+00 -5.281143665313720703e+00 -1.519248008728027344e+01
-6.631727695465087891e+00 -6.536937236785888672e+00 -1.317121028900146484e+01
-7.072695255279541016e+00 -6.213027954101562500e+00 -1.318876743316650391e+01
-7.758667945861816406e+00 -5.233167171478271484e+00 -1.367511558532714844e+01
-5.720162391662597656e+00 -7.132385730743408203e+00 -1.307827568054199219e+01
-8.474730491638183594e+00 -5.366758823394775391e+00 -1.256390476226806641e+01
-7.364608287811279297e+00 -4.565465927124023438e+00 -1.457336521148681641e+01
-4.151592731475830078e+00 -5.535328865051269531e+00 -1.502879333496093750e+01
-5.996247768402099609e+00 -4.382606983184814453e+00 -1.525701045989990234e+01
-2.711742639541625977e+00 -5.387577056884765625e+00 -1.501353645324707031e+01
-2.177338123321533203e+00 -4.295620918273925781e+00 -1.536937713623046875e+01
-3.723248958587646484e+00 -3.716708421707153320e+00 -1.575243091583251953e+01
-2.790545463562011719e+00 -3.187700510025024414e+00 -1.571564865112304688e+01
-4.990123271942138672e+00 -2.650068521499633789e+00 -1.594040584564208984e+01
-3.921000957489013672e+00 -1.505384564399719238e+00 -1.593559551239013672e+01
-9.301067352294921875e+00 -4.442624568939208984e+00 -1.222177600860595703e+01
-8.934859275817871094e+00 -4.002730846405029297e+00 -1.344533538818359375e+01
-9.911683082580566406e+00 -2.864016056060791016e+00 -1.234697055816650391e+01
-1.040209293365478516e+01 -1.440144181251525879e+00 -1.151991271972656250e+01
-8.549884796142578125e+00 -3.350025177001953125e+00 -1.436032867431640625e+01
-7.692689895629882812e+00 -2.967325210571289062e+00 -1.519787502288818359e+01
-9.822982788085937500e+00 -9.247618317604064941e-01 -1.328308582305908203e+01
-9.375347137451171875e+00 -3.287279307842254639e-01 -1.420475673675537109e+01
-8.487733840942382812e+00 -9.523480534553527832e-01 -1.507390785217285156e+01
-7.135141849517822266e+00 1.587216407060623169e-01 -1.577022266387939453e+01
-7.627206802368164062e+00 8.126943111419677734e-01 -1.553707504272460938e+01
-1.521716356277465820e+00 -7.555838584899902344e+00 -6.888103961944580078e+00
-4.209349751472473145e-01 -7.156726837158203125e+00 -8.631528854370117188e+00
7.366197556257247925e-02 -6.568701744079589844e+00 -5.589343070983886719e+00
6.192144751548767090e-01 -6.685550212860107422e+00 -6.756673336029052734e+00
-2.396695911884307861e-01 -6.931010246276855469e+00 -9.610755920410156250e+00
-5.088017135858535767e-02 -5.895421981811523438e+00 -1.240198612213134766e+01
1.352694034576416016e+00 -6.389117717742919922e+00 -6.418474674224853516e+00
2.021067857742309570e+00 -5.952308177947998047e+00 -8.190456390380859375e+00
-7.606847286224365234e-01 -5.087481975555419922e+00 -1.430364990234375000e+01
1.024536252021789551e+00 -4.963403701782226562e+00 -1.243793010711669922e+01
-1.230464220046997070e+00 -3.740259170532226562e+00 -1.520246028900146484e+01
-1.925023496150970459e-01 -3.007735967636108398e+00 -1.485935783386230469e+01
1.960229277610778809e+00 -5.053809165954589844e+00 -1.069748306274414062e+01
-1.088195681571960449e+00 -2.406073808670043945e+00 -1.528160762786865234e+01
-1.307454228401184082e+00 -1.698229074478149414e+00 -1.534088134765625000e+01
2.141803741455078125e+00 -3.536733388900756836e+00 -1.149272823333740234e+01
8.845711350440979004e-01 -1.870398998260498047e+00 -1.348713111877441406e+01
7.973334789276123047e-01 -1.144741415977478027e+00 -1.333468627929687500e+01
-2.606537580490112305e+00 -1.779512643814086914e+00 -1.569920825958251953e+01
-2.676172971725463867e+00 -8.105513453483581543e-01 -1.564174652099609375e+01
-5.084786415100097656e+00 4.526363611221313477e-01 -1.588878631591796875e+01
-2.886651277542114258e+00 1.006659746170043945e+00 -1.536802387237548828e+01
-2.164371728897094727e+00 1.173817515373229980e+00 -1.512505149841308594e+01
-4.976161420345306396e-01 1.148844718933105469e+00 -1.389085674285888672e+01
-2.882097959518432617e+00 2.078683137893676758e+00 -1.503629493713378906e+01
-2.465582609176635742e+00 2.787216901779174805e+00 -1.464753437042236328e+01
2.703856468200683594e+00 -3.968427419662475586e+00 -1.033754539489746094e+01
3.520275831222534180e+00 -2.611911058425903320e+00 -1.011253738403320312e+01
3.012090682983398438e+00 -1.849217057228088379e+00 -1.085304546356201172e+01
9.641709327697753906e-01 -2.823621928691864014e-01 -1.281392002105712891e+01
1.482502698898315430e+00 5.314928479492664337e-03 -1.211088275909423828e+01
2.348497152328491211e+00 -2.197293043136596680e-01 -1.122749519348144531e+01
1.081350207328796387e+00 4.157058298587799072e-01 -1.233687210083007812e+01
-1.051313209533691406e+01 -9.673470854759216309e-01 -1.099391555786132812e+01
-9.969010353088378906e+00 6.854470968246459961e-01 -1.292174530029296875e+01
-1.030359268188476562e+01 -1.712389476597309113e-02 -1.048743820190429688e+01
-1.007312202453613281e+01 -1.219301670789718628e-01 -9.025238990783691406e+00
-9.726615905761718750e+00 5.422025918960571289e-01 -1.002831268310546875e+01
-9.964314460754394531e+00 9.217104911804199219e-01 -1.155273342132568359e+01
-9.433381080627441406e+00 2.030993223190307617e+00 -1.278507518768310547e+01
-8.820320129394531250e+00 1.394526362419128418e+00 -9.343919754028320312e+00
-8.415714263916015625e+00 2.394681692123413086e+00 -1.037686538696289062e+01
-8.194415092468261719e+00 1.155306220054626465e+00 -6.073633670806884766e+00
-7.957758903503417969e+00 1.590516805648803711e+00 -7.153388500213623047e+00
-8.279762268066406250e+00 1.876407623291015625e+00 -8.739633560180664062e+00
-7.897781372070312500e+00 2.543179988861083984e+00 -9.734655380249023438e+00
-6.294818401336669922e+00 2.695028781890869141e+00 -7.681568622589111328e+00
-6.211148738861083984e+00 3.004001617431640625e+00 -8.164729118347167969e+00
-8.635107040405273438e+00 2.201574563980102539e+00 -1.429291725158691406e+01
-8.036406517028808594e+00 2.228651046752929688e+00 -1.473357772827148438e+01
-7.636661529541015625e+00 3.439571142196655273e+00 -1.351517772674560547e+01
-6.655059814453125000e+00 4.261753082275390625e+00 -1.314001846313476562e+01
-6.099908828735351562e+00 1.892795324325561523e+00 -1.547707843780517578e+01
-5.844299793243408203e+00 2.181715011596679688e+00 -1.532742977142333984e+01
-5.170451641082763672e+00 3.964742898941040039e+00 -1.412357616424560547e+01
-4.614924907684326172e+00 3.958222389221191406e+00 -1.425075912475585938e+01
-5.867111206054687500e+00 3.767611503601074219e+00 -1.412677001953125000e+01
-8.272425651550292969e+00 3.279233455657958984e+00 -1.224951934814453125e+01
-6.241737842559814453e+00 4.409513950347900391e+00 -1.238409137725830078e+01
-5.553998470306396484e+00 4.376034259796142578e+00 -1.074715709686279297e+01
-3.388368606567382812e+00 4.231538772583007812e+00 -1.349040889739990234e+01
-3.170127153396606445e+00 4.293157100677490234e+00 -1.287203502655029297e+01
-5.218802452087402344e+00 4.431075572967529297e+00 -1.222263336181640625e+01
-4.468250274658203125e+00 4.632858753204345703e+00 -1.232876014709472656e+01
-3.216284513473510742e+00 4.683359622955322266e+00 -1.144458961486816406e+01
-4.957355976104736328e+00 4.782332897186279297e+00 -1.085105800628662109e+01
-3.795014381408691406e+00 4.889685153961181641e+00 -1.117333221435546875e+01
-6.637629985809326172e+00 3.676776170730590820e+00 -1.050513172149658203e+01
-5.928194999694824219e+00 3.617152214050292969e+00 -9.038298606872558594e+00
3.057545900344848633e+00 -1.926824301481246948e-01 -1.030229663848876953e+01
-1.383099257946014404e-01 1.526926994323730469e+00 -1.287873268127441406e+01
-2.113763332366943359e+00 3.219540357589721680e+00 -1.359641361236572266e+01
9.959551692008972168e-01 7.995909452438354492e-01 -1.168984985351562500e+01
-1.053620219230651855e+00 2.882238149642944336e+00 -1.233987236022949219e+01
-2.713170528411865234e+00 3.844016075134277344e+00 -1.327214145660400391e+01
-1.649819493293762207e+00 3.644035816192626953e+00 -1.187661266326904297e+01
1.143266296386718750e+01 -6.521495819091796875e+00 -3.367032051086425781e+00
1.332727336883544922e+01 -6.669042587280273438e+00 -1.713487386703491211e+00
1.117111015319824219e+01 -6.475830554962158203e+00 -8.206737637519836426e-01
1.097615242004394531e+01 -6.476429939270019531e+00 -2.585022926330566406e+00
1.434393119812011719e+01 -6.934693813323974609e+00 -5.018017768859863281e+00
1.198407840728759766e+01 -6.577798366546630859e+00 -3.971775531768798828e+00
1.269070625305175781e+01 -6.555841445922851562e+00 -5.471013545989990234e+00
1.314451789855957031e+01 -6.857699394226074219e+00 -3.658174037933349609e+00
1.562310504913330078e+01 -7.002999305725097656e+00 -3.588127613067626953e+00
1.604819488525390625e+01 -5.937088966369628906e+00 -4.178071975708007812e+00
1.624478340148925781e+01 -6.441009044647216797e+00 -1.158273458480834961e+00
1.636297607421875000e+01 -5.660996437072753906e+00 -2.051504135131835938e+00
1.458520698547363281e+01 -6.521133422851562500e+00 6.662321835756301880e-02
1.481423187255859375e+01 -6.914927959442138672e+00 -1.535882592201232910e+00
1.538054275512695312e+01 -6.124378681182861328e+00 9.767066836357116699e-01
1.483071517944335938e+01 -3.863410711288452148e+00 1.909191370010375977e+00
1.515742397308349609e+01 -4.097754955291748047e+00 8.479773402214050293e-01
1.437185668945312500e+01 -3.187018156051635742e+00 9.750527143478393555e-01
1.578487014770507812e+01 -4.892280101776123047e+00 -3.354041337966918945e+00
1.521131706237792969e+01 -4.022313594818115234e+00 -2.586259841918945312e+00
1.521392822265625000e+01 -3.910464763641357422e+00 -1.037553310394287109e+00
1.495699882507324219e+01 -3.589739322662353516e+00 -1.532868742942810059e+00
1.431037521362304688e+01 -2.795923471450805664e+00 -9.130055904388427734e-01
1.379509544372558594e+01 -6.724912166595458984e+00 -6.240093231201171875e+00
1.523212528228759766e+01 -5.931257724761962891e+00 -6.542112827301025391e+00
1.235443019866943359e+01 -6.434453010559082031e+00 -6.657448291778564453e+00
1.289446640014648438e+01 -5.896226882934570312e+00 -7.446162700653076172e+00
1.591109085083007812e+01 -5.832206249237060547e+00 -5.636153221130371094e+00
1.557977581024169922e+01 -5.073505401611328125e+00 -5.927624702453613281e+00
1.500242805480957031e+01 -4.409192562103271484e+00 -5.534625053405761719e+00
1.323624706268310547e+01 -5.501286506652832031e+00 -7.307091236114501953e+00
1.260961055755615234e+01 -4.946753978729248047e+00 -6.619205951690673828e+00
1.346703624725341797e+01 -4.458816528320312500e+00 -6.102260589599609375e+00
1.358623600006103516e+01 -3.369820117950439453e+00 -4.948447704315185547e+00
1.496485614776611328e+01 -3.710107803344726562e+00 -2.827341794967651367e+00
1.488195705413818359e+01 -3.738808393478393555e+00 -4.499954223632812500e+00
1.431987380981445312e+01 -2.897157669067382812e+00 -3.751675367355346680e+00
1.015877437591552734e+01 -6.008601188659667969e+00 -2.735724449157714844e+00
6.989967823028564453e+00 -4.759235382080078125e+00 -2.364962577819824219e+00
7.277303218841552734e+00 -4.827377796173095703e+00 -1.936678409576416016e+00
6.841387748718261719e+00 -4.702264308929443359e+00 -2.928978681564331055e+00
1.048099136352539062e+01 -6.301103115081787109e+00 -2.331505060195922852e+00
9.009541511535644531e+00 -5.531206130981445312e+00 -1.935696005821228027e+00
7.949937343597412109e+00 -5.093789577484130859e+00 -1.569611072540283203e+00
9.593035697937011719e+00 -5.533916473388671875e+00 -3.429785728454589844e+00
9.949769020080566406e+00 -5.540658473968505859e+00 -4.658921241760253906e+00
8.327512741088867188e+00 -4.992286205291748047e+00 -3.956203937530517578e+00
1.352543544769287109e+01 -2.105639934539794922e+00 -6.199530139565467834e-02
1.219394302368164062e+01 -7.374499440193176270e-01 -1.035786032676696777e+00
1.095843315124511719e+01 -5.949115276336669922e+00 -5.491890430450439453e+00
1.101776599884033203e+01 -5.408929824829101562e+00 -6.029984951019287109e+00
9.589977264404296875e+00 -5.064428806304931641e+00 -5.195239543914794922e+00
1.170434570312500000e+01 -4.685560703277587891e+00 -6.176367282867431641e+00
9.175506591796875000e+00 -4.312105178833007812e+00 -6.411769390106201172e+00
1.039190769195556641e+01 -3.531611204147338867e+00 -5.866960048675537109e+00
1.245412349700927734e+01 -3.670837640762329102e+00 -5.458832740783691406e+00
1.063785743713378906e+01 -3.187078952789306641e+00 -5.668001174926757812e+00
1.066245841979980469e+01 -2.257591485977172852e+00 -5.256196022033691406e+00
8.538022994995117188e+00 -3.677621603012084961e+00 -7.027576923370361328e+00
9.046783447265625000e+00 -3.075284242630004883e+00 -6.566797733306884766e+00
8.053811073303222656e+00 -2.028116464614868164e+00 -6.902942180633544922e+00
1.040136814117431641e+01 -1.591619968414306641e+00 -5.115931034088134766e+00
8.255530357360839844e+00 -1.700111985206604004e+00 -6.639337062835693359e+00
8.748084068298339844e+00 -4.753310382366180420e-01 -5.844915390014648438e+00
7.283342361450195312e+00 -1.615078300237655640e-01 -6.916753768920898438e+00
1.323259830474853516e+01 -2.123131752014160156e+00 -4.055945396423339844e+00
1.341626262664794922e+01 -1.634632945060729980e+00 -1.947466492652893066e+00
1.316511821746826172e+01 -1.315778136253356934e+00 -3.149565219879150391e+00
1.236724281311035156e+01 -4.014781713485717773e-01 -2.240495204925537109e+00
1.201307010650634766e+01 -1.134433448314666748e-01 -2.837949514389038086e+00
1.238772678375244141e+01 -1.907145619392395020e+00 -4.361685752868652344e+00
1.119402790069580078e+01 -1.222749948501586914e+00 -4.485532760620117188e+00
1.147037601470947266e+01 -5.660268068313598633e-01 -3.864576339721679688e+00
1.015900611877441406e+01 1.588695526123046875e+00 -1.740724921226501465e+00
9.273276329040527344e+00 2.386832237243652344e+00 -2.881999492645263672e+00
9.317412376403808594e+00 2.303220033645629883e+00 -3.348182678222656250e+00
8.560757637023925781e+00 2.942078590393066406e+00 -2.361559391021728516e+00
1.020814514160156250e+01 -9.041774868965148926e-01 -5.004043102264404297e+00
1.063876628875732422e+01 3.062663078308105469e-01 -4.120286941528320312e+00
8.368501663208007812e+00 1.342800557613372803e-01 -5.857973575592041016e+00
7.018884181976318359e+00 9.875350594520568848e-01 -6.429141998291015625e+00
1.395491313934326172e+01 -3.100135803222656250e+00 2.493583917617797852e+00
1.249897575378417969e+01 -2.087209701538085938e+00 2.819754838943481445e+00
1.125646305084228516e+01 -5.962926745414733887e-01 1.404388546943664551e+00
1.147532367706298828e+01 -4.292625188827514648e-01 2.785514891147613525e-01
9.940486907958984375e+00 -9.770879149436950684e-02 3.121101140975952148e+00
8.812028884887695312e+00 1.195603728294372559e+00 2.697215557098388672e+00
9.421475410461425781e+00 9.018490314483642578e-01 2.101951122283935547e+00
7.283727169036865234e+00 2.224387884140014648e+00 3.101343870162963867e+00
7.136753082275390625e+00 2.854227781295776367e+00 1.915018558502197266e+00
9.842857360839843750e+00 1.116609573364257812e+00 3.723453879356384277e-01
1.006071281433105469e+01 1.450902223587036133e+00 -9.841101765632629395e-01
7.976115226745605469e+00 2.745822906494140625e+00 4.672015607357025146e-01
3.351283311843872070e+00 4.266707897186279297e+00 -3.409818708896636963e-01
6.216487884521484375e+00 3.631137847900390625e+00 3.206205368041992188e-01
5.478250980377197266e+00 4.047559261322021484e+00 -2.220194101333618164e+00
3.669730424880981445e+00 4.381683349609375000e+00 -6.784457564353942871e-01
2.847353458404541016e+00 3.816189527511596680e+00 -2.452197551727294922e+00
2.958987236022949219e+00 3.504174709320068359e+00 -3.325014352798461914e+00
-9.876229763031005859e-01 3.797029733657836914e+00 -7.634238600730895996e-01
2.147132158279418945e+00 3.136526107788085938e+00 -4.383620738983154297e+00
9.909674525260925293e-03 4.160298347473144531e+00 -3.142227649688720703e+00
3.064030110836029053e-01 3.706872701644897461e+00 -4.696659564971923828e+00
2.379037857055664062e+00 3.803695201873779297e+00 -2.563879728317260742e+00
5.101512908935546875e+00 -8.758722543716430664e-01 -8.892844200134277344e+00
2.943395853042602539e+00 3.064838945865631104e-01 -9.607536315917968750e+00
5.064543724060058594e+00 5.056980252265930176e-01 -8.111995697021484375e+00
3.642961025238037109e+00 5.591903924942016602e-01 -8.966965675354003906e+00
2.523895740509033203e+00 4.998416900634765625e-01 -9.800522804260253906e+00
1.546878814697265625e+00 1.847988128662109375e+00 -9.911601066589355469e+00
3.310139477252960205e-01 3.147908687591552734e+00 -9.156946182250976562e+00
1.126340776681900024e-01 3.001290082931518555e+00 -1.045776844024658203e+01
5.658158779144287109e+00 2.812330722808837891e+00 -4.854313373565673828e+00
6.165261268615722656e+00 1.887856245040893555e+00 -6.088087081909179688e+00
4.701110839843750000e+00 2.688240528106689453e+00 -5.242561817169189453e+00
4.797877788543701172e+00 2.380579710006713867e+00 -5.956340312957763672e+00
6.615642070770263672e+00 3.773048400878906250e+00 -2.717863798141479492e+00
6.588971138000488281e+00 1.286220550537109375e+00 -6.428093910217285156e+00
5.713956356048583984e+00 1.668641686439514160e+00 -6.599532127380371094e+00
4.860932350158691406e+00 1.775383114814758301e+00 -7.032052993774414062e+00
2.736084938049316406e+00 2.843768596649169922e+00 -5.059089183807373047e+00
2.816670656204223633e+00 2.084535360336303711e+00 -7.356118679046630859e+00
2.027993917465209961e+00 2.325265884399414062e+00 -6.809536457061767578e+00
9.452515840530395508e-02 3.300192356109619141e+00 -6.269806861877441406e+00
2.714115977287292480e-01 2.957291603088378906e+00 -7.757716178894042969e+00
3.028106391429901123e-01 3.029807567596435547e+00 -8.136532783508300781e+00
-3.297714948654174805e+00 3.399597167968750000e+00 -2.584065675735473633e+00
-5.630738735198974609e+00 3.060496807098388672e+00 -7.734434604644775391e+00
-4.806417465209960938e+00 3.480950355529785156e+00 -7.637559413909912109e+00
-4.258153438568115234e+00 3.352889060974121094e+00 -6.674739837646484375e+00
-2.168107509613037109e+00 3.289649963378906250e+00 -2.286704629659652710e-01
-1.890602946281433105e+00 3.756763219833374023e+00 -1.352592468261718750e+00
-1.527937650680541992e+00 4.098138332366943359e+00 -2.468452930450439453e+00
-1.353767514228820801e+00 4.391612052917480469e+00 -3.693552255630493164e+00
-1.182493805885314941e+00 4.399868488311767578e+00 -4.987120151519775391e+00
-4.798714160919189453e+00 4.076508522033691406e+00 -8.507477760314941406e+00
-4.504489898681640625e+00 4.554788112640380859e+00 -9.026558876037597656e+00
-1.980959057807922363e+00 4.462449550628662109e+00 -7.511610984802246094e+00
-3.349598646163940430e+00 4.458976268768310547e+00 -8.332666397094726562e+00
-1.540705561637878418e+00 3.652177095413208008e+00 -1.119933509826660156e+01
-1.228131890296936035e+00 3.506811380386352539e+00 -1.106339645385742188e+01
-3.827525377273559570e+00 4.852309226989746094e+00 -1.070629596710205078e+01
-2.047471046447753906e+00 4.180589675903320312e+00 -9.851134300231933594e+00
-3.111495077610015869e-01 3.480092525482177734e+00 -9.966334342956542969e+00
-2.159027099609375000e+00 4.560039043426513672e+00 -6.121028423309326172e+00
5.278483390808105469e+00 3.371713638305664062e+00 2.484807014465332031e+00
6.047434329986572266e+00 3.338574171066284180e+00 1.889861464500427246e+00
1.965532422065734863e+00 7.026579380035400391e-01 -1.028694248199462891e+01
-5.164012312889099121e-01 2.794830083847045898e+00 -1.161576080322265625e+01
4.421416223049163818e-01 2.524210691452026367e+00 -1.076924705505371094e+01
