1.558534502983093262e+00 -4.932685375213623047e+00 -2.715505599975585938e+00
2.274988412857055664e+00 -4.778080940246582031e+00 -1.927740812301635742e+00
1.512168765068054199e+00 -4.788559913635253906e+00 -2.311294078826904297e+00
-5.069062232971191406e+00 -8.109003067016601562e+00 -7.822031497955322266e+00
-4.999522209167480469e+00 -8.062593460083007812e+00 -1.156766700744628906e+01
-4.185037136077880859e+00 -8.321782112121582031e+00 -9.419466972351074219e+00
-7.271145820617675781e+00 -7.468389034271240234e+00 -7.059075355529785156e+00
-7.775197982788085938e+00 -7.350799560546875000e+00 -7.967330455780029297e+00
-5.692471027374267578e+00 -8.129386901855468750e+00 -9.823589324951171875e+00
-6.220852851867675781e+00 -7.997879981994628906e+00 -9.061504364013671875e+00
-6.480414390563964844e+00 -7.345594882965087891e+00 -1.205443572998046875e+01
-8.410378456115722656e+00 -6.366400241851806641e+00 -1.057608509063720703e+01
-8.332747459411621094e+00 -6.188822269439697266e+00 -1.129430389404296875e+01
-9.641621589660644531e+00 -5.266029834747314453e+00 -8.362687110900878906e+00
-1.005043983459472656e+01 -4.324375152587890625e+00 -8.715831756591796875e+00
-9.586756706237792969e+00 -4.642381191253662109e+00 -1.086682033538818359e+01
-8.220246315002441406e+00 -6.690077304840087891e+00 -5.445750236511230469e+00
-9.067649841308593750e+00 -6.091032505035400391e+00 -4.930680751800537109e+00
-7.968374252319335938e+00 -5.744877338409423828e+00 -3.404992580413818359e+00
-8.497210502624511719e+00 -5.228238582611083984e+00 -2.226541757583618164e+00
-6.958624362945556641e+00 -5.440499305725097656e+00 -3.112381219863891602e+00
-2.594652891159057617e+00 -5.031260490417480469e+00 -1.548530340194702148e+00
-3.374584436416625977e+00 -4.881807804107666016e+00 -5.835087299346923828e-01
-1.441550135612487793e+00 -4.995296001434326172e+00 -2.383289486169815063e-01
-7.378859519958496094e+00 -3.211398363113403320e+00 2.310218572616577148e+00
-5.355258941650390625e+00 -3.512156486511230469e+00 1.277694940567016602e+00
-3.861089229583740234e+00 -5.068109035491943359e+00 -2.136894702911376953e+00
-7.304665565490722656e+00 -4.796504020690917969e+00 -1.626731991767883301e+00
-6.308258533477783203e+00 -5.166993618011474609e+00 -2.786507844924926758e+00
-3.739041566848754883e+00 -4.414228916168212891e+00 1.335943639278411865e-01
-4.768537521362304688e+00 -7.278782844543457031e+00 -5.294504642486572266e+00
-4.546218872070312500e+00 -6.498061180114746094e+00 -4.090783119201660156e+00
-2.280724048614501953e+00 -7.655291080474853516e+00 -6.416960239410400391e+00
-2.885277032852172852e+00 -7.167556762695312500e+00 -5.066920757293701172e+00
-2.215026378631591797e+00 -7.177133083343505859e+00 -5.299030780792236328e+00
-1.357038259506225586e+00 -6.801654815673828125e+00 -5.044325351715087891e+00
-2.780398845672607422e+00 -6.776936531066894531e+00 -4.439636230468750000e+00
-5.268088340759277344e+00 -6.850647449493408203e+00 -4.678647518157958984e+00
-6.154261112213134766e+00 -7.666775703430175781e+00 -6.741873264312744141e+00
-8.704916954040527344e+00 -6.650695323944091797e+00 -6.455032348632812500e+00
-1.418396830558776855e+00 -4.981786727905273438e+00 -1.836342096328735352e+00
-9.362401366233825684e-01 -5.042579650878906250e+00 -2.277745008468627930e+00
-2.242427825927734375e+00 -5.125052928924560547e+00 -2.023480176925659180e+00
-3.528544604778289795e-01 -5.088919162750244141e+00 -1.199342727661132812e+00
6.299015879631042480e-01 -4.620337963104248047e+00 -1.600400686264038086e+00
-8.158446550369262695e-01 -5.403978824615478516e+00 -3.021169424057006836e+00
-9.469226002693176270e-03 -5.500538349151611328e+00 -3.345826148986816406e+00
6.052312850952148438e-01 -4.765801429748535156e+00 -2.127155542373657227e+00
-9.515547752380371094e+00 -4.813318252563476562e+00 -2.044990777969360352e+00
-9.939899444580078125e+00 -4.890020847320556641e+00 -4.680369377136230469e+00
-9.351816177368164062e+00 -5.580719470977783203e+00 -3.831571340560913086e+00
-1.019565773010253906e+01 -3.759424924850463867e+00 -3.288183450698852539e+00
-1.031951236724853516e+01 -3.585325241088867188e+00 -4.715814113616943359e+00
-9.119969367980957031e+00 -4.087656497955322266e+00 3.092055320739746094e-01
-9.780942916870117188e+00 -4.174180507659912109e+00 -1.408643007278442383e+00
-9.820102691650390625e+00 -3.231919765472412109e+00 -2.801533937454223633e-01
-9.598953247070312500e+00 -2.926877737045288086e+00 9.022307395935058594e-01
-9.112524986267089844e+00 -2.721700191497802734e+00 2.166631937026977539e+00
-9.278668403625488281e+00 -1.629899621009826660e+00 1.268709301948547363e+00
-1.017266941070556641e+01 -2.695086002349853516e+00 -2.523954153060913086e+00
-1.009716033935546875e+01 -1.609126448631286621e+00 -2.652713060379028320e+00
-9.464241981506347656e+00 -1.293701410293579102e+00 -8.884366154670715332e-01
-7.936226367950439453e+00 -4.189032912254333496e-01 -6.471520662307739258e-01
-1.006297969818115234e+01 -4.634448528289794922e+00 -5.545773506164550781e+00
-1.034793758392333984e+01 -3.651432514190673828e+00 -5.424968242645263672e+00
-1.053381443023681641e+01 -2.257678508758544922e+00 -5.301809310913085938e+00
-1.059135341644287109e+01 -2.098641395568847656e+00 -5.871990203857421875e+00
-1.008357620239257812e+01 -6.571703553199768066e-01 -5.353802204132080078e+00
-1.059003925323486328e+01 -2.843158960342407227e+00 -7.961503505706787109e+00
-1.071160793304443359e+01 -1.947015523910522461e+00 -8.886922836303710938e+00
-1.060082530975341797e+01 -8.115838766098022461e-01 -8.516959190368652344e+00
-9.951322555541992188e+00 -3.301973342895507812e-01 -6.705386638641357422e+00
-8.382866859436035156e+00 -2.025974988937377930e-01 -2.253968000411987305e+00
-6.927029132843017578e+00 1.702265620231628418e+00 -3.687124490737915039e+00
-9.016491889953613281e+00 3.880172967910766602e-01 -6.202468395233154297e+00
-7.576408863067626953e+00 1.442446351051330566e+00 -4.988885402679443359e+00
1.323756313323974609e+01 -5.552466392517089844e+00 4.467519760131835938e+00
1.354696941375732422e+01 -6.177155971527099609e+00 7.429383397102355957e-01
1.304781818389892578e+01 -5.990054130554199219e+00 1.421042680740356445e+00
1.492094707489013672e+01 -5.908648967742919922e+00 1.898231744766235352e+00
1.477364158630371094e+01 -5.080232143402099609e+00 3.027198076248168945e+00
1.196906471252441406e+01 -5.655050277709960938e+00 2.689849138259887695e+00
4.428179264068603516e+00 -1.133679866790771484e+00 4.884222984313964844e+00
5.307220935821533203e+00 -7.841511964797973633e-01 6.004037857055664062e+00
6.645146846771240234e+00 -4.834783554077148438e+00 -1.675962448120117188e+00
8.906980514526367188e+00 -6.255082607269287109e+00 -1.260054349899291992e+00
8.119626045227050781e+00 -6.167114257812500000e+00 -1.101085782051086426e+00
7.446798801422119141e+00 -6.244629859924316406e+00 -5.132194757461547852e-01
2.552860975265502930e+00 -5.425231456756591797e+00 4.012818336486816406e-01
4.291473388671875000e+00 -4.700224399566650391e+00 -1.503566145896911621e+00
5.163182258605957031e+00 -5.090682983398437500e+00 -1.177808403968811035e+00
2.304215431213378906e+00 -4.285002231597900391e+00 -1.268122673034667969e+00
4.111407279968261719e+00 -4.730610847473144531e+00 -1.284127354621887207e+00
5.106026649475097656e+00 -5.567702770233154297e+00 2.075605690479278564e-01
5.802654743194580078e+00 -5.970143795013427734e+00 -6.237382888793945312e-01
3.094194173812866211e+00 -5.492401123046875000e+00 -5.951188802719116211e-01
9.449622154235839844e+00 -5.143817424774169922e+00 3.030449390411376953e+00
1.001308441162109375e+01 -4.701292037963867188e+00 4.785089492797851562e+00
9.950496673583984375e+00 -4.856222152709960938e+00 4.197912216186523438e+00
8.716026306152343750e+00 -3.953562498092651367e+00 5.222860813140869141e+00
8.926269531250000000e+00 -4.922325611114501953e+00 3.106549501419067383e+00
9.018905639648437500e+00 -5.890380382537841797e+00 1.400887012481689453e+00
8.675761222839355469e+00 -6.080353736877441406e+00 9.198493361473083496e-01
5.531251430511474609e+00 -1.242782950401306152e+00 3.984404087066650391e+00
6.166655540466308594e+00 -3.659300327301025391e+00 2.372106790542602539e+00
5.592136383056640625e+00 -3.951452970504760742e+00 1.857106685638427734e+00
4.518202304840087891e+00 -1.874600887298583984e+00 3.048633098602294922e+00
4.620134353637695312e+00 -1.452222704887390137e+00 3.687925577163696289e+00
6.907167434692382812e+00 -2.375962018966674805e+00 4.255827903747558594e+00
6.721274375915527344e+00 -1.818761229515075684e+00 5.447448730468750000e+00
6.540533065795898438e+00 -5.446341037750244141e+00 9.208450317382812500e-01
1.210387897491455078e+01 -4.236465454101562500e+00 5.800148963928222656e+00
1.380209827423095703e+01 -4.595818996429443359e+00 4.478668212890625000e+00
1.261051082611083984e+01 -3.398581027984619141e+00 4.773597717285156250e+00
1.348304939270019531e+01 -3.309740543365478516e+00 3.146878004074096680e+00
7.885845184326171875e+00 -2.764265298843383789e+00 6.566906452178955078e+00
7.460348606109619141e+00 -2.311237096786499023e+00 6.551408290863037109e+00
4.267071723937988281e+00 -4.295956790447235107e-01 6.748297691345214844e+00
9.712813377380371094e+00 -4.002699851989746094e+00 6.346501350402832031e+00
1.048779487609863281e+01 -2.724066495895385742e+00 6.375984191894531250e+00
1.082188415527343750e+01 -2.346519947052001953e+00 5.422077178955078125e+00
8.750021934509277344e+00 -1.373655915260314941e+00 6.370041847229003906e+00
9.075483322143554688e+00 -1.070776581764221191e+00 5.408825397491455078e+00
1.114244747161865234e+01 -2.133627891540527344e+00 4.457090377807617188e+00
1.147599983215332031e+01 -1.829456090927124023e+00 3.481831073760986328e+00
6.687510967254638672e+00 -1.324542641639709473e+00 6.310443401336669922e+00
7.827609539031982422e+00 -7.763056159019470215e-01 6.312243461608886719e+00
7.102234363555908203e+00 1.648533344268798828e-01 5.776343345642089844e+00
6.318785190582275391e+00 -8.983911573886871338e-02 6.068509578704833984e+00
5.717997550964355469e+00 1.006277441978454590e+00 5.578136920928955078e+00
8.146841049194335938e+00 3.907840251922607422e-01 4.487512588500976562e+00
5.780982494354248047e+00 2.157810211181640625e+00 4.181205749511718750e+00
6.187690734863281250e+00 2.279397010803222656e+00 3.727262496948242188e+00
-2.132954835891723633e+00 -2.801213026046752930e+00 3.777802944183349609e+00
-1.523733019828796387e+00 -3.802481174468994141e+00 1.664548277854919434e+00
-1.477583408355712891e+00 -4.651700973510742188e+00 3.901182413101196289e-01
-1.618561983108520508e+00 -2.865523576736450195e+00 3.497414350509643555e+00
-2.484777420759201050e-01 -2.661798000335693359e+00 2.372688770294189453e+00
-5.071702957153320312e+00 -3.476881980895996094e+00 1.469877839088439941e+00
-4.359482765197753906e+00 -3.316061735153198242e+00 2.204549789428710938e+00
-5.804347515106201172e+00 -2.594194650650024414e+00 3.390995740890502930e+00
-5.278371334075927734e+00 -3.017659425735473633e+00 2.536865472793579102e+00
-4.094808101654052734e+00 -2.827475309371948242e+00 3.383256196975708008e+00
-2.758319616317749023e+00 -1.623284697532653809e+00 4.882744312286376953e+00
-5.653104305267333984e+00 -1.267269968986511230e+00 4.706063747406005859e+00
-5.349331855773925781e+00 -7.383299469947814941e-01 4.906603813171386719e+00
2.532785892486572266e+00 -1.711917877197265625e+00 3.637773513793945312e+00
1.367260932922363281e+00 -8.938680291175842285e-01 4.118000507354736328e+00
-6.686540693044662476e-02 -1.191565752029418945e+00 3.653048038482666016e+00
1.085274457931518555e+00 -3.261782824993133545e-01 4.650983810424804688e+00
2.520572900772094727e+00 -1.061678886413574219e+00 5.242892742156982422e+00
3.537064313888549805e+00 -5.894213914871215820e-01 6.575694084167480469e+00
1.116857409477233887e+00 7.569718956947326660e-01 5.373064041137695312e+00
-3.224976062774658203e+00 -1.391999363899230957e+00 5.012097358703613281e+00
-4.243470668792724609e+00 2.983456254005432129e-01 5.008221149444580078e+00
-2.749233245849609375e+00 5.635868906974792480e-01 5.134339332580566406e+00
-1.169252872467041016e+00 1.613824963569641113e+00 4.403045654296875000e+00
-3.886849880218505859e+00 1.017471790313720703e+00 4.045816898345947266e+00
-3.824003934860229492e+00 1.421972990036010742e+00 2.888304710388183594e+00
-1.792924404144287109e-01 -5.103737354278564453e+00 -8.143502473831176758e-02
2.957613170146942139e-01 -4.961840629577636719e+00 -1.176272332668304443e-01
8.136538267135620117e-01 -4.969622135162353516e+00 2.850080654025077820e-02
1.643598437309265137e+00 -3.804048538208007812e+00 1.410224437713623047e+00
1.480498909950256348e+00 -5.003473758697509766e+00 5.755190253257751465e-01
1.621604084968566895e+00 -3.765076160430908203e+00 -1.364883542060852051e+00
1.884532809257507324e+00 -2.625442028045654297e+00 2.340068101882934570e+00
2.305678844451904297e+00 1.444099187850952148e+00 5.469051361083984375e+00
2.879872798919677734e+00 2.429105281829833984e+00 4.165161132812500000e+00
2.600830793380737305e+00 2.948590755462646484e+00 2.987687826156616211e+00
-8.651009798049926758e-01 2.482702493667602539e+00 2.613835334777832031e+00
-6.650539040565490723e-01 1.945970654487609863e+00 4.170008182525634766e+00
5.687090158462524414e-01 2.550965070724487305e+00 3.234140157699584961e+00
-1.730311512947082520e+00 3.175747394561767578e+00 1.092800721526145935e-01
-7.584629535675048828e+00 -2.458649158477783203e+00 3.553101062774658203e+00
-7.327868938446044922e+00 -1.424079060554504395e+00 4.215967178344726562e+00
-7.960226058959960938e+00 -8.143368363380432129e-01 2.906450033187866211e+00
-6.811087608337402344e+00 -1.160861611366271973e+00 4.461244106292724609e+00
-7.016003608703613281e+00 -3.674515485763549805e-01 3.058736324310302734e+00
-6.419689655303955078e+00 1.883093714714050293e-01 1.419468879699707031e+00
-6.219127655029296875e+00 1.391497254371643066e-01 2.390213489532470703e+00
-6.923609733581542969e+00 2.263381779193878174e-01 -8.154680132865905762e-01
-3.744932413101196289e+00 1.649515867233276367e+00 1.845657944679260254e+00
-5.362625598907470703e+00 2.014553785324096680e+00 -1.993487477302551270e+00
-3.647236824035644531e+00 3.035581588745117188e+00 -1.669480681419372559e+00
3.401564598083496094e+00 6.647630333900451660e-01 6.362248897552490234e+00
2.993104934692382812e+00 1.711565256118774414e+00 5.270052909851074219e+00
3.843003034591674805e+00 2.086609125137329102e+00 4.725224971771240234e+00
4.534157752990722656e+00 2.582227468490600586e+00 3.679241895675659180e+00
3.876764297485351562e+00 3.111779451370239258e+00 2.914944171905517578e+00
7.753783702850341797e+00 -4.905844211578369141e+00 -3.967210292816162109e+00
2.374849081039428711e+00 -5.073803424835205078e+00 -3.054913520812988281e+00
5.490930080413818359e+00 -4.735872745513916016e+00 -2.527111291885375977e+00
6.315638542175292969e+00 -4.687360286712646484e+00 -2.975705623626708984e+00
3.030548810958862305e+00 -5.011076927185058594e+00 -2.936813592910766602e+00
2.089039802551269531e+00 -5.932185173034667969e+00 -5.251343250274658203e+00
2.625164985656738281e+00 -5.812361717224121094e+00 -6.252977848052978516e+00
3.888037919998168945e+00 -5.145709991455078125e+00 -5.598097324371337891e+00
5.919103145599365234e+00 -4.823598861694335938e+00 -3.733747243881225586e+00
7.152841567993164062e+00 -4.967998027801513672e+00 -4.072790145874023438e+00
2.441781282424926758e+00 -5.623072147369384766e+00 -8.458114624023437500e+00
8.311923027038574219e+00 -4.999270915985107422e+00 -6.012333869934082031e+00
3.298236608505249023e+00 -5.335821628570556641e+00 -7.115955829620361328e+00
3.711210012435913086e+00 -4.726493835449218750e+00 -7.899033069610595703e+00
6.284427165985107422e+00 -5.086009502410888672e+00 -5.379034996032714844e+00
7.401092529296875000e+00 -4.948991298675537109e+00 -6.333506584167480469e+00
5.873357772827148438e+00 -4.189345359802246094e+00 -7.252181529998779297e+00
7.527971744537353516e+00 -4.042126178741455078e+00 -7.367242813110351562e+00
5.586943149566650391e+00 -3.871423244476318359e+00 -7.629366397857666016e+00
5.158172130584716797e+00 -2.843098163604736328e+00 -8.643193244934082031e+00
5.233509063720703125e+00 -2.082874298095703125e+00 -8.897826194763183594e+00
-3.349345445632934570e+00 -7.971475124359130859e+00 -1.205603218078613281e+01
-3.131184339523315430e+00 -8.215501785278320312e+00 -1.051676464080810547e+01
-3.961344480514526367e+00 -7.545210361480712891e+00 -1.315929698944091797e+01
-1.581055164337158203e+00 -6.565376758575439453e+00 -1.324320602416992188e+01
-3.557165384292602539e+00 -6.336235523223876953e+00 -1.446002292633056641e+01
-3.375703096389770508e+00 -5.283467292785644531e+00 -1.519146633148193359e+01
-6.631077289581298828e+00 -6.537460803985595703e+00 -1.317121410369873047e+01
-7.072180747985839844e+00 -6.213356971740722656e+00 -1.318929481506347656e+01
-7.758297920227050781e+00 -5.233842849731445312e+00 -1.367626762390136719e+01
-5.719760417938232422e+00 -7.133430480957031250e+00 -1.307780742645263672e+01
-8.473494529724121094e+00 -5.364810466766357422e+00 -1.256406021118164062e+01
-7.364130496978759766e+00 -4.567861557006835938e+00 -1.457474231719970703e+01
-4.152451992034912109e+00 -5.536831855773925781e+00 -1.502848052978515625e+01
-5.995813846588134766e+00 -4.383168697357177734e+00 -1.525594520568847656e+01
-2.711620569229125977e+00 -5.390344619750976562e+00 -1.501485824584960938e+01
-2.177397727966308594e+00 -4.298058986663818359e+00 -1.537039279937744141e+01
-3.722786903381347656e+00 -3.718569517135620117e+00 -1.575150203704833984e+01
-2.791127443313598633e+00 -3.189636468887329102e+00 -1.571481418609619141e+01
-4.989573001861572266e+00 -2.652422189712524414e+00 -1.593992519378662109e+01
-3.921319723129272461e+00 -1.507285118103027344e+00 -1.593404197692871094e+01
-9.300642013549804688e+00 -4.441725254058837891e+00 -1.222067260742187500e+01
-8.934222221374511719e+00 -4.002960681915283203e+00 -1.344536495208740234e+01
-9.910733222961425781e+00 -2.862711191177368164e+00 -1.234615421295166016e+01
-1.040108299255371094e+01 -1.439241409301757812e+00 -1.151882076263427734e+01
-8.549142837524414062e+00 -3.351751089096069336e+00 -1.436133575439453125e+01
-7.692246913909912109e+00 -2.970083713531494141e+00 -1.519846534729003906e+01
-9.821343421936035156e+00 -9.256466627120971680e-01 -1.328271961212158203e+01
-9.375979423522949219e+00 -3.294873237609863281e-01 -1.420389747619628906e+01
-8.488215446472167969e+00 -9.537814855575561523e-01 -1.507393169403076172e+01
-7.136120796203613281e+00 1.580467075109481812e-01 -1.576967430114746094e+01
-7.628190517425537109e+00 8.118428587913513184e-01 -1.553613853454589844e+01
-1.522218942642211914e+00 -7.556056022644042969e+00 -6.888504981994628906e+00
-4.213976562023162842e-01 -7.157240867614746094e+00 -8.631776809692382812e+00
7.296691089868545532e-02 -6.569845199584960938e+00 -5.590177059173583984e+00
6.184538602828979492e-01 -6.686594486236572266e+00 -6.757169246673583984e+00
-2.399101853370666504e-01 -6.931238651275634766e+00 -9.610894203186035156e+00
-5.017798766493797302e-02 -5.896492004394531250e+00 -1.240262603759765625e+01
1.351751446723937988e+00 -6.390764236450195312e+00 -6.419793605804443359e+00
2.020331382751464844e+00 -5.953525066375732422e+00 -8.191341400146484375e+00
-7.601083517074584961e-01 -5.089249610900878906e+00 -1.430486106872558594e+01
1.025472998619079590e+00 -4.964216709136962891e+00 -1.243871402740478516e+01
-1.230360507965087891e+00 -3.742009162902832031e+00 -1.520398139953613281e+01
-1.920369863510131836e-01 -3.008803606033325195e+00 -1.486042308807373047e+01
1.960206031799316406e+00 -5.054438114166259766e+00 -1.069775104522705078e+01
-1.087829709053039551e+00 -2.407227754592895508e+00 -1.528281021118164062e+01
-1.306558132171630859e+00 -1.698800802230834961e+00 -1.534294605255126953e+01
2.141403675079345703e+00 -3.536810874938964844e+00 -1.149235343933105469e+01
8.841298818588256836e-01 -1.870823383331298828e+00 -1.348706054687500000e+01
7.968636155128479004e-01 -1.144930243492126465e+00 -1.333465003967285156e+01
-2.606775760650634766e+00 -1.780756711959838867e+00 -1.569843006134033203e+01
-2.676678419113159180e+00 -8.116831183433532715e-01 -1.564040565490722656e+01
-5.085838794708251953e+00 4.514224827289581299e-01 -1.588767433166503906e+01
-2.887225627899169922e+00 1.005595445632934570e+00 -1.536721611022949219e+01
-2.164979934692382812e+00 1.173433303833007812e+00 -1.512458801269531250e+01
-4.980394542217254639e-01 1.148898601531982422e+00 -1.389063262939453125e+01
-2.882763147354125977e+00 2.078497648239135742e+00 -1.503667926788330078e+01
-2.466497182846069336e+00 2.787160158157348633e+00 -1.464732933044433594e+01
2.702991962432861328e+00 -3.968639612197875977e+00 -1.033703804016113281e+01
3.520166397094726562e+00 -2.612371683120727539e+00 -1.011206817626953125e+01
3.012644767761230469e+00 -1.849120974540710449e+00 -1.085314559936523438e+01
9.639336466789245605e-01 -2.824072241783142090e-01 -1.281364154815673828e+01
1.482377529144287109e+00 5.592161789536476135e-03 -1.211078643798828125e+01
2.348956823348999023e+00 -2.192684262990951538e-01 -1.122777843475341797e+01
1.080837249755859375e+00 4.159457683563232422e-01 -1.233672523498535156e+01
-1.051322746276855469e+01 -9.665428400039672852e-01 -1.099279880523681641e+01
-9.968628883361816406e+00 6.839675307273864746e-01 -1.292100429534912109e+01
-1.030259513854980469e+01 -1.631770841777324677e-02 -1.048650646209716797e+01
-1.007187366485595703e+01 -1.207474246621131897e-01 -9.024213790893554688e+00
-9.725566864013671875e+00 5.428243875503540039e-01 -1.002713108062744141e+01
-9.963776588439941406e+00 9.216330051422119141e-01 -1.155224895477294922e+01
-9.434051513671875000e+00 2.030895471572875977e+00 -1.278432750701904297e+01
-8.821691513061523438e+00 1.397529840469360352e+00 -9.340854644775390625e+00
-8.416708946228027344e+00 2.395581483840942383e+00 -1.037542915344238281e+01
-8.199360847473144531e+00 1.160389542579650879e+00 -6.070707321166992188e+00
-7.960706233978271484e+00 1.594964623451232910e+00 -7.151390552520751953e+00
-8.283090591430664062e+00 1.880948662757873535e+00 -8.737145423889160156e+00
-7.899936199188232422e+00 2.547123432159423828e+00 -9.732338905334472656e+00
-6.296833992004394531e+00 2.700572967529296875e+00 -7.679193973541259766e+00
-6.213842868804931641e+00 3.009156703948974609e+00 -8.162308692932128906e+00
-8.635054588317871094e+00 2.199723243713378906e+00 -1.429206180572509766e+01
-8.036705970764160156e+00 2.226678848266601562e+00 -1.473156738281250000e+01
-7.637021064758300781e+00 3.437670230865478516e+00 -1.351272583007812500e+01
-6.656310081481933594e+00 4.260895252227783203e+00 -1.313782978057861328e+01
-6.100979804992675781e+00 1.891421437263488770e+00 -1.547567558288574219e+01
-5.845457077026367188e+00 2.181791305541992188e+00 -1.532648563385009766e+01
-5.171266555786132812e+00 3.964452028274536133e+00 -1.412193679809570312e+01
-4.615778923034667969e+00 3.958454132080078125e+00 -1.424973011016845703e+01
-5.868339061737060547e+00 3.766598463058471680e+00 -1.412483501434326172e+01
-8.274144172668457031e+00 3.279716730117797852e+00 -1.224735260009765625e+01
-6.244042396545410156e+00 4.412124633789062500e+00 -1.238190460205078125e+01
-5.556822776794433594e+00 4.380488395690917969e+00 -1.074431896209716797e+01
-3.389389991760253906e+00 4.231500625610351562e+00 -1.348910617828369141e+01
-3.171275138854980469e+00 4.293313980102539062e+00 -1.287122821807861328e+01
-5.220738410949707031e+00 4.432797431945800781e+00 -1.222015476226806641e+01
-4.469531059265136719e+00 4.633176326751708984e+00 -1.232693386077880859e+01
-3.216857194900512695e+00 4.683728218078613281e+00 -1.144418621063232422e+01
-4.958358287811279297e+00 4.784372806549072266e+00 -1.084909343719482422e+01
-3.795792579650878906e+00 4.890530109405517578e+00 -1.117237091064453125e+01
-6.640926361083984375e+00 3.681948661804199219e+00 -1.050239849090576172e+01
-5.932181358337402344e+00 3.623375415802001953e+00 -9.035148620605468750e+00
3.058363676071166992e+00 -1.916391253471374512e-01 -1.030335903167724609e+01
-1.388553828001022339e-01 1.527288556098937988e+00 -1.287850761413574219e+01
-2.114744663238525391e+00 3.219641685485839844e+00 -1.359615612030029297e+01
9.959502220153808594e-01 8.003301024436950684e-01 -1.168983936309814453e+01
-1.054041266441345215e+00 2.882914304733276367e+00 -1.233956432342529297e+01
-2.714333534240722656e+00 3.843936443328857422e+00 -1.327156543731689453e+01
-1.650196790695190430e+00 3.644937515258789062e+00 -1.187637615203857422e+01
1.141687107086181641e+01 -6.532265663146972656e+00 -3.378731966018676758e+00
1.331558036804199219e+01 -6.660410404205322266e+00 -1.739341378211975098e+00
1.116694068908691406e+01 -6.444192886352539062e+00 -8.428385257720947266e-01
1.096418380737304688e+01 -6.472547531127929688e+00 -2.600087165832519531e+00
1.432407283782958984e+01 -6.939654350280761719e+00 -5.026891708374023438e+00
1.196431159973144531e+01 -6.601960659027099609e+00 -3.981302738189697266e+00
1.267157268524169922e+01 -6.578158855438232422e+00 -5.476115226745605469e+00
1.312685489654541016e+01 -6.864159584045410156e+00 -3.669871807098388672e+00
1.560423469543457031e+01 -6.980155467987060547e+00 -3.603072643280029297e+00
1.600452423095703125e+01 -5.909712791442871094e+00 -4.185691833496093750e+00
1.623491668701171875e+01 -6.415902137756347656e+00 -1.192203640937805176e+00
1.636569786071777344e+01 -5.614357948303222656e+00 -2.072267055511474609e+00
1.457591819763183594e+01 -6.517338752746582031e+00 3.362143039703369141e-02
1.480398178100585938e+01 -6.896119594573974609e+00 -1.561019897460937500e+00
1.536600208282470703e+01 -6.143405914306640625e+00 9.443995952606201172e-01
1.479727268218994141e+01 -4.020154476165771484e+00 1.966123104095458984e+00
1.515635299682617188e+01 -4.128296375274658203e+00 8.628548979759216309e-01
1.435101604461669922e+01 -3.262387037277221680e+00 1.022929310798645020e+00
1.578604507446289062e+01 -4.856028556823730469e+00 -3.369189023971557617e+00
1.522379684448242188e+01 -3.986508846282958984e+00 -2.586601018905639648e+00
1.521390438079833984e+01 -3.894742488861083984e+00 -1.029069781303405762e+00
1.494953918457031250e+01 -3.574175834655761719e+00 -1.526252508163452148e+00
1.427928543090820312e+01 -2.827375888824462891e+00 -8.874400854110717773e-01
1.377824974060058594e+01 -6.740308284759521484e+00 -6.245108127593994141e+00
1.521396827697753906e+01 -5.935573101043701172e+00 -6.544705390930175781e+00
1.233985996246337891e+01 -6.454555511474609375e+00 -6.658842563629150391e+00
1.287995624542236328e+01 -5.913767337799072266e+00 -7.444605350494384766e+00
1.587553119659423828e+01 -5.815380096435546875e+00 -5.639544486999511719e+00
1.556065750122070312e+01 -5.064794540405273438e+00 -5.937245368957519531e+00
1.499082183837890625e+01 -4.394008636474609375e+00 -5.546729087829589844e+00
1.321728420257568359e+01 -5.516623973846435547e+00 -7.301108837127685547e+00
1.259728240966796875e+01 -4.960390090942382812e+00 -6.613525390625000000e+00
1.345317745208740234e+01 -4.471953868865966797e+00 -6.094210624694824219e+00
1.358374786376953125e+01 -3.369548082351684570e+00 -4.947646141052246094e+00
1.496226787567138672e+01 -3.692069053649902344e+00 -2.824005603790283203e+00
1.488020610809326172e+01 -3.717578411102294922e+00 -4.507835388183593750e+00
1.432837772369384766e+01 -2.881466388702392578e+00 -3.754293203353881836e+00
1.015152549743652344e+01 -6.003923892974853516e+00 -2.750930786132812500e+00
6.985229969024658203e+00 -4.748455047607421875e+00 -2.374631643295288086e+00
7.273219108581542969e+00 -4.817690372467041016e+00 -1.947089672088623047e+00
6.837343692779541016e+00 -4.695151329040527344e+00 -2.937242031097412109e+00
1.047428607940673828e+01 -6.290922641754150391e+00 -2.350527524948120117e+00
9.005319595336914062e+00 -5.520643234252929688e+00 -1.953801393508911133e+00
7.947047710418701172e+00 -5.084399223327636719e+00 -1.586708784103393555e+00
9.587524414062500000e+00 -5.527416706085205078e+00 -3.441309690475463867e+00
9.937608718872070312e+00 -5.550716876983642578e+00 -4.667932510375976562e+00
8.322162628173828125e+00 -4.985886096954345703e+00 -3.964588880538940430e+00
1.352523994445800781e+01 -2.134600400924682617e+00 -2.543844841420650482e-02
1.216715145111083984e+01 -8.222386240959167480e-01 -1.028477430343627930e+00
1.094301700592041016e+01 -5.968871593475341797e+00 -5.498289585113525391e+00
1.100555610656738281e+01 -5.424165725708007812e+00 -6.029960155487060547e+00
9.581013679504394531e+00 -5.078969001770019531e+00 -5.197975635528564453e+00
1.169450378417968750e+01 -4.699873924255371094e+00 -6.169477939605712891e+00
9.168899536132812500e+00 -4.326251029968261719e+00 -6.410351276397705078e+00
1.038373661041259766e+01 -3.544073104858398438e+00 -5.857945919036865234e+00
1.244703197479248047e+01 -3.681407451629638672e+00 -5.450587749481201172e+00
1.063314151763916016e+01 -3.198065042495727539e+00 -5.661761283874511719e+00
1.066423225402832031e+01 -2.265579938888549805e+00 -5.255591869354248047e+00
8.536081314086914062e+00 -3.687796354293823242e+00 -7.027292251586914062e+00
9.043313026428222656e+00 -3.084428310394287109e+00 -6.562665462493896484e+00
8.053813934326171875e+00 -2.031556129455566406e+00 -6.903605461120605469e+00
1.040080738067626953e+01 -1.602233290672302246e+00 -5.112083911895751953e+00
8.256609916687011719e+00 -1.703868985176086426e+00 -6.640170097351074219e+00
8.749908447265625000e+00 -4.798302948474884033e-01 -5.844961166381835938e+00
7.283143043518066406e+00 -1.622892022132873535e-01 -6.915817737579345703e+00
1.324548053741455078e+01 -2.109523057937622070e+00 -4.061888217926025391e+00
1.340574264526367188e+01 -1.663493037223815918e+00 -1.928997278213500977e+00
1.317696475982666016e+01 -1.318599343299865723e+00 -3.143719911575317383e+00
1.233433532714843750e+01 -4.792659580707550049e-01 -2.225056648254394531e+00
1.201818561553955078e+01 -1.398732662200927734e-01 -2.830560684204101562e+00
1.238954544067382812e+01 -1.913840055465698242e+00 -4.358110904693603516e+00
1.119980430603027344e+01 -1.227761745452880859e+00 -4.488722324371337891e+00
1.147814464569091797e+01 -5.751851201057434082e-01 -3.867758274078369141e+00
1.014903259277343750e+01 1.530070304870605469e+00 -1.743461489677429199e+00
9.286741256713867188e+00 2.361268758773803711e+00 -2.885428905487060547e+00
9.337213516235351562e+00 2.304691553115844727e+00 -3.357310295104980469e+00
8.574062347412109375e+00 2.926403284072875977e+00 -2.370290994644165039e+00
1.020940971374511719e+01 -9.113942980766296387e-01 -5.002681255340576172e+00
1.064884185791015625e+01 3.016583323478698730e-01 -4.126653194427490234e+00
8.368258476257324219e+00 1.310584992170333862e-01 -5.854599952697753906e+00
7.017815113067626953e+00 9.859713912010192871e-01 -6.427275657653808594e+00
1.388567543029785156e+01 -3.333477973937988281e+00 2.561876058578491211e+00
1.246725368499755859e+01 -2.309230566024780273e+00 2.876853466033935547e+00
1.127326011657714844e+01 -7.244790196418762207e-01 1.417109727859497070e+00
1.143421459197998047e+01 -5.794610381126403809e-01 2.772107124328613281e-01
9.981840133666992188e+00 -3.000928163528442383e-01 3.068688869476318359e+00
8.878037452697753906e+00 1.055826544761657715e+00 2.600593090057373047e+00
9.442042350769042969e+00 7.494406700134277344e-01 2.066763162612915039e+00
7.349384307861328125e+00 2.089626550674438477e+00 2.963923692703247070e+00
7.174906730651855469e+00 2.745521306991577148e+00 1.829280972480773926e+00
9.809746742248535156e+00 9.608176350593566895e-01 3.488153517246246338e-01
1.003135681152343750e+01 1.322940111160278320e+00 -9.954497814178466797e-01
8.005887985229492188e+00 2.676542282104492188e+00 4.249748885631561279e-01
3.349745988845825195e+00 4.275454998016357422e+00 -3.475999832153320312e-01
6.217844486236572266e+00 3.540969848632812500e+00 2.715435028076171875e-01
5.476715564727783203e+00 4.031131267547607422e+00 -2.227838516235351562e+00
3.670101404190063477e+00 4.388955593109130859e+00 -6.863563060760498047e-01
2.845998048782348633e+00 3.820614337921142578e+00 -2.457189083099365234e+00
2.959815502166748047e+00 3.509673595428466797e+00 -3.328670024871826172e+00
-9.870761632919311523e-01 3.793466329574584961e+00 -7.650489211082458496e-01
2.148554086685180664e+00 3.143598318099975586e+00 -4.385672092437744141e+00
1.026270072907209396e-02 4.162256717681884766e+00 -3.143330574035644531e+00
3.071829080581665039e-01 3.709074974060058594e+00 -4.698110580444335938e+00
2.379154920578002930e+00 3.808100461959838867e+00 -2.566375970840454102e+00
5.102955818176269531e+00 -8.747512698173522949e-01 -8.894775390625000000e+00
2.944735765457153320e+00 3.088086843490600586e-01 -9.608579635620117188e+00
5.067188739776611328e+00 5.093924999237060547e-01 -8.114802360534667969e+00
3.645744800567626953e+00 5.641226768493652344e-01 -8.970040321350097656e+00
2.524626970291137695e+00 5.016749501228332520e-01 -9.800897598266601562e+00
1.547460675239562988e+00 1.849649071693420410e+00 -9.912394523620605469e+00
3.314864039421081543e-01 3.149750709533691406e+00 -9.157768249511718750e+00
1.128704249858856201e-01 3.002600908279418945e+00 -1.045845985412597656e+01
5.657973289489746094e+00 2.809177160263061523e+00 -4.858965396881103516e+00
6.164690494537353516e+00 1.889379501342773438e+00 -6.090729713439941406e+00
4.702481269836425781e+00 2.693706750869750977e+00 -5.246349811553955078e+00
4.800057888031005859e+00 2.387891769409179688e+00 -5.959474563598632812e+00
6.608891487121582031e+00 3.737943649291992188e+00 -2.719992399215698242e+00
6.588715076446533203e+00 1.286378622055053711e+00 -6.428180217742919922e+00
5.716275215148925781e+00 1.672019243240356445e+00 -6.603082180023193359e+00
4.863770008087158203e+00 1.782601594924926758e+00 -7.036240100860595703e+00
2.738255739212036133e+00 2.852317333221435547e+00 -5.061704158782958984e+00
2.818321704864501953e+00 2.090018749237060547e+00 -7.359184265136718750e+00
2.030008316040039062e+00 2.330388545989990234e+00 -6.811623573303222656e+00
9.577871859073638916e-02 3.302658796310424805e+00 -6.271414756774902344e+00
2.730735242366790771e-01 2.960875034332275391e+00 -7.759028911590576172e+00
3.038668632507324219e-01 3.032452821731567383e+00 -8.137635231018066406e+00
-3.296666860580444336e+00 3.400078296661376953e+00 -2.584716081619262695e+00
-5.633161544799804688e+00 3.067384958267211914e+00 -7.731575965881347656e+00
-4.808673858642578125e+00 3.486474037170410156e+00 -7.635482788085937500e+00
-4.258510589599609375e+00 3.354114532470703125e+00 -6.674297809600830078e+00
-2.166531562805175781e+00 3.287055492401123047e+00 -2.311384528875350952e-01
-1.889225125312805176e+00 3.754368782043457031e+00 -1.354938507080078125e+00
-1.527354955673217773e+00 4.097030639648437500e+00 -2.469846963882446289e+00
-1.353220820426940918e+00 4.392992496490478516e+00 -3.695294141769409180e+00
-1.182500600814819336e+00 4.400052070617675781e+00 -4.988704681396484375e+00
-4.800331592559814453e+00 4.080575942993164062e+00 -8.505504608154296875e+00
-4.505527973175048828e+00 4.557048797607421875e+00 -9.025315284729003906e+00
-1.981144070625305176e+00 4.462784290313720703e+00 -7.511762142181396484e+00
-3.350274324417114258e+00 4.460927963256835938e+00 -8.332130432128906250e+00
-1.540989637374877930e+00 3.652786970138549805e+00 -1.119935226440429688e+01
-1.228197336196899414e+00 3.507914304733276367e+00 -1.106354713439941406e+01
-3.827973365783691406e+00 4.853656768798828125e+00 -1.070536422729492188e+01
-2.047748327255249023e+00 4.181639671325683594e+00 -9.850855827331542969e+00
-3.111339509487152100e-01 3.481227159500122070e+00 -9.966746330261230469e+00
-2.159941434860229492e+00 4.558024883270263672e+00 -6.121703147888183594e+00
5.280546188354492188e+00 3.154542922973632812e+00 2.314240455627441406e+00
6.053998470306396484e+00 3.165554285049438477e+00 1.777471780776977539e+00
1.966249704360961914e+00 7.041228413581848145e-01 -1.028722858428955078e+01
-5.164337754249572754e-01 2.795899152755737305e+00 -1.161581897735595703e+01
4.424994885921478271e-01 2.525553941726684570e+00 -1.076983833312988281e+01
