8.547454833984375000e+01 -2.345304565429687500e+02 -1.576314819335937500e+03
1.045301284790039062e+02 -2.302396850585937500e+02 -1.566131835937500000e+03
9.150057983398437500e+01 -2.382396545410156250e+02 -1.564041870117187500e+03
1.748391532897949219e+01 -2.369975280761718750e+02 -1.555805908203125000e+03
4.893409729003906250e+01 -2.418365020751953125e+02 -1.552831298828125000e+03
2.286128997802734375e+01 -2.451098022460937500e+02 -1.552962402343750000e+03
1.099386520385742188e+02 -2.462344818115234375e+02 -1.552457885742187500e+03
1.086760711669921875e+02 -2.525449371337890625e+02 -1.554708496093750000e+03
8.381586456298828125e+01 -2.248910217285156250e+02 -1.546705078125000000e+03
5.686141967773437500e+01 -2.447089080810546875e+02 -1.545809204101562500e+03
-4.587481021881103516e+00 -2.519691925048828125e+02 -1.536968383789062500e+03
1.087468719482421875e+02 -2.476217193603515625e+02 -1.548432617187500000e+03
2.200131607055664062e+01 -2.549550170898437500e+02 -1.533838623046875000e+03
1.200106430053710938e+02 -2.652360839843750000e+02 -1.532106079101562500e+03
-1.269281482696533203e+01 -2.327858581542968750e+02 -1.532229736328125000e+03
-3.294768142700195312e+01 -2.395952301025390625e+02 -1.528852539062500000e+03
1.124714050292968750e+02 -3.027023010253906250e+02 -1.535232666015625000e+03
1.362272548675537109e+01 -2.460335845947265625e+02 -1.525817993164062500e+03
1.298526306152343750e+02 -2.420006408691406250e+02 -1.524125122070312500e+03
4.432294845581054688e+00 -2.394850616455078125e+02 -1.524930541992187500e+03
-4.941785430908203125e+01 -2.388641967773437500e+02 -1.513889526367187500e+03
1.297810516357421875e+02 -2.279248199462890625e+02 -1.523505249023437500e+03
9.788344573974609375e+01 -2.517476348876953125e+02 -1.524104614257812500e+03
1.300410614013671875e+02 -2.277494201660156250e+02 -1.518218872070312500e+03
6.533243560791015625e+01 -2.400234985351562500e+02 -1.520196289062500000e+03
2.799133110046386719e+01 -2.438416442871093750e+02 -1.514121704101562500e+03
8.612426757812500000e+01 -2.457530822753906250e+02 -1.513382324218750000e+03
1.106505355834960938e+02 -2.887371826171875000e+02 -1.491021118164062500e+03
3.910431623458862305e+00 -2.349571228027343750e+02 -1.510727539062500000e+03
1.217402343750000000e+02 -2.723984680175781250e+02 -1.498116455078125000e+03
3.025001907348632812e+01 -2.420944366455078125e+02 -1.505027099609375000e+03
1.225191116333007812e+02 -2.248250274658203125e+02 -1.490847290039062500e+03
1.236537475585937500e+02 -2.642249145507812500e+02 -1.487614501953125000e+03
8.780463409423828125e+01 -2.530421905517578125e+02 -1.495923339843750000e+03
-1.216495323181152344e+01 -2.535163726806640625e+02 -1.480414672851562500e+03
1.023698348999023438e+02 -3.156399841308593750e+02 -1.488920898437500000e+03
1.053717956542968750e+02 -2.936189270019531250e+02 -1.476718383789062500e+03
2.363484573364257812e+01 -2.398462829589843750e+02 -1.490252197265625000e+03
-3.664138412475585938e+01 -2.473713378906250000e+02 -1.465879150390625000e+03
6.259389114379882812e+01 -2.570560913085937500e+02 -1.485604980468750000e+03
1.196201858520507812e+02 -2.224393157958984375e+02 -1.479193969726562500e+03
1.281269378662109375e+02 -2.528942260742187500e+02 -1.481285278320312500e+03
2.017563247680664062e+01 -2.421858978271484375e+02 -1.483208740234375000e+03
1.138824996948242188e+02 -2.251266632080078125e+02 -1.459195678710937500e+03
1.199024810791015625e+02 -2.666021728515625000e+02 -1.459462158203125000e+03
5.463876342773437500e+01 -2.597286987304687500e+02 -1.463750732421875000e+03
-4.989920425415039062e+01 -2.528004608154296875e+02 -1.448209594726562500e+03
1.124975738525390625e+02 -2.746712646484375000e+02 -1.457369384765625000e+03
5.303865814208984375e+01 -2.586558837890625000e+02 -1.461487670898437500e+03
8.565247344970703125e+01 -2.583881530761718750e+02 -1.454777099609375000e+03
7.092182159423828125e+01 -2.476828155517578125e+02 -1.444150024414062500e+03
2.230056381225585938e+01 -2.444381408691406250e+02 -1.466809692382812500e+03
7.676185607910156250e+01 -2.531685485839843750e+02 -1.442172119140625000e+03
1.127501678466796875e+02 -2.440083312988281250e+02 -1.441223632812500000e+03
5.757769393920898438e+01 -2.377988891601562500e+02 -1.445506591796875000e+03
1.107409820556640625e+02 -2.563234558105468750e+02 -1.433427124023437500e+03
-1.612573242187500000e+01 -2.509231872558593750e+02 -1.425249389648437500e+03
-1.782599329948425293e+00 -2.518233032226562500e+02 -1.419881713867187500e+03
6.980120086669921875e+01 -2.640445556640625000e+02 -1.419617553710937500e+03
-3.749253845214843750e+01 -2.548986663818359375e+02 -1.416172851562500000e+03
1.106220779418945312e+02 -2.337026977539062500e+02 -1.416712036132812500e+03
6.443907737731933594e+00 -2.517855224609375000e+02 -1.425832397460937500e+03
7.685093688964843750e+01 -2.565115661621093750e+02 -1.416641113281250000e+03
-1.284930348396301270e+00 -2.466853637695312500e+02 -1.407217773437500000e+03
6.739078521728515625e+01 -2.327734985351562500e+02 -1.416776367187500000e+03
7.019132232666015625e+01 -2.691788024902343750e+02 -1.406519042968750000e+03
6.018277359008789062e+01 -2.769040222167968750e+02 -1.409365966796875000e+03
1.104709396362304688e+02 -2.237120208740234375e+02 -1.409903930664062500e+03
7.835999298095703125e+01 -2.503488616943359375e+02 -1.408636474609375000e+03
7.285169982910156250e+01 -2.390789794921875000e+02 -1.408515747070312500e+03
7.242052459716796875e+01 -2.401453247070312500e+02 -1.404545776367187500e+03
4.464379882812500000e+01 -2.311543121337890625e+02 -1.406680297851562500e+03
7.644928741455078125e+01 -2.466594848632812500e+02 -1.400591674804687500e+03
4.954831695556640625e+01 -2.611181030273437500e+02 -1.397051391601562500e+03
2.081090736389160156e+01 -2.348741302490234375e+02 -1.394639160156250000e+03
7.336550903320312500e+01 -2.553872222900390625e+02 -1.397875854492187500e+03
5.090514755249023438e+01 -2.405106658935546875e+02 -1.396222656250000000e+03
8.606028556823730469e+00 -2.340548858642578125e+02 -1.391820190429687500e+03
3.342016601562500000e+01 -2.482695159912109375e+02 -1.389246459960937500e+03
2.544493484497070312e+01 -2.308078460693359375e+02 -1.390021728515625000e+03
2.901312446594238281e+01 -2.357841339111328125e+02 -1.388996459960937500e+03
5.627733230590820312e+01 -2.549209594726562500e+02 -1.387432373046875000e+03
5.856754684448242188e+01 -2.623403930664062500e+02 -1.387226440429687500e+03
-6.968423461914062500e+01 -2.089470672607421875e+02 -1.386112426757812500e+03
2.680373001098632812e+01 -2.570979003906250000e+02 -1.385479980468750000e+03
6.105019760131835938e+01 -2.673669738769531250e+02 -1.377407592773437500e+03
-4.349573516845703125e+01 -2.260265197753906250e+02 -1.381735717773437500e+03
8.829212188720703125e+01 -2.770418701171875000e+02 -1.381807495117187500e+03
-6.153070068359375000e+01 -2.178921966552734375e+02 -1.381731933593750000e+03
-3.745956182479858398e+00 -2.281283721923828125e+02 -1.381334960937500000e+03
2.958471870422363281e+01 -2.429190826416015625e+02 -1.381330200195312500e+03
5.294441986083984375e+01 -2.575420227050781250e+02 -1.383501220703125000e+03
-6.639622497558593750e+01 -2.155791168212890625e+02 -1.376683349609375000e+03
8.511736869812011719e+00 -2.333295745849609375e+02 -1.383743530273437500e+03
-4.482217788696289062e+01 -2.591529846191406250e+02 -1.378698120117187500e+03
3.032738685607910156e+01 -2.433506622314453125e+02 -1.376213867187500000e+03
2.450841712951660156e+01 -2.565917358398437500e+02 -1.379229248046875000e+03
6.112627792358398438e+01 -2.420750732421875000e+02 -1.380058959960937500e+03
-5.636985397338867188e+01 -2.257861480712890625e+02 -1.376980346679687500e+03
-5.518397521972656250e+01 -2.294463043212890625e+02 -1.377949707031250000e+03
5.767198801040649414e-01 -2.370609283447265625e+02 -1.376050537109375000e+03
2.710475158691406250e+01 -2.469360046386718750e+02 -1.373012329101562500e+03
2.829334640502929688e+01 -2.366378173828125000e+02 -1.378481079101562500e+03
-5.072937774658203125e+01 -2.270775604248046875e+02 -1.374591186523437500e+03
-4.639270782470703125e+01 -2.430054779052734375e+02 -1.374828491210937500e+03
6.323325634002685547e+00 -2.326959228515625000e+02 -1.373684692382812500e+03
8.953925132751464844e+00 -2.372395629882812500e+02 -1.371566528320312500e+03
6.028028106689453125e+01 -2.597552795410156250e+02 -1.374568725585937500e+03
6.569128417968750000e+01 -2.450990447998046875e+02 -1.374557617187500000e+03
-3.681718444824218750e+01 -2.281520385742187500e+02 -1.374251342773437500e+03
4.470960235595703125e+01 -2.500486907958984375e+02 -1.371528808593750000e+03
-3.231681823730468750e+01 -2.332813873291015625e+02 -1.370923217773437500e+03
3.167169952392578125e+01 -2.509974822998046875e+02 -1.371691040039062500e+03
-3.679327011108398438e+01 -2.378117065429687500e+02 -1.371848266601562500e+03
-1.503067207336425781e+01 -2.567061157226562500e+02 -1.370576171875000000e+03
-2.304332160949707031e+01 -2.297449035644531250e+02 -1.369722900390625000e+03
3.137145996093750000e+01 -2.461010589599609375e+02 -1.367252075195312500e+03
-1.380597591400146484e+01 -2.376321105957031250e+02 -1.371311645507812500e+03
1.900780868530273438e+01 -2.317295379638671875e+02 -1.370106689453125000e+03
-2.194291687011718750e+01 -2.469665374755859375e+02 -1.368235839843750000e+03
2.872686958312988281e+01 -2.390910797119140625e+02 -1.370647949218750000e+03
-2.344318962097167969e+01 -2.256688690185546875e+02 -1.369525146484375000e+03
6.035356140136718750e+01 -2.489689636230468750e+02 -1.370841064453125000e+03
4.903831100463867188e+01 -2.444825744628906250e+02 -1.368633422851562500e+03
5.760318756103515625e+01 -2.593640441894531250e+02 -1.370943481445312500e+03
-6.007258605957031250e+01 -2.457311553955078125e+02 -1.368619262695312500e+03
6.405294036865234375e+01 -2.528347930908203125e+02 -1.366941894531250000e+03
1.482867813110351562e+01 -2.463653106689453125e+02 -1.368349609375000000e+03
-2.915275382995605469e+01 -2.385514831542968750e+02 -1.366544189453125000e+03
-2.481378793716430664e+00 -2.522167510986328125e+02 -1.365722534179687500e+03
-5.853469848632812500e+01 -2.280377502441406250e+02 -1.365606201171875000e+03
-6.444250488281250000e+01 -2.244865264892578125e+02 -1.366003540039062500e+03
-1.460746574401855469e+01 -2.430619659423828125e+02 -1.364427612304687500e+03
9.074474334716796875e+00 -2.393241729736328125e+02 -1.366479980468750000e+03
3.148863029479980469e+01 -2.304388885498046875e+02 -1.365208496093750000e+03
-4.741598892211914062e+01 -2.376751403808593750e+02 -1.363992797851562500e+03
4.703184890747070312e+01 -2.476017913818359375e+02 -1.366601806640625000e+03
-4.152240753173828125e+01 -2.280302429199218750e+02 -1.365800170898437500e+03
-3.564860153198242188e+01 -2.332373504638671875e+02 -1.365282470703125000e+03
