8.536203002929687500e+01 -2.346108398437500000e+02 -1.576384033203125000e+03
1.048775329589843750e+02 -2.302935791015625000e+02 -1.566531250000000000e+03
9.166628265380859375e+01 -2.379240264892578125e+02 -1.564329833984375000e+03
1.698054122924804688e+01 -2.371432189941406250e+02 -1.555703979492187500e+03
4.969084548950195312e+01 -2.413588867187500000e+02 -1.553341064453125000e+03
2.284494018554687500e+01 -2.451049346923828125e+02 -1.553200561523437500e+03
1.096680297851562500e+02 -2.461921997070312500e+02 -1.552436035156250000e+03
1.084304046630859375e+02 -2.527004852294921875e+02 -1.554638061523437500e+03
8.407266998291015625e+01 -2.248000946044921875e+02 -1.547415283203125000e+03
5.804607009887695312e+01 -2.440002136230468750e+02 -1.546972045898437500e+03
-4.290377616882324219e+00 -2.518670501708984375e+02 -1.537381713867187500e+03
1.087857971191406250e+02 -2.476829376220703125e+02 -1.548487304687500000e+03
2.218189811706542969e+01 -2.544732971191406250e+02 -1.535133178710937500e+03
1.206827545166015625e+02 -2.647288513183593750e+02 -1.532931640625000000e+03
-1.243852138519287109e+01 -2.325154266357421875e+02 -1.532886596679687500e+03
-3.313127517700195312e+01 -2.396613769531250000e+02 -1.528686767578125000e+03
1.120382614135742188e+02 -3.030898437500000000e+02 -1.534839355468750000e+03
1.400114059448242188e+01 -2.452612915039062500e+02 -1.527199340820312500e+03
1.295929870605468750e+02 -2.421482696533203125e+02 -1.525003173828125000e+03
4.635614395141601562e+00 -2.387946014404296875e+02 -1.526041503906250000e+03
-4.945685958862304688e+01 -2.389927062988281250e+02 -1.513986816406250000e+03
1.298114013671875000e+02 -2.278302154541015625e+02 -1.524761230468750000e+03
9.881591796875000000e+01 -2.523148651123046875e+02 -1.525195068359375000e+03
1.301005554199218750e+02 -2.277729339599609375e+02 -1.519704345703125000e+03
6.723001098632812500e+01 -2.397549896240234375e+02 -1.522443237304687500e+03
2.843253517150878906e+01 -2.429423675537109375e+02 -1.516045898437500000e+03
8.767779541015625000e+01 -2.463692474365234375e+02 -1.514991455078125000e+03
1.111665954589843750e+02 -2.890162658691406250e+02 -1.491182006835937500e+03
4.052648067474365234e+00 -2.336100616455078125e+02 -1.512237060546875000e+03
1.217804031372070312e+02 -2.730256042480468750e+02 -1.498225463867187500e+03
3.053567886352539062e+01 -2.410503692626953125e+02 -1.507337402343750000e+03
1.232969894409179688e+02 -2.257467956542968750e+02 -1.493576049804687500e+03
1.242105178833007812e+02 -2.650801086425781250e+02 -1.488520751953125000e+03
8.842081451416015625e+01 -2.542335968017578125e+02 -1.497146118164062500e+03
-1.241576480865478516e+01 -2.531955566406250000e+02 -1.481258544921875000e+03
1.021812744140625000e+02 -3.156010437011718750e+02 -1.488552368164062500e+03
1.059261169433593750e+02 -2.941043395996093750e+02 -1.476865722656250000e+03
2.316930007934570312e+01 -2.380527954101562500e+02 -1.493374145507812500e+03
-3.711510086059570312e+01 -2.475686798095703125e+02 -1.465363159179687500e+03
6.253640365600585938e+01 -2.576622009277343750e+02 -1.487357666015625000e+03
1.208538894653320312e+02 -2.231730041503906250e+02 -1.482357666015625000e+03
1.291947326660156250e+02 -2.533855438232421875e+02 -1.482795410156250000e+03
1.958126831054687500e+01 -2.407563018798828125e+02 -1.486290649414062500e+03
1.151905822753906250e+02 -2.250292968750000000e+02 -1.461753906250000000e+03
1.208109588623046875e+02 -2.677857666015625000e+02 -1.460510375976562500e+03
5.374541091918945312e+01 -2.601846313476562500e+02 -1.466202270507812500e+03
-4.990929794311523438e+01 -2.529554138183593750e+02 -1.448296630859375000e+03
1.133743820190429688e+02 -2.759390258789062500e+02 -1.457878173828125000e+03
5.212729263305664062e+01 -2.590894470214843750e+02 -1.463963989257812500e+03
8.569460296630859375e+01 -2.597510681152343750e+02 -1.456666259765625000e+03
7.093595886230468750e+01 -2.490457763671875000e+02 -1.446267211914062500e+03
2.087243843078613281e+01 -2.441439514160156250e+02 -1.470790649414062500e+03
7.711617279052734375e+01 -2.543274993896484375e+02 -1.443951660156250000e+03
1.133698654174804688e+02 -2.446888122558593750e+02 -1.441836547851562500e+03
5.716527557373046875e+01 -2.384236602783203125e+02 -1.448510620117187500e+03
1.122139663696289062e+02 -2.573799743652343750e+02 -1.433551879882812500e+03
-1.649216461181640625e+01 -2.514293823242187500e+02 -1.424896484375000000e+03
-2.527275085449218750e+00 -2.526296997070312500e+02 -1.419794067382812500e+03
7.008804321289062500e+01 -2.654213562011718750e+02 -1.420479858398437500e+03
-3.759842681884765625e+01 -2.550926208496093750e+02 -1.415971069335937500e+03
1.114174652099609375e+02 -2.347110748291015625e+02 -1.417039672851562500e+03
5.352825164794921875e+00 -2.525900573730468750e+02 -1.426483520507812500e+03
7.732250976562500000e+01 -2.580398559570312500e+02 -1.417936401367187500e+03
-2.108379364013671875e+00 -2.474238433837890625e+02 -1.407249877929687500e+03
6.752536010742187500e+01 -2.344970245361328125e+02 -1.418226196289062500e+03
7.049609375000000000e+01 -2.704140625000000000e+02 -1.406759643554687500e+03
6.043451690673828125e+01 -2.776654357910156250e+02 -1.409037353515625000e+03
1.108607025146484375e+02 -2.239184570312500000e+02 -1.411082153320312500e+03
7.869413757324218750e+01 -2.525380859375000000e+02 -1.409685424804687500e+03
7.302548217773437500e+01 -2.414127502441406250e+02 -1.409706787109375000e+03
7.265635681152343750e+01 -2.425179748535156250e+02 -1.405412597656250000e+03
4.367756652832031250e+01 -2.327450408935546875e+02 -1.408158813476562500e+03
7.680184936523437500e+01 -2.487814483642578125e+02 -1.401510131835937500e+03
4.957543182373046875e+01 -2.620639038085937500e+02 -1.396842651367187500e+03
1.964579772949218750e+01 -2.360744018554687500e+02 -1.395489746093750000e+03
7.369949340820312500e+01 -2.575605773925781250e+02 -1.398501586914062500e+03
5.058623886108398438e+01 -2.414120941162109375e+02 -1.396776000976562500e+03
7.359493255615234375e+00 -2.350570831298828125e+02 -1.391998779296875000e+03
3.293112945556640625e+01 -2.486473693847656250e+02 -1.389785522460937500e+03
2.420608901977539062e+01 -2.319673919677734375e+02 -1.391101806640625000e+03
2.801708984375000000e+01 -2.367949981689453125e+02 -1.389780273437500000e+03
5.621808624267578125e+01 -2.558768463134765625e+02 -1.387445312500000000e+03
5.865666198730468750e+01 -2.631068420410156250e+02 -1.387330444335937500e+03
-6.976926422119140625e+01 -2.091158752441406250e+02 -1.386072875976562500e+03
2.651382255554199219e+01 -2.576887817382812500e+02 -1.385674316406250000e+03
6.109055709838867188e+01 -2.680800476074218750e+02 -1.377571533203125000e+03
-4.376221466064453125e+01 -2.262324829101562500e+02 -1.381626586914062500e+03
8.815721130371093750e+01 -2.770872192382812500e+02 -1.382571044921875000e+03
-6.163697052001953125e+01 -2.180567474365234375e+02 -1.381718994140625000e+03
-4.702319622039794922e+00 -2.283992919921875000e+02 -1.381152832031250000e+03
2.905609321594238281e+01 -2.435493164062500000e+02 -1.381791137695312500e+03
5.304649353027343750e+01 -2.581039733886718750e+02 -1.383517333984375000e+03
-6.647689819335937500e+01 -2.157248840332031250e+02 -1.376661132812500000e+03
7.278027057647705078e+00 -2.342164459228515625e+02 -1.383982543945312500e+03
-4.489073944091796875e+01 -2.593015136718750000e+02 -1.378681030273437500e+03
2.984659194946289062e+01 -2.438508148193359375e+02 -1.376728271484375000e+03
2.418219947814941406e+01 -2.570104370117187500e+02 -1.379388793945312500e+03
6.159245681762695312e+01 -2.425661773681640625e+02 -1.379981933593750000e+03
-5.640528488159179688e+01 -2.259162139892578125e+02 -1.376973754882812500e+03
-5.522196960449218750e+01 -2.295869903564453125e+02 -1.377955810546875000e+03
-1.410547047853469849e-01 -2.376362457275390625e+02 -1.375706176757812500e+03
2.671195983886718750e+01 -2.475604705810546875e+02 -1.373178466796875000e+03
2.734589195251464844e+01 -2.376786956787109375e+02 -1.379277832031250000e+03
-5.079610061645507812e+01 -2.272402343750000000e+02 -1.374556030273437500e+03
-4.650883483886718750e+01 -2.432158508300781250e+02 -1.374691406250000000e+03
5.594320297241210938e+00 -2.336323089599609375e+02 -1.373451660156250000e+03
8.317871093750000000e+00 -2.379888458251953125e+02 -1.371394042968750000e+03
6.047411346435546875e+01 -2.604308166503906250e+02 -1.374646118164062500e+03
6.624308776855468750e+01 -2.454205017089843750e+02 -1.374832275390625000e+03
-3.715559768676757812e+01 -2.284132080078125000e+02 -1.374117675781250000e+03
4.477501296997070312e+01 -2.505402832031250000e+02 -1.370920288085937500e+03
-3.272974395751953125e+01 -2.335503997802734375e+02 -1.370741088867187500e+03
3.145928382873535156e+01 -2.513983612060546875e+02 -1.371597534179687500e+03
-3.713024520874023438e+01 -2.380666809082031250e+02 -1.371699707031250000e+03
-1.522044277191162109e+01 -2.570038757324218750e+02 -1.370529663085937500e+03
-2.370960044860839844e+01 -2.299784698486328125e+02 -1.369547973632812500e+03
3.103625869750976562e+01 -2.468231048583984375e+02 -1.367153076171875000e+03
-1.425660800933837891e+01 -2.379181976318359375e+02 -1.371154907226562500e+03
1.816239547729492188e+01 -2.327309722900390625e+02 -1.370475463867187500e+03
-2.221759223937988281e+01 -2.472207336425781250e+02 -1.368056762695312500e+03
2.814769935607910156e+01 -2.399047393798828125e+02 -1.371108520507812500e+03
-2.411110687255859375e+01 -2.258915405273437500e+02 -1.369343017578125000e+03
6.068969726562500000e+01 -2.492920532226562500e+02 -1.370860229492187500e+03
4.937379455566406250e+01 -2.450488586425781250e+02 -1.368245239257812500e+03
5.787206268310546875e+01 -2.598482055664062500e+02 -1.370919555664062500e+03
-6.010537719726562500e+01 -2.458666534423828125e+02 -1.368637451171875000e+03
6.437501525878906250e+01 -2.531637268066406250e+02 -1.367047607421875000e+03
1.435873317718505859e+01 -2.471056365966796875e+02 -1.368029296875000000e+03
-2.957151985168457031e+01 -2.388168182373046875e+02 -1.366347045898437500e+03
-2.879481554031372070e+00 -2.525883941650390625e+02 -1.365585327148437500e+03
-5.860692596435546875e+01 -2.282038726806640625e+02 -1.365552246093750000e+03
-6.449322509765625000e+01 -2.246260375976562500e+02 -1.365960083007812500e+03
-1.495445728302001953e+01 -2.433462219238281250e+02 -1.364214599609375000e+03
8.475833892822265625e+00 -2.399697875976562500e+02 -1.366250854492187500e+03
3.065828704833984375e+01 -2.316491088867187500e+02 -1.366113159179687500e+03
-4.751778411865234375e+01 -2.378887023925781250e+02 -1.363869628906250000e+03
4.745773315429687500e+01 -2.479541168212890625e+02 -1.366162109375000000e+03
-4.181820678710937500e+01 -2.282899169921875000e+02 -1.365676513671875000e+03
-3.603227996826171875e+01 -2.335108947753906250e+02 -1.365098144531250000e+03
