8.559757995605468750e+01 -2.346464691162109375e+02 -1.576414672851562500e+03
1.046413726806640625e+02 -2.305605621337890625e+02 -1.566528808593750000e+03
9.116105651855468750e+01 -2.384816436767578125e+02 -1.564113891601562500e+03
1.701948928833007812e+01 -2.369475097656250000e+02 -1.555669555664062500e+03
4.925503540039062500e+01 -2.414646453857421875e+02 -1.552191406250000000e+03
2.264369964599609375e+01 -2.472323760986328125e+02 -1.552241577148437500e+03
1.094225616455078125e+02 -2.462642211914062500e+02 -1.551571411132812500e+03
1.082642898559570312e+02 -2.527865753173828125e+02 -1.554379882812500000e+03
8.401193237304687500e+01 -2.265891723632812500e+02 -1.547272827148437500e+03
5.691983795166015625e+01 -2.437682647705078125e+02 -1.547478515625000000e+03
-3.850014448165893555e+00 -2.515226898193359375e+02 -1.537880126953125000e+03
1.085354995727539062e+02 -2.482102966308593750e+02 -1.547570678710937500e+03
2.208004188537597656e+01 -2.552220764160156250e+02 -1.534850585937500000e+03
1.201870956420898438e+02 -2.648741760253906250e+02 -1.532763427734375000e+03
-1.203641986846923828e+01 -2.330630645751953125e+02 -1.533426147460937500e+03
-3.345858383178710938e+01 -2.403995056152343750e+02 -1.528125732421875000e+03
1.124733734130859375e+02 -3.035510864257812500e+02 -1.534460571289062500e+03
1.475002098083496094e+01 -2.477663726806640625e+02 -1.525980834960937500e+03
1.273477935791015625e+02 -2.418164978027343750e+02 -1.522372802734375000e+03
5.021011352539062500e+00 -2.407628021240234375e+02 -1.524663208007812500e+03
-4.935860443115234375e+01 -2.390316925048828125e+02 -1.513990478515625000e+03
1.282086334228515625e+02 -2.280198364257812500e+02 -1.521750610351562500e+03
9.793596649169921875e+01 -2.512248992919921875e+02 -1.525049194335937500e+03
1.285604858398437500e+02 -2.286118164062500000e+02 -1.516231445312500000e+03
6.632766723632812500e+01 -2.423798370361328125e+02 -1.520608520507812500e+03
2.962873268127441406e+01 -2.462153167724609375e+02 -1.513789672851562500e+03
8.314344787597656250e+01 -2.476642150878906250e+02 -1.514366699218750000e+03
1.105626831054687500e+02 -2.890616760253906250e+02 -1.491194824218750000e+03
2.913967609405517578e+00 -2.377594299316406250e+02 -1.511288696289062500e+03
1.217317810058593750e+02 -2.737917175292968750e+02 -1.498525634765625000e+03
3.120159339904785156e+01 -2.463038482666015625e+02 -1.502867065429687500e+03
1.195553436279296875e+02 -2.250359039306640625e+02 -1.492699218750000000e+03
1.233726348876953125e+02 -2.651963500976562500e+02 -1.488875122070312500e+03
8.597427368164062500e+01 -2.547853546142578125e+02 -1.498218872070312500e+03
-1.397857856750488281e+01 -2.538914642333984375e+02 -1.480201904296875000e+03
1.011834030151367188e+02 -3.152044982910156250e+02 -1.489268920898437500e+03
1.056269683837890625e+02 -2.928294677734375000e+02 -1.477453247070312500e+03
2.076094245910644531e+01 -2.453120727539062500e+02 -1.492053833007812500e+03
-3.733168029785156250e+01 -2.480408325195312500e+02 -1.465469238281250000e+03
6.357076644897460938e+01 -2.601274108886718750e+02 -1.487060180664062500e+03
1.144700775146484375e+02 -2.233816528320312500e+02 -1.481564575195312500e+03
1.260563278198242188e+02 -2.546778564453125000e+02 -1.482629150390625000e+03
1.721851921081542969e+01 -2.468729248046875000e+02 -1.486091918945312500e+03
1.126692886352539062e+02 -2.268850555419921875e+02 -1.462606567382812500e+03
1.206423034667968750e+02 -2.690640258789062500e+02 -1.461109497070312500e+03
5.324929046630859375e+01 -2.615625915527343750e+02 -1.466236206054687500e+03
-4.998660278320312500e+01 -2.531532287597656250e+02 -1.448315429687500000e+03
1.151649169921875000e+02 -2.781014709472656250e+02 -1.458020874023437500e+03
5.166325378417968750e+01 -2.603093872070312500e+02 -1.464170532226562500e+03
8.547895812988281250e+01 -2.602455139160156250e+02 -1.456998657226562500e+03
7.075745391845703125e+01 -2.491000976562500000e+02 -1.445757568359375000e+03
2.335212898254394531e+01 -2.460762023925781250e+02 -1.470806396484375000e+03
7.617429351806640625e+01 -2.547971038818359375e+02 -1.443443481445312500e+03
1.134017486572265625e+02 -2.458169708251953125e+02 -1.443189941406250000e+03
5.798173141479492188e+01 -2.390389709472656250e+02 -1.448478759765625000e+03
1.129956817626953125e+02 -2.591873779296875000e+02 -1.433353149414062500e+03
-1.532488727569580078e+01 -2.513681335449218750e+02 -1.425641357421875000e+03
-1.090364694595336914e+00 -2.529414520263671875e+02 -1.420489624023437500e+03
6.941442871093750000e+01 -2.642152404785156250e+02 -1.419565429687500000e+03
-3.755121612548828125e+01 -2.550844879150390625e+02 -1.416085937500000000e+03
1.104712905883789062e+02 -2.355279388427734375e+02 -1.418587768554687500e+03
6.875883579254150391e+00 -2.533008422851562500e+02 -1.427087890625000000e+03
7.695933532714843750e+01 -2.574723205566406250e+02 -1.417384643554687500e+03
-1.069167256355285645e+00 -2.486665954589843750e+02 -1.407296508789062500e+03
6.766753387451171875e+01 -2.339131469726562500e+02 -1.418402343750000000e+03
6.970027160644531250e+01 -2.695048217773437500e+02 -1.406733520507812500e+03
6.019836807250976562e+01 -2.769597778320312500e+02 -1.409114013671875000e+03
1.103365325927734375e+02 -2.248932342529296875e+02 -1.412329345703125000e+03
7.823647308349609375e+01 -2.519911193847656250e+02 -1.409681640625000000e+03
7.322122955322265625e+01 -2.404228820800781250e+02 -1.410258422851562500e+03
7.232031250000000000e+01 -2.411518249511718750e+02 -1.405968261718750000e+03
4.463619613647460938e+01 -2.330264434814453125e+02 -1.408692260742187500e+03
7.647691345214843750e+01 -2.476324462890625000e+02 -1.401736450195312500e+03
4.922629165649414062e+01 -2.618490905761718750e+02 -1.396933105468750000e+03
2.142770385742187500e+01 -2.379394989013671875e+02 -1.395150634765625000e+03
7.319046783447265625e+01 -2.561447143554687500e+02 -1.398359741210937500e+03
5.051305389404296875e+01 -2.415078582763671875e+02 -1.397246215820312500e+03
9.142569541931152344e+00 -2.364032135009765625e+02 -1.392362060546875000e+03
3.365552902221679688e+01 -2.495193023681640625e+02 -1.389671020507812500e+03
2.640735244750976562e+01 -2.332318115234375000e+02 -1.391263183593750000e+03
2.997209167480468750e+01 -2.379239807128906250e+02 -1.389796020507812500e+03
5.639022064208984375e+01 -2.555051116943359375e+02 -1.387576049804687500e+03
5.844483184814453125e+01 -2.625852050781250000e+02 -1.387419677734375000e+03
-6.987078857421875000e+01 -2.091730041503906250e+02 -1.386098144531250000e+03
2.691220474243164062e+01 -2.580689086914062500e+02 -1.385363891601562500e+03
6.112160110473632812e+01 -2.676257934570312500e+02 -1.377396240234375000e+03
-4.366698455810546875e+01 -2.262548522949218750e+02 -1.381740234375000000e+03
8.809693908691406250e+01 -2.772256164550781250e+02 -1.382476318359375000e+03
-6.169327545166015625e+01 -2.180724945068359375e+02 -1.381776611328125000e+03
-3.349125146865844727e+00 -2.284833679199218750e+02 -1.381907836914062500e+03
3.044992828369140625e+01 -2.437307128906250000e+02 -1.382110229492187500e+03
5.292248535156250000e+01 -2.581004638671875000e+02 -1.383649169921875000e+03
-6.653800201416015625e+01 -2.157631378173828125e+02 -1.376704833984375000e+03
9.117946624755859375e+00 -2.347961120605468750e+02 -1.384393920898437500e+03
-4.496557617187500000e+01 -2.593746948242187500e+02 -1.378686523437500000e+03
3.119448661804199219e+01 -2.437953643798828125e+02 -1.377106079101562500e+03
2.460520744323730469e+01 -2.573264770507812500e+02 -1.379187255859375000e+03
6.094407653808593750e+01 -2.425945129394531250e+02 -1.379789916992187500e+03
-5.652023696899414062e+01 -2.259975280761718750e+02 -1.377024291992187500e+03
-5.528792953491210938e+01 -2.296503448486328125e+02 -1.378009155273437500e+03
9.584104418754577637e-01 -2.372619781494140625e+02 -1.376565185546875000e+03
2.802406883239746094e+01 -2.469245605468750000e+02 -1.374008544921875000e+03
2.944822502136230469e+01 -2.374344482421875000e+02 -1.379908935546875000e+03
-5.086617279052734375e+01 -2.272708740234375000e+02 -1.374588134765625000e+03
-4.651653289794921875e+01 -2.432273712158203125e+02 -1.374702392578125000e+03
6.839605808258056641e+00 -2.329257354736328125e+02 -1.374560058593750000e+03
9.806872367858886719e+00 -2.372344665527343750e+02 -1.372516845703125000e+03
6.026288986206054688e+01 -2.599716186523437500e+02 -1.374403564453125000e+03
6.565896606445312500e+01 -2.454042816162109375e+02 -1.374525146484375000e+03
-3.698380661010742188e+01 -2.284861602783203125e+02 -1.374230346679687500e+03
4.487500000000000000e+01 -2.504868469238281250e+02 -1.371315063476562500e+03
-3.239386367797851562e+01 -2.334614562988281250e+02 -1.370902099609375000e+03
3.203988265991210938e+01 -2.511714630126953125e+02 -1.371869506835937500e+03
-3.689756011962890625e+01 -2.380793762207031250e+02 -1.371788574218750000e+03
-1.498879146575927734e+01 -2.569148559570312500e+02 -1.370763793945312500e+03
-2.293326950073242188e+01 -2.300851440429687500e+02 -1.369889038085937500e+03
3.186949348449707031e+01 -2.458065795898437500e+02 -1.368233154296875000e+03
-1.367296600341796875e+01 -2.374537506103515625e+02 -1.371745483398437500e+03
2.013294219970703125e+01 -2.310587615966796875e+02 -1.372076293945312500e+03
-2.195009994506835938e+01 -2.470982818603515625e+02 -1.368291992187500000e+03
2.998038864135742188e+01 -2.391849975585937500e+02 -1.372296630859375000e+03
-2.337181663513183594e+01 -2.259683532714843750e+02 -1.369741455078125000e+03
6.028995513916015625e+01 -2.492661590576171875e+02 -1.370622314453125000e+03
4.897092056274414062e+01 -2.449329528808593750e+02 -1.368303100585937500e+03
5.754460906982421875e+01 -2.595620117187500000e+02 -1.370823242187500000e+03
-6.019775390625000000e+01 -2.459467926025390625e+02 -1.368645385742187500e+03
6.401591491699218750e+01 -2.530365600585937500e+02 -1.366778198242187500e+03
1.546630287170410156e+01 -2.456724090576171875e+02 -1.369161010742187500e+03
-2.916852951049804688e+01 -2.387637176513671875e+02 -1.366556640625000000e+03
-2.330846786499023438e+00 -2.519437103271484375e+02 -1.366158813476562500e+03
-5.864877319335937500e+01 -2.282872009277343750e+02 -1.365591186523437500e+03
-6.457523345947265625e+01 -2.247022247314453125e+02 -1.365986572265625000e+03
-1.447342300415039062e+01 -2.428532867431640625e+02 -1.364812255859375000e+03
9.734964370727539062e+00 -2.391295776367187500e+02 -1.367398559570312500e+03
3.231190490722656250e+01 -2.306572570800781250e+02 -1.367336669921875000e+03
-4.751744079589843750e+01 -2.379975891113281250e+02 -1.363910522460937500e+03
4.702066040039062500e+01 -2.479260101318359375e+02 -1.366274536132812500e+03
-4.171487808227539062e+01 -2.284039154052734375e+02 -1.365753662109375000e+03
-3.574320983886718750e+01 -2.334458923339843750e+02 -1.365229492187500000e+03
