8.566009521484375000e+01 -2.341622924804687500e+02 -1.576596557617187500e+03
1.046299743652343750e+02 -2.302518463134765625e+02 -1.565772827148437500e+03
9.115547943115234375e+01 -2.374803771972656250e+02 -1.564012329101562500e+03
1.745429420471191406e+01 -2.375200805664062500e+02 -1.555539428710937500e+03
4.883174896240234375e+01 -2.409393310546875000e+02 -1.552920288085937500e+03
2.242186927795410156e+01 -2.448876495361328125e+02 -1.552593139648437500e+03
1.096263961791992188e+02 -2.458054351806640625e+02 -1.552393066406250000e+03
1.086107940673828125e+02 -2.525583190917968750e+02 -1.554675781250000000e+03
8.259820556640625000e+01 -2.246695709228515625e+02 -1.547635253906250000e+03
5.726169586181640625e+01 -2.444103698730468750e+02 -1.546031494140625000e+03
-4.482381343841552734e+00 -2.512904968261718750e+02 -1.537615112304687500e+03
1.085930023193359375e+02 -2.472697601318359375e+02 -1.548203002929687500e+03
2.130720520019531250e+01 -2.543950958251953125e+02 -1.533771850585937500e+03
1.204085235595703125e+02 -2.644259948730468750e+02 -1.532226074218750000e+03
-1.291162395477294922e+01 -2.314395751953125000e+02 -1.532602172851562500e+03
-3.287500000000000000e+01 -2.392409362792968750e+02 -1.528883544921875000e+03
1.125592269897460938e+02 -3.025155029296875000e+02 -1.535500976562500000e+03
1.306620693206787109e+01 -2.447555999755859375e+02 -1.526003051757812500e+03
1.305425415039062500e+02 -2.415380859375000000e+02 -1.525260620117187500e+03
3.709771394729614258e+00 -2.382061157226562500e+02 -1.525559448242187500e+03
-4.938141632080078125e+01 -2.386752014160156250e+02 -1.513856567382812500e+03
1.305161743164062500e+02 -2.272113647460937500e+02 -1.525133544921875000e+03
9.918004608154296875e+01 -2.516182403564453125e+02 -1.523956542968750000e+03
1.308906250000000000e+02 -2.265691528320312500e+02 -1.520029907226562500e+03
6.636094665527343750e+01 -2.388337554931640625e+02 -1.521058227539062500e+03
2.734822082519531250e+01 -2.432619476318359375e+02 -1.515419799804687500e+03
8.801946258544921875e+01 -2.450139465332031250e+02 -1.513082641601562500e+03
1.102973480224609375e+02 -2.880573120117187500e+02 -1.490764282226562500e+03
2.685655832290649414e+00 -2.332532653808593750e+02 -1.511732421875000000e+03
1.215379791259765625e+02 -2.715964965820312500e+02 -1.497543579101562500e+03
2.966067886352539062e+01 -2.396935729980468750e+02 -1.509488525390625000e+03
1.234077529907226562e+02 -2.250269927978515625e+02 -1.490854125976562500e+03
1.242270660400390625e+02 -2.639668579101562500e+02 -1.487437133789062500e+03
8.897650909423828125e+01 -2.523409118652343750e+02 -1.495681396484375000e+03
-1.105021476745605469e+01 -2.530915679931640625e+02 -1.480423217773437500e+03
1.025381317138671875e+02 -3.157040710449218750e+02 -1.488498168945312500e+03
1.055559387207031250e+02 -2.931879577636718750e+02 -1.476609619140625000e+03
2.285761260986328125e+01 -2.366874847412109375e+02 -1.494601684570312500e+03
-3.631283950805664062e+01 -2.470143737792968750e+02 -1.466198608398437500e+03
6.271844482421875000e+01 -2.559569244384765625e+02 -1.486493041992187500e+03
1.224888763427734375e+02 -2.221095886230468750e+02 -1.479594482421875000e+03
1.289718170166015625e+02 -2.525054779052734375e+02 -1.481240478515625000e+03
1.919537162780761719e+01 -2.401188354492187500e+02 -1.486870239257812500e+03
1.129017868041992188e+02 -2.239214782714843750e+02 -1.462138183593750000e+03
1.202086105346679688e+02 -2.660090332031250000e+02 -1.459877929687500000e+03
5.401852798461914062e+01 -2.584203491210937500e+02 -1.465064697265625000e+03
-5.005957794189453125e+01 -2.524890899658203125e+02 -1.448091186523437500e+03
1.122598419189453125e+02 -2.740653686523437500e+02 -1.457590820312500000e+03
5.236809158325195312e+01 -2.572023620605468750e+02 -1.462783935546875000e+03
8.463391876220703125e+01 -2.568554687500000000e+02 -1.454216552734375000e+03
7.069380950927734375e+01 -2.466733398437500000e+02 -1.443878540039062500e+03
2.041131782531738281e+01 -2.439793243408203125e+02 -1.472043579101562500e+03
7.657186126708984375e+01 -2.517178344726562500e+02 -1.441602661132812500e+03
1.108821945190429688e+02 -2.424368286132812500e+02 -1.441576538085937500e+03
5.750710296630859375e+01 -2.367605285644531250e+02 -1.446977905273437500e+03
1.090937194824218750e+02 -2.548502349853515625e+02 -1.433667236328125000e+03
-1.636452293395996094e+01 -2.509570159912109375e+02 -1.425520141601562500e+03
-2.146006107330322266e+00 -2.514545898437500000e+02 -1.420542358398437500e+03
7.013353729248046875e+01 -2.635526733398437500e+02 -1.419384765625000000e+03
-3.746697998046875000e+01 -2.545898284912109375e+02 -1.416167724609375000e+03
1.091314849853515625e+02 -2.335244750976562500e+02 -1.416608886718750000e+03
5.652007579803466797e+00 -2.514700622558593750e+02 -1.427043457031250000e+03
7.708538818359375000e+01 -2.558521881103515625e+02 -1.416970092773437500e+03
-1.744450449943542480e+00 -2.456107788085937500e+02 -1.408059692382812500e+03
6.771228027343750000e+01 -2.328896942138671875e+02 -1.417672119140625000e+03
7.038349151611328125e+01 -2.694299621582031250e+02 -1.406552856445312500e+03
6.010437393188476562e+01 -2.768910217285156250e+02 -1.409097167968750000e+03
1.089812240600585938e+02 -2.236475219726562500e+02 -1.409904785156250000e+03
7.849520111083984375e+01 -2.502337646484375000e+02 -1.408788085937500000e+03
7.322149658203125000e+01 -2.395848236083984375e+02 -1.409138183593750000e+03
7.282384490966796875e+01 -2.408515625000000000e+02 -1.404968017578125000e+03
4.452674865722656250e+01 -2.297844390869140625e+02 -1.408309814453125000e+03
7.683671569824218750e+01 -2.471382751464843750e+02 -1.400868530273437500e+03
4.944132232666015625e+01 -2.609033203125000000e+02 -1.396917236328125000e+03
2.034634017944335938e+01 -2.334943695068359375e+02 -1.396186523437500000e+03
7.363011932373046875e+01 -2.554670257568359375e+02 -1.397872802734375000e+03
5.070655441284179688e+01 -2.397264862060546875e+02 -1.396778564453125000e+03
8.017220497131347656e+00 -2.323825073242187500e+02 -1.393118774414062500e+03
3.315916442871093750e+01 -2.471198120117187500e+02 -1.390138549804687500e+03
2.497789764404296875e+01 -2.293119812011718750e+02 -1.391790161132812500e+03
2.844779777526855469e+01 -2.341751708984375000e+02 -1.390643554687500000e+03
5.610854721069335938e+01 -2.545747222900390625e+02 -1.387314575195312500e+03
5.851613235473632812e+01 -2.620842590332031250e+02 -1.387224853515625000e+03
-6.955661773681640625e+01 -2.087571868896484375e+02 -1.386054321289062500e+03
2.671421051025390625e+01 -2.563875122070312500e+02 -1.385999023437500000e+03
6.105654907226562500e+01 -2.671048583984375000e+02 -1.377332519531250000e+03
-4.341970825195312500e+01 -2.257975769042968750e+02 -1.381736572265625000e+03
8.867256164550781250e+01 -2.768782958984375000e+02 -1.382302612304687500e+03
-6.137933731079101562e+01 -2.177065124511718750e+02 -1.381694213867187500e+03
-4.201210021972656250e+00 -2.273482971191406250e+02 -1.381939575195312500e+03
2.937028121948242188e+01 -2.416145019531250000e+02 -1.382398315429687500e+03
5.294718933105468750e+01 -2.572866210937500000e+02 -1.383375732421875000e+03
-6.625466156005859375e+01 -2.153827972412109375e+02 -1.376651977539062500e+03
7.960170745849609375e+00 -2.317879180908203125e+02 -1.384982666015625000e+03
-4.471553421020507812e+01 -2.589867248535156250e+02 -1.378675292968750000e+03
3.017748069763183594e+01 -2.424483947753906250e+02 -1.376945190429687500e+03
2.442186355590820312e+01 -2.559577789306640625e+02 -1.379647338867187500e+03
6.119063568115234375e+01 -2.419206085205078125e+02 -1.379688720703125000e+03
-5.622509002685546875e+01 -2.256030273437500000e+02 -1.376918457031250000e+03
-5.503278732299804688e+01 -2.292639160156250000e+02 -1.377896606445312500e+03
3.213105797767639160e-01 -2.362688751220703125e+02 -1.376546142578125000e+03
2.687181282043457031e+01 -2.461586608886718750e+02 -1.373666748046875000e+03
2.784918975830078125e+01 -2.354069366455078125e+02 -1.379807739257812500e+03
-5.058890914916992188e+01 -2.269578857421875000e+02 -1.374523559570312500e+03
-4.628018569946289062e+01 -2.428765258789062500e+02 -1.374763916015625000e+03
6.128089427947998047e+00 -2.316894683837890625e+02 -1.374428222656250000e+03
8.752584457397460938e+00 -2.363129119873046875e+02 -1.372156860351562500e+03
6.031251525878906250e+01 -2.594406738281250000e+02 -1.374425048828125000e+03
6.586422729492187500e+01 -2.446697845458984375e+02 -1.374463012695312500e+03
-3.682729339599609375e+01 -2.278813476562500000e+02 -1.374265014648437500e+03
4.458309173583984375e+01 -2.498254241943359375e+02 -1.371197143554687500e+03
-3.228823089599609375e+01 -2.330583343505859375e+02 -1.370933593750000000e+03
3.156872177124023438e+01 -2.504868469238281250e+02 -1.371932250976562500e+03
-3.675583648681640625e+01 -2.375939025878906250e+02 -1.371837524414062500e+03
-1.493507003784179688e+01 -2.566535949707031250e+02 -1.370554687500000000e+03
-2.324463653564453125e+01 -2.293442077636718750e+02 -1.369916381835937500e+03
3.132162666320800781e+01 -2.457739257812500000e+02 -1.367491210937500000e+03
-1.379521942138671875e+01 -2.372963104248046875e+02 -1.371526367187500000e+03
1.888844490051269531e+01 -2.303389587402343750e+02 -1.371209716796875000e+03
-2.184756660461425781e+01 -2.467985229492187500e+02 -1.368182250976562500e+03
2.852434349060058594e+01 -2.381778717041015625e+02 -1.371650146484375000e+03
-2.367047882080078125e+01 -2.252710418701171875e+02 -1.369714233398437500e+03
6.030519104003906250e+01 -2.485247650146484375e+02 -1.370683959960937500e+03
4.907733154296875000e+01 -2.444753723144531250e+02 -1.368283569335937500e+03
5.766511154174804688e+01 -2.591510314941406250e+02 -1.370798706054687500e+03
-5.995458984375000000e+01 -2.455474700927734375e+02 -1.368562744140625000e+03
6.401149749755859375e+01 -2.523933410644531250e+02 -1.366813110351562500e+03
1.473700904846191406e+01 -2.457192993164062500e+02 -1.368701171875000000e+03
-2.915100669860839844e+01 -2.382601776123046875e+02 -1.366574340820312500e+03
-2.507025957107543945e+00 -2.518976593017578125e+02 -1.365995483398437500e+03
-5.843168258666992188e+01 -2.278614349365234375e+02 -1.365571533203125000e+03
-6.431335449218750000e+01 -2.243027343750000000e+02 -1.365954589843750000e+03
-1.453584003448486328e+01 -2.427598419189453125e+02 -1.364595703125000000e+03
8.919350624084472656e+00 -2.384516143798828125e+02 -1.367057861328125000e+03
3.132319068908691406e+01 -2.298047027587890625e+02 -1.366429199218750000e+03
-4.737778854370117188e+01 -2.374711608886718750e+02 -1.363945190429687500e+03
4.713774108886718750e+01 -2.476162261962890625e+02 -1.366298583984375000e+03
-4.152633666992187500e+01 -2.277642822265625000e+02 -1.365779541015625000e+03
-3.561929321289062500e+01 -2.330110778808593750e+02 -1.365284179687500000e+03
