8.564478302001953125e+01 -2.345360260009765625e+02 -1.576373291015625000e+03
1.046180572509765625e+02 -2.305905609130859375e+02 -1.566258789062500000e+03
9.118733215332031250e+01 -2.382565460205078125e+02 -1.563889160156250000e+03
1.718396949768066406e+01 -2.369366455078125000e+02 -1.555862548828125000e+03
4.938400650024414062e+01 -2.412822418212890625e+02 -1.551953125000000000e+03
2.252492713928222656e+01 -2.468411865234375000e+02 -1.552488403320312500e+03
1.091901855468750000e+02 -2.458870239257812500e+02 -1.551722167968750000e+03
1.081604919433593750e+02 -2.526392974853515625e+02 -1.554438476562500000e+03
8.326775360107421875e+01 -2.256043090820312500e+02 -1.546821289062500000e+03
5.684736633300781250e+01 -2.435337677001953125e+02 -1.546949829101562500e+03
-3.852702856063842773e+00 -2.516095886230468750e+02 -1.537775756835937500e+03
1.082700653076171875e+02 -2.476340179443359375e+02 -1.547649414062500000e+03
2.165805435180664062e+01 -2.550443420410156250e+02 -1.534606323242187500e+03
1.203795394897460938e+02 -2.650565490722656250e+02 -1.532762817382812500e+03
-1.156350708007812500e+01 -2.332642517089843750e+02 -1.533245727539062500e+03
-3.341276168823242188e+01 -2.401558837890625000e+02 -1.528357299804687500e+03
1.126505737304687500e+02 -3.033267517089843750e+02 -1.534770996093750000e+03
1.453591918945312500e+01 -2.475348815917968750e+02 -1.526411621093750000e+03
1.272313461303710938e+02 -2.409157562255859375e+02 -1.522423339843750000e+03
5.357128143310546875e+00 -2.406699829101562500e+02 -1.525155029296875000e+03
-4.927225875854492188e+01 -2.389790496826171875e+02 -1.514038208007812500e+03
1.280401306152343750e+02 -2.267493286132812500e+02 -1.521636352539062500e+03
9.800816345214843750e+01 -2.510779724121093750e+02 -1.524638916015625000e+03
1.284486999511718750e+02 -2.273349609375000000e+02 -1.515927246093750000e+03
6.676847839355468750e+01 -2.420810699462890625e+02 -1.520026489257812500e+03
2.953194046020507812e+01 -2.458719635009765625e+02 -1.513445556640625000e+03
8.414783477783203125e+01 -2.471265869140625000e+02 -1.514308593750000000e+03
1.103303527832031250e+02 -2.890900573730468750e+02 -1.491467529296875000e+03
3.477566480636596680e+00 -2.372427062988281250e+02 -1.512073974609375000e+03
1.216753768920898438e+02 -2.734517517089843750e+02 -1.499017944335937500e+03
3.089279937744140625e+01 -2.457683868408203125e+02 -1.503151000976562500e+03
1.201175079345703125e+02 -2.252464141845703125e+02 -1.492500854492187500e+03
1.234672927856445312e+02 -2.646080627441406250e+02 -1.489313964843750000e+03
8.662565612792968750e+01 -2.544317779541015625e+02 -1.497848999023437500e+03
-1.349221229553222656e+01 -2.536864624023437500e+02 -1.481499389648437500e+03
1.014700164794921875e+02 -3.153510437011718750e+02 -1.489452148437500000e+03
1.053997192382812500e+02 -2.929401245117187500e+02 -1.477452392578125000e+03
2.097464370727539062e+01 -2.447341766357421875e+02 -1.491920410156250000e+03
-3.756008911132812500e+01 -2.482589874267578125e+02 -1.465386840820312500e+03
6.438005065917968750e+01 -2.599194335937500000e+02 -1.486691284179687500e+03
1.153850402832031250e+02 -2.233606262207031250e+02 -1.480948364257812500e+03
1.263505783081054688e+02 -2.541349792480468750e+02 -1.482561767578125000e+03
1.749614906311035156e+01 -2.462849121093750000e+02 -1.485827880859375000e+03
1.129201126098632812e+02 -2.275461730957031250e+02 -1.462241333007812500e+03
1.199612655639648438e+02 -2.682196350097656250e+02 -1.460911254882812500e+03
5.362496948242187500e+01 -2.616210937500000000e+02 -1.465589599609375000e+03
-4.991447448730468750e+01 -2.529868774414062500e+02 -1.448321044921875000e+03
1.140528411865234375e+02 -2.770321350097656250e+02 -1.458261230468750000e+03
5.195479202270507812e+01 -2.604054870605468750e+02 -1.463477050781250000e+03
8.583404541015625000e+01 -2.602358398437500000e+02 -1.456273559570312500e+03
7.113414764404296875e+01 -2.493308715820312500e+02 -1.445422363281250000e+03
2.317876625061035156e+01 -2.462326202392578125e+02 -1.470058349609375000e+03
7.675854492187500000e+01 -2.548729705810546875e+02 -1.443236083984375000e+03
1.128683319091796875e+02 -2.455744171142578125e+02 -1.442942749023437500e+03
5.783380889892578125e+01 -2.397260131835937500e+02 -1.448025146484375000e+03
1.125154190063476562e+02 -2.588164978027343750e+02 -1.433726806640625000e+03
-1.586336803436279297e+01 -2.516703338623046875e+02 -1.425252563476562500e+03
-1.367259979248046875e+00 -2.533127899169921875e+02 -1.420029174804687500e+03
6.989931488037109375e+01 -2.645312194824218750e+02 -1.419786743164062500e+03
-3.748900604248046875e+01 -2.550879364013671875e+02 -1.416023071289062500e+03
1.101621093750000000e+02 -2.357303924560546875e+02 -1.418281127929687500e+03
6.816024780273437500e+00 -2.535280303955078125e+02 -1.426397583007812500e+03
7.694904327392578125e+01 -2.578247985839843750e+02 -1.417363769531250000e+03
-1.378994941711425781e+00 -2.489331207275390625e+02 -1.407046875000000000e+03
6.747007751464843750e+01 -2.337898864746093750e+02 -1.418299316406250000e+03
7.012319183349609375e+01 -2.698586730957031250e+02 -1.406879760742187500e+03
6.014260482788085938e+01 -2.770250244140625000e+02 -1.409315429687500000e+03
1.101810989379882812e+02 -2.250290679931640625e+02 -1.412155761718750000e+03
7.826375579833984375e+01 -2.520279541015625000e+02 -1.409568725585937500e+03
7.295676422119140625e+01 -2.406136169433593750e+02 -1.410070312500000000e+03
7.227849578857421875e+01 -2.412818756103515625e+02 -1.405831176757812500e+03
4.465871810913085938e+01 -2.325704193115234375e+02 -1.408313842773437500e+03
7.646477508544921875e+01 -2.478630218505859375e+02 -1.401539550781250000e+03
4.967681121826171875e+01 -2.618648681640625000e+02 -1.397050537109375000e+03
2.128426551818847656e+01 -2.381455688476562500e+02 -1.394861816406250000e+03
7.341536712646484375e+01 -2.566811218261718750e+02 -1.398253173828125000e+03
5.086663055419921875e+01 -2.413958129882812500e+02 -1.397142700195312500e+03
8.716692924499511719e+00 -2.367489318847656250e+02 -1.391873413085937500e+03
3.364132690429687500e+01 -2.495034790039062500e+02 -1.389717041015625000e+03
2.608379173278808594e+01 -2.334461975097656250e+02 -1.390868164062500000e+03
2.982222366333007812e+01 -2.381889495849609375e+02 -1.389507690429687500e+03
5.647882080078125000e+01 -2.555931854248046875e+02 -1.387536621093750000e+03
5.874950790405273438e+01 -2.627926940917968750e+02 -1.387442626953125000e+03
-6.976988220214843750e+01 -2.090534973144531250e+02 -1.386151489257812500e+03
2.692661285400390625e+01 -2.580534973144531250e+02 -1.385486450195312500e+03
6.120109558105468750e+01 -2.677690429687500000e+02 -1.377447387695312500e+03
-4.360465621948242188e+01 -2.262166748046875000e+02 -1.381764404296875000e+03
8.812055206298828125e+01 -2.772131042480468750e+02 -1.382248779296875000e+03
-6.159139633178710938e+01 -2.179740753173828125e+02 -1.381833129882812500e+03
-3.938970088958740234e+00 -2.287229919433593750e+02 -1.381670776367187500e+03
3.023713684082031250e+01 -2.439486846923828125e+02 -1.381987792968750000e+03
5.311706924438476562e+01 -2.580455627441406250e+02 -1.383717529296875000e+03
-6.645401000976562500e+01 -2.156778106689453125e+02 -1.376742797851562500e+03
8.715317726135253906e+00 -2.351581573486328125e+02 -1.384019165039062500e+03
-4.490627288818359375e+01 -2.592734375000000000e+02 -1.378747558593750000e+03
3.072964668273925781e+01 -2.437644958496093750e+02 -1.376945190429687500e+03
2.451751136779785156e+01 -2.572572021484375000e+02 -1.379267211914062500e+03
6.147014617919921875e+01 -2.425345001220703125e+02 -1.380088378906250000e+03
-5.639891815185546875e+01 -2.258860626220703125e+02 -1.377052001953125000e+03
-5.519423675537109375e+01 -2.295646972656250000e+02 -1.378056762695312500e+03
5.704801678657531738e-01 -2.375043334960937500e+02 -1.376263305664062500e+03
2.757324600219726562e+01 -2.470587463378906250e+02 -1.373797973632812500e+03
2.890381813049316406e+01 -2.376437835693359375e+02 -1.379622436523437500e+03
-5.079957580566406250e+01 -2.271909790039062500e+02 -1.374589233398437500e+03
-4.651028060913085938e+01 -2.431531372070312500e+02 -1.374722900390625000e+03
6.434481620788574219e+00 -2.332272033691406250e+02 -1.374312622070312500e+03
9.281861305236816406e+00 -2.375345611572265625e+02 -1.372178100585937500e+03
6.039643096923828125e+01 -2.601330261230468750e+02 -1.374491699218750000e+03
6.598175811767578125e+01 -2.453766174316406250e+02 -1.374689086914062500e+03
-3.692812728881835938e+01 -2.284553375244140625e+02 -1.374221191406250000e+03
4.499087905883789062e+01 -2.504290313720703125e+02 -1.371394409179687500e+03
-3.242773818969726562e+01 -2.335203857421875000e+02 -1.370856689453125000e+03
3.188088989257812500e+01 -2.511516876220703125e+02 -1.371833496093750000e+03
-3.691908264160156250e+01 -2.380810394287109375e+02 -1.371790893554687500e+03
-1.499636745452880859e+01 -2.567883300781250000e+02 -1.370737548828125000e+03
-2.312953758239746094e+01 -2.301391601562500000e+02 -1.369795166015625000e+03
3.147707176208496094e+01 -2.458562316894531250e+02 -1.368007812500000000e+03
-1.390151309967041016e+01 -2.375294494628906250e+02 -1.371803100585937500e+03
1.963658523559570312e+01 -2.315954895019531250e+02 -1.371700073242187500e+03
-2.193250274658203125e+01 -2.470593414306640625e+02 -1.368306396484375000e+03
2.944763755798339844e+01 -2.393130493164062500e+02 -1.371961914062500000e+03
-2.350306129455566406e+01 -2.260140991210937500e+02 -1.369703735351562500e+03
6.049711227416992188e+01 -2.493125305175781250e+02 -1.370825073242187500e+03
4.923833084106445312e+01 -2.447499847412109375e+02 -1.368477172851562500e+03
5.770966339111328125e+01 -2.596152954101562500e+02 -1.370938964843750000e+03
-6.011806106567382812e+01 -2.458693237304687500e+02 -1.368690795898437500e+03
6.413388824462890625e+01 -2.531375274658203125e+02 -1.366929809570312500e+03
1.512213897705078125e+01 -2.459009094238281250e+02 -1.368893920898437500e+03
-2.920762062072753906e+01 -2.387878417968750000e+02 -1.366518310546875000e+03
-2.508519649505615234e+00 -2.520600585937500000e+02 -1.366112915039062500e+03
-5.859687423706054688e+01 -2.281664428710937500e+02 -1.365587402343750000e+03
-6.448886108398437500e+01 -2.245721282958984375e+02 -1.366011596679687500e+03
-1.462501239776611328e+01 -2.428935852050781250e+02 -1.364820678710937500e+03
9.353265762329101562e+00 -2.394173736572265625e+02 -1.367057250976562500e+03
3.180015182495117188e+01 -2.307358093261718750e+02 -1.367061523437500000e+03
-4.748784255981445312e+01 -2.379093475341796875e+02 -1.363865844726562500e+03
4.728593063354492188e+01 -2.477683105468750000e+02 -1.366438232421875000e+03
-4.163819122314453125e+01 -2.283279266357421875e+02 -1.365716064453125000e+03
-3.575786972045898438e+01 -2.334815673828125000e+02 -1.365177978515625000e+03
