8.532271575927734375e+01 -2.343621826171875000e+02 -1.576583374023437500e+03
1.050289764404296875e+02 -2.307280426025390625e+02 -1.566200805664062500e+03
9.160234069824218750e+01 -2.386009216308593750e+02 -1.564473876953125000e+03
1.733795928955078125e+01 -2.369087219238281250e+02 -1.555810791015625000e+03
5.021242141723632812e+01 -2.409747161865234375e+02 -1.552593750000000000e+03
2.288731002807617188e+01 -2.465470123291015625e+02 -1.552571899414062500e+03
1.095100479125976562e+02 -2.457498931884765625e+02 -1.551996215820312500e+03
1.083368988037109375e+02 -2.526905212402343750e+02 -1.554729125976562500e+03
8.513578796386718750e+01 -2.253089904785156250e+02 -1.549039306640625000e+03
5.816341400146484375e+01 -2.433989562988281250e+02 -1.547484985351562500e+03
-3.983544588088989258e+00 -2.516192779541015625e+02 -1.537691650390625000e+03
1.087636566162109375e+02 -2.474622650146484375e+02 -1.548198486328125000e+03
2.283586692810058594e+01 -2.544796752929687500e+02 -1.535429077148437500e+03
1.202826614379882812e+02 -2.647968750000000000e+02 -1.532659057617187500e+03
-1.174352073669433594e+01 -2.327067718505859375e+02 -1.533249023437500000e+03
-3.349343490600585938e+01 -2.399644165039062500e+02 -1.528483642578125000e+03
1.121875762939453125e+02 -3.034024963378906250e+02 -1.534733642578125000e+03
1.540006160736083984e+01 -2.463777923583984375e+02 -1.527295532226562500e+03
1.274624786376953125e+02 -2.414157562255859375e+02 -1.525330566406250000e+03
5.785480976104736328e+00 -2.390942687988281250e+02 -1.526211669921875000e+03
-4.926823806762695312e+01 -2.390190887451171875e+02 -1.513981811523437500e+03
1.278954162597656250e+02 -2.271253204345703125e+02 -1.525581298828125000e+03
9.840145111083984375e+01 -2.515407562255859375e+02 -1.526303100585937500e+03
1.282617492675781250e+02 -2.278861694335937500e+02 -1.520073120117187500e+03
6.728108215332031250e+01 -2.404271697998046875e+02 -1.521421875000000000e+03
3.094884681701660156e+01 -2.442462310791015625e+02 -1.514852783203125000e+03
8.482154083251953125e+01 -2.478607482910156250e+02 -1.516469970703125000e+03
1.112619323730468750e+02 -2.901507568359375000e+02 -1.491787597656250000e+03
4.408923149108886719e+00 -2.355426177978515625e+02 -1.513308959960937500e+03
1.215938949584960938e+02 -2.752873229980468750e+02 -1.498942504882812500e+03
3.234823608398437500e+01 -2.443408508300781250e+02 -1.504461669921875000e+03
1.199451370239257812e+02 -2.278678283691406250e+02 -1.494608398437500000e+03
1.234290084838867188e+02 -2.669266357421875000e+02 -1.490088623046875000e+03
8.692791748046875000e+01 -2.558420257568359375e+02 -1.499501953125000000e+03
-1.284548187255859375e+01 -2.533714141845703125e+02 -1.481057495117187500e+03
1.007970046997070312e+02 -3.154144897460937500e+02 -1.489035766601562500e+03
1.055487136840820312e+02 -2.939385986328125000e+02 -1.477396484375000000e+03
2.219635963439941406e+01 -2.438034820556640625e+02 -1.492394165039062500e+03
-3.791071319580078125e+01 -2.481390380859375000e+02 -1.465023071289062500e+03
6.505693054199218750e+01 -2.606614990234375000e+02 -1.487390502929687500e+03
1.154405059814453125e+02 -2.258365631103515625e+02 -1.482444824218750000e+03
1.265454025268554688e+02 -2.565038146972656250e+02 -1.483964965820312500e+03
1.869432640075683594e+01 -2.454984893798828125e+02 -1.485920776367187500e+03
1.137380981445312500e+02 -2.286435089111328125e+02 -1.462706054687500000e+03
1.198020172119140625e+02 -2.694204101562500000e+02 -1.461618164062500000e+03
5.507286453247070312e+01 -2.629960021972656250e+02 -1.465755737304687500e+03
-4.998428726196289062e+01 -2.530791778564453125e+02 -1.448186767578125000e+03
1.134016952514648438e+02 -2.782250671386718750e+02 -1.458922119140625000e+03
5.340310287475585938e+01 -2.618099670410156250e+02 -1.463592407226562500e+03
8.690128326416015625e+01 -2.620427246093750000e+02 -1.457414550781250000e+03
7.240727233886718750e+01 -2.508802947998046875e+02 -1.446394897460937500e+03
2.389947509765625000e+01 -2.464201812744140625e+02 -1.469449096679687500e+03
7.823812103271484375e+01 -2.565463256835937500e+02 -1.443981323242187500e+03
1.139034423828125000e+02 -2.471092224121093750e+02 -1.443577758789062500e+03
5.873848342895507812e+01 -2.409710845947265625e+02 -1.448378784179687500e+03
1.136536026000976562e+02 -2.602926025390625000e+02 -1.435172485351562500e+03
-1.659541130065917969e+01 -2.526987457275390625e+02 -1.424501220703125000e+03
-2.359992504119873047e+00 -2.544023132324218750e+02 -1.419276489257812500e+03
7.067882537841796875e+01 -2.668916625976562500e+02 -1.420297729492187500e+03
-3.774058151245117188e+01 -2.552216033935546875e+02 -1.415893798828125000e+03
1.124547348022460938e+02 -2.375731658935546875e+02 -1.418180053710937500e+03
5.847051143646240234e+00 -2.543711700439453125e+02 -1.425496582031250000e+03
7.762099456787109375e+01 -2.601259155273437500e+02 -1.418049072265625000e+03
-2.141638278961181641e+00 -2.501591796875000000e+02 -1.406537597656250000e+03
6.772797393798828125e+01 -2.352803192138671875e+02 -1.418589355468750000e+03
7.044487762451171875e+01 -2.715856018066406250e+02 -1.407076538085937500e+03
6.036582565307617188e+01 -2.785032348632812500e+02 -1.409350463867187500e+03
1.125925521850585938e+02 -2.274951629638671875e+02 -1.412005737304687500e+03
7.874151611328125000e+01 -2.542547912597656250e+02 -1.410410644531250000e+03
7.306263732910156250e+01 -2.422533569335937500e+02 -1.410755859375000000e+03
7.237795257568359375e+01 -2.432139434814453125e+02 -1.406342163085937500e+03
4.402875137329101562e+01 -2.346474761962890625e+02 -1.408001831054687500e+03
7.685034942626953125e+01 -2.498206939697265625e+02 -1.402237548828125000e+03
4.963278579711914062e+01 -2.630861816406250000e+02 -1.396911621093750000e+03
2.039696884155273438e+01 -2.394692840576171875e+02 -1.394721069335937500e+03
7.396992492675781250e+01 -2.589408569335937500e+02 -1.398699951171875000e+03
5.094153213500976562e+01 -2.434792785644531250e+02 -1.397155395507812500e+03
7.635451793670654297e+00 -2.388501281738281250e+02 -1.391419921875000000e+03
3.325611114501953125e+01 -2.504645538330078125e+02 -1.389690795898437500e+03
2.494507980346679688e+01 -2.349317321777343750e+02 -1.390859008789062500e+03
2.888465499877929688e+01 -2.396901702880859375e+02 -1.389313354492187500e+03
5.659256362915039062e+01 -2.566821899414062500e+02 -1.387720703125000000e+03
5.890764999389648438e+01 -2.639229736328125000e+02 -1.387435424804687500e+03
-6.984052276611328125e+01 -2.091599273681640625e+02 -1.386027954101562500e+03
2.663669967651367188e+01 -2.587310485839843750e+02 -1.385270874023437500e+03
6.124300384521484375e+01 -2.684621582031250000e+02 -1.377397216796875000e+03
-4.364707183837890625e+01 -2.264532928466796875e+02 -1.381574340820312500e+03
8.832041931152343750e+01 -2.773425903320312500e+02 -1.382397094726562500e+03
-6.167731475830078125e+01 -2.181003723144531250e+02 -1.381712158203125000e+03
-4.528978347778320312e+00 -2.303534088134765625e+02 -1.381257324218750000e+03
2.967759704589843750e+01 -2.447720947265625000e+02 -1.382013916015625000e+03
5.324531173706054688e+01 -2.587769775390625000e+02 -1.383876464843750000e+03
-6.653296661376953125e+01 -2.158032379150390625e+02 -1.376617797851562500e+03
7.702367305755615234e+00 -2.373412475585937500e+02 -1.383639038085937500e+03
-4.493113327026367188e+01 -2.593614196777343750e+02 -1.378654052734375000e+03
3.011692619323730469e+01 -2.447373046875000000e+02 -1.376867675781250000e+03
2.432573699951171875e+01 -2.578082580566406250e+02 -1.379083618164062500e+03
6.209454345703125000e+01 -2.438963317871093750e+02 -1.380252929687500000e+03
-5.645432281494140625e+01 -2.259553680419921875e+02 -1.376955688476562500e+03
-5.525423431396484375e+01 -2.296416015625000000e+02 -1.377946411132812500e+03
-3.051890246570110321e-02 -2.390936737060546875e+02 -1.375879394531250000e+03
2.692321777343750000e+01 -2.478828277587890625e+02 -1.373655761718750000e+03
2.782248687744140625e+01 -2.391892852783203125e+02 -1.379456665039062500e+03
-5.082846069335937500e+01 -2.272978668212890625e+02 -1.374459228515625000e+03
-4.663695144653320312e+01 -2.432915344238281250e+02 -1.374585693359375000e+03
5.676883220672607422e+00 -2.349400329589843750e+02 -1.373950073242187500e+03
8.565543174743652344e+00 -2.390946197509765625e+02 -1.371963256835937500e+03
6.057582473754882812e+01 -2.608739318847656250e+02 -1.374478637695312500e+03
6.659696960449218750e+01 -2.463515014648437500e+02 -1.375012329101562500e+03
-3.697985076904296875e+01 -2.287025756835937500e+02 -1.374032958984375000e+03
4.493248748779296875e+01 -2.508735046386718750e+02 -1.371158813476562500e+03
-3.258159637451171875e+01 -2.339020385742187500e+02 -1.370531982421875000e+03
3.156789779663085938e+01 -2.517356872558593750e+02 -1.371630981445312500e+03
-3.703019332885742188e+01 -2.383483581542968750e+02 -1.371545043945312500e+03
-1.514654254913330078e+01 -2.572041625976562500e+02 -1.370450439453125000e+03
-2.334519195556640625e+01 -2.307973480224609375e+02 -1.369398071289062500e+03
3.081640815734863281e+01 -2.464313354492187500e+02 -1.367917358398437500e+03
-1.408829498291015625e+01 -2.382629089355468750e+02 -1.371459350585937500e+03
1.858026123046875000e+01 -2.329539947509765625e+02 -1.371985717773437500e+03
-2.206593894958496094e+01 -2.473849182128906250e+02 -1.368027587890625000e+03
2.842761802673339844e+01 -2.403447875976562500e+02 -1.371947509765625000e+03
-2.368343162536621094e+01 -2.265812377929687500e+02 -1.369339965820312500e+03
6.088553619384765625e+01 -2.501376800537109375e+02 -1.371085083007812500e+03
4.941279602050781250e+01 -2.451940307617187500e+02 -1.368525024414062500e+03
5.784198379516601562e+01 -2.601741333007812500e+02 -1.370906616210937500e+03
-6.016253662109375000e+01 -2.459785919189453125e+02 -1.368598022460937500e+03
6.447942352294921875e+01 -2.538827667236328125e+02 -1.367160766601562500e+03
1.455463981628417969e+01 -2.470981292724609375e+02 -1.368651000976562500e+03
-2.943668937683105469e+01 -2.391841278076171875e+02 -1.366189331054687500e+03
-2.792920827865600586e+00 -2.529669036865234375e+02 -1.365836059570312500e+03
-5.862973785400390625e+01 -2.283059997558593750e+02 -1.365455444335937500e+03
-6.453196716308593750e+01 -2.246995697021484375e+02 -1.365891601562500000e+03
-1.486065006256103516e+01 -2.436505279541015625e+02 -1.364373657226562500e+03
8.591142654418945312e+00 -2.408854370117187500e+02 -1.366720214843750000e+03
3.060019302368164062e+01 -2.317884979248046875e+02 -1.367244750976562500e+03
-4.760195159912109375e+01 -2.380138854980468750e+02 -1.363734741210937500e+03
4.744602203369140625e+01 -2.481045074462890625e+02 -1.366414550781250000e+03
-4.165531921386718750e+01 -2.285184783935546875e+02 -1.365576782226562500e+03
-3.589531707763671875e+01 -2.338141632080078125e+02 -1.364882690429687500e+03
