8.570430755615234375e+01 -2.342936553955078125e+02 -1.576586547851562500e+03
1.052400970458984375e+02 -2.303744812011718750e+02 -1.566530761718750000e+03
9.160980987548828125e+01 -2.382144317626953125e+02 -1.564603393554687500e+03
1.727035140991210938e+01 -2.367282104492187500e+02 -1.555631103515625000e+03
5.001097488403320312e+01 -2.413932800292968750e+02 -1.552706542968750000e+03
2.317924499511718750e+01 -2.471660003662109375e+02 -1.552259643554687500e+03
1.097000350952148438e+02 -2.462102355957031250e+02 -1.551680664062500000e+03
1.084539947509765625e+02 -2.527628784179687500e+02 -1.554407226562500000e+03
8.552955627441406250e+01 -2.259939422607421875e+02 -1.548640869140625000e+03
5.763360595703125000e+01 -2.437152252197265625e+02 -1.548274780273437500e+03
-3.405113697052001953e+00 -2.509943847656250000e+02 -1.537983032226562500e+03
1.088625106811523438e+02 -2.481127014160156250e+02 -1.547838867187500000e+03
2.284439277648925781e+01 -2.547953948974609375e+02 -1.535763305664062500e+03
1.205925750732421875e+02 -2.646393432617187500e+02 -1.533146728515625000e+03
-1.177790546417236328e+01 -2.325192260742187500e+02 -1.533717529296875000e+03
-3.342838668823242188e+01 -2.401177978515625000e+02 -1.528242797851562500e+03
1.126093215942382812e+02 -3.033830566406250000e+02 -1.534278564453125000e+03
1.537114715576171875e+01 -2.473840942382812500e+02 -1.526822265625000000e+03
1.276456146240234375e+02 -2.417026214599609375e+02 -1.522995483398437500e+03
5.541818618774414062e+00 -2.403235931396484375e+02 -1.525334350585937500e+03
-4.905265426635742188e+01 -2.387022552490234375e+02 -1.514018554687500000e+03
1.286404571533203125e+02 -2.278350372314453125e+02 -1.522548095703125000e+03
9.888472747802734375e+01 -2.512267303466796875e+02 -1.525913574218750000e+03
1.290042419433593750e+02 -2.285000915527343750e+02 -1.517109497070312500e+03
6.777397155761718750e+01 -2.424029998779296875e+02 -1.522127197265625000e+03
3.016933822631835938e+01 -2.459616546630859375e+02 -1.515253662109375000e+03
8.449909210205078125e+01 -2.478499145507812500e+02 -1.515598510742187500e+03
1.112755966186523438e+02 -2.898745727539062500e+02 -1.491393554687500000e+03
3.126734018325805664e+00 -2.372703399658203125e+02 -1.512370849609375000e+03
1.227272109985351562e+02 -2.744306945800781250e+02 -1.498918579101562500e+03
3.187666130065917969e+01 -2.459510955810546875e+02 -1.504581542968750000e+03
1.209631423950195312e+02 -2.250191497802734375e+02 -1.494413940429687500e+03
1.245130615234375000e+02 -2.660928649902343750e+02 -1.489844116210937500e+03
8.718132019042968750e+01 -2.554362640380859375e+02 -1.499357299804687500e+03
-1.441096019744873047e+01 -2.535038299560546875e+02 -1.480489868164062500e+03
1.011296310424804688e+02 -3.149615478515625000e+02 -1.488956542968750000e+03
1.063248977661132812e+02 -2.935093994140625000e+02 -1.477462036132812500e+03
2.090561485290527344e+01 -2.454782257080078125e+02 -1.493393310546875000e+03
-3.754706573486328125e+01 -2.481918792724609375e+02 -1.465063598632812500e+03
6.425970458984375000e+01 -2.608082885742187500e+02 -1.488066040039062500e+03
1.159582366943359375e+02 -2.235945587158203125e+02 -1.483387817382812500e+03
1.268391342163085938e+02 -2.556404724121093750e+02 -1.483826538085937500e+03
1.722493171691894531e+01 -2.471315460205078125e+02 -1.487338745117187500e+03
1.130448989868164062e+02 -2.283680114746093750e+02 -1.464061401367187500e+03
1.213579788208007812e+02 -2.702702331542968750e+02 -1.461927856445312500e+03
5.359087371826171875e+01 -2.627819824218750000e+02 -1.467213500976562500e+03
-4.987005233764648438e+01 -2.527489624023437500e+02 -1.448432495117187500e+03
1.159958648681640625e+02 -2.793610534667968750e+02 -1.458505981445312500e+03
5.201852035522460938e+01 -2.615123596191406250e+02 -1.465135498046875000e+03
8.583943176269531250e+01 -2.618391418457031250e+02 -1.458187622070312500e+03
7.095165252685546875e+01 -2.505468750000000000e+02 -1.446861328125000000e+03
2.355695343017578125e+01 -2.467945251464843750e+02 -1.471806396484375000e+03
7.658194732666015625e+01 -2.563849182128906250e+02 -1.444515258789062500e+03
1.143708343505859375e+02 -2.468260192871093750e+02 -1.443992065429687500e+03
5.803548049926757812e+01 -2.402683563232421875e+02 -1.449588256835937500e+03
1.143404083251953125e+02 -2.605614318847656250e+02 -1.434098876953125000e+03
-1.567469024658203125e+01 -2.522267456054687500e+02 -1.424910278320312500e+03
-1.614583849906921387e+00 -2.539623413085937500e+02 -1.419810302734375000e+03
7.010966491699218750e+01 -2.658764038085937500e+02 -1.419824096679687500e+03
-3.736485290527343750e+01 -2.548962860107421875e+02 -1.415930419921875000e+03
1.120915527343750000e+02 -2.367104644775390625e+02 -1.419032836914062500e+03
6.272364616394042969e+00 -2.544070129394531250e+02 -1.426671508789062500e+03
7.756503295898437500e+01 -2.594478759765625000e+02 -1.417800537109375000e+03
-1.498137950897216797e+00 -2.498623046875000000e+02 -1.406759033203125000e+03
6.773030853271484375e+01 -2.355553741455078125e+02 -1.419059692382812500e+03
7.030152893066406250e+01 -2.702377014160156250e+02 -1.406863891601562500e+03
6.082921981811523438e+01 -2.773314208984375000e+02 -1.409025268554687500e+03
1.120628051757812500e+02 -2.261230621337890625e+02 -1.412778564453125000e+03
7.865517425537109375e+01 -2.541808776855468750e+02 -1.410215209960937500e+03
7.322214508056640625e+01 -2.422095489501953125e+02 -1.410804443359375000e+03
7.247506713867187500e+01 -2.429053649902343750e+02 -1.406447021484375000e+03
4.434654998779296875e+01 -2.346992950439453125e+02 -1.408952148437500000e+03
7.678382873535156250e+01 -2.493795623779296875e+02 -1.402198730468750000e+03
4.943827438354492188e+01 -2.624547729492187500e+02 -1.396929565429687500e+03
2.112286376953125000e+01 -2.393192291259765625e+02 -1.394912841796875000e+03
7.378897094726562500e+01 -2.578796081542968750e+02 -1.398607299804687500e+03
5.058935546875000000e+01 -2.427604675292968750e+02 -1.397515869140625000e+03
8.622318267822265625e+00 -2.382859954833984375e+02 -1.391672851562500000e+03
3.376855468750000000e+01 -2.503239440917968750e+02 -1.389501831054687500e+03
2.589929389953613281e+01 -2.345319976806640625e+02 -1.391017456054687500e+03
2.971485710144042969e+01 -2.392066345214843750e+02 -1.389414916992187500e+03
5.663925552368164062e+01 -2.563350524902343750e+02 -1.387550170898437500e+03
5.881284713745117188e+01 -2.632129211425781250e+02 -1.387416992187500000e+03
-6.962116241455078125e+01 -2.088444671630859375e+02 -1.386062133789062500e+03
2.704429626464843750e+01 -2.585071105957031250e+02 -1.385238769531250000e+03
6.135507202148437500e+01 -2.680133666992187500e+02 -1.377369140625000000e+03
-4.338916397094726562e+01 -2.260463256835937500e+02 -1.381795288085937500e+03
8.826954650878906250e+01 -2.771815490722656250e+02 -1.382752197265625000e+03
-6.149463653564453125e+01 -2.177734069824218750e+02 -1.381756103515625000e+03
-3.585041761398315430e+00 -2.297289276123046875e+02 -1.381366577148437500e+03
3.040423774719238281e+01 -2.443869171142578125e+02 -1.381928466796875000e+03
5.315823745727539062e+01 -2.584938964843750000e+02 -1.383666015625000000e+03
-6.631906890869140625e+01 -2.154677734375000000e+02 -1.376653686523437500e+03
8.673858642578125000e+00 -2.365839691162109375e+02 -1.383813110351562500e+03
-4.475897216796875000e+01 -2.590552368164062500e+02 -1.378698120117187500e+03
3.108302116394042969e+01 -2.443075866699218750e+02 -1.376825073242187500e+03
2.475969314575195312e+01 -2.576286926269531250e+02 -1.379028564453125000e+03
6.137352371215820312e+01 -2.431455383300781250e+02 -1.379970703125000000e+03
-5.627513885498046875e+01 -2.256693267822265625e+02 -1.377016357421875000e+03
-5.507328033447265625e+01 -2.293456726074218750e+02 -1.377990600585937500e+03
6.917123198509216309e-01 -2.383782348632812500e+02 -1.376046752929687500e+03
2.775209236145019531e+01 -2.472477569580078125e+02 -1.373848022460937500e+03
2.899506187438964844e+01 -2.384407653808593750e+02 -1.379644897460937500e+03
-5.065696716308593750e+01 -2.269555664062500000e+02 -1.374563476562500000e+03
-4.636848449707031250e+01 -2.429555816650390625e+02 -1.374639404296875000e+03
6.434109210968017578e+00 -2.343107147216796875e+02 -1.374025390625000000e+03
9.397917747497558594e+00 -2.384021911621093750e+02 -1.372044799804687500e+03
6.063533020019531250e+01 -2.603491210937500000e+02 -1.374378051757812500e+03
6.622859954833984375e+01 -2.456424560546875000e+02 -1.374732177734375000e+03
-3.668357849121093750e+01 -2.282684478759765625e+02 -1.374308471679687500e+03
4.506049346923828125e+01 -2.505917510986328125e+02 -1.371116333007812500e+03
-3.222034835815429688e+01 -2.333953857421875000e+02 -1.370902587890625000e+03
3.218351364135742188e+01 -2.513379211425781250e+02 -1.371586914062500000e+03
-3.672866821289062500e+01 -2.379051818847656250e+02 -1.371816772460937500e+03
-1.484132099151611328e+01 -2.568497009277343750e+02 -1.370685546875000000e+03
-2.268823242187500000e+01 -2.303012237548828125e+02 -1.369831787109375000e+03
3.160373115539550781e+01 -2.458223876953125000e+02 -1.368121093750000000e+03
-1.356285953521728516e+01 -2.378650665283203125e+02 -1.371526245117187500e+03
1.939434814453125000e+01 -2.318077392578125000e+02 -1.372111206054687500e+03
-2.170964622497558594e+01 -2.469682617187500000e+02 -1.368257080078125000e+03
2.945631790161132812e+01 -2.395657043457031250e+02 -1.372181030273437500e+03
-2.306399726867675781e+01 -2.260701904296875000e+02 -1.369763549804687500e+03
6.080295181274414062e+01 -2.495593261718750000e+02 -1.370720947265625000e+03
4.937440490722656250e+01 -2.447463378906250000e+02 -1.368303466796875000e+03
5.789651489257812500e+01 -2.597250976562500000e+02 -1.370776855468750000e+03
-5.999876022338867188e+01 -2.456210632324218750e+02 -1.368636840820312500e+03
6.451119232177734375e+01 -2.533414001464843750e+02 -1.366847167968750000e+03
1.527190303802490234e+01 -2.463291168212890625e+02 -1.368806518554687500e+03
-2.901460075378417969e+01 -2.387481231689453125e+02 -1.366535644531250000e+03
-2.380976200103759766e+00 -2.523576660156250000e+02 -1.365943603515625000e+03
-5.843154907226562500e+01 -2.279782867431640625e+02 -1.365548583984375000e+03
-6.432788848876953125e+01 -2.243800659179687500e+02 -1.365940063476562500e+03
-1.435949134826660156e+01 -2.432212524414062500e+02 -1.364538208007812500e+03
9.348070144653320312e+00 -2.401773986816406250e+02 -1.366920410156250000e+03
3.142729377746582031e+01 -2.307935943603515625e+02 -1.367502197265625000e+03
-4.736748886108398438e+01 -2.376753997802734375e+02 -1.363875122070312500e+03
4.746609497070312500e+01 -2.475896759033203125e+02 -1.366232055664062500e+03
-4.138612747192382812e+01 -2.281171264648437500e+02 -1.365812377929687500e+03
-3.555583190917968750e+01 -2.333266448974609375e+02 -1.365223388671875000e+03
