8.569947814941406250e+01 -2.344061279296875000e+02 -1.576356079101562500e+03
1.049450225830078125e+02 -2.304092559814453125e+02 -1.566436035156250000e+03
9.152198028564453125e+01 -2.382961883544921875e+02 -1.564345458984375000e+03
1.711077880859375000e+01 -2.367905578613281250e+02 -1.555707519531250000e+03
4.963386535644531250e+01 -2.414586486816406250e+02 -1.552323608398437500e+03
2.299170875549316406e+01 -2.472157745361328125e+02 -1.552238403320312500e+03
1.096133728027343750e+02 -2.461013183593750000e+02 -1.551583984375000000e+03
1.084357910156250000e+02 -2.527027130126953125e+02 -1.554412719726562500e+03
8.516811370849609375e+01 -2.260140533447265625e+02 -1.547930664062500000e+03
5.710932922363281250e+01 -2.438057250976562500e+02 -1.547717895507812500e+03
-3.451074123382568359e+00 -2.509269714355468750e+02 -1.538173461914062500e+03
1.087119674682617188e+02 -2.479239501953125000e+02 -1.547629882812500000e+03
2.248161125183105469e+01 -2.551293334960937500e+02 -1.535114013671875000e+03
1.203283386230468750e+02 -2.645403137207031250e+02 -1.532968261718750000e+03
-1.187693023681640625e+01 -2.327183532714843750e+02 -1.533693237304687500e+03
-3.341911697387695312e+01 -2.403757629394531250e+02 -1.527922729492187500e+03
1.127217483520507812e+02 -3.035405883789062500e+02 -1.534449707031250000e+03
1.510443401336669922e+01 -2.477185211181640625e+02 -1.526435302734375000e+03
1.274271926879882812e+02 -2.412758178710937500e+02 -1.522501220703125000e+03
5.377236843109130859e+00 -2.405978393554687500e+02 -1.525110595703125000e+03
-4.915578842163085938e+01 -2.387406005859375000e+02 -1.514092163085937500e+03
1.284654846191406250e+02 -2.274929046630859375e+02 -1.521902709960937500e+03
9.841876220703125000e+01 -2.509139251708984375e+02 -1.525474609375000000e+03
1.288581390380859375e+02 -2.281086578369140625e+02 -1.516437622070312500e+03
6.683134460449218750e+01 -2.426197967529296875e+02 -1.521484375000000000e+03
2.972129821777343750e+01 -2.464236602783203125e+02 -1.514712402343750000e+03
8.368285369873046875e+01 -2.477846679687500000e+02 -1.515122924804687500e+03
1.113780059814453125e+02 -2.898916625976562500e+02 -1.491587280273437500e+03
3.018656969070434570e+00 -2.377448883056640625e+02 -1.512043457031250000e+03
1.229482879638671875e+02 -2.741912231445312500e+02 -1.499305664062500000e+03
3.140167236328125000e+01 -2.464375152587890625e+02 -1.504293945312500000e+03
1.204726943969726562e+02 -2.245852966308593750e+02 -1.493580932617187500e+03
1.244688568115234375e+02 -2.658921813964843750e+02 -1.490189331054687500e+03
8.648899078369140625e+01 -2.553524627685546875e+02 -1.499209228515625000e+03
-1.481846237182617188e+01 -2.533776702880859375e+02 -1.481258544921875000e+03
1.011928100585937500e+02 -3.148370361328125000e+02 -1.489109252929687500e+03
1.064518051147460938e+02 -2.936437377929687500e+02 -1.477545776367187500e+03
2.027821540832519531e+01 -2.459411163330078125e+02 -1.493267578125000000e+03
-3.727814102172851562e+01 -2.482383575439453125e+02 -1.464839599609375000e+03
6.330623626708984375e+01 -2.608802795410156250e+02 -1.488132934570312500e+03
1.150745468139648438e+02 -2.235208740234375000e+02 -1.482549438476562500e+03
1.264538726806640625e+02 -2.552243499755859375e+02 -1.483731933593750000e+03
1.656731986999511719e+01 -2.475554199218750000e+02 -1.487300048828125000e+03
1.123490142822265625e+02 -2.278120269775390625e+02 -1.463919555664062500e+03
1.208926773071289062e+02 -2.701942443847656250e+02 -1.461791625976562500e+03
5.271477508544921875e+01 -2.627225952148437500e+02 -1.467470458984375000e+03
-4.998609161376953125e+01 -2.529064483642578125e+02 -1.448337646484375000e+03
1.158264083862304688e+02 -2.793744812011718750e+02 -1.458323486328125000e+03
5.114352035522460938e+01 -2.614630737304687500e+02 -1.465410278320312500e+03
8.497931671142578125e+01 -2.614840393066406250e+02 -1.458342529296875000e+03
7.015132141113281250e+01 -2.502598419189453125e+02 -1.447350097656250000e+03
2.287215042114257812e+01 -2.469161682128906250e+02 -1.471849731445312500e+03
7.569506835937500000e+01 -2.561065979003906250e+02 -1.444825561523437500e+03
1.136041793823242188e+02 -2.463190917968750000e+02 -1.443973144531250000e+03
5.730773162841796875e+01 -2.400816497802734375e+02 -1.450217773437500000e+03
1.137936630249023438e+02 -2.601212158203125000e+02 -1.434238891601562500e+03
-1.570060443878173828e+01 -2.517657623291015625e+02 -1.425259887695312500e+03
-1.515934348106384277e+00 -2.534802551269531250e+02 -1.420240966796875000e+03
6.987461090087890625e+01 -2.658171386718750000e+02 -1.420194702148437500e+03
-3.724137878417968750e+01 -2.548897247314453125e+02 -1.415930786132812500e+03
1.112288360595703125e+02 -2.367422027587890625e+02 -1.419156494140625000e+03
6.345006942749023438e+00 -2.539705963134765625e+02 -1.427110107421875000e+03
7.733901214599609375e+01 -2.593027038574218750e+02 -1.418271118164062500e+03
-1.434178113937377930e+00 -2.494414825439453125e+02 -1.407332275390625000e+03
6.752236175537109375e+01 -2.353267517089843750e+02 -1.419715820312500000e+03
7.024663543701171875e+01 -2.702796936035156250e+02 -1.406923828125000000e+03
6.093113708496093750e+01 -2.774919433593750000e+02 -1.409056884765625000e+03
1.110581665039062500e+02 -2.262264862060546875e+02 -1.412864746093750000e+03
7.853366851806640625e+01 -2.539450225830078125e+02 -1.410637695312500000e+03
7.319595336914062500e+01 -2.419270477294921875e+02 -1.411495727539062500e+03
7.249805450439453125e+01 -2.426710815429687500e+02 -1.406993164062500000e+03
4.430517578125000000e+01 -2.343230285644531250e+02 -1.409724487304687500e+03
7.683639526367187500e+01 -2.491987152099609375e+02 -1.402641357421875000e+03
4.939283752441406250e+01 -2.623857421875000000e+02 -1.396843505859375000e+03
2.127298927307128906e+01 -2.389167785644531250e+02 -1.395477783203125000e+03
7.384159088134765625e+01 -2.576781616210937500e+02 -1.398771118164062500e+03
5.060682678222656250e+01 -2.428084411621093750e+02 -1.397967407226562500e+03
8.811758995056152344e+00 -2.378383026123046875e+02 -1.392405761718750000e+03
3.383215713500976562e+01 -2.501290435791015625e+02 -1.389970703125000000e+03
2.607903099060058594e+01 -2.341528930664062500e+02 -1.391537963867187500e+03
2.987816619873046875e+01 -2.387636260986328125e+02 -1.390000000000000000e+03
5.667845153808593750e+01 -2.563238830566406250e+02 -1.387585205078125000e+03
5.886683654785156250e+01 -2.632495727539062500e+02 -1.387406372070312500e+03
-6.968116760253906250e+01 -2.089561004638671875e+02 -1.386025390625000000e+03
2.705150794982910156e+01 -2.583294372558593750e+02 -1.385455810546875000e+03
6.153623962402343750e+01 -2.680031433105468750e+02 -1.377368408203125000e+03
-4.348703002929687500e+01 -2.261541137695312500e+02 -1.381649658203125000e+03
8.802024841308593750e+01 -2.771670532226562500e+02 -1.382734985351562500e+03
-6.157370376586914062e+01 -2.178648223876953125e+02 -1.381733642578125000e+03
-3.791732072830200195e+00 -2.296314392089843750e+02 -1.381687011718750000e+03
3.049369621276855469e+01 -2.441076354980468750e+02 -1.382268432617187500e+03
5.322936248779296875e+01 -2.586558837890625000e+02 -1.383662109375000000e+03
-6.637451934814453125e+01 -2.155655059814453125e+02 -1.376630126953125000e+03
8.822979927062988281e+00 -2.362671813964843750e+02 -1.384418579101562500e+03
-4.480680465698242188e+01 -2.592126770019531250e+02 -1.378635131835937500e+03
3.121733665466308594e+01 -2.441383972167968750e+02 -1.377081665039062500e+03
2.479718971252441406e+01 -2.575259399414062500e+02 -1.379228149414062500e+03
6.173144912719726562e+01 -2.433490142822265625e+02 -1.379979125976562500e+03
-5.632667160034179688e+01 -2.257846527099609375e+02 -1.376965332031250000e+03
-5.513006973266601562e+01 -2.294377899169921875e+02 -1.377962280273437500e+03
7.010573744773864746e-01 -2.382911224365234375e+02 -1.376381103515625000e+03
2.780847358703613281e+01 -2.471087493896484375e+02 -1.373957031250000000e+03
2.909928321838378906e+01 -2.381648864746093750e+02 -1.379938232421875000e+03
-5.070536804199218750e+01 -2.270667877197265625e+02 -1.374506591796875000e+03
-4.637291336059570312e+01 -2.430436401367187500e+02 -1.374591674804687500e+03
6.414253711700439453e+00 -2.340242462158203125e+02 -1.374438964843750000e+03
9.388871192932128906e+00 -2.381677398681640625e+02 -1.372323364257812500e+03
6.084176254272460938e+01 -2.604183349609375000e+02 -1.374348388671875000e+03
6.659278106689453125e+01 -2.460656433105468750e+02 -1.374792236328125000e+03
-3.679034805297851562e+01 -2.283612518310546875e+02 -1.374152709960937500e+03
4.522568893432617188e+01 -2.506245117187500000e+02 -1.371064697265625000e+03
-3.232770538330078125e+01 -2.334050140380859375e+02 -1.370777587890625000e+03
3.224682998657226562e+01 -2.512614746093750000e+02 -1.371756469726562500e+03
-3.683148574829101562e+01 -2.379521331787109375e+02 -1.371702636718750000e+03
-1.490041732788085938e+01 -2.568764953613281250e+02 -1.370668457031250000e+03
-2.289750862121582031e+01 -2.303150787353515625e+02 -1.369702636718750000e+03
3.164226150512695312e+01 -2.458371124267578125e+02 -1.368099121093750000e+03
-1.381035995483398438e+01 -2.377444152832031250e+02 -1.371658691406250000e+03
1.947023963928222656e+01 -2.316727142333984375e+02 -1.372159423828125000e+03
-2.177878379821777344e+01 -2.470162048339843750e+02 -1.368218872070312500e+03
2.957398223876953125e+01 -2.393352050781250000e+02 -1.372277954101562500e+03
-2.330736541748046875e+01 -2.261094512939453125e+02 -1.369600830078125000e+03
6.111045837402343750e+01 -2.498395996093750000e+02 -1.370748657226562500e+03
4.961272048950195312e+01 -2.450404815673828125e+02 -1.368203369140625000e+03
5.810758590698242188e+01 -2.598530273437500000e+02 -1.370760375976562500e+03
-6.002923202514648438e+01 -2.457282104492187500e+02 -1.368607421875000000e+03
6.479702758789062500e+01 -2.535806884765625000e+02 -1.366901367187500000e+03
1.529161930084228516e+01 -2.462049713134765625e+02 -1.368864013671875000e+03
-2.910428237915039062e+01 -2.387233276367187500e+02 -1.366416870117187500e+03
-2.505432844161987305e+00 -2.523753662109375000e+02 -1.366022338867187500e+03
-5.844767761230468750e+01 -2.280930633544921875e+02 -1.365472778320312500e+03
-6.436006164550781250e+01 -2.244904937744140625e+02 -1.365877075195312500e+03
-1.449284839630126953e+01 -2.431442871093750000e+02 -1.364634155273437500e+03
9.335710525512695312e+00 -2.398994750976562500e+02 -1.367122314453125000e+03
3.153274917602539062e+01 -2.307775421142578125e+02 -1.367477661132812500e+03
-4.735787963867187500e+01 -2.377634124755859375e+02 -1.363792480468750000e+03
4.775538253784179688e+01 -2.479126434326171875e+02 -1.366148193359375000e+03
-4.145461273193359375e+01 -2.282345886230468750e+02 -1.365643066406250000e+03
-3.563606262207031250e+01 -2.333531494140625000e+02 -1.365097045898437500e+03
