8.510820007324218750e+01 -2.343070220947265625e+02 -1.576530029296875000e+03
1.052227935791015625e+02 -2.303554382324218750e+02 -1.566312133789062500e+03
9.148793029785156250e+01 -2.378846893310546875e+02 -1.564313598632812500e+03
1.752884674072265625e+01 -2.373553314208984375e+02 -1.555722290039062500e+03
5.031314086914062500e+01 -2.409051818847656250e+02 -1.554063720703125000e+03
2.299193954467773438e+01 -2.449051208496093750e+02 -1.553154663085937500e+03
1.097950210571289062e+02 -2.459262847900390625e+02 -1.552796752929687500e+03
1.085308990478515625e+02 -2.526899871826171875e+02 -1.554806396484375000e+03
8.509927368164062500e+01 -2.251602020263671875e+02 -1.548470458984375000e+03
5.855720520019531250e+01 -2.444313964843750000e+02 -1.547550903320312500e+03
-4.653775691986083984e+00 -2.511634216308593750e+02 -1.538543579101562500e+03
1.090458221435546875e+02 -2.469962158203125000e+02 -1.548627685546875000e+03
2.235826110839843750e+01 -2.536734008789062500e+02 -1.536127197265625000e+03
1.200321197509765625e+02 -2.647473754882812500e+02 -1.532583862304687500e+03
-1.315583896636962891e+01 -2.317567596435546875e+02 -1.533817993164062500e+03
-3.294637680053710938e+01 -2.397352447509765625e+02 -1.528462646484375000e+03
1.122593841552734375e+02 -3.031147460937500000e+02 -1.534904907226562500e+03
1.366517257690429688e+01 -2.440704650878906250e+02 -1.528444946289062500e+03
1.306390686035156250e+02 -2.426882019042968750e+02 -1.525058471679687500e+03
4.202239990234375000e+00 -2.375751342773437500e+02 -1.528017089843750000e+03
-4.937549972534179688e+01 -2.387920532226562500e+02 -1.514341796875000000e+03
1.304579162597656250e+02 -2.288367767333984375e+02 -1.524861450195312500e+03
9.929696655273437500e+01 -2.526308288574218750e+02 -1.525653686523437500e+03
1.308122100830078125e+02 -2.285399169921875000e+02 -1.519964843750000000e+03
6.756227874755859375e+01 -2.384101867675781250e+02 -1.524060546875000000e+03
2.886183357238769531e+01 -2.418657836914062500e+02 -1.518337524414062500e+03
8.854777526855468750e+01 -2.460683135986328125e+02 -1.515900268554687500e+03
1.110315856933593750e+02 -2.899064941406250000e+02 -1.490811401367187500e+03
4.186676025390625000e+00 -2.332193908691406250e+02 -1.513919921875000000e+03
1.217705688476562500e+02 -2.741967468261718750e+02 -1.498417968750000000e+03
3.175976181030273438e+01 -2.394098205566406250e+02 -1.511323730468750000e+03
1.247686614990234375e+02 -2.258772430419921875e+02 -1.492940185546875000e+03
1.245766677856445312e+02 -2.664159545898437500e+02 -1.488344360351562500e+03
8.873789978027343750e+01 -2.542163391113281250e+02 -1.498057495117187500e+03
-1.175204372406005859e+01 -2.537877807617187500e+02 -1.481238037109375000e+03
1.017890625000000000e+02 -3.158778991699218750e+02 -1.487862060546875000e+03
1.057883300781250000e+02 -2.951301574707031250e+02 -1.476407470703125000e+03
2.385913658142089844e+01 -2.375203399658203125e+02 -1.496171142578125000e+03
-3.685128021240234375e+01 -2.478658294677734375e+02 -1.464891601562500000e+03
6.304375839233398438e+01 -2.579127502441406250e+02 -1.488984130859375000e+03
1.238303070068359375e+02 -2.221100006103515625e+02 -1.481104492187500000e+03
1.299875335693359375e+02 -2.541436309814453125e+02 -1.482276733398437500e+03
2.019951438903808594e+01 -2.407695465087890625e+02 -1.488433959960937500e+03
1.150080871582031250e+02 -2.245788421630859375e+02 -1.461703491210937500e+03
1.205836257934570312e+02 -2.676051635742187500e+02 -1.459455078125000000e+03
5.453878402709960938e+01 -2.611758728027343750e+02 -1.467492553710937500e+03
-5.013298797607421875e+01 -2.526441192626953125e+02 -1.448344116210937500e+03
1.125750579833984375e+02 -2.759158935546875000e+02 -1.457167480468750000e+03
5.288540649414062500e+01 -2.600150146484375000e+02 -1.465254272460937500e+03
8.482820129394531250e+01 -2.602203674316406250e+02 -1.457001708984375000e+03
7.066643524169921875e+01 -2.500122222900390625e+02 -1.447384643554687500e+03
2.087852096557617188e+01 -2.449798431396484375e+02 -1.474061767578125000e+03
7.670439147949218750e+01 -2.548606109619140625e+02 -1.444982055664062500e+03
1.129651031494140625e+02 -2.440059814453125000e+02 -1.442596313476562500e+03
5.742070007324218750e+01 -2.394062194824218750e+02 -1.450540161132812500e+03
1.108290710449218750e+02 -2.567799682617187500e+02 -1.434305175781250000e+03
-1.724292945861816406e+01 -2.512522583007812500e+02 -1.425121704101562500e+03
-3.479063034057617188e+00 -2.521076507568359375e+02 -1.420150024414062500e+03
7.049877166748046875e+01 -2.668912658691406250e+02 -1.421146728515625000e+03
-3.755775833129882812e+01 -2.551382751464843750e+02 -1.416020751953125000e+03
1.103912277221679688e+02 -2.343414764404296875e+02 -1.417305175781250000e+03
4.107768058776855469e+00 -2.524709167480468750e+02 -1.426854248046875000e+03
7.748570251464843750e+01 -2.590798645019531250e+02 -1.418862304687500000e+03
-3.179658174514770508e+00 -2.465950927734375000e+02 -1.407854003906250000e+03
6.727143859863281250e+01 -2.353198394775390625e+02 -1.419670776367187500e+03
7.085670471191406250e+01 -2.710947875976562500e+02 -1.407041259765625000e+03
6.042513656616210938e+01 -2.780246887207031250e+02 -1.409116088867187500e+03
1.104656219482421875e+02 -2.242734680175781250e+02 -1.411325683593750000e+03
7.843183898925781250e+01 -2.536789245605468750e+02 -1.410359252929687500e+03
7.243144989013671875e+01 -2.421691741943359375e+02 -1.410875366210937500e+03
7.226869964599609375e+01 -2.433165740966796875e+02 -1.406373779296875000e+03
4.385230636596679688e+01 -2.326229553222656250e+02 -1.409430908203125000e+03
7.660948181152343750e+01 -2.499224395751953125e+02 -1.402106689453125000e+03
4.963077926635742188e+01 -2.622608947753906250e+02 -1.397002441406250000e+03
1.885385704040527344e+01 -2.357507324218750000e+02 -1.396470703125000000e+03
7.382535552978515625e+01 -2.583707275390625000e+02 -1.398704223632812500e+03
5.063356781005859375e+01 -2.418371124267578125e+02 -1.397464477539062500e+03
5.967835426330566406e+00 -2.344347229003906250e+02 -1.392665039062500000e+03
3.264480590820312500e+01 -2.490875549316406250e+02 -1.390458129882812500e+03
2.330801010131835938e+01 -2.315630950927734375e+02 -1.392131958007812500e+03
2.712742233276367188e+01 -2.366318664550781250e+02 -1.390738525390625000e+03
5.626199340820312500e+01 -2.560933532714843750e+02 -1.387514648437500000e+03
5.891716384887695312e+01 -2.635946655273437500e+02 -1.387448486328125000e+03
-6.972888946533203125e+01 -2.090197753906250000e+02 -1.386117431640625000e+03
2.622266960144042969e+01 -2.578279418945312500e+02 -1.386053833007812500e+03
6.109770584106445312e+01 -2.681736755371093750e+02 -1.377640747070312500e+03
-4.380979537963867188e+01 -2.261040344238281250e+02 -1.381631225585937500e+03
8.835678100585937500e+01 -2.768454895019531250e+02 -1.382361938476562500e+03
-6.162041854858398438e+01 -2.179384460449218750e+02 -1.381761840820312500e+03
-5.201472282409667969e+00 -2.279481506347656250e+02 -1.381257568359375000e+03
2.874116706848144531e+01 -2.435918121337890625e+02 -1.382591308593750000e+03
5.317353820800781250e+01 -2.582825622558593750e+02 -1.383794067382812500e+03
-6.646784973144531250e+01 -2.156291961669921875e+02 -1.376708740234375000e+03
6.118590831756591797e+00 -2.338330078125000000e+02 -1.384661865234375000e+03
-4.484554672241210938e+01 -2.591831970214843750e+02 -1.378704956054687500e+03
2.936557197570800781e+01 -2.439042663574218750e+02 -1.377160644531250000e+03
2.403446578979492188e+01 -2.571498413085937500e+02 -1.379618530273437500e+03
6.181731414794921875e+01 -2.431199951171875000e+02 -1.380429565429687500e+03
-5.635105133056640625e+01 -2.258204040527343750e+02 -1.377036743164062500e+03
-5.520279693603515625e+01 -2.294654541015625000e+02 -1.378015869140625000e+03
-8.284983634948730469e-01 -2.371785736083984375e+02 -1.375914550781250000e+03
2.619074058532714844e+01 -2.475339965820312500e+02 -1.373533813476562500e+03
2.656643295288085938e+01 -2.377976074218750000e+02 -1.379976318359375000e+03
-5.074356079101562500e+01 -2.271280059814453125e+02 -1.374561889648437500e+03
-4.650386810302734375e+01 -2.430582885742187500e+02 -1.374682495117187500e+03
4.964417457580566406e+00 -2.333222351074218750e+02 -1.373968383789062500e+03
7.643094062805175781e+00 -2.376032867431640625e+02 -1.371944580078125000e+03
6.050750350952148438e+01 -2.605390930175781250e+02 -1.374802001953125000e+03
6.647928619384765625e+01 -2.457935333251953125e+02 -1.375158691406250000e+03
-3.731341552734375000e+01 -2.281767425537109375e+02 -1.374102172851562500e+03
4.462580871582031250e+01 -2.502548675537109375e+02 -1.371147216796875000e+03
-3.301475906372070312e+01 -2.334069213867187500e+02 -1.370594360351562500e+03
3.115799140930175781e+01 -2.514038391113281250e+02 -1.371813598632812500e+03
-3.735876083374023438e+01 -2.378601684570312500e+02 -1.371600952148437500e+03
-1.541491222381591797e+01 -2.569117431640625000e+02 -1.370556640625000000e+03
-2.406726455688476562e+01 -2.297149658203125000e+02 -1.369434204101562500e+03
3.069539642333984375e+01 -2.467264556884765625e+02 -1.367279541015625000e+03
-1.441957569122314453e+01 -2.376777648925781250e+02 -1.371176391601562500e+03
1.749137687683105469e+01 -2.324146881103515625e+02 -1.371232788085937500e+03
-2.244589042663574219e+01 -2.471418609619140625e+02 -1.367993530273437500e+03
2.760120964050292969e+01 -2.398035278320312500e+02 -1.371834228515625000e+03
-2.443173980712890625e+01 -2.256422729492187500e+02 -1.369274414062500000e+03
6.076455307006835938e+01 -2.495712127685546875e+02 -1.371180175781250000e+03
4.951248931884765625e+01 -2.448304138183593750e+02 -1.368594848632812500e+03
5.789913558959960938e+01 -2.599310913085937500e+02 -1.371182617187500000e+03
-6.006899642944335938e+01 -2.457633056640625000e+02 -1.368694946289062500e+03
6.441474151611328125e+01 -2.534112854003906250e+02 -1.367263549804687500e+03
1.392629909515380859e+01 -2.472055511474609375e+02 -1.368344116210937500e+03
-2.992871093750000000e+01 -2.386722106933593750e+02 -1.366220703125000000e+03
-3.073850393295288086e+00 -2.524273376464843750e+02 -1.365740722656250000e+03
-5.856344985961914062e+01 -2.281045989990234375e+02 -1.365556030273437500e+03
-6.444005584716796875e+01 -2.245589599609375000e+02 -1.365986328125000000e+03
-1.517499351501464844e+01 -2.433269958496093750e+02 -1.364140991210937500e+03
7.794086456298828125e+00 -2.397300872802734375e+02 -1.366642700195312500e+03
3.012565422058105469e+01 -2.313856964111328125e+02 -1.366589843750000000e+03
-4.756122589111328125e+01 -2.376748962402343750e+02 -1.363877685546875000e+03
4.758108520507812500e+01 -2.477537994384765625e+02 -1.366596557617187500e+03
-4.187485885620117188e+01 -2.280833129882812500e+02 -1.365663696289062500e+03
-3.625683593750000000e+01 -2.333692932128906250e+02 -1.364956909179687500e+03
