8.562614440917968750e+01 -2.344806976318359375e+02 -1.576588500976562500e+03
1.052045516967773438e+02 -2.304694671630859375e+02 -1.566823852539062500e+03
9.168640899658203125e+01 -2.382094268798828125e+02 -1.564766113281250000e+03
1.702961158752441406e+01 -2.370025634765625000e+02 -1.555803710937500000e+03
5.018841934204101562e+01 -2.413493957519531250e+02 -1.553164184570312500e+03
2.317605590820312500e+01 -2.476286010742187500e+02 -1.552482666015625000e+03
1.096719360351562500e+02 -2.464316711425781250e+02 -1.551752197265625000e+03
1.084298553466796875e+02 -2.528329467773437500e+02 -1.554422973632812500e+03
8.587641906738281250e+01 -2.263277587890625000e+02 -1.549953247070312500e+03
5.785213088989257812e+01 -2.437284088134765625e+02 -1.548879394531250000e+03
-3.013738632202148438e+00 -2.504596099853515625e+02 -1.538529907226562500e+03
1.087844619750976562e+02 -2.483076934814453125e+02 -1.548181518554687500e+03
2.316529464721679688e+01 -2.548413238525390625e+02 -1.536611206054687500e+03
1.202383041381835938e+02 -2.645242004394531250e+02 -1.532976562500000000e+03
-1.117024230957031250e+01 -2.330152282714843750e+02 -1.533987304687500000e+03
-3.367496490478515625e+01 -2.407863464355468750e+02 -1.527888427734375000e+03
1.125344085693359375e+02 -3.041253662109375000e+02 -1.534574340820312500e+03
1.587007045745849609e+01 -2.475481719970703125e+02 -1.527984741210937500e+03
1.270826873779296875e+02 -2.422455444335937500e+02 -1.523024291992187500e+03
6.171711444854736328e+00 -2.407369384765625000e+02 -1.526225952148437500e+03
-4.909210586547851562e+01 -2.387231903076171875e+02 -1.514326416015625000e+03
1.278366012573242188e+02 -2.289400482177734375e+02 -1.522842529296875000e+03
9.792681884765625000e+01 -2.521708374023437500e+02 -1.526942871093750000e+03
1.282207641601562500e+02 -2.298286285400390625e+02 -1.517458496093750000e+03
6.742243957519531250e+01 -2.433734130859375000e+02 -1.524330688476562500e+03
3.051891708374023438e+01 -2.462081604003906250e+02 -1.517147216796875000e+03
8.323380279541015625e+01 -2.495825347900390625e+02 -1.517306030273437500e+03
1.117744522094726562e+02 -2.908424072265625000e+02 -1.491818115234375000e+03
3.840272665023803711e+00 -2.386463165283203125e+02 -1.513456176757812500e+03
1.229285812377929688e+02 -2.760237426757812500e+02 -1.499327758789062500e+03
3.213897323608398438e+01 -2.470957489013671875e+02 -1.506897827148437500e+03
1.203161239624023438e+02 -2.267986145019531250e+02 -1.494118408203125000e+03
1.241003570556640625e+02 -2.682131347656250000e+02 -1.490284790039062500e+03
8.551920318603515625e+01 -2.576531982421875000e+02 -1.500829711914062500e+03
-1.557177066802978516e+01 -2.543320007324218750e+02 -1.481769653320312500e+03
1.009049987792968750e+02 -3.146840515136718750e+02 -1.488199707031250000e+03
1.063710708618164062e+02 -2.947592163085937500e+02 -1.477380981445312500e+03
2.047964286804199219e+01 -2.474626464843750000e+02 -1.495196044921875000e+03
-3.798500823974609375e+01 -2.485529785156250000e+02 -1.464333740234375000e+03
6.265322113037109375e+01 -2.627819519042968750e+02 -1.490772094726562500e+03
1.154085311889648438e+02 -2.253236236572265625e+02 -1.482485473632812500e+03
1.257262649536132812e+02 -2.574047546386718750e+02 -1.483854858398437500e+03
1.667992210388183594e+01 -2.491430816650390625e+02 -1.489067871093750000e+03
1.119109115600585938e+02 -2.291039428710937500e+02 -1.462677612304687500e+03
1.199655761718750000e+02 -2.719820556640625000e+02 -1.461117187500000000e+03
5.222678375244140625e+01 -2.651513366699218750e+02 -1.469338623046875000e+03
-4.993349075317382812e+01 -2.530285949707031250e+02 -1.448395874023437500e+03
1.154044647216796875e+02 -2.813190307617187500e+02 -1.457613647460937500e+03
5.068069458007812500e+01 -2.638746948242187500e+02 -1.467205322265625000e+03
8.380769348144531250e+01 -2.638536071777343750e+02 -1.460002441406250000e+03
6.974076843261718750e+01 -2.524989013671875000e+02 -1.449583374023437500e+03
2.324075317382812500e+01 -2.484064331054687500e+02 -1.473300537109375000e+03
7.546189880371093750e+01 -2.583829650878906250e+02 -1.446554199218750000e+03
1.136274108886718750e+02 -2.473580474853515625e+02 -1.443669067382812500e+03
5.716541671752929688e+01 -2.422853393554687500e+02 -1.452530029296875000e+03
1.140349731445312500e+02 -2.611716003417968750e+02 -1.434609863281250000e+03
-1.666710853576660156e+01 -2.523660125732421875e+02 -1.424886718750000000e+03
-2.635314464569091797e+00 -2.543823699951171875e+02 -1.419740478515625000e+03
7.006026458740234375e+01 -2.685801696777343750e+02 -1.420835205078125000e+03
-3.730268859863281250e+01 -2.550726776123046875e+02 -1.415838745117187500e+03
1.122738189697265625e+02 -2.385780029296875000e+02 -1.418790771484375000e+03
5.222817897796630859e+00 -2.553750305175781250e+02 -1.426687622070312500e+03
7.712884521484375000e+01 -2.625967102050781250e+02 -1.419363403320312500e+03
-2.524111747741699219e+00 -2.506934967041015625e+02 -1.407343750000000000e+03
6.758522033691406250e+01 -2.378406829833984375e+02 -1.421335571289062500e+03
7.061433410644531250e+01 -2.723059082031250000e+02 -1.407363403320312500e+03
6.115287017822265625e+01 -2.787654724121093750e+02 -1.408763427734375000e+03
1.119585723876953125e+02 -2.280036010742187500e+02 -1.412524902343750000e+03
7.824362945556640625e+01 -2.574256591796875000e+02 -1.412086059570312500e+03
7.283441162109375000e+01 -2.446066131591796875e+02 -1.413406616210937500e+03
7.226519775390625000e+01 -2.454325103759765625e+02 -1.408642578125000000e+03
4.408143997192382812e+01 -2.369069976806640625e+02 -1.412110961914062500e+03
7.653279113769531250e+01 -2.521302947998046875e+02 -1.404219238281250000e+03
4.978435134887695312e+01 -2.643888549804687500e+02 -1.397514648437500000e+03
2.021286201477050781e+01 -2.418471069335937500e+02 -1.396222290039062500e+03
7.388252258300781250e+01 -2.609595642089843750e+02 -1.399852905273437500e+03
5.063414382934570312e+01 -2.452041473388671875e+02 -1.399979492187500000e+03
7.596944332122802734e+00 -2.403408203125000000e+02 -1.392559326171875000e+03
3.317199707031250000e+01 -2.519796142578125000e+02 -1.390621704101562500e+03
2.504502677917480469e+01 -2.368776245117187500e+02 -1.392614501953125000e+03
2.889714622497558594e+01 -2.413583831787109375e+02 -1.390657104492187500e+03
5.686236190795898438e+01 -2.584572143554687500e+02 -1.388554077148437500e+03
5.927421569824218750e+01 -2.653331298828125000e+02 -1.388022583007812500e+03
-6.971858978271484375e+01 -2.090136260986328125e+02 -1.386106567382812500e+03
2.648680496215820312e+01 -2.596184692382812500e+02 -1.385774902343750000e+03
6.146554183959960938e+01 -2.692893066406250000e+02 -1.377736694335937500e+03
-4.348624420166015625e+01 -2.263868408203125000e+02 -1.381773315429687500e+03
8.758867645263671875e+01 -2.772727355957031250e+02 -1.383313476562500000e+03
-6.161351394653320312e+01 -2.179263000488281250e+02 -1.381765014648437500e+03
-4.527114391326904297e+00 -2.308788146972656250e+02 -1.381950073242187500e+03
2.976325416564941406e+01 -2.458386383056640625e+02 -1.382813964843750000e+03
5.371146392822265625e+01 -2.600114135742187500e+02 -1.384618164062500000e+03
-6.640571594238281250e+01 -2.156161193847656250e+02 -1.376684448242187500e+03
7.732549190521240234e+00 -2.387487640380859375e+02 -1.384774536132812500e+03
-4.476334762573242188e+01 -2.592528686523437500e+02 -1.378692993164062500e+03
3.061316871643066406e+01 -2.455100708007812500e+02 -1.377629760742187500e+03
2.432076454162597656e+01 -2.585316162109375000e+02 -1.379442138671875000e+03
6.255537414550781250e+01 -2.449715576171875000e+02 -1.381039306640625000e+03
-5.626633453369140625e+01 -2.258272857666015625e+02 -1.377088989257812500e+03
-5.511626052856445312e+01 -2.294747619628906250e+02 -1.378069580078125000e+03
-9.635881334543228149e-02 -2.394963989257812500e+02 -1.376218383789062500e+03
2.715023040771484375e+01 -2.481858520507812500e+02 -1.374252807617187500e+03
2.832343482971191406e+01 -2.403223266601562500e+02 -1.380948486328125000e+03
-5.063229370117187500e+01 -2.271186065673828125e+02 -1.374596801757812500e+03
-4.653870391845703125e+01 -2.430842437744140625e+02 -1.374528198242187500e+03
5.487157821655273438e+00 -2.354005584716796875e+02 -1.374366088867187500e+03
8.588804244995117188e+00 -2.395623321533203125e+02 -1.372315307617187500e+03
6.103655624389648438e+01 -2.617070312500000000e+02 -1.374774658203125000e+03
6.698998260498046875e+01 -2.471956329345703125e+02 -1.375821411132812500e+03
-3.677026748657226562e+01 -2.286650085449218750e+02 -1.374270141601562500e+03
4.556404495239257812e+01 -2.511727142333984375e+02 -1.371238769531250000e+03
-3.258594512939453125e+01 -2.338898925781250000e+02 -1.370703613281250000e+03
3.182211875915527344e+01 -2.519736938476562500e+02 -1.371940063476562500e+03
-3.703891754150390625e+01 -2.383257751464843750e+02 -1.371659667968750000e+03
-1.503396701812744141e+01 -2.573775024414062500e+02 -1.370636596679687500e+03
-2.320023345947265625e+01 -2.310906219482421875e+02 -1.369870971679687500e+03
3.117892837524414062e+01 -2.463447570800781250e+02 -1.368600097656250000e+03
-1.433065700531005859e+01 -2.383161773681640625e+02 -1.371669311523437500e+03
1.853156471252441406e+01 -2.330339050292968750e+02 -1.372951049804687500e+03
-2.200772285461425781e+01 -2.475807800292968750e+02 -1.368130859375000000e+03
2.887346839904785156e+01 -2.406628723144531250e+02 -1.373014160156250000e+03
-2.348552322387695312e+01 -2.268074188232421875e+02 -1.369840942382812500e+03
6.140664672851562500e+01 -2.511627655029296875e+02 -1.371458251953125000e+03
5.014347839355468750e+01 -2.455481719970703125e+02 -1.368919677734375000e+03
5.843667221069335938e+01 -2.607391967773437500e+02 -1.371152343750000000e+03
-6.005215454101562500e+01 -2.457879638671875000e+02 -1.368708984375000000e+03
6.501042175292968750e+01 -2.549283447265625000e+02 -1.367466064453125000e+03
1.478515911102294922e+01 -2.471852416992187500e+02 -1.368743408203125000e+03
-2.943543052673339844e+01 -2.392754669189453125e+02 -1.366287109375000000e+03
-2.848498344421386719e+00 -2.529766845703125000e+02 -1.366071044921875000e+03
-5.835016250610351562e+01 -2.282345581054687500e+02 -1.365517700195312500e+03
-6.427611541748046875e+01 -2.245973205566406250e+02 -1.365942871093750000e+03
-1.497786808013916016e+01 -2.435881195068359375e+02 -1.364549682617187500e+03
8.572443962097167969e+00 -2.409589996337890625e+02 -1.367053955078125000e+03
3.074392700195312500e+01 -2.316252746582031250e+02 -1.369045288085937500e+03
-4.740224456787109375e+01 -2.378475799560546875e+02 -1.363749633789062500e+03
4.825037765502929688e+01 -2.481111907958984375e+02 -1.366549316406250000e+03
-4.131899642944335938e+01 -2.285099945068359375e+02 -1.365812377929687500e+03
-3.583235549926757812e+01 -2.337815093994140625e+02 -1.365041748046875000e+03
