8.566526031494140625e+01 -2.343526306152343750e+02 -1.576937500000000000e+03
1.049155731201171875e+02 -2.308099060058593750e+02 -1.566071411132812500e+03
9.209873962402343750e+01 -2.382384643554687500e+02 -1.564713256835937500e+03
1.671407508850097656e+01 -2.375604248046875000e+02 -1.555652465820312500e+03
4.947733306884765625e+01 -2.420414886474609375e+02 -1.551642578125000000e+03
2.307346725463867188e+01 -2.482461242675781250e+02 -1.551894897460937500e+03
1.097106323242187500e+02 -2.467761535644531250e+02 -1.551103027343750000e+03
1.082808532714843750e+02 -2.530119171142578125e+02 -1.554019287109375000e+03
8.583459472656250000e+01 -2.266833343505859375e+02 -1.546936279296875000e+03
5.601251983642578125e+01 -2.444648590087890625e+02 -1.547656127929687500e+03
-2.307535171508789062e+00 -2.508094024658203125e+02 -1.537525390625000000e+03
1.089702301025390625e+02 -2.486815948486328125e+02 -1.547182495117187500e+03
2.252423477172851562e+01 -2.563822021484375000e+02 -1.534132080078125000e+03
1.203748931884765625e+02 -2.647727050781250000e+02 -1.533119995117187500e+03
-1.093106460571289062e+01 -2.330039215087890625e+02 -1.534452392578125000e+03
-3.411466598510742188e+01 -2.406403656005859375e+02 -1.528388916015625000e+03
1.128108215332031250e+02 -3.040153503417968750e+02 -1.535326049804687500e+03
1.522105598449707031e+01 -2.496522521972656250e+02 -1.525861572265625000e+03
1.264844055175781250e+02 -2.414587249755859375e+02 -1.523346679687500000e+03
5.824671745300292969e+00 -2.425912017822265625e+02 -1.524640502929687500e+03
-4.904142761230468750e+01 -2.389989318847656250e+02 -1.514031127929687500e+03
1.266735458374023438e+02 -2.283774719238281250e+02 -1.523068847656250000e+03
9.513287353515625000e+01 -2.522536163330078125e+02 -1.526691040039062500e+03
1.271935119628906250e+02 -2.291680755615234375e+02 -1.517753051757812500e+03
6.264440536499023438e+01 -2.459219970703125000e+02 -1.522260620117187500e+03
2.940417480468750000e+01 -2.496934814453125000e+02 -1.514611938476562500e+03
7.960289764404296875e+01 -2.500538482666015625e+02 -1.516541748046875000e+03
1.126196441650390625e+02 -2.907585449218750000e+02 -1.491953125000000000e+03
3.576141834259033203e+00 -2.410625762939453125e+02 -1.512607910156250000e+03
1.227593612670898438e+02 -2.755962219238281250e+02 -1.501381347656250000e+03
3.054654693603515625e+01 -2.502788238525390625e+02 -1.505231811523437500e+03
1.187764816284179688e+02 -2.259774169921875000e+02 -1.493892333984375000e+03
1.230215225219726562e+02 -2.679007873535156250e+02 -1.492564331054687500e+03
8.251633453369140625e+01 -2.577887268066406250e+02 -1.501822875976562500e+03
-1.734096908569335938e+01 -2.560809326171875000e+02 -1.481858154296875000e+03
1.014230880737304688e+02 -3.139437866210937500e+02 -1.489066040039062500e+03
1.077025833129882812e+02 -2.948321838378906250e+02 -1.477067993164062500e+03
1.938627243041992188e+01 -2.500545654296875000e+02 -1.495744750976562500e+03
-3.775039291381835938e+01 -2.478356475830078125e+02 -1.465439697265625000e+03
6.050998306274414062e+01 -2.644304809570312500e+02 -1.492551513671875000e+03
1.134044570922851562e+02 -2.246075897216796875e+02 -1.481270996093750000e+03
1.242906265258789062e+02 -2.565044860839843750e+02 -1.485738647460937500e+03
1.587320137023925781e+01 -2.516460723876953125e+02 -1.489895874023437500e+03
1.098681716918945312e+02 -2.291341552734375000e+02 -1.464481933593750000e+03
1.192870178222656250e+02 -2.711253662109375000e+02 -1.462713134765625000e+03
5.012308502197265625e+01 -2.657787475585937500e+02 -1.471379028320312500e+03
-4.975288772583007812e+01 -2.530314025878906250e+02 -1.448663208007812500e+03
1.159515304565429688e+02 -2.807361145019531250e+02 -1.458484252929687500e+03
4.854511260986328125e+01 -2.643602294921875000e+02 -1.469189086914062500e+03
8.086956024169921875e+01 -2.634249267578125000e+02 -1.462122680664062500e+03
6.643809509277343750e+01 -2.523076171875000000e+02 -1.451231445312500000e+03
2.274357795715332031e+01 -2.496480407714843750e+02 -1.474282348632812500e+03
7.188423156738281250e+01 -2.584183959960937500e+02 -1.448080200195312500e+03
1.121779708862304688e+02 -2.465143280029296875e+02 -1.444296997070312500e+03
5.457137680053710938e+01 -2.423663482666015625e+02 -1.454226440429687500e+03
1.122013778686523438e+02 -2.596883239746093750e+02 -1.434393554687500000e+03
-1.559672737121582031e+01 -2.510537872314453125e+02 -1.426027709960937500e+03
-6.980311274528503418e-01 -2.534079589843750000e+02 -1.421271362304687500e+03
6.749137115478515625e+01 -2.670582885742187500e+02 -1.421513793945312500e+03
-3.700800323486328125e+01 -2.549265289306640625e+02 -1.416000976562500000e+03
1.107025375366210938e+02 -2.386903076171875000e+02 -1.418342163085937500e+03
7.248019695281982422e+00 -2.550644226074218750e+02 -1.428768432617187500e+03
7.491204071044921875e+01 -2.619183349609375000e+02 -1.419575927734375000e+03
-4.257786646485328674e-02 -2.499608459472656250e+02 -1.408838134765625000e+03
6.659010314941406250e+01 -2.373954620361328125e+02 -1.422442993164062500e+03
6.942984008789062500e+01 -2.714305419921875000e+02 -1.407349609375000000e+03
6.052279663085937500e+01 -2.775288391113281250e+02 -1.408356689453125000e+03
1.108829421997070312e+02 -2.281764831542968750e+02 -1.411966064453125000e+03
7.720703887939453125e+01 -2.569535522460937500e+02 -1.412509277343750000e+03
7.256006622314453125e+01 -2.442744293212890625e+02 -1.414149414062500000e+03
7.233679199218750000e+01 -2.448329772949218750e+02 -1.409361816406250000e+03
4.484846115112304688e+01 -2.359923553466796875e+02 -1.414146484375000000e+03
7.602245330810546875e+01 -2.515068359375000000e+02 -1.404626708984375000e+03
4.951344680786132812e+01 -2.637796936035156250e+02 -1.397534057617187500e+03
2.161171340942382812e+01 -2.411256408691406250e+02 -1.397324707031250000e+03
7.311053466796875000e+01 -2.598923339843750000e+02 -1.399926391601562500e+03
5.094762802124023438e+01 -2.444172058105468750e+02 -1.401200805664062500e+03
1.014048862457275391e+01 -2.393171539306640625e+02 -1.394022827148437500e+03
3.376205062866210938e+01 -2.514559020996093750e+02 -1.390911987304687500e+03
2.669416618347167969e+01 -2.360925445556640625e+02 -1.393437866210937500e+03
3.019757461547851562e+01 -2.407014923095703125e+02 -1.391176269531250000e+03
5.650201797485351562e+01 -2.578996276855468750e+02 -1.388873046875000000e+03
5.874487686157226562e+01 -2.645706176757812500e+02 -1.388357055664062500e+03
-6.973272705078125000e+01 -2.090074462890625000e+02 -1.386095214843750000e+03
2.682363891601562500e+01 -2.592984008789062500e+02 -1.385803222656250000e+03
6.129221725463867188e+01 -2.687448120117187500e+02 -1.377896972656250000e+03
-4.321986770629882812e+01 -2.262550354003906250e+02 -1.381955200195312500e+03
8.801407623291015625e+01 -2.775765991210937500e+02 -1.383558715820312500e+03
-6.162840270996093750e+01 -2.178951263427734375e+02 -1.381822387695312500e+03
-2.449223756790161133e+00 -2.300574798583984375e+02 -1.382774047851562500e+03
3.049400901794433594e+01 -2.452539215087890625e+02 -1.383012207031250000e+03
5.295181655883789062e+01 -2.598550720214843750e+02 -1.384771972656250000e+03
-6.635862731933593750e+01 -2.155472869873046875e+02 -1.376718383789062500e+03
1.001892185211181641e+01 -2.377771453857421875e+02 -1.385993652343750000e+03
-4.476259994506835938e+01 -2.591874389648437500e+02 -1.378767578125000000e+03
3.132851791381835938e+01 -2.450053863525390625e+02 -1.377619262695312500e+03
2.448819923400878906e+01 -2.582296752929687500e+02 -1.379555908203125000e+03
6.174119186401367188e+01 -2.445624389648437500e+02 -1.381090576171875000e+03
-5.629914474487304688e+01 -2.258841857910156250e+02 -1.377086547851562500e+03
-5.508402633666992188e+01 -2.295195770263671875e+02 -1.378111328125000000e+03
1.751407027244567871e+00 -2.385594940185546875e+02 -1.377212036132812500e+03
2.785366249084472656e+01 -2.475958404541015625e+02 -1.374385009765625000e+03
2.931916046142578125e+01 -2.396526489257812500e+02 -1.381298461914062500e+03
-5.063599395751953125e+01 -2.271055145263671875e+02 -1.374697387695312500e+03
-4.636401748657226562e+01 -2.429186096191406250e+02 -1.374588989257812500e+03
7.301595687866210938e+00 -2.341580200195312500e+02 -1.375623291015625000e+03
1.012964630126953125e+01 -2.383139648437500000e+02 -1.373322509765625000e+03
6.056305694580078125e+01 -2.610950317382812500e+02 -1.374696166992187500e+03
6.593265533447265625e+01 -2.468414916992187500e+02 -1.375676757812500000e+03
-3.635577774047851562e+01 -2.285158691406250000e+02 -1.374449462890625000e+03
4.554302978515625000e+01 -2.510576019287109375e+02 -1.371321533203125000e+03
-3.195494461059570312e+01 -2.335077667236328125e+02 -1.371124633789062500e+03
3.206389999389648438e+01 -2.516501770019531250e+02 -1.371806152343750000e+03
-3.651396179199218750e+01 -2.380941009521484375e+02 -1.371999389648437500e+03
-1.488378334045410156e+01 -2.571218261718750000e+02 -1.370959472656250000e+03
-2.213052940368652344e+01 -2.307313079833984375e+02 -1.370238525390625000e+03
3.173311042785644531e+01 -2.458506622314453125e+02 -1.368761596679687500e+03
-1.331717491149902344e+01 -2.375876007080078125e+02 -1.372216064453125000e+03
2.031232833862304688e+01 -2.320312500000000000e+02 -1.373693969726562500e+03
-2.166059112548828125e+01 -2.473471984863281250e+02 -1.368354980468750000e+03
2.989888381958007812e+01 -2.398078613281250000e+02 -1.373261352539062500e+03
-2.252347373962402344e+01 -2.264600524902343750e+02 -1.370143798828125000e+03
6.075204086303710938e+01 -2.506035003662109375e+02 -1.371293945312500000e+03
4.945280075073242188e+01 -2.453455810546875000e+02 -1.368625000000000000e+03
5.778755187988281250e+01 -2.602688598632812500e+02 -1.371075805664062500e+03
-6.000798416137695312e+01 -2.457936706542968750e+02 -1.368750488281250000e+03
6.435066986083984375e+01 -2.542624511718750000e+02 -1.367332275390625000e+03
1.554494094848632812e+01 -2.460063171386718750e+02 -1.369422363281250000e+03
-2.873756027221679688e+01 -2.388600006103515625e+02 -1.366694702148437500e+03
-2.037105798721313477e+00 -2.524336547851562500e+02 -1.366568969726562500e+03
-5.836065292358398438e+01 -2.281445770263671875e+02 -1.365580444335937500e+03
-6.432651519775390625e+01 -2.245383911132812500e+02 -1.365947509765625000e+03
-1.408872032165527344e+01 -2.430308990478515625e+02 -1.365073852539062500e+03
1.007386875152587891e+01 -2.398806610107421875e+02 -1.367904052734375000e+03
3.185049819946289062e+01 -2.312290191650390625e+02 -1.369171264648437500e+03
-4.720160293579101562e+01 -2.377681427001953125e+02 -1.363890014648437500e+03
4.760054779052734375e+01 -2.477942810058593750e+02 -1.366187500000000000e+03
-4.105437088012695312e+01 -2.285043182373046875e+02 -1.365866577148437500e+03
-3.527340316772460938e+01 -2.334789276123046875e+02 -1.365379150390625000e+03
