8.544820404052734375e+01 -2.345555267333984375e+02 -1.576245849609375000e+03
1.048215866088867188e+02 -2.301855468750000000e+02 -1.566603027343750000e+03
9.176869201660156250e+01 -2.380811157226562500e+02 -1.564586669921875000e+03
1.712776756286621094e+01 -2.368404235839843750e+02 -1.555804077148437500e+03
4.964481735229492188e+01 -2.415184936523437500e+02 -1.553847534179687500e+03
2.292887878417968750e+01 -2.449725646972656250e+02 -1.553201782226562500e+03
1.099742660522460938e+02 -2.461595458984375000e+02 -1.552742065429687500e+03
1.086332626342773438e+02 -2.526620330810546875e+02 -1.554800292968750000e+03
8.514423370361328125e+01 -2.249827270507812500e+02 -1.548274658203125000e+03
5.786602783203125000e+01 -2.444334716796875000e+02 -1.547571899414062500e+03
-4.140065193176269531e+00 -2.517890319824218750e+02 -1.537177612304687500e+03
1.091334075927734375e+02 -2.475153503417968750e+02 -1.548896606445312500e+03
2.219496154785156250e+01 -2.541932983398437500e+02 -1.535277587890625000e+03
1.203498840332031250e+02 -2.647056274414062500e+02 -1.532659545898437500e+03
-1.226953125000000000e+01 -2.324620056152343750e+02 -1.532614868164062500e+03
-3.310138702392578125e+01 -2.395934295654296875e+02 -1.528818481445312500e+03
1.122462768554687500e+02 -3.030944519042968750e+02 -1.534863525390625000e+03
1.400114727020263672e+01 -2.451408691406250000e+02 -1.527126831054687500e+03
1.299039611816406250e+02 -2.428984222412109375e+02 -1.525424438476562500e+03
4.945934295654296875e+00 -2.385954742431640625e+02 -1.526034667968750000e+03
-4.939187622070312500e+01 -2.388059692382812500e+02 -1.513933227539062500e+03
1.300283355712890625e+02 -2.288829345703125000e+02 -1.525111206054687500e+03
9.863603973388671875e+01 -2.524907836914062500e+02 -1.525911499023437500e+03
1.301958770751953125e+02 -2.289666442871093750e+02 -1.520065673828125000e+03
6.673435974121093750e+01 -2.398432006835937500e+02 -1.523417236328125000e+03
2.823318862915039062e+01 -2.424808197021484375e+02 -1.516619018554687500e+03
8.737512207031250000e+01 -2.467039337158203125e+02 -1.516471679687500000e+03
1.110819320678710938e+02 -2.897730407714843750e+02 -1.491259033203125000e+03
4.283705711364746094e+00 -2.337126770019531250e+02 -1.512353027343750000e+03
1.217210464477539062e+02 -2.740015869140625000e+02 -1.498760375976562500e+03
3.068963050842285156e+01 -2.408975219726562500e+02 -1.507890380859375000e+03
1.226418304443359375e+02 -2.266412353515625000e+02 -1.494401855468750000e+03
1.235475158691406250e+02 -2.662149353027343750e+02 -1.488705932617187500e+03
8.748454284667968750e+01 -2.549844970703125000e+02 -1.498480712890625000e+03
-1.226687908172607422e+01 -2.530946960449218750e+02 -1.481265014648437500e+03
1.021475906372070312e+02 -3.157084655761718750e+02 -1.488281738281250000e+03
1.056018753051757812e+02 -2.948263549804687500e+02 -1.476574340820312500e+03
2.371082687377929688e+01 -2.389380035400390625e+02 -1.492776611328125000e+03
-3.692774581909179688e+01 -2.477389831542968750e+02 -1.465615356445312500e+03
6.230236816406250000e+01 -2.579426574707031250e+02 -1.488583007812500000e+03
1.194129028320312500e+02 -2.240708312988281250e+02 -1.482082275390625000e+03
1.277346649169921875e+02 -2.547311553955078125e+02 -1.482860107421875000e+03
2.024816322326660156e+01 -2.413995208740234375e+02 -1.485600952148437500e+03
1.134195022583007812e+02 -2.256973876953125000e+02 -1.462146362304687500e+03
1.190883331298828125e+02 -2.684702148437500000e+02 -1.459498413085937500e+03
5.430725097656250000e+01 -2.608260192871093750e+02 -1.466467651367187500e+03
-5.000748062133789062e+01 -2.526511840820312500e+02 -1.448216552734375000e+03
1.118892593383789062e+02 -2.762967834472656250e+02 -1.457228515625000000e+03
5.276557159423828125e+01 -2.597386169433593750e+02 -1.464216308593750000e+03
8.505991363525390625e+01 -2.603393249511718750e+02 -1.457384521484375000e+03
7.089768218994140625e+01 -2.495827484130859375e+02 -1.447352050781250000e+03
2.192113304138183594e+01 -2.439505615234375000e+02 -1.469154174804687500e+03
7.710755920410156250e+01 -2.549270324707031250e+02 -1.445053344726562500e+03
1.126858139038085938e+02 -2.451254577636718750e+02 -1.442885498046875000e+03
5.759036254882812500e+01 -2.389390258789062500e+02 -1.449081909179687500e+03
1.116699142456054688e+02 -2.573594970703125000e+02 -1.434004272460937500e+03
-1.677988433837890625e+01 -2.512961578369140625e+02 -1.425169799804687500e+03
-2.763346433639526367e+00 -2.520929260253906250e+02 -1.420187255859375000e+03
7.042887115478515625e+01 -2.662855529785156250e+02 -1.420768920898437500e+03
-3.751130676269531250e+01 -2.549887542724609375e+02 -1.415984497070312500e+03
1.113706207275390625e+02 -2.350855407714843750e+02 -1.418817626953125000e+03
5.267793178558349609e+00 -2.521875457763671875e+02 -1.426599853515625000e+03
7.757524108886718750e+01 -2.589468078613281250e+02 -1.418521728515625000e+03
-2.318915367126464844e+00 -2.468917846679687500e+02 -1.407627319335937500e+03
6.738902282714843750e+01 -2.344211578369140625e+02 -1.419119018554687500e+03
7.070824432373046875e+01 -2.709057006835937500e+02 -1.406994384765625000e+03
6.071748352050781250e+01 -2.779618530273437500e+02 -1.408999267578125000e+03
1.103592834472656250e+02 -2.242118835449218750e+02 -1.412893798828125000e+03
7.866205596923828125e+01 -2.527802886962890625e+02 -1.410825317382812500e+03
7.279254913330078125e+01 -2.410171051025390625e+02 -1.410787231445312500e+03
7.246311950683593750e+01 -2.422412109375000000e+02 -1.406433593750000000e+03
4.347822952270507812e+01 -2.326779327392578125e+02 -1.408764648437500000e+03
7.668081665039062500e+01 -2.487871856689453125e+02 -1.402496826171875000e+03
4.949036788940429688e+01 -2.621517639160156250e+02 -1.397100952148437500e+03
1.941563987731933594e+01 -2.359873504638671875e+02 -1.396335693359375000e+03
7.380762481689453125e+01 -2.576530761718750000e+02 -1.399227050781250000e+03
5.047541809082031250e+01 -2.420201568603515625e+02 -1.397308471679687500e+03
7.009411334991455078e+00 -2.347197723388671875e+02 -1.392808837890625000e+03
3.292780303955078125e+01 -2.490797271728515625e+02 -1.390218261718750000e+03
2.389273643493652344e+01 -2.319326171875000000e+02 -1.391976196289062500e+03
2.788101577758789062e+01 -2.369354248046875000e+02 -1.390578979492187500e+03
5.627602767944335938e+01 -2.560148925781250000e+02 -1.387816772460937500e+03
5.878602218627929688e+01 -2.635234069824218750e+02 -1.387557617187500000e+03
-6.972179412841796875e+01 -2.089851379394531250e+02 -1.386052124023437500e+03
2.651803588867187500e+01 -2.576999816894531250e+02 -1.385985839843750000e+03
6.123428726196289062e+01 -2.681078796386718750e+02 -1.377721069335937500e+03
-4.371524047851562500e+01 -2.261496734619140625e+02 -1.381624145507812500e+03
8.811786651611328125e+01 -2.766407775878906250e+02 -1.382586303710937500e+03
-6.159245681762695312e+01 -2.179179840087890625e+02 -1.381689208984375000e+03
-4.746059417724609375e+00 -2.279315795898437500e+02 -1.381126220703125000e+03
2.906618881225585938e+01 -2.436846160888671875e+02 -1.382363159179687500e+03
5.305764389038085938e+01 -2.583370971679687500e+02 -1.383804809570312500e+03
-6.642784881591796875e+01 -2.156096801757812500e+02 -1.376625366210937500e+03
6.997965335845947266e+00 -2.339570770263671875e+02 -1.384542236328125000e+03
-4.486010360717773438e+01 -2.591757812500000000e+02 -1.378636474609375000e+03
2.979639625549316406e+01 -2.441120758056640625e+02 -1.377076538085937500e+03
2.424282455444335938e+01 -2.571261901855468750e+02 -1.379641235351562500e+03
6.161452484130859375e+01 -2.430419616699218750e+02 -1.380465820312500000e+03
-5.634970092773437500e+01 -2.258292083740234375e+02 -1.376932006835937500e+03
-5.516695404052734375e+01 -2.294775543212890625e+02 -1.377911132812500000e+03
-2.968982458114624023e-01 -2.371773223876953125e+02 -1.375791015625000000e+03
2.668631362915039062e+01 -2.476285247802734375e+02 -1.373502563476562500e+03
2.721203994750976562e+01 -2.378450164794921875e+02 -1.379947265625000000e+03
-5.075635147094726562e+01 -2.271150054931640625e+02 -1.374540527343750000e+03
-4.648069763183593750e+01 -2.430315704345703125e+02 -1.374701293945312500e+03
5.345126152038574219e+00 -2.330622711181640625e+02 -1.373717651367187500e+03
8.128774642944335938e+00 -2.376122741699218750e+02 -1.371587768554687500e+03
6.065211105346679688e+01 -2.605339355468750000e+02 -1.374787963867187500e+03
6.642310333251953125e+01 -2.459959564208984375e+02 -1.375023315429687500e+03
-3.710477828979492188e+01 -2.282837371826171875e+02 -1.374106323242187500e+03
4.477799224853515625e+01 -2.503516082763671875e+02 -1.371174072265625000e+03
-3.271121978759765625e+01 -2.334222717285156250e+02 -1.370748901367187500e+03
3.147872924804687500e+01 -2.515539550781250000e+02 -1.371823486328125000e+03
-3.711653900146484375e+01 -2.378899841308593750e+02 -1.371696777343750000e+03
-1.523309040069580078e+01 -2.569484863281250000e+02 -1.370500488281250000e+03
-2.359708404541015625e+01 -2.298381500244140625e+02 -1.369462036132812500e+03
3.088115310668945312e+01 -2.466827087402343750e+02 -1.367474853515625000e+03
-1.428422641754150391e+01 -2.376251220703125000e+02 -1.371013427734375000e+03
1.779833793640136719e+01 -2.322794647216796875e+02 -1.371008666992187500e+03
-2.217264175415039062e+01 -2.471833190917968750e+02 -1.367996826171875000e+03
2.795165061950683594e+01 -2.399378356933593750e+02 -1.371621582031250000e+03
-2.396621513366699219e+01 -2.257368011474609375e+02 -1.369238159179687500e+03
6.087863540649414062e+01 -2.497795715332031250e+02 -1.371077270507812500e+03
4.942750549316406250e+01 -2.450499420166015625e+02 -1.368436767578125000e+03
5.803765106201171875e+01 -2.600386352539062500e+02 -1.371070922851562500e+03
-6.003952407836914062e+01 -2.457625274658203125e+02 -1.368611206054687500e+03
6.461636352539062500e+01 -2.536318054199218750e+02 -1.367185058593750000e+03
1.430128669738769531e+01 -2.469141540527343750e+02 -1.368188354492187500e+03
-2.956202888488769531e+01 -2.387023315429687500e+02 -1.366347412109375000e+03
-2.928247690200805664e+00 -2.523260650634765625e+02 -1.365555175781250000e+03
-5.856098556518554688e+01 -2.280782623291015625e+02 -1.365531982421875000e+03
-6.443827056884765625e+01 -2.245334777832031250e+02 -1.365933715820312500e+03
-1.495933437347412109e+01 -2.431526031494140625e+02 -1.364151367187500000e+03
8.303723335266113281e+00 -2.395583038330078125e+02 -1.366462524414062500e+03
3.019196510314941406e+01 -2.314164581298828125e+02 -1.366828613281250000e+03
-4.747215270996093750e+01 -2.376882476806640625e+02 -1.363894287109375000e+03
4.750547409057617188e+01 -2.480480499267578125e+02 -1.366199462890625000e+03
-4.172674560546875000e+01 -2.281606445312500000e+02 -1.365666503906250000e+03
-3.598369216918945312e+01 -2.333638763427734375e+02 -1.365104858398437500e+03
