8.566477966308593750e+01 -2.343870391845703125e+02 -1.576341674804687500e+03
1.046014785766601562e+02 -2.305696411132812500e+02 -1.565930664062500000e+03
9.156839752197265625e+01 -2.383544158935546875e+02 -1.563536254882812500e+03
1.754860115051269531e+01 -2.368203582763671875e+02 -1.555603393554687500e+03
4.964574432373046875e+01 -2.414573516845703125e+02 -1.551858032226562500e+03
2.276880455017089844e+01 -2.462714843750000000e+02 -1.552455078125000000e+03
1.094454956054687500e+02 -2.458441009521484375e+02 -1.551722534179687500e+03
1.083271255493164062e+02 -2.523043823242187500e+02 -1.554542480468750000e+03
8.323303985595703125e+01 -2.255800476074218750e+02 -1.546916625976562500e+03
5.743934631347656250e+01 -2.437579498291015625e+02 -1.546194458007812500e+03
-4.514730930328369141e+00 -2.519054107666015625e+02 -1.537189575195312500e+03
1.087070922851562500e+02 -2.477614135742187500e+02 -1.547650634765625000e+03
2.214855003356933594e+01 -2.552719421386718750e+02 -1.533562622070312500e+03
1.206257705688476562e+02 -2.650340881347656250e+02 -1.532374877929687500e+03
-1.173409461975097656e+01 -2.334595489501953125e+02 -1.532163940429687500e+03
-3.286412048339843750e+01 -2.396308288574218750e+02 -1.528690673828125000e+03
1.125593490600585938e+02 -3.029179687500000000e+02 -1.534773559570312500e+03
1.494332885742187500e+01 -2.473784027099609375e+02 -1.525289916992187500e+03
1.282219390869140625e+02 -2.413041992187500000e+02 -1.523437622070312500e+03
5.366446018218994141e+00 -2.400965423583984375e+02 -1.524426269531250000e+03
-4.930067825317382812e+01 -2.390330047607421875e+02 -1.513667846679687500e+03
1.289577026367187500e+02 -2.267254486083984375e+02 -1.523108886718750000e+03
9.784532165527343750e+01 -2.512032623291015625e+02 -1.524155761718750000e+03
1.294800567626953125e+02 -2.269817047119140625e+02 -1.517536010742187500e+03
6.593228912353515625e+01 -2.402356567382812500e+02 -1.518598999023437500e+03
3.002180290222167969e+01 -2.448129577636718750e+02 -1.512111328125000000e+03
8.461460876464843750e+01 -2.463999786376953125e+02 -1.513384399414062500e+03
1.111193771362304688e+02 -2.888158874511718750e+02 -1.491215698242187500e+03
4.270709037780761719e+00 -2.365479278564453125e+02 -1.510615844726562500e+03
1.220443878173828125e+02 -2.740689086914062500e+02 -1.497592041015625000e+03
3.158619689941406250e+01 -2.450901641845703125e+02 -1.501354858398437500e+03
1.209030761718750000e+02 -2.261439208984375000e+02 -1.490972778320312500e+03
1.235045776367187500e+02 -2.650661621093750000e+02 -1.487618408203125000e+03
8.688371276855468750e+01 -2.535132446289062500e+02 -1.496314208984375000e+03
-1.204973030090332031e+01 -2.538696289062500000e+02 -1.479672363281250000e+03
1.014936904907226562e+02 -3.153565979003906250e+02 -1.489723632812500000e+03
1.051228179931640625e+02 -2.927686157226562500e+02 -1.477182250976562500e+03
2.238287353515625000e+01 -2.435722961425781250e+02 -1.489320434570312500e+03
-3.691262817382812500e+01 -2.471918334960937500e+02 -1.466013671875000000e+03
6.461848449707031250e+01 -2.586293640136718750e+02 -1.484859741210937500e+03
1.156678466796875000e+02 -2.240758666992187500e+02 -1.478754272460937500e+03
1.267089843750000000e+02 -2.544949340820312500e+02 -1.480980590820312500e+03
1.892069053649902344e+01 -2.451086730957031250e+02 -1.482938110351562500e+03
1.129127807617187500e+02 -2.263445739746093750e+02 -1.461607177734375000e+03
1.193467407226562500e+02 -2.675328369140625000e+02 -1.459785888671875000e+03
5.501880645751953125e+01 -2.604138488769531250e+02 -1.462597656250000000e+03
-4.974557495117187500e+01 -2.529828186035156250e+02 -1.448074584960937500e+03
1.127040100097656250e+02 -2.762752990722656250e+02 -1.457640747070312500e+03
5.331800460815429688e+01 -2.592518005371093750e+02 -1.460418212890625000e+03
8.694151306152343750e+01 -2.589783630371093750e+02 -1.454550415039062500e+03
7.265859985351562500e+01 -2.482770233154296875e+02 -1.443489257812500000e+03
2.386018180847167969e+01 -2.456537475585937500e+02 -1.466877197265625000e+03
7.809455108642578125e+01 -2.539711608886718750e+02 -1.441217041015625000e+03
1.124490966796875000e+02 -2.451366424560546875e+02 -1.441716308593750000e+03
5.893787384033203125e+01 -2.385192871093750000e+02 -1.445281494140625000e+03
1.116842193603515625e+02 -2.581503601074218750e+02 -1.433211547851562500e+03
-1.565368843078613281e+01 -2.513949890136718750e+02 -1.425497802734375000e+03
-1.282742261886596680e+00 -2.527478942871093750e+02 -1.420276611328125000e+03
7.026746368408203125e+01 -2.638096313476562500e+02 -1.419474609375000000e+03
-3.739883804321289062e+01 -2.548273162841796875e+02 -1.416228393554687500e+03
1.098522796630859375e+02 -2.349624633789062500e+02 -1.416615234375000000e+03
6.954278945922851562e+00 -2.525797729492187500e+02 -1.426339721679687500e+03
7.717134857177734375e+01 -2.566986083984375000e+02 -1.416669921875000000e+03
-1.008669018745422363e+00 -2.481059722900390625e+02 -1.407040039062500000e+03
6.808927917480468750e+01 -2.329896240234375000e+02 -1.416778076171875000e+03
6.993314361572265625e+01 -2.693427734375000000e+02 -1.406659057617187500e+03
5.998276901245117188e+01 -2.769881286621093750e+02 -1.409600952148437500e+03
1.097792358398437500e+02 -2.242426300048828125e+02 -1.410561401367187500e+03
7.858138275146484375e+01 -2.508650054931640625e+02 -1.408652465820312500e+03
7.348966979980468750e+01 -2.395150909423828125e+02 -1.408864501953125000e+03
7.262609863281250000e+01 -2.404711456298828125e+02 -1.404752807617187500e+03
4.514678192138671875e+01 -2.317279663085937500e+02 -1.407100830078125000e+03
7.668990325927734375e+01 -2.469310760498046875e+02 -1.400700439453125000e+03
4.957058334350585938e+01 -2.613247375488281250e+02 -1.396692138671875000e+03
2.148315620422363281e+01 -2.371547088623046875e+02 -1.394507812500000000e+03
7.332499694824218750e+01 -2.556298980712890625e+02 -1.397742797851562500e+03
5.119272232055664062e+01 -2.409948577880859375e+02 -1.396283691406250000e+03
9.360774040222167969e+00 -2.359007110595703125e+02 -1.391890869140625000e+03
3.377476119995117188e+01 -2.488852691650390625e+02 -1.389339477539062500e+03
2.636919403076171875e+01 -2.326862487792968750e+02 -1.390476928710937500e+03
2.996641159057617188e+01 -2.373124389648437500e+02 -1.389243652343750000e+03
5.645738220214843750e+01 -2.551106567382812500e+02 -1.387257690429687500e+03
5.861666488647460938e+01 -2.623872985839843750e+02 -1.387136108398437500e+03
-6.969239807128906250e+01 -2.089368286132812500e+02 -1.386044799804687500e+03
2.708342742919921875e+01 -2.576111450195312500e+02 -1.385163940429687500e+03
6.114603042602539062e+01 -2.674027404785156250e+02 -1.377241088867187500e+03
-4.348755264282226562e+01 -2.260436401367187500e+02 -1.381676879882812500e+03
8.840840148925781250e+01 -2.771167297363281250e+02 -1.381732055664062500e+03
-6.151877975463867188e+01 -2.178773803710937500e+02 -1.381711791992187500e+03
-3.115911245346069336e+00 -2.285376281738281250e+02 -1.381593994140625000e+03
3.028944778442382812e+01 -2.434048156738281250e+02 -1.381715209960937500e+03
5.307537078857421875e+01 -2.577702331542968750e+02 -1.383368408203125000e+03
-6.637929534912109375e+01 -2.155771789550781250e+02 -1.376645629882812500e+03
9.321716308593750000e+00 -2.344956207275390625e+02 -1.383955322265625000e+03
-4.483792495727539062e+01 -2.591745605468750000e+02 -1.378622558593750000e+03
3.104333114624023438e+01 -2.435812835693359375e+02 -1.376702758789062500e+03
2.469031143188476562e+01 -2.569653625488281250e+02 -1.379071044921875000e+03
6.155298995971679688e+01 -2.423594512939453125e+02 -1.379688476562500000e+03
-5.635348129272460938e+01 -2.257944030761718750e+02 -1.376944213867187500e+03
-5.514373016357421875e+01 -2.294804687500000000e+02 -1.377934326171875000e+03
1.078305602073669434e+00 -2.373140106201171875e+02 -1.376308837890625000e+03
2.789493179321289062e+01 -2.470340270996093750e+02 -1.373526977539062500e+03
2.923818778991699219e+01 -2.372648773193359375e+02 -1.379160888671875000e+03
-5.069098281860351562e+01 -2.271089477539062500e+02 -1.374486694335937500e+03
-4.637026214599609375e+01 -2.430092163085937500e+02 -1.374757202148437500e+03
6.853374958038330078e+00 -2.328305664062500000e+02 -1.373980224609375000e+03
9.670647621154785156e+00 -2.372253417968750000e+02 -1.371970825195312500e+03
6.035204315185546875e+01 -2.597807922363281250e+02 -1.374338500976562500e+03
6.606062316894531250e+01 -2.452996063232421875e+02 -1.374422729492187500e+03
-3.678907775878906250e+01 -2.282414245605468750e+02 -1.374191284179687500e+03
4.487284851074218750e+01 -2.502479248046875000e+02 -1.371415405273437500e+03
-3.222327041625976562e+01 -2.332804565429687500e+02 -1.370950317382812500e+03
3.201480102539062500e+01 -2.510487976074218750e+02 -1.371764282226562500e+03
-3.672150039672851562e+01 -2.378759155273437500e+02 -1.371836914062500000e+03
-1.494281101226806641e+01 -2.567691955566406250e+02 -1.370624389648437500e+03
-2.282067108154296875e+01 -2.298856506347656250e+02 -1.369869506835937500e+03
3.179073333740234375e+01 -2.461101989746093750e+02 -1.367746582031250000e+03
-1.362453460693359375e+01 -2.373897705078125000e+02 -1.371571533203125000e+03
2.001969337463378906e+01 -2.314233398437500000e+02 -1.371261962890625000e+03
-2.183879661560058594e+01 -2.470011138916015625e+02 -1.368331176757812500e+03
2.975135231018066406e+01 -2.392993927001953125e+02 -1.371569458007812500e+03
-2.323617744445800781e+01 -2.257661285400390625e+02 -1.369690429687500000e+03
6.051451110839843750e+01 -2.491547851562500000e+02 -1.370670410156250000e+03
4.913447570800781250e+01 -2.448586425781250000e+02 -1.368299804687500000e+03
5.767477416992187500e+01 -2.593812866210937500e+02 -1.370820068359375000e+03
-6.004196929931640625e+01 -2.457818908691406250e+02 -1.368571044921875000e+03
6.413764190673828125e+01 -2.529375915527343750e+02 -1.366795532226562500e+03
1.521315574645996094e+01 -2.457298126220703125e+02 -1.368883789062500000e+03
-2.901551055908203125e+01 -2.385291290283203125e+02 -1.366664672851562500e+03
-2.280758619308471680e+00 -2.519977416992187500e+02 -1.365959350585937500e+03
-5.847922134399414062e+01 -2.280543365478515625e+02 -1.365516723632812500e+03
-6.441414642333984375e+01 -2.244907531738281250e+02 -1.365927124023437500e+03
-1.438531398773193359e+01 -2.427494049072265625e+02 -1.364711547851562500e+03
9.686656951904296875e+00 -2.391046905517578125e+02 -1.366943969726562500e+03
3.248836517333984375e+01 -2.310225982666015625e+02 -1.366200683593750000e+03
-4.733713531494140625e+01 -2.377370300292968750e+02 -1.363915527343750000e+03
4.714489746093750000e+01 -2.479455566406250000e+02 -1.366351562500000000e+03
-4.150734329223632812e+01 -2.281199188232421875e+02 -1.365718017578125000e+03
-3.556696701049804688e+01 -2.332389068603515625e+02 -1.365288085937500000e+03
