8.547747802734375000e+01 -2.344964599609375000e+02 -1.576105712890625000e+03
1.043773574829101562e+02 -2.304586791992187500e+02 -1.566422973632812500e+03
9.095954132080078125e+01 -2.380645294189453125e+02 -1.563117065429687500e+03
1.719177436828613281e+01 -2.369147491455078125e+02 -1.556019409179687500e+03
4.871078872680664062e+01 -2.416507263183593750e+02 -1.552287963867187500e+03
2.274214172363281250e+01 -2.460394744873046875e+02 -1.553170288085937500e+03
1.095867233276367188e+02 -2.461721649169921875e+02 -1.551981689453125000e+03
1.083323822021484375e+02 -2.525294952392578125e+02 -1.554345336914062500e+03
8.281100463867187500e+01 -2.244141540527343750e+02 -1.547011718750000000e+03
5.683821105957031250e+01 -2.442710876464843750e+02 -1.546581298828125000e+03
-4.423469543457031250e+00 -2.520657196044921875e+02 -1.536647094726562500e+03
1.083087615966796875e+02 -2.476619262695312500e+02 -1.547407226562500000e+03
2.133816146850585938e+01 -2.551141357421875000e+02 -1.534316528320312500e+03
1.199083557128906250e+02 -2.650215759277343750e+02 -1.532201782226562500e+03
-1.241018486022949219e+01 -2.334856109619140625e+02 -1.531884277343750000e+03
-3.307081985473632812e+01 -2.398659973144531250e+02 -1.528795532226562500e+03
1.123979187011718750e+02 -3.031176452636718750e+02 -1.534934326171875000e+03
1.389844799041748047e+01 -2.477600250244140625e+02 -1.525022827148437500e+03
1.278652420043945312e+02 -2.411666259765625000e+02 -1.522296142578125000e+03
4.683039665222167969e+00 -2.406090393066406250e+02 -1.524045654296875000e+03
-4.950321578979492188e+01 -2.391425628662109375e+02 -1.513680541992187500e+03
1.284016571044921875e+02 -2.271736145019531250e+02 -1.521056518554687500e+03
9.758369445800781250e+01 -2.516274719238281250e+02 -1.523777465820312500e+03
1.286790161132812500e+02 -2.272119445800781250e+02 -1.515836059570312500e+03
6.598213195800781250e+01 -2.409968261718750000e+02 -1.521114501953125000e+03
2.814584922790527344e+01 -2.450824737548828125e+02 -1.514395629882812500e+03
8.481777954101562500e+01 -2.467911071777343750e+02 -1.513678710937500000e+03
1.100156784057617188e+02 -2.888758239746093750e+02 -1.490772583007812500e+03
3.504323720932006836e+00 -2.365777282714843750e+02 -1.510553833007812500e+03
1.208405075073242188e+02 -2.735648498535156250e+02 -1.497311645507812500e+03
3.046057701110839844e+01 -2.441662750244140625e+02 -1.503713989257812500e+03
1.210895309448242188e+02 -2.256148071289062500e+02 -1.491595703125000000e+03
1.224405517578125000e+02 -2.646789855957031250e+02 -1.487369506835937500e+03
8.680647277832031250e+01 -2.540069274902343750e+02 -1.496678588867187500e+03
-1.321323394775390625e+01 -2.542442932128906250e+02 -1.479338500976562500e+03
1.018143005371093750e+02 -3.154411315917968750e+02 -1.488820190429687500e+03
1.052396697998046875e+02 -2.933265991210937500e+02 -1.477068969726562500e+03
2.133759498596191406e+01 -2.417218475341796875e+02 -1.489824951171875000e+03
-3.698081588745117188e+01 -2.473520507812500000e+02 -1.466262451171875000e+03
6.331708145141601562e+01 -2.580770263671875000e+02 -1.486541748046875000e+03
1.169031448364257812e+02 -2.233366241455078125e+02 -1.480774536132812500e+03
1.265489730834960938e+02 -2.531448059082031250e+02 -1.481307128906250000e+03
1.781252670288085938e+01 -2.432610015869140625e+02 -1.483032348632812500e+03
1.130111999511718750e+02 -2.267858276367187500e+02 -1.461516967773437500e+03
1.196161804199218750e+02 -2.666042785644531250e+02 -1.459789672851562500e+03
5.334305572509765625e+01 -2.600271301269531250e+02 -1.463957397460937500e+03
-4.998548507690429688e+01 -2.529819335937500000e+02 -1.448176879882812500e+03
1.129235000610351562e+02 -2.753922119140625000e+02 -1.457591430664062500e+03
5.170346069335937500e+01 -2.588210144042968750e+02 -1.461778564453125000e+03
8.500471496582031250e+01 -2.590524597167968750e+02 -1.455081176757812500e+03
7.013096618652343750e+01 -2.479419403076171875e+02 -1.444809692382812500e+03
2.178638648986816406e+01 -2.443970184326171875e+02 -1.467365356445312500e+03
7.582240295410156250e+01 -2.536918792724609375e+02 -1.442440185546875000e+03
1.124307327270507812e+02 -2.446455078125000000e+02 -1.440644165039062500e+03
5.666072082519531250e+01 -2.373877868652343750e+02 -1.447103881835937500e+03
1.104734878540039062e+02 -2.567859802246093750e+02 -1.432579711914062500e+03
-1.575858306884765625e+01 -2.509581146240234375e+02 -1.425662963867187500e+03
-1.274056196212768555e+00 -2.520822906494140625e+02 -1.420653564453125000e+03
6.941770172119140625e+01 -2.640765380859375000e+02 -1.420421875000000000e+03
-3.758615112304687500e+01 -2.549685516357421875e+02 -1.416145874023437500e+03
1.096521530151367188e+02 -2.349224548339843750e+02 -1.416776000976562500e+03
6.762017726898193359e+00 -2.518453674316406250e+02 -1.426597656250000000e+03
7.642189788818359375e+01 -2.569158630371093750e+02 -1.417593994140625000e+03
-9.679884910583496094e-01 -2.475537261962890625e+02 -1.407352905273437500e+03
6.698976898193359375e+01 -2.331751098632812500e+02 -1.417918701171875000e+03
7.003577423095703125e+01 -2.695105895996093750e+02 -1.407002685546875000e+03
6.002956390380859375e+01 -2.773634033203125000e+02 -1.409236938476562500e+03
1.091111907958984375e+02 -2.243567657470703125e+02 -1.410257080078125000e+03
7.843264770507812500e+01 -2.513805389404296875e+02 -1.409522338867187500e+03
7.257417297363281250e+01 -2.398901062011718750e+02 -1.409908447265625000e+03
7.215694427490234375e+01 -2.410241546630859375e+02 -1.405510253906250000e+03
4.399158096313476562e+01 -2.321961822509765625e+02 -1.407397338867187500e+03
7.645265960693359375e+01 -2.473546295166015625e+02 -1.401246948242187500e+03
4.971154785156250000e+01 -2.616093750000000000e+02 -1.396761108398437500e+03
2.045194625854492188e+01 -2.360910034179687500e+02 -1.394946533203125000e+03
7.340986633300781250e+01 -2.559354858398437500e+02 -1.398231201171875000e+03
5.089393997192382812e+01 -2.413151397705078125e+02 -1.396500854492187500e+03
8.696572303771972656e+00 -2.349081115722656250e+02 -1.392229125976562500e+03
3.315444946289062500e+01 -2.485860137939453125e+02 -1.389552612304687500e+03
2.529487800598144531e+01 -2.313497314453125000e+02 -1.390980957031250000e+03
2.888225746154785156e+01 -2.362495727539062500e+02 -1.389719848632812500e+03
5.651148223876953125e+01 -2.552565307617187500e+02 -1.387379638671875000e+03
5.865816879272460938e+01 -2.624119873046875000e+02 -1.387310302734375000e+03
-6.980117034912109375e+01 -2.090776062011718750e+02 -1.386052978515625000e+03
2.666341972351074219e+01 -2.576783447265625000e+02 -1.385413574218750000e+03
6.107898712158203125e+01 -2.676082153320312500e+02 -1.377288940429687500e+03
-4.358162307739257812e+01 -2.261188049316406250e+02 -1.381691284179687500e+03
8.837968444824218750e+01 -2.771353454589843750e+02 -1.381980834960937500e+03
-6.162616348266601562e+01 -2.180165100097656250e+02 -1.381695190429687500e+03
-3.249851465225219727e+00 -2.285310363769531250e+02 -1.381582885742187500e+03
2.944638252258300781e+01 -2.429826354980468750e+02 -1.381752441406250000e+03
5.309970855712890625e+01 -2.579411010742187500e+02 -1.383559204101562500e+03
-6.648102569580078125e+01 -2.157269592285156250e+02 -1.376615478515625000e+03
8.604236602783203125e+00 -2.339524383544921875e+02 -1.384168457031250000e+03
-4.491041183471679688e+01 -2.592810974121093750e+02 -1.378655395507812500e+03
3.043678474426269531e+01 -2.432463684082031250e+02 -1.377019897460937500e+03
2.431567573547363281e+01 -2.570027160644531250e+02 -1.379184326171875000e+03
6.140662765502929688e+01 -2.424681701660156250e+02 -1.379571777343750000e+03
-5.646491241455078125e+01 -2.259367828369140625e+02 -1.376926147460937500e+03
-5.525047683715820312e+01 -2.296183319091796875e+02 -1.377885742187500000e+03
8.224224448204040527e-01 -2.372469329833984375e+02 -1.376295288085937500e+03
2.728636550903320312e+01 -2.468155822753906250e+02 -1.373722778320312500e+03
2.826755905151367188e+01 -2.366775360107421875e+02 -1.379512939453125000e+03
-5.080361938476562500e+01 -2.271820068359375000e+02 -1.374597290039062500e+03
-4.644488143920898438e+01 -2.431508026123046875e+02 -1.374742675781250000e+03
6.398683547973632812e+00 -2.329686737060546875e+02 -1.373944091796875000e+03
9.167404174804687500e+00 -2.373486328125000000e+02 -1.371989746093750000e+03
6.028085708618164062e+01 -2.600203857421875000e+02 -1.374330688476562500e+03
6.581110382080078125e+01 -2.453923950195312500e+02 -1.374273559570312500e+03
-3.688724899291992188e+01 -2.283188476562500000e+02 -1.374153198242187500e+03
4.498155975341796875e+01 -2.502591247558593750e+02 -1.371228027343750000e+03
-3.233119583129882812e+01 -2.333226928710937500e+02 -1.370908081054687500e+03
3.166558265686035156e+01 -2.510172119140625000e+02 -1.371905639648437500e+03
-3.681164932250976562e+01 -2.379389801025390625e+02 -1.371777099609375000e+03
-1.507155513763427734e+01 -2.568209533691406250e+02 -1.370667236328125000e+03
-2.287805175781250000e+01 -2.299633331298828125e+02 -1.369743652343750000e+03
3.140036773681640625e+01 -2.459494476318359375e+02 -1.367813842773437500e+03
-1.366902065277099609e+01 -2.376095733642578125e+02 -1.371379272460937500e+03
1.914403343200683594e+01 -2.312447509765625000e+02 -1.371032714843750000e+03
-2.203062629699707031e+01 -2.470800170898437500e+02 -1.368166015625000000e+03
2.896995735168457031e+01 -2.388211822509765625e+02 -1.371859252929687500e+03
-2.330175590515136719e+01 -2.258856811523437500e+02 -1.369542846679687500e+03
6.038068771362304688e+01 -2.492198333740234375e+02 -1.370542480468750000e+03
4.910139465332031250e+01 -2.448730773925781250e+02 -1.368325439453125000e+03
5.756467056274414062e+01 -2.595644836425781250e+02 -1.370833129882812500e+03
-6.015253067016601562e+01 -2.459038543701171875e+02 -1.368539062500000000e+03
6.397090911865234375e+01 -2.530710449218750000e+02 -1.366667480468750000e+03
1.471568489074707031e+01 -2.460071716308593750e+02 -1.368730224609375000e+03
-2.913837051391601562e+01 -2.386197357177734375e+02 -1.366508178710937500e+03
-2.399746417999267578e+00 -2.522068328857421875e+02 -1.365833740234375000e+03
-5.861794662475585938e+01 -2.281548004150390625e+02 -1.365600585937500000e+03
-6.455000305175781250e+01 -2.246092529296875000e+02 -1.365961303710937500e+03
-1.444457435607910156e+01 -2.430138397216796875e+02 -1.364545166015625000e+03
9.299369812011718750e+00 -2.392429809570312500e+02 -1.366957153320312500e+03
3.182357978820800781e+01 -2.303552551269531250e+02 -1.366707519531250000e+03
-4.743593215942382812e+01 -2.378307647705078125e+02 -1.363992065429687500e+03
4.702622222900390625e+01 -2.479658355712890625e+02 -1.366315917968750000e+03
-4.163760375976562500e+01 -2.282088623046875000e+02 -1.365735717773437500e+03
-3.567666625976562500e+01 -2.332941284179687500e+02 -1.365275756835937500e+03
