8.524597167968750000e+01 -2.344777679443359375e+02 -1.576481445312500000e+03
1.044994049072265625e+02 -2.306926727294921875e+02 -1.565934326171875000e+03
9.133888244628906250e+01 -2.379802856445312500e+02 -1.563775512695312500e+03
1.721517562866210938e+01 -2.370174560546875000e+02 -1.556053344726562500e+03
4.879592895507812500e+01 -2.417386627197265625e+02 -1.551984619140625000e+03
2.228609085083007812e+01 -2.459685516357421875e+02 -1.553043579101562500e+03
1.092667312622070312e+02 -2.458694763183593750e+02 -1.552250610351562500e+03
1.083095855712890625e+02 -2.526446228027343750e+02 -1.554589843750000000e+03
8.249798583984375000e+01 -2.248055419921875000e+02 -1.547210815429687500e+03
5.639997482299804688e+01 -2.445652313232421875e+02 -1.545911132812500000e+03
-4.420145988464355469e+00 -2.521642150878906250e+02 -1.536445434570312500e+03
1.078420486450195312e+02 -2.473683929443359375e+02 -1.547772094726562500e+03
2.137199783325195312e+01 -2.554046173095703125e+02 -1.534197753906250000e+03
1.195612640380859375e+02 -2.652912292480468750e+02 -1.531934692382812500e+03
-1.251368999481201172e+01 -2.332705535888671875e+02 -1.532206909179687500e+03
-3.320304107666015625e+01 -2.397479705810546875e+02 -1.529050292968750000e+03
1.122096405029296875e+02 -3.027593994140625000e+02 -1.535250976562500000e+03
1.318434906005859375e+01 -2.472383117675781250e+02 -1.525770385742187500e+03
1.276733703613281250e+02 -2.411206665039062500e+02 -1.523505493164062500e+03
4.218056201934814453e+00 -2.398898925781250000e+02 -1.525042602539062500e+03
-4.951353073120117188e+01 -2.391688537597656250e+02 -1.513655395507812500e+03
1.280087127685546875e+02 -2.269266052246093750e+02 -1.522742797851562500e+03
9.671541595458984375e+01 -2.517319946289062500e+02 -1.524202026367187500e+03
1.280738220214843750e+02 -2.271672363281250000e+02 -1.517313598632812500e+03
6.479992675781250000e+01 -2.407324218750000000e+02 -1.520764892578125000e+03
2.748311805725097656e+01 -2.453220520019531250e+02 -1.514235351562500000e+03
8.474300384521484375e+01 -2.466380004882812500e+02 -1.513634399414062500e+03
1.103411178588867188e+02 -2.892285766601562500e+02 -1.490860961914062500e+03
3.893821477890014648e+00 -2.357573852539062500e+02 -1.511080322265625000e+03
1.207957000732421875e+02 -2.734512939453125000e+02 -1.497272094726562500e+03
3.014098358154296875e+01 -2.431183776855468750e+02 -1.504273437500000000e+03
1.212004089355468750e+02 -2.250395507812500000e+02 -1.490949951171875000e+03
1.225249557495117188e+02 -2.648272705078125000e+02 -1.487682983398437500e+03
8.636577606201171875e+01 -2.543929748535156250e+02 -1.496395507812500000e+03
-1.254994201660156250e+01 -2.540759735107421875e+02 -1.479339721679687500e+03
1.022740707397460938e+02 -3.156363220214843750e+02 -1.488933349609375000e+03
1.054588546752929688e+02 -2.936850585937500000e+02 -1.476762207031250000e+03
2.283899497985839844e+01 -2.415798645019531250e+02 -1.489918334960937500e+03
-3.691470336914062500e+01 -2.476744689941406250e+02 -1.466260620117187500e+03
6.355600738525390625e+01 -2.579420471191406250e+02 -1.486771728515625000e+03
1.183497467041015625e+02 -2.218956146240234375e+02 -1.480195434570312500e+03
1.270741348266601562e+02 -2.528282928466796875e+02 -1.481445434570312500e+03
1.960036277770996094e+01 -2.432850189208984375e+02 -1.482924072265625000e+03
1.151075286865234375e+02 -2.249210205078125000e+02 -1.460856079101562500e+03
1.195099868774414062e+02 -2.665890808105468750e+02 -1.459763061523437500e+03
5.328634643554687500e+01 -2.600726928710937500e+02 -1.464231933593750000e+03
-5.001973724365234375e+01 -2.529493865966796875e+02 -1.448255371093750000e+03
1.127194061279296875e+02 -2.752050476074218750e+02 -1.457134521484375000e+03
5.161323928833007812e+01 -2.589071960449218750e+02 -1.462076904296875000e+03
8.436479949951171875e+01 -2.592428588867187500e+02 -1.455287841796875000e+03
6.951205444335937500e+01 -2.483649749755859375e+02 -1.445415283203125000e+03
2.209476280212402344e+01 -2.443740844726562500e+02 -1.467062866210937500e+03
7.537158966064453125e+01 -2.538813323974609375e+02 -1.442888305664062500e+03
1.127289657592773438e+02 -2.441904602050781250e+02 -1.441151855468750000e+03
5.656337356567382812e+01 -2.378040008544921875e+02 -1.447643188476562500e+03
1.105893783569335938e+02 -2.565098571777343750e+02 -1.433017211914062500e+03
-1.598860740661621094e+01 -2.511146697998046875e+02 -1.425531372070312500e+03
-1.515242099761962891e+00 -2.520487365722656250e+02 -1.420356689453125000e+03
6.901462554931640625e+01 -2.641461791992187500e+02 -1.420353881835937500e+03
-3.766389846801757812e+01 -2.549555358886718750e+02 -1.416182495117187500e+03
1.101468048095703125e+02 -2.346702270507812500e+02 -1.416310546875000000e+03
6.632538318634033203e+00 -2.519279785156250000e+02 -1.426236816406250000e+03
7.630859375000000000e+01 -2.573799133300781250e+02 -1.417558227539062500e+03
-1.126641273498535156e+00 -2.471049652099609375e+02 -1.407234863281250000e+03
6.692494201660156250e+01 -2.336262207031250000e+02 -1.417861083984375000e+03
7.001611328125000000e+01 -2.696198730468750000e+02 -1.406821655273437500e+03
5.992498016357421875e+01 -2.773159179687500000e+02 -1.409259521484375000e+03
1.093176040649414062e+02 -2.241699523925781250e+02 -1.410082641601562500e+03
7.794451141357421875e+01 -2.517751464843750000e+02 -1.409227905273437500e+03
7.260713958740234375e+01 -2.401931610107421875e+02 -1.409437011718750000e+03
7.218647003173828125e+01 -2.411844329833984375e+02 -1.405004638671875000e+03
4.430666732788085938e+01 -2.322025909423828125e+02 -1.406885620117187500e+03
7.610874176025390625e+01 -2.475385742187500000e+02 -1.400993774414062500e+03
4.968904876708984375e+01 -2.619920959472656250e+02 -1.396894287109375000e+03
2.058812904357910156e+01 -2.357270202636718750e+02 -1.394651367187500000e+03
7.341314697265625000e+01 -2.560791931152343750e+02 -1.398077758789062500e+03
5.083482360839843750e+01 -2.413941345214843750e+02 -1.396173583984375000e+03
8.685396194458007812e+00 -2.346306304931640625e+02 -1.391797363281250000e+03
3.323941040039062500e+01 -2.486667633056640625e+02 -1.389420043945312500e+03
2.519211959838867188e+01 -2.315124206542968750e+02 -1.390315185546875000e+03
2.888509750366210938e+01 -2.362579650878906250e+02 -1.389141601562500000e+03
5.642439651489257812e+01 -2.556517791748046875e+02 -1.387384033203125000e+03
5.868371582031250000e+01 -2.628616027832031250e+02 -1.387374023437500000e+03
-6.986746978759765625e+01 -2.091293334960937500e+02 -1.386061035156250000e+03
2.682744598388671875e+01 -2.574844360351562500e+02 -1.385461303710937500e+03
6.112715148925781250e+01 -2.677340698242187500e+02 -1.377378051757812500e+03
-4.358880996704101562e+01 -2.261653442382812500e+02 -1.381693115234375000e+03
8.820426940917968750e+01 -2.770127258300781250e+02 -1.381994262695312500e+03
-6.167415618896484375e+01 -2.180724487304687500e+02 -1.381708129882812500e+03
-3.324617147445678711e+00 -2.284854278564453125e+02 -1.380970581054687500e+03
2.950936508178710938e+01 -2.431267547607421875e+02 -1.381546997070312500e+03
5.296412277221679688e+01 -2.582017517089843750e+02 -1.383556152343750000e+03
-6.653211212158203125e+01 -2.157492523193359375e+02 -1.376623413085937500e+03
8.694377899169921875e+00 -2.337873535156250000e+02 -1.383778686523437500e+03
-4.493621063232421875e+01 -2.593242492675781250e+02 -1.378695190429687500e+03
3.029469108581542969e+01 -2.436258392333984375e+02 -1.376693481445312500e+03
2.445282363891601562e+01 -2.568023071289062500e+02 -1.379238281250000000e+03
6.105531692504882812e+01 -2.425118560791015625e+02 -1.379840576171875000e+03
-5.650041961669921875e+01 -2.259673309326171875e+02 -1.376937011718750000e+03
-5.528849792480468750e+01 -2.296371917724609375e+02 -1.377902465820312500e+03
8.753946423530578613e-01 -2.373313598632812500e+02 -1.375854248046875000e+03
2.720879936218261719e+01 -2.471929321289062500e+02 -1.373354248046875000e+03
2.821259117126464844e+01 -2.371540832519531250e+02 -1.379071533203125000e+03
-5.087478256225585938e+01 -2.272287139892578125e+02 -1.374599609375000000e+03
-4.650358963012695312e+01 -2.431768341064453125e+02 -1.374754272460937500e+03
6.717375278472900391e+00 -2.330892486572265625e+02 -1.373745117187500000e+03
9.322083473205566406e+00 -2.375825500488281250e+02 -1.371708251953125000e+03
6.031869506835937500e+01 -2.601130676269531250e+02 -1.374435913085937500e+03
6.551716613769531250e+01 -2.453887786865234375e+02 -1.374408325195312500e+03
-3.685395812988281250e+01 -2.283274993896484375e+02 -1.374140991210937500e+03
4.477852249145507812e+01 -2.504188079833984375e+02 -1.371374267578125000e+03
-3.234947204589843750e+01 -2.333972625732421875e+02 -1.370844482421875000e+03
3.167037200927734375e+01 -2.510668640136718750e+02 -1.371811523437500000e+03
-3.683878326416015625e+01 -2.379640655517578125e+02 -1.371747802734375000e+03
-1.508724498748779297e+01 -2.569457397460937500e+02 -1.370600952148437500e+03
-2.289014816284179688e+01 -2.299515686035156250e+02 -1.369528564453125000e+03
3.133900070190429688e+01 -2.463593139648437500e+02 -1.367576904296875000e+03
-1.355917263031005859e+01 -2.378110656738281250e+02 -1.371128173828125000e+03
1.911352157592773438e+01 -2.320440368652343750e+02 -1.370574584960937500e+03
-2.196262168884277344e+01 -2.471533966064453125e+02 -1.368057861328125000e+03
2.874732208251953125e+01 -2.394633026123046875e+02 -1.371373046875000000e+03
-2.326051139831542969e+01 -2.258842926025390625e+02 -1.369335083007812500e+03
6.029903793334960938e+01 -2.493985595703125000e+02 -1.370665893554687500e+03
4.899597930908203125e+01 -2.448360748291015625e+02 -1.368407836914062500e+03
5.755258941650390625e+01 -2.596740417480468750e+02 -1.370889038085937500e+03
-6.018380737304687500e+01 -2.459146728515625000e+02 -1.368550170898437500e+03
6.396314620971679688e+01 -2.531897735595703125e+02 -1.366732177734375000e+03
1.494654846191406250e+01 -2.464116058349609375e+02 -1.368623168945312500e+03
-2.913290214538574219e+01 -2.386813507080078125e+02 -1.366441162109375000e+03
-2.390670537948608398e+00 -2.524427795410156250e+02 -1.365583740234375000e+03
-5.867244720458984375e+01 -2.281923217773437500e+02 -1.365593139648437500e+03
-6.458858489990234375e+01 -2.246483306884765625e+02 -1.365941162109375000e+03
-1.440579700469970703e+01 -2.431976776123046875e+02 -1.364370727539062500e+03
9.395440101623535156e+00 -2.394971771240234375e+02 -1.366673339843750000e+03
3.138953399658203125e+01 -2.312167358398437500e+02 -1.365933227539062500e+03
-4.751183700561523438e+01 -2.378398437500000000e+02 -1.363996826171875000e+03
4.697335815429687500e+01 -2.478935852050781250e+02 -1.366441162109375000e+03
-4.160723876953125000e+01 -2.282171173095703125e+02 -1.365691284179687500e+03
-3.569443893432617188e+01 -2.333629455566406250e+02 -1.365207031250000000e+03
