8.544244384765625000e+01 -2.345885467529296875e+02 -1.576277709960937500e+03
1.045591354370117188e+02 -2.306818695068359375e+02 -1.566443481445312500e+03
9.142891693115234375e+01 -2.381781005859375000e+02 -1.563683715820312500e+03
1.700769805908203125e+01 -2.370034027099609375e+02 -1.555939941406250000e+03
4.916704940795898438e+01 -2.417595062255859375e+02 -1.552460327148437500e+03
2.241541671752929688e+01 -2.459387817382812500e+02 -1.553366210937500000e+03
1.093926925659179688e+02 -2.459796447753906250e+02 -1.552168701171875000e+03
1.082355041503906250e+02 -2.526259460449218750e+02 -1.554531372070312500e+03
8.355594635009765625e+01 -2.245180816650390625e+02 -1.547700805664062500e+03
5.730358886718750000e+01 -2.443827972412109375e+02 -1.546772583007812500e+03
-4.294704914093017578e+00 -2.520820770263671875e+02 -1.536899902343750000e+03
1.082082214355468750e+02 -2.474921417236328125e+02 -1.547706176757812500e+03
2.205981826782226562e+01 -2.549244232177734375e+02 -1.534767456054687500e+03
1.201784515380859375e+02 -2.648378906250000000e+02 -1.532611572265625000e+03
-1.234656620025634766e+01 -2.333783111572265625e+02 -1.531981689453125000e+03
-3.322790145874023438e+01 -2.400519561767578125e+02 -1.528746948242187500e+03
1.122971115112304688e+02 -3.032019653320312500e+02 -1.534848022460937500e+03
1.410858058929443359e+01 -2.473191680908203125e+02 -1.525721191406250000e+03
1.286496276855468750e+02 -2.410980834960937500e+02 -1.523835449218750000e+03
4.774908065795898438e+00 -2.402022247314453125e+02 -1.524704833984375000e+03
-4.951544952392578125e+01 -2.391659851074218750e+02 -1.513844970703125000e+03
1.295601043701171875e+02 -2.269358215332031250e+02 -1.523203369140625000e+03
9.834960174560546875e+01 -2.518359375000000000e+02 -1.524635498046875000e+03
1.296682891845703125e+02 -2.272386322021484375e+02 -1.517870605468750000e+03
6.718430328369140625e+01 -2.407696990966796875e+02 -1.521719848632812500e+03
2.865769767761230469e+01 -2.447720947265625000e+02 -1.514691894531250000e+03
8.619586944580078125e+01 -2.469805145263671875e+02 -1.514521362304687500e+03
1.104938583374023438e+02 -2.893426208496093750e+02 -1.490973632812500000e+03
3.932754993438720703e+00 -2.357199249267578125e+02 -1.510932250976562500e+03
1.211099777221679688e+02 -2.740572509765625000e+02 -1.497383422851562500e+03
3.098015022277832031e+01 -2.432153472900390625e+02 -1.503672973632812500e+03
1.217650451660156250e+02 -2.264702453613281250e+02 -1.493039428710937500e+03
1.226461257934570312e+02 -2.655233459472656250e+02 -1.487967407226562500e+03
8.778607177734375000e+01 -2.543669891357421875e+02 -1.496942138671875000e+03
-1.184147453308105469e+01 -2.537653198242187500e+02 -1.479932373046875000e+03
1.014146423339843750e+02 -3.156283874511718750e+02 -1.488921875000000000e+03
1.055296554565429688e+02 -2.937842407226562500e+02 -1.477162597656250000e+03
2.292585754394531250e+01 -2.410347442626953125e+02 -1.489893432617187500e+03
-3.713470840454101562e+01 -2.479883270263671875e+02 -1.465950317382812500e+03
6.452040100097656250e+01 -2.580662231445312500e+02 -1.486181762695312500e+03
1.177922286987304688e+02 -2.239824523925781250e+02 -1.482355957031250000e+03
1.270669403076171875e+02 -2.540217895507812500e+02 -1.482229492187500000e+03
1.954827117919921875e+01 -2.427146759033203125e+02 -1.483143554687500000e+03
1.141934661865234375e+02 -2.272312469482421875e+02 -1.463374755859375000e+03
1.203352737426757812e+02 -2.674969482421875000e+02 -1.460529907226562500e+03
5.473828125000000000e+01 -2.599526672363281250e+02 -1.463676757812500000e+03
-5.007749176025390625e+01 -2.529842224121093750e+02 -1.448292358398437500e+03
1.137328033447265625e+02 -2.760927124023437500e+02 -1.458018310546875000e+03
5.309727859497070312e+01 -2.587507324218750000e+02 -1.461504760742187500e+03
8.627570343017578125e+01 -2.594403076171875000e+02 -1.455294433593750000e+03
7.161075592041015625e+01 -2.483141326904296875e+02 -1.444660522460937500e+03
2.311352157592773438e+01 -2.437769775390625000e+02 -1.467042846679687500e+03
7.746614074707031250e+01 -2.539690093994140625e+02 -1.442238769531250000e+03
1.140706634521484375e+02 -2.454750671386718750e+02 -1.441890625000000000e+03
5.819163513183593750e+01 -2.373136138916015625e+02 -1.446642578125000000e+03
1.122366256713867188e+02 -2.579847106933593750e+02 -1.433629516601562500e+03
-1.618871116638183594e+01 -2.517183074951171875e+02 -1.425520629882812500e+03
-1.707918524742126465e+00 -2.526422119140625000e+02 -1.420364624023437500e+03
7.002751159667968750e+01 -2.646309204101562500e+02 -1.420052490234375000e+03
-3.762215042114257812e+01 -2.552023162841796875e+02 -1.416130249023437500e+03
1.117825775146484375e+02 -2.354079132080078125e+02 -1.416800659179687500e+03
6.684708118438720703e+00 -2.522205047607421875e+02 -1.426420654296875000e+03
7.738449096679687500e+01 -2.574449768066406250e+02 -1.417245239257812500e+03
-1.433385848999023438e+00 -2.478024444580078125e+02 -1.407143432617187500e+03
6.802992248535156250e+01 -2.334555358886718750e+02 -1.416804931640625000e+03
7.003293609619140625e+01 -2.698634338378906250e+02 -1.406820068359375000e+03
6.011053848266601562e+01 -2.776133422851562500e+02 -1.409529052734375000e+03
1.111177597045898438e+02 -2.250348663330078125e+02 -1.410880004882812500e+03
7.886671447753906250e+01 -2.518768920898437500e+02 -1.408854614257812500e+03
7.297277832031250000e+01 -2.400330657958984375e+02 -1.408634033203125000e+03
7.236399078369140625e+01 -2.411942596435546875e+02 -1.404291625976562500e+03
4.455156707763671875e+01 -2.317937927246093750e+02 -1.406251464843750000e+03
7.664868927001953125e+01 -2.477372283935546875e+02 -1.400668334960937500e+03
4.961848449707031250e+01 -2.614564819335937500e+02 -1.396738769531250000e+03
2.062957954406738281e+01 -2.363246459960937500e+02 -1.394829956054687500e+03
7.341869354248046875e+01 -2.561773376464843750e+02 -1.398197509765625000e+03
5.106431579589843750e+01 -2.409655151367187500e+02 -1.395708251953125000e+03
8.444108963012695312e+00 -2.350311889648437500e+02 -1.392217407226562500e+03
3.341424179077148438e+01 -2.488315582275390625e+02 -1.389404541015625000e+03
2.530697441101074219e+01 -2.317764434814453125e+02 -1.390812988281250000e+03
2.910074424743652344e+01 -2.365588531494140625e+02 -1.389582031250000000e+03
5.646912765502929688e+01 -2.553237915039062500e+02 -1.387347534179687500e+03
5.865702056884765625e+01 -2.626813659667968750e+02 -1.387285644531250000e+03
-6.989156341552734375e+01 -2.092769775390625000e+02 -1.386129760742187500e+03
2.674108886718750000e+01 -2.576693725585937500e+02 -1.385363525390625000e+03
6.115718078613281250e+01 -2.676523132324218750e+02 -1.377522705078125000e+03
-4.368889999389648438e+01 -2.262639312744140625e+02 -1.381740966796875000e+03
8.841790008544921875e+01 -2.772253112792968750e+02 -1.381954101562500000e+03
-6.167692947387695312e+01 -2.181990203857421875e+02 -1.381798583984375000e+03
-3.479372739791870117e+00 -2.286708679199218750e+02 -1.381747680664062500e+03
2.969299888610839844e+01 -2.432650909423828125e+02 -1.381874389648437500e+03
5.314369583129882812e+01 -2.578705444335937500e+02 -1.383434692382812500e+03
-6.654479980468750000e+01 -2.158920288085937500e+02 -1.376734863281250000e+03
8.527234077453613281e+00 -2.340657806396484375e+02 -1.384312744140625000e+03
-4.493700790405273438e+01 -2.594681091308593750e+02 -1.378719604492187500e+03
3.033606529235839844e+01 -2.435620117187500000e+02 -1.376984130859375000e+03
2.435957145690917969e+01 -2.570659790039062500e+02 -1.379255615234375000e+03
6.159327316284179688e+01 -2.424183959960937500e+02 -1.379831176757812500e+03
-5.651705551147460938e+01 -2.260869140625000000e+02 -1.377018310546875000e+03
-5.528861236572265625e+01 -2.297597961425781250e+02 -1.377982910156250000e+03
5.979403257369995117e-01 -2.374425354003906250e+02 -1.376368041992187500e+03
2.712935829162597656e+01 -2.471963806152343750e+02 -1.373608886718750000e+03
2.826445770263671875e+01 -2.371109619140625000e+02 -1.379476074218750000e+03
-5.092397308349609375e+01 -2.273320770263671875e+02 -1.374656127929687500e+03
-4.653424453735351562e+01 -2.432969970703125000e+02 -1.374845336914062500e+03
6.403879165649414062e+00 -2.331772460937500000e+02 -1.374003662109375000e+03
9.115901947021484375e+00 -2.375413970947265625e+02 -1.372008666992187500e+03
6.038661193847656250e+01 -2.600460205078125000e+02 -1.374600219726562500e+03
6.610564422607421875e+01 -2.456128997802734375e+02 -1.374495239257812500e+03
-3.700537872314453125e+01 -2.283796844482421875e+02 -1.374208618164062500e+03
4.474446487426757812e+01 -2.502370452880859375e+02 -1.371535034179687500e+03
-3.247099685668945312e+01 -2.334456481933593750e+02 -1.370921508789062500e+03
3.159481620788574219e+01 -2.511022949218750000e+02 -1.371938354492187500e+03
-3.693083190917968750e+01 -2.380404663085937500e+02 -1.371802001953125000e+03
-1.518758487701416016e+01 -2.569117431640625000e+02 -1.370717407226562500e+03
-2.300463676452636719e+01 -2.300670013427734375e+02 -1.369804443359375000e+03
3.108611106872558594e+01 -2.462762756347656250e+02 -1.367746459960937500e+03
-1.370271396636962891e+01 -2.378009490966796875e+02 -1.371480468750000000e+03
1.905003547668457031e+01 -2.316984558105468750e+02 -1.371102539062500000e+03
-2.200689888000488281e+01 -2.471698303222656250e+02 -1.368255981445312500e+03
2.879286003112792969e+01 -2.392065887451171875e+02 -1.371774291992187500e+03
-2.336283493041992188e+01 -2.259477996826171875e+02 -1.369627075195312500e+03
6.053893661499023438e+01 -2.493943939208984375e+02 -1.370805786132812500e+03
4.907040786743164062e+01 -2.448250579833984375e+02 -1.368512084960937500e+03
5.768938827514648438e+01 -2.596155090332031250e+02 -1.370995117187500000e+03
-6.018658065795898438e+01 -2.460220489501953125e+02 -1.368641845703125000e+03
6.417425537109375000e+01 -2.532695159912109375e+02 -1.366911376953125000e+03
1.479122924804687500e+01 -2.463312683105468750e+02 -1.368791137695312500e+03
-2.922870445251464844e+01 -2.387515869140625000e+02 -1.366538208007812500e+03
-2.526379108428955078e+00 -2.523287811279296875e+02 -1.365984619140625000e+03
-5.872331619262695312e+01 -2.283007049560546875e+02 -1.365673706054687500e+03
-6.460968017578125000e+01 -2.247665863037109375e+02 -1.366043457031250000e+03
-1.448180580139160156e+01 -2.431565551757812500e+02 -1.364651977539062500e+03
9.230663299560546875e+00 -2.394252471923828125e+02 -1.366968383789062500e+03
3.126922988891601562e+01 -2.306904602050781250e+02 -1.366474975585937500e+03
-4.758208847045898438e+01 -2.379452362060546875e+02 -1.364024658203125000e+03
4.707057952880859375e+01 -2.479969329833984375e+02 -1.366524658203125000e+03
-4.173435592651367188e+01 -2.282616424560546875e+02 -1.365767822265625000e+03
-3.580581283569335938e+01 -2.334059600830078125e+02 -1.365286254882812500e+03
