8.528603363037109375e+01 -2.341856079101562500e+02 -1.576479858398437500e+03
1.049237747192382812e+02 -2.304872131347656250e+02 -1.566110107421875000e+03
9.186594390869140625e+01 -2.376611022949218750e+02 -1.564110717773437500e+03
1.734633064270019531e+01 -2.370046844482421875e+02 -1.555966430664062500e+03
4.968733596801757812e+01 -2.411063232421875000e+02 -1.552402587890625000e+03
2.249322509765625000e+01 -2.455992431640625000e+02 -1.553091308593750000e+03
1.097599945068359375e+02 -2.458826904296875000e+02 -1.552520141601562500e+03
1.085670089721679688e+02 -2.526729431152343750e+02 -1.554867553710937500e+03
8.438232421875000000e+01 -2.242201995849609375e+02 -1.547999755859375000e+03
5.747198104858398438e+01 -2.438707122802734375e+02 -1.546124389648437500e+03
-4.187149047851562500e+00 -2.518072204589843750e+02 -1.537047119140625000e+03
1.085469207763671875e+02 -2.470680236816406250e+02 -1.548211181640625000e+03
2.188068962097167969e+01 -2.545810394287109375e+02 -1.534941162109375000e+03
1.199609985351562500e+02 -2.644940185546875000e+02 -1.532090820312500000e+03
-1.271601009368896484e+01 -2.327259368896484375e+02 -1.532541992187500000e+03
-3.308133316040039062e+01 -2.395028228759765625e+02 -1.528859619140625000e+03
1.124487380981445312e+02 -3.028799743652343750e+02 -1.535244995117187500e+03
1.369827651977539062e+01 -2.462567138671875000e+02 -1.526772705078125000e+03
1.298157806396484375e+02 -2.407760467529296875e+02 -1.525185180664062500e+03
4.717725753784179688e+00 -2.392781677246093750e+02 -1.526002929687500000e+03
-4.941425323486328125e+01 -2.389249114990234375e+02 -1.513805664062500000e+03
1.301029205322265625e+02 -2.268269500732421875e+02 -1.524919677734375000e+03
9.739714813232421875e+01 -2.514399566650390625e+02 -1.524631591796875000e+03
1.301300811767578125e+02 -2.269667968750000000e+02 -1.519558227539062500e+03
6.533290100097656250e+01 -2.396422576904296875e+02 -1.521322631835937500e+03
2.809361457824707031e+01 -2.439541778564453125e+02 -1.515343261718750000e+03
8.593842315673828125e+01 -2.459973754882812500e+02 -1.514645874023437500e+03
1.108696594238281250e+02 -2.893801269531250000e+02 -1.491237792968750000e+03
4.043171405792236328e+00 -2.348536682128906250e+02 -1.511989990234375000e+03
1.215928039550781250e+02 -2.730964660644531250e+02 -1.497751464843750000e+03
3.075748062133789062e+01 -2.423140869140625000e+02 -1.504999389648437500e+03
1.221315155029296875e+02 -2.250388336181640625e+02 -1.492865112304687500e+03
1.234409027099609375e+02 -2.647381591796875000e+02 -1.488490356445312500e+03
8.757519531250000000e+01 -2.537139129638671875e+02 -1.497262329101562500e+03
-1.206356906890869141e+01 -2.532005615234375000e+02 -1.480327392578125000e+03
1.019244079589843750e+02 -3.155576477050781250e+02 -1.488685546875000000e+03
1.055728149414062500e+02 -2.940074157714843750e+02 -1.476898681640625000e+03
2.345115852355957031e+01 -2.404917907714843750e+02 -1.489911254882812500e+03
-3.697909927368164062e+01 -2.474271850585937500e+02 -1.465830322265625000e+03
6.475855255126953125e+01 -2.574344787597656250e+02 -1.486801025390625000e+03
1.194705200195312500e+02 -2.220695800781250000e+02 -1.481882934570312500e+03
1.279924087524414062e+02 -2.530170745849609375e+02 -1.482470458984375000e+03
2.002775382995605469e+01 -2.422609863281250000e+02 -1.482837768554687500e+03
1.151206054687500000e+02 -2.250870513916015625e+02 -1.462542236328125000e+03
1.197871551513671875e+02 -2.670385437011718750e+02 -1.460154907226562500e+03
5.497965240478515625e+01 -2.597546081542968750e+02 -1.464034301757812500e+03
-4.987707138061523438e+01 -2.528226623535156250e+02 -1.448135986328125000e+03
1.125704345703125000e+02 -2.759107055664062500e+02 -1.457404541015625000e+03
5.330067062377929688e+01 -2.586254272460937500e+02 -1.461835693359375000e+03
8.582423400878906250e+01 -2.591921386718750000e+02 -1.455795166015625000e+03
7.107769775390625000e+01 -2.479838256835937500e+02 -1.445063232421875000e+03
2.251550292968750000e+01 -2.435751953125000000e+02 -1.466440429687500000e+03
7.703983306884765625e+01 -2.535451354980468750e+02 -1.442766479492187500e+03
1.137590332031250000e+02 -2.445124664306640625e+02 -1.442916625976562500e+03
5.787452697753906250e+01 -2.372671203613281250e+02 -1.446856567382812500e+03
1.116326446533203125e+02 -2.573195190429687500e+02 -1.434541625976562500e+03
-1.601286315917968750e+01 -2.508882904052734375e+02 -1.425582031250000000e+03
-1.658825635910034180e+00 -2.517425994873046875e+02 -1.420135864257812500e+03
6.999083709716796875e+01 -2.644810180664062500e+02 -1.419934936523437500e+03
-3.751169204711914062e+01 -2.548081817626953125e+02 -1.416093505859375000e+03
1.113161849975585938e+02 -2.349376525878906250e+02 -1.417795288085937500e+03
6.491662502288818359e+00 -2.515137786865234375e+02 -1.425916870117187500e+03
7.739906311035156250e+01 -2.574010925292968750e+02 -1.417136596679687500e+03
-1.485195159912109375e+00 -2.467948303222656250e+02 -1.406982055664062500e+03
6.779380035400390625e+01 -2.332074279785156250e+02 -1.417040283203125000e+03
7.050502777099609375e+01 -2.698946533203125000e+02 -1.406759033203125000e+03
6.012855911254882812e+01 -2.775792846679687500e+02 -1.409306640625000000e+03
1.107091140747070312e+02 -2.244772338867187500e+02 -1.411633300781250000e+03
7.888634490966796875e+01 -2.517822113037109375e+02 -1.408688598632812500e+03
7.313468170166015625e+01 -2.400413208007812500e+02 -1.408503417968750000e+03
7.273542022705078125e+01 -2.411616973876953125e+02 -1.404248046875000000e+03
4.449035263061523438e+01 -2.314421081542968750e+02 -1.406099243164062500e+03
7.685337829589843750e+01 -2.477020568847656250e+02 -1.400482299804687500e+03
4.965573120117187500e+01 -2.614996948242187500e+02 -1.396844604492187500e+03
2.055815505981445312e+01 -2.353006744384765625e+02 -1.394466430664062500e+03
7.385169219970703125e+01 -2.563188781738281250e+02 -1.397999389648437500e+03
5.096420669555664062e+01 -2.409353179931640625e+02 -1.395534667968750000e+03
8.173277854919433594e+00 -2.342091217041015625e+02 -1.391601684570312500e+03
3.328027343750000000e+01 -2.485161743164062500e+02 -1.389078735351562500e+03
2.506641769409179688e+01 -2.310310974121093750e+02 -1.390002807617187500e+03
2.882954788208007812e+01 -2.360220031738281250e+02 -1.388904785156250000e+03
5.644437026977539062e+01 -2.553207855224609375e+02 -1.387165649414062500e+03
5.883209609985351562e+01 -2.626427001953125000e+02 -1.387270751953125000e+03
-6.973075866699218750e+01 -2.089459228515625000e+02 -1.386001953125000000e+03
2.679483795166015625e+01 -2.573083190917968750e+02 -1.385358032226562500e+03
6.120612716674804688e+01 -2.675287475585937500e+02 -1.377450195312500000e+03
-4.358769226074218750e+01 -2.260166320800781250e+02 -1.381561523437500000e+03
8.866069793701171875e+01 -2.771759643554687500e+02 -1.381842529296875000e+03
-6.154622268676757812e+01 -2.178804016113281250e+02 -1.381664306640625000e+03
-3.898983478546142578e+00 -2.280794982910156250e+02 -1.380910644531250000e+03
2.947244834899902344e+01 -2.429894714355468750e+02 -1.381404418945312500e+03
5.305488204956054688e+01 -2.578403625488281250e+02 -1.383349487304687500e+03
-6.641553497314453125e+01 -2.155682067871093750e+02 -1.376594482421875000e+03
8.238430023193359375e+00 -2.334306030273437500e+02 -1.383575073242187500e+03
-4.484057998657226562e+01 -2.592055053710937500e+02 -1.378613525390625000e+03
3.013732528686523438e+01 -2.433303985595703125e+02 -1.376391845703125000e+03
2.439871978759765625e+01 -2.567088012695312500e+02 -1.379187744140625000e+03
6.121891021728515625e+01 -2.423775482177734375e+02 -1.379795776367187500e+03
-5.635990524291992188e+01 -2.257979125976562500e+02 -1.376883300781250000e+03
-5.516408538818359375e+01 -2.294513702392578125e+02 -1.377887817382812500e+03
4.081412851810455322e-01 -2.370957794189453125e+02 -1.375790405273437500e+03
2.704281997680664062e+01 -2.469364471435546875e+02 -1.373168212890625000e+03
2.807905197143554688e+01 -2.366660156250000000e+02 -1.378776733398437500e+03
-5.073559570312500000e+01 -2.271032257080078125e+02 -1.374473876953125000e+03
-4.643459320068359375e+01 -2.430695953369140625e+02 -1.374679199218750000e+03
6.259809970855712891e+00 -2.328207244873046875e+02 -1.373577392578125000e+03
8.863339424133300781e+00 -2.372907714843750000e+02 -1.371542602539062500e+03
6.036408615112304688e+01 -2.599769287109375000e+02 -1.374529541015625000e+03
6.580632019042968750e+01 -2.455283660888671875e+02 -1.374328369140625000e+03
-3.696118545532226562e+01 -2.281492614746093750e+02 -1.374010498046875000e+03
4.461906433105468750e+01 -2.501403350830078125e+02 -1.371456665039062500e+03
-3.247086715698242188e+01 -2.332514953613281250e+02 -1.370690795898437500e+03
3.153802490234375000e+01 -2.510400695800781250e+02 -1.371704101562500000e+03
-3.692428207397460938e+01 -2.378075256347656250e+02 -1.371635864257812500e+03
-1.508752632141113281e+01 -2.566912841796875000e+02 -1.370615356445312500e+03
-2.323969841003417969e+01 -2.296522674560546875e+02 -1.369442138671875000e+03
3.114635848999023438e+01 -2.460646820068359375e+02 -1.367448852539062500e+03
-1.388859653472900391e+01 -2.376275329589843750e+02 -1.371067749023437500e+03
1.888340187072753906e+01 -2.317074584960937500e+02 -1.370293090820312500e+03
-2.205921363830566406e+01 -2.469430847167968750e+02 -1.368100708007812500e+03
2.856653594970703125e+01 -2.389945068359375000e+02 -1.371041137695312500e+03
-2.364778518676757812e+01 -2.255455322265625000e+02 -1.369227294921875000e+03
6.043590164184570312e+01 -2.494053497314453125e+02 -1.370666381835937500e+03
4.897526168823242188e+01 -2.447482604980468750e+02 -1.368451416015625000e+03
5.760088348388671875e+01 -2.595282287597656250e+02 -1.370929687500000000e+03
-6.004558563232421875e+01 -2.457487030029296875e+02 -1.368542968750000000e+03
6.411138153076171875e+01 -2.532534942626953125e+02 -1.366741943359375000e+03
1.462412929534912109e+01 -2.462693786621093750e+02 -1.368480712890625000e+03
-2.928575706481933594e+01 -2.385228271484375000e+02 -1.366344726562500000e+03
-2.567665338516235352e+00 -2.521719055175781250e+02 -1.365616088867187500e+03
-5.856220245361328125e+01 -2.280643768310546875e+02 -1.365495117187500000e+03
-6.446157836914062500e+01 -2.244990539550781250e+02 -1.365896728515625000e+03
-1.464553546905517578e+01 -2.429710388183593750e+02 -1.364312622070312500e+03
8.980710029602050781e+00 -2.392167968750000000e+02 -1.366546997070312500e+03
3.131723403930664062e+01 -2.304704589843750000e+02 -1.365586669921875000e+03
-4.744348526000976562e+01 -2.377084960937500000e+02 -1.363860595703125000e+03
4.696865844726562500e+01 -2.478616943359375000e+02 -1.366519897460937500e+03
-4.166799926757812500e+01 -2.280385284423828125e+02 -1.365553466796875000e+03
-3.580146026611328125e+01 -2.332111968994140625e+02 -1.365053955078125000e+03
