8.512644958496093750e+01 -2.340224914550781250e+02 -1.577466552734375000e+03
1.045231246948242188e+02 -2.323353271484375000e+02 -1.565781860351562500e+03
9.009687042236328125e+01 -2.381562652587890625e+02 -1.566122192382812500e+03
1.834465408325195312e+01 -2.409712524414062500e+02 -1.552571411132812500e+03
4.407656478881835938e+01 -2.468387908935546875e+02 -1.554011962890625000e+03
2.370037078857421875e+01 -2.508291931152343750e+02 -1.551738891601562500e+03
1.089758834838867188e+02 -2.480766448974609375e+02 -1.552360717773437500e+03
1.082962341308593750e+02 -2.538936767578125000e+02 -1.554266357421875000e+03
7.694350433349609375e+01 -2.350997161865234375e+02 -1.547360351562500000e+03
5.044149017333984375e+01 -2.489597473144531250e+02 -1.551364624023437500e+03
-2.367304801940917969e+00 -2.513542480468750000e+02 -1.537270996093750000e+03
1.071094741821289062e+02 -2.506527862548828125e+02 -1.548279296875000000e+03
2.192083168029785156e+01 -2.592752075195312500e+02 -1.535989501953125000e+03
1.200327911376953125e+02 -2.662571411132812500e+02 -1.536909545898437500e+03
-9.681746482849121094e+00 -2.338573913574218750e+02 -1.533561523437500000e+03
-3.383613967895507812e+01 -2.396711883544921875e+02 -1.530097290039062500e+03
1.123012771606445312e+02 -3.039635314941406250e+02 -1.534473754882812500e+03
1.515584564208984375e+01 -2.532199249267578125e+02 -1.525878295898437500e+03
1.183673553466796875e+02 -2.447075805664062500e+02 -1.531166015625000000e+03
6.771073818206787109e+00 -2.462026824951171875e+02 -1.523207885742187500e+03
-4.940565109252929688e+01 -2.398621215820312500e+02 -1.513330810546875000e+03
1.174980545043945312e+02 -2.319390869140625000e+02 -1.529892944335937500e+03
8.812360382080078125e+01 -2.605481262207031250e+02 -1.525867309570312500e+03
1.161968002319335938e+02 -2.325616760253906250e+02 -1.524436035156250000e+03
5.905834579467773438e+01 -2.552566223144531250e+02 -1.523963500976562500e+03
2.855258750915527344e+01 -2.548796234130859375e+02 -1.515597778320312500e+03
7.161676025390625000e+01 -2.572817382812500000e+02 -1.514235717773437500e+03
1.103963165283203125e+02 -2.925932922363281250e+02 -1.491943725585937500e+03
7.051038742065429688e+00 -2.448725585937500000e+02 -1.509772094726562500e+03
1.134754257202148438e+02 -2.782855834960937500e+02 -1.505112915039062500e+03
2.808359909057617188e+01 -2.549304046630859375e+02 -1.503628173828125000e+03
1.062045135498046875e+02 -2.339576568603515625e+02 -1.504632812500000000e+03
1.101512145996093750e+02 -2.725501403808593750e+02 -1.497492919921875000e+03
7.347972869873046875e+01 -2.629687194824218750e+02 -1.500562133789062500e+03
-1.695213317871093750e+01 -2.530212097167968750e+02 -1.489214233398437500e+03
1.027268905639648438e+02 -3.130946655273437500e+02 -1.488416259765625000e+03
1.055212097167968750e+02 -2.973514099121093750e+02 -1.478250000000000000e+03
2.199476814270019531e+01 -2.477282104492187500e+02 -1.487906127929687500e+03
-3.976460266113281250e+01 -2.492243194580078125e+02 -1.468760253906250000e+03
5.532899856567382812e+01 -2.673554077148437500e+02 -1.493359252929687500e+03
1.056521072387695312e+02 -2.319992675781250000e+02 -1.495223754882812500e+03
1.110514907836914062e+02 -2.615141296386718750e+02 -1.491786987304687500e+03
1.955019760131835938e+01 -2.485726165771484375e+02 -1.482307250976562500e+03
1.099694976806640625e+02 -2.301974639892578125e+02 -1.473319580078125000e+03
1.090509872436523438e+02 -2.743675842285156250e+02 -1.471571044921875000e+03
4.910317230224609375e+01 -2.645119018554687500e+02 -1.469978149414062500e+03
-4.848846817016601562e+01 -2.531188354492187500e+02 -1.448376586914062500e+03
1.054570617675781250e+02 -2.843079528808593750e+02 -1.469524902343750000e+03
4.820934677124023438e+01 -2.628952026367187500e+02 -1.467488159179687500e+03
7.789458465576171875e+01 -2.645817565917968750e+02 -1.467779418945312500e+03
6.617285919189453125e+01 -2.533794708251953125e+02 -1.456450683593750000e+03
2.793843460083007812e+01 -2.450628509521484375e+02 -1.465530029296875000e+03
7.022772979736328125e+01 -2.588095703125000000e+02 -1.455424316406250000e+03
1.060349197387695312e+02 -2.516353759765625000e+02 -1.454391845703125000e+03
5.747223281860351562e+01 -2.423355102539062500e+02 -1.454712890625000000e+03
1.035856475830078125e+02 -2.655545349121093750e+02 -1.447787109375000000e+03
-1.290828323364257812e+01 -2.532657318115234375e+02 -1.430329711914062500e+03
-3.549810647964477539e-01 -2.582724914550781250e+02 -1.426679809570312500e+03
6.545770263671875000e+01 -2.668753051757812500e+02 -1.428938110351562500e+03
-3.680096817016601562e+01 -2.554040832519531250e+02 -1.416426147460937500e+03
1.034857254028320312e+02 -2.414107666015625000e+02 -1.428385986328125000e+03
9.003767013549804688e+00 -2.592283325195312500e+02 -1.435287841796875000e+03
7.185883331298828125e+01 -2.624917602539062500e+02 -1.427554931640625000e+03
-6.927365064620971680e-01 -2.535657653808593750e+02 -1.412676025390625000e+03
6.326627731323242188e+01 -2.417772521972656250e+02 -1.428869873046875000e+03
6.734431457519531250e+01 -2.709629516601562500e+02 -1.410042114257812500e+03
5.847886276245117188e+01 -2.765017700195312500e+02 -1.410156616210937500e+03
1.049585571289062500e+02 -2.303909606933593750e+02 -1.420370361328125000e+03
7.130161285400390625e+01 -2.590934753417968750e+02 -1.421382202148437500e+03
6.791725158691406250e+01 -2.481127319335937500e+02 -1.420884521484375000e+03
6.657205200195312500e+01 -2.482677307128906250e+02 -1.415665283203125000e+03
4.332169723510742188e+01 -2.404536743164062500e+02 -1.419456787109375000e+03
7.042041015625000000e+01 -2.546366729736328125e+02 -1.411275024414062500e+03
4.849897766113281250e+01 -2.630854492187500000e+02 -1.400553100585937500e+03
1.971843528747558594e+01 -2.448062896728515625e+02 -1.403548828125000000e+03
6.923410797119140625e+01 -2.605420227050781250e+02 -1.407316528320312500e+03
4.859178543090820312e+01 -2.468451538085937500e+02 -1.404289306640625000e+03
7.960789680480957031e+00 -2.417245635986328125e+02 -1.398736816406250000e+03
3.277278518676757812e+01 -2.546027374267578125e+02 -1.395535034179687500e+03
2.475980758666992188e+01 -2.396950073242187500e+02 -1.399772094726562500e+03
2.858423614501953125e+01 -2.438962707519531250e+02 -1.397708129882812500e+03
5.515606307983398438e+01 -2.577661437988281250e+02 -1.391354980468750000e+03
5.769857406616210938e+01 -2.644246215820312500e+02 -1.389598266601562500e+03
-6.977122497558593750e+01 -2.090114593505859375e+02 -1.386322387695312500e+03
2.631943321228027344e+01 -2.601029663085937500e+02 -1.389252441406250000e+03
6.052478790283203125e+01 -2.687705078125000000e+02 -1.379347412109375000e+03
-4.376392364501953125e+01 -2.262580566406250000e+02 -1.381618041992187500e+03
8.816504669189453125e+01 -2.792947387695312500e+02 -1.383722412109375000e+03
-6.153237915039062500e+01 -2.180250549316406250e+02 -1.381852294921875000e+03
-4.322399616241455078e+00 -2.298290405273437500e+02 -1.382920043945312500e+03
2.930384826660156250e+01 -2.481475219726562500e+02 -1.387303466796875000e+03
5.180713653564453125e+01 -2.596556396484375000e+02 -1.385609252929687500e+03
-6.649493408203125000e+01 -2.157819366455078125e+02 -1.376683471679687500e+03
8.196787834167480469e+00 -2.397499847412109375e+02 -1.390152709960937500e+03
-4.511635208129882812e+01 -2.593063049316406250e+02 -1.378610473632812500e+03
3.039669609069824219e+01 -2.462559051513671875e+02 -1.380157714843750000e+03
2.419312858581542969e+01 -2.592325439453125000e+02 -1.381425781250000000e+03
5.908520126342773438e+01 -2.456126708984375000e+02 -1.382352050781250000e+03
-5.643507003784179688e+01 -2.259514007568359375e+02 -1.376896484375000000e+03
-5.516733551025390625e+01 -2.296558380126953125e+02 -1.377870849609375000e+03
2.927262485027313232e-01 -2.386100158691406250e+02 -1.378157836914062500e+03
2.696638488769531250e+01 -2.487423095703125000e+02 -1.376075683593750000e+03
2.828660774230957031e+01 -2.424509582519531250e+02 -1.385924194335937500e+03
-5.075088500976562500e+01 -2.271633300781250000e+02 -1.374588989257812500e+03
-4.663284683227539062e+01 -2.431883392333984375e+02 -1.375023437500000000e+03
5.950055599212646484e+00 -2.345627441406250000e+02 -1.376861816406250000e+03
8.663232803344726562e+00 -2.380963134765625000e+02 -1.373827148437500000e+03
5.990779113769531250e+01 -2.608940734863281250e+02 -1.376282958984375000e+03
6.452371978759765625e+01 -2.470382232666015625e+02 -1.375924804687500000e+03
-3.701903533935546875e+01 -2.284709320068359375e+02 -1.373751098632812500e+03
4.489762115478515625e+01 -2.514868011474609375e+02 -1.372427612304687500e+03
-3.236372375488281250e+01 -2.334923400878906250e+02 -1.371103759765625000e+03
3.185868644714355469e+01 -2.516013336181640625e+02 -1.372750488281250000e+03
-3.680932998657226562e+01 -2.380249023437500000e+02 -1.371803100585937500e+03
-1.480227565765380859e+01 -2.569189453125000000e+02 -1.370799560546875000e+03
-2.320522880554199219e+01 -2.307767944335937500e+02 -1.369397827148437500e+03
3.134307670593261719e+01 -2.462221374511718750e+02 -1.368947265625000000e+03
-1.380372524261474609e+01 -2.372263031005859375e+02 -1.371953002929687500e+03
1.861103248596191406e+01 -2.339663696289062500e+02 -1.375767944335937500e+03
-2.199394226074218750e+01 -2.471175689697265625e+02 -1.368600097656250000e+03
2.886742973327636719e+01 -2.415294799804687500e+02 -1.374978515625000000e+03
-2.365169906616210938e+01 -2.265578155517578125e+02 -1.369153198242187500e+03
5.960113143920898438e+01 -2.507244415283203125e+02 -1.372094604492187500e+03
4.903855133056640625e+01 -2.443343200683593750e+02 -1.367978515625000000e+03
5.736615753173828125e+01 -2.599829711914062500e+02 -1.371714965820312500e+03
-6.003558349609375000e+01 -2.459216613769531250e+02 -1.368522949218750000e+03
6.335459518432617188e+01 -2.543084564208984375e+02 -1.368491333007812500e+03
1.508240127563476562e+01 -2.462849121093750000e+02 -1.369222045898437500e+03
-2.909766006469726562e+01 -2.389457244873046875e+02 -1.366687377929687500e+03
-2.450603485107421875e+00 -2.523083038330078125e+02 -1.366762329101562500e+03
-5.844039916992187500e+01 -2.281582641601562500e+02 -1.365296875000000000e+03
-6.446825408935546875e+01 -2.245691986083984375e+02 -1.365823852539062500e+03
-1.445205879211425781e+01 -2.429933471679687500e+02 -1.365117309570312500e+03
8.906518936157226562e+00 -2.397611999511718750e+02 -1.368712402343750000e+03
3.091767883300781250e+01 -2.326569519042968750e+02 -1.370477905273437500e+03
-4.720519638061523438e+01 -2.380145874023437500e+02 -1.363846801757812500e+03
4.721173095703125000e+01 -2.470348663330078125e+02 -1.364890869140625000e+03
-4.171347808837890625e+01 -2.282866821289062500e+02 -1.365192626953125000e+03
-3.567637252807617188e+01 -2.334014434814453125e+02 -1.365390747070312500e+03
