8.582479858398437500e+01 -2.343213043212890625e+02 -1.576419799804687500e+03
1.050338211059570312e+02 -2.304320373535156250e+02 -1.566307495117187500e+03
9.177443695068359375e+01 -2.381192626953125000e+02 -1.564070800781250000e+03
1.705800247192382812e+01 -2.370927276611328125e+02 -1.555647827148437500e+03
4.973421859741210938e+01 -2.415920867919921875e+02 -1.551703002929687500e+03
2.303332328796386719e+01 -2.476766815185546875e+02 -1.552031738281250000e+03
1.096922531127929688e+02 -2.463123626708984375e+02 -1.551354492187500000e+03
1.084867553710937500e+02 -2.526763916015625000e+02 -1.554441284179687500e+03
8.541934204101562500e+01 -2.262695465087890625e+02 -1.546303222656250000e+03
5.700680541992187500e+01 -2.438168945312500000e+02 -1.547191650390625000e+03
-3.079563379287719727e+00 -2.507655029296875000e+02 -1.537965820312500000e+03
1.089076614379882812e+02 -2.481924133300781250e+02 -1.547368408203125000e+03
2.240769577026367188e+01 -2.556563873291015625e+02 -1.534122436523437500e+03
1.202387542724609375e+02 -2.647010803222656250e+02 -1.532371948242187500e+03
-1.139184474945068359e+01 -2.334414978027343750e+02 -1.533632446289062500e+03
-3.357538223266601562e+01 -2.403166351318359375e+02 -1.527934936523437500e+03
1.129136123657226562e+02 -3.037153015136718750e+02 -1.534639892578125000e+03
1.527874851226806641e+01 -2.489572143554687500e+02 -1.525684936523437500e+03
1.276252441406250000e+02 -2.414787139892578125e+02 -1.522474365234375000e+03
5.601391315460205078e+00 -2.419828338623046875e+02 -1.524411865234375000e+03
-4.901541519165039062e+01 -2.388115234375000000e+02 -1.514060424804687500e+03
1.282951660156250000e+02 -2.280743408203125000e+02 -1.522052124023437500e+03
9.759289550781250000e+01 -2.511103820800781250e+02 -1.525006835937500000e+03
1.286388244628906250e+02 -2.288148803710937500e+02 -1.516721679687500000e+03
6.530175018310546875e+01 -2.433365173339843750e+02 -1.520585815429687500e+03
2.975534439086914062e+01 -2.478717041015625000e+02 -1.513894775390625000e+03
8.205736541748046875e+01 -2.482555847167968750e+02 -1.514653198242187500e+03
1.117106323242187500e+02 -2.898524475097656250e+02 -1.491138916015625000e+03
3.511327743530273438e+00 -2.399134826660156250e+02 -1.511358032226562500e+03
1.232476806640625000e+02 -2.748157958984375000e+02 -1.499529541015625000e+03
3.107873725891113281e+01 -2.480642852783203125e+02 -1.503393310546875000e+03
1.198129043579101562e+02 -2.249558410644531250e+02 -1.493017333984375000e+03
1.241087265014648438e+02 -2.666953735351562500e+02 -1.490507812500000000e+03
8.466761016845703125e+01 -2.560069885253906250e+02 -1.499287475585937500e+03
-1.534138011932373047e+01 -2.555332183837890625e+02 -1.480784057617187500e+03
1.013075637817382812e+02 -3.144541015625000000e+02 -1.489276123046875000e+03
1.065050811767578125e+02 -2.936705627441406250e+02 -1.476967407226562500e+03
2.028755378723144531e+01 -2.474394073486328125e+02 -1.493006835937500000e+03
-3.777390289306640625e+01 -2.477640991210937500e+02 -1.465000000000000000e+03
6.172817230224609375e+01 -2.616075439453125000e+02 -1.488694335937500000e+03
1.142165298461914062e+02 -2.233768615722656250e+02 -1.480668212890625000e+03
1.253885192871093750e+02 -2.555785827636718750e+02 -1.483588378906250000e+03
1.661877441406250000e+01 -2.490142059326171875e+02 -1.487039550781250000e+03
1.111602935791015625e+02 -2.269392547607421875e+02 -1.462223144531250000e+03
1.199798507690429688e+02 -2.702001037597656250e+02 -1.461239013671875000e+03
5.181818771362304688e+01 -2.633358459472656250e+02 -1.467596435546875000e+03
-4.955390167236328125e+01 -2.528085174560546875e+02 -1.448405883789062500e+03
1.157060546875000000e+02 -2.797544860839843750e+02 -1.457606689453125000e+03
5.027851486206054688e+01 -2.620270996093750000e+02 -1.465469604492187500e+03
8.330964660644531250e+01 -2.615088806152343750e+02 -1.458500244140625000e+03
6.856818389892578125e+01 -2.504125518798828125e+02 -1.447304687500000000e+03
2.325626373291015625e+01 -2.473909606933593750e+02 -1.471345825195312500e+03
7.417531585693359375e+01 -2.563580627441406250e+02 -1.444710083007812500e+03
1.128066101074218750e+02 -2.454098815917968750e+02 -1.443227905273437500e+03
5.610643386840820312e+01 -2.405240478515625000e+02 -1.450056762695312500e+03
1.131527099609375000e+02 -2.593026733398437500e+02 -1.433805175781250000e+03
-1.550783157348632812e+01 -2.511695098876953125e+02 -1.425483276367187500e+03
-7.575818896293640137e-01 -2.529703369140625000e+02 -1.420306152343750000e+03
6.915072631835937500e+01 -2.657713012695312500e+02 -1.420232788085937500e+03
-3.709406280517578125e+01 -2.548467864990234375e+02 -1.415900512695312500e+03
1.106258544921875000e+02 -2.369511718750000000e+02 -1.418430541992187500e+03
7.332233905792236328e+00 -2.537839050292968750e+02 -1.427177734375000000e+03
7.618690490722656250e+01 -2.598710327148437500e+02 -1.417880615234375000e+03
-5.729446411132812500e-01 -2.491995697021484375e+02 -1.407398071289062500e+03
6.701332092285156250e+01 -2.354626770019531250e+02 -1.419799072265625000e+03
6.996273040771484375e+01 -2.705636901855468750e+02 -1.406837890625000000e+03
6.059784317016601562e+01 -2.772606201171875000e+02 -1.408889282226562500e+03
1.103414001464843750e+02 -2.265354309082031250e+02 -1.411949096679687500e+03
7.786939239501953125e+01 -2.545680694580078125e+02 -1.410351684570312500e+03
7.284165954589843750e+01 -2.420626373291015625e+02 -1.411581542968750000e+03
7.231410217285156250e+01 -2.427961425781250000e+02 -1.407047607421875000e+03
4.502007675170898438e+01 -2.343253784179687500e+02 -1.411224731445312500e+03
7.624707031250000000e+01 -2.493548736572265625e+02 -1.402499023437500000e+03
4.951165771484375000e+01 -2.624078979492187500e+02 -1.397188842773437500e+03
2.176406669616699219e+01 -2.397315521240234375e+02 -1.395710937500000000e+03
7.337938690185546875e+01 -2.577727050781250000e+02 -1.398743896484375000e+03
5.078404998779296875e+01 -2.425785827636718750e+02 -1.398991699218750000e+03
9.735087394714355469e+00 -2.379473876953125000e+02 -1.392391967773437500e+03
3.394802474975585938e+01 -2.503180847167968750e+02 -1.390170410156250000e+03
2.666871452331542969e+01 -2.347646026611328125e+02 -1.391769775390625000e+03
3.037806129455566406e+01 -2.393551483154296875e+02 -1.390110717773437500e+03
5.653954696655273438e+01 -2.563272705078125000e+02 -1.388022094726562500e+03
5.872476196289062500e+01 -2.633405456542968750e+02 -1.387671752929687500e+03
-6.959415435791015625e+01 -2.088159637451171875e+02 -1.386077636718750000e+03
2.716332435607910156e+01 -2.584578857421875000e+02 -1.385562744140625000e+03
6.146348953247070312e+01 -2.678582763671875000e+02 -1.377488525390625000e+03
-4.330371475219726562e+01 -2.260644836425781250e+02 -1.381747802734375000e+03
8.815444183349609375e+01 -2.773706970214843750e+02 -1.382777221679687500e+03
-6.144844436645507812e+01 -2.177417755126953125e+02 -1.381736694335937500e+03
-2.919260978698730469e+00 -2.292298278808593750e+02 -1.381962402343750000e+03
3.069916534423828125e+01 -2.443125610351562500e+02 -1.382381103515625000e+03
5.315568542480468750e+01 -2.586700744628906250e+02 -1.383978271484375000e+03
-6.627537536621093750e+01 -2.154248504638671875e+02 -1.376661132812500000e+03
9.590954780578613281e+00 -2.363339233398437500e+02 -1.384664184570312500e+03
-4.472128295898437500e+01 -2.590778503417968750e+02 -1.378720458984375000e+03
3.131304359436035156e+01 -2.441039428710937500e+02 -1.377112060546875000e+03
2.473693466186523438e+01 -2.576164550781250000e+02 -1.379318237304687500e+03
6.166177368164062500e+01 -2.433374328613281250e+02 -1.380195922851562500e+03
-5.622748947143554688e+01 -2.256955871582031250e+02 -1.377017578125000000e+03
-5.501157379150390625e+01 -2.293586120605468750e+02 -1.377988647460937500e+03
1.347593188285827637e+00 -2.377928771972656250e+02 -1.376556640625000000e+03
2.790825080871582031e+01 -2.469641876220703125e+02 -1.374102416992187500e+03
2.936795043945312500e+01 -2.384308776855468750e+02 -1.380301269531250000e+03
-5.057367324829101562e+01 -2.269523620605468750e+02 -1.374578247070312500e+03
-4.628630065917968750e+01 -2.428422698974609375e+02 -1.374639038085937500e+03
7.075399875640869141e+00 -2.335314636230468750e+02 -1.374712646484375000e+03
9.973233222961425781e+00 -2.377268218994140625e+02 -1.372495361328125000e+03
6.072888565063476562e+01 -2.602134704589843750e+02 -1.374488281250000000e+03
6.624427032470703125e+01 -2.458886718750000000e+02 -1.375078735351562500e+03
-3.649619674682617188e+01 -2.283334655761718750e+02 -1.374244506835937500e+03
4.538176727294921875e+01 -2.503851013183593750e+02 -1.371103271484375000e+03
-3.194225502014160156e+01 -2.332775573730468750e+02 -1.370863891601562500e+03
3.222080230712890625e+01 -2.511445007324218750e+02 -1.371703735351562500e+03
-3.646894073486328125e+01 -2.378847808837890625e+02 -1.371778686523437500e+03
-1.471844673156738281e+01 -2.567924804687500000e+02 -1.370679565429687500e+03
-2.232519149780273438e+01 -2.302223815917968750e+02 -1.369861206054687500e+03
3.170609092712402344e+01 -2.455259704589843750e+02 -1.368273437500000000e+03
-1.332799434661865234e+01 -2.373722534179687500e+02 -1.371754272460937500e+03
2.003512954711914062e+01 -2.313345031738281250e+02 -1.372644897460937500e+03
-2.159076118469238281e+01 -2.470159759521484375e+02 -1.368232910156250000e+03
2.992083549499511719e+01 -2.391748962402343750e+02 -1.372424438476562500e+03
-2.275576210021972656e+01 -2.260536956787109375e+02 -1.369761962890625000e+03
6.090136718750000000e+01 -2.497544708251953125e+02 -1.370948242187500000e+03
4.959490585327148438e+01 -2.449243621826171875e+02 -1.368314208984375000e+03
5.806182098388671875e+01 -2.597158813476562500e+02 -1.370842773437500000e+03
-5.993937301635742188e+01 -2.455985260009765625e+02 -1.368679321289062500e+03
6.456582641601562500e+01 -2.535350646972656250e+02 -1.367057250976562500e+03
1.549822902679443359e+01 -2.458182373046875000e+02 -1.369091918945312500e+03
-2.870988655090332031e+01 -2.386199951171875000e+02 -1.366471923828125000e+03
-2.125404596328735352e+00 -2.520374603271484375e+02 -1.366221313476562500e+03
-5.830672073364257812e+01 -2.279601593017578125e+02 -1.365531982421875000e+03
-6.426679229736328125e+01 -2.243794403076171875e+02 -1.365922851562500000e+03
-1.407062339782714844e+01 -2.426913452148437500e+02 -1.364720703125000000e+03
1.000679397583007812e+01 -2.393740997314453125e+02 -1.367254882812500000e+03
3.184935379028320312e+01 -2.305733489990234375e+02 -1.367906616210937500e+03
-4.714536666870117188e+01 -2.375802307128906250e+02 -1.363858520507812500e+03
4.770449066162109375e+01 -2.477087707519531250e+02 -1.366177856445312500e+03
-4.119190597534179688e+01 -2.282578887939453125e+02 -1.365743041992187500e+03
-3.527281951904296875e+01 -2.332471313476562500e+02 -1.365170288085937500e+03
