8.538585662841796875e+01 -2.344339294433593750e+02 -1.576315917968750000e+03
1.053498306274414062e+02 -2.306131744384765625e+02 -1.566496215820312500e+03
9.150890350341796875e+01 -2.384332885742187500e+02 -1.564137695312500000e+03
1.759919548034667969e+01 -2.368192291259765625e+02 -1.555797973632812500e+03
5.077927398681640625e+01 -2.409053497314453125e+02 -1.553557983398437500e+03
2.327675056457519531e+01 -2.462530670166015625e+02 -1.553075439453125000e+03
1.098905105590820312e+02 -2.462309112548828125e+02 -1.552088867187500000e+03
1.084841079711914062e+02 -2.527444305419921875e+02 -1.554616088867187500e+03
8.569747161865234375e+01 -2.253619079589843750e+02 -1.549770874023437500e+03
5.893099594116210938e+01 -2.436123199462890625e+02 -1.548284179687500000e+03
-3.823197364807128906e+00 -2.517173919677734375e+02 -1.537381103515625000e+03
1.093758239746093750e+02 -2.479533843994140625e+02 -1.548387451171875000e+03
2.307927894592285156e+01 -2.545230102539062500e+02 -1.535896606445312500e+03
1.205217361450195312e+02 -2.643918457031250000e+02 -1.532789794921875000e+03
-1.152244186401367188e+01 -2.330819244384765625e+02 -1.532498535156250000e+03
-3.342178726196289062e+01 -2.397421875000000000e+02 -1.528645507812500000e+03
1.122856369018554688e+02 -3.032439575195312500e+02 -1.534582031250000000e+03
1.575869655609130859e+01 -2.463465576171875000e+02 -1.527095214843750000e+03
1.280188446044921875e+02 -2.415654144287109375e+02 -1.524953979492187500e+03
6.206330776214599609e+00 -2.390728759765625000e+02 -1.525866333007812500e+03
-4.915258789062500000e+01 -2.388825073242187500e+02 -1.513897338867187500e+03
1.283287658691406250e+02 -2.269212799072265625e+02 -1.524701416015625000e+03
9.904640960693359375e+01 -2.516239013671875000e+02 -1.526565917968750000e+03
1.286417388916015625e+02 -2.275101013183593750e+02 -1.519304931640625000e+03
6.798706054687500000e+01 -2.403178100585937500e+02 -1.522744506835937500e+03
3.081962966918945312e+01 -2.434283447265625000e+02 -1.515311279296875000e+03
8.598746490478515625e+01 -2.474882202148437500e+02 -1.516571411132812500e+03
1.116368942260742188e+02 -2.900115051269531250e+02 -1.491628906250000000e+03
4.692954540252685547e+00 -2.351629943847656250e+02 -1.512720214843750000e+03
1.224089279174804688e+02 -2.755349426269531250e+02 -1.498282958984375000e+03
3.278329849243164062e+01 -2.437561035156250000e+02 -1.504668945312500000e+03
1.209862365722656250e+02 -2.277605133056640625e+02 -1.492709838867187500e+03
1.240021743774414062e+02 -2.669505004882812500e+02 -1.488712890625000000e+03
8.778235626220703125e+01 -2.551093139648437500e+02 -1.498604614257812500e+03
-1.214092254638671875e+01 -2.531825256347656250e+02 -1.480394165039062500e+03
1.010945053100585938e+02 -3.158560791015625000e+02 -1.488872192382812500e+03
1.055551223754882812e+02 -2.938935852050781250e+02 -1.477407226562500000e+03
2.320873832702636719e+01 -2.427255096435546875e+02 -1.491817871093750000e+03
-3.749586105346679688e+01 -2.480043029785156250e+02 -1.465255249023437500e+03
6.517744445800781250e+01 -2.591997680664062500e+02 -1.486933105468750000e+03
1.164859542846679688e+02 -2.259002532958984375e+02 -1.480761230468750000e+03
1.271753005981445312e+02 -2.563596801757812500e+02 -1.482233154296875000e+03
1.959214019775390625e+01 -2.443020019531250000e+02 -1.485244140625000000e+03
1.124126586914062500e+02 -2.281342926025390625e+02 -1.462016845703125000e+03
1.195088195800781250e+02 -2.690597229003906250e+02 -1.460053222656250000e+03
5.597933578491210938e+01 -2.616825866699218750e+02 -1.464359741210937500e+03
-5.000183868408203125e+01 -2.528653106689453125e+02 -1.448221557617187500e+03
1.128917617797851562e+02 -2.773719177246093750e+02 -1.457937133789062500e+03
5.433044433593750000e+01 -2.605343627929687500e+02 -1.462154907226562500e+03
8.708652496337890625e+01 -2.608205871582031250e+02 -1.456289062500000000e+03
7.332880401611328125e+01 -2.499719238281250000e+02 -1.445284545898437500e+03
2.449205970764160156e+01 -2.458766326904296875e+02 -1.468889770507812500e+03
7.896125793457031250e+01 -2.556486663818359375e+02 -1.442972656250000000e+03
1.132080535888671875e+02 -2.465376129150390625e+02 -1.442108398437500000e+03
5.959427261352539062e+01 -2.396181335449218750e+02 -1.447230590820312500e+03
1.125891647338867188e+02 -2.596101989746093750e+02 -1.434056640625000000e+03
-1.673334121704101562e+01 -2.523336486816406250e+02 -1.425187988281250000e+03
-2.475022792816162109e+00 -2.538266754150390625e+02 -1.420136474609375000e+03
7.131056976318359375e+01 -2.663934631347656250e+02 -1.420380615234375000e+03
-3.754611968994140625e+01 -2.549456634521484375e+02 -1.416016479492187500e+03
1.123666992187500000e+02 -2.366158447265625000e+02 -1.417643554687500000e+03
5.829591751098632812e+00 -2.537932739257812500e+02 -1.426770019531250000e+03
7.803749084472656250e+01 -2.594078979492187500e+02 -1.417950805664062500e+03
-2.066456317901611328e+00 -2.493368682861328125e+02 -1.407281127929687500e+03
6.836473846435546875e+01 -2.345800933837890625e+02 -1.418190673828125000e+03
7.084133148193359375e+01 -2.709457397460937500e+02 -1.407171386718750000e+03
6.036834335327148438e+01 -2.783031005859375000e+02 -1.409481201171875000e+03
1.122027816772460938e+02 -2.264330596923828125e+02 -1.411518310546875000e+03
7.950344085693359375e+01 -2.536777801513671875e+02 -1.410313598632812500e+03
7.366935729980468750e+01 -2.413980865478515625e+02 -1.410624511718750000e+03
7.293167877197265625e+01 -2.426333007812500000e+02 -1.406297607421875000e+03
4.446102905273437500e+01 -2.340280914306640625e+02 -1.408713134765625000e+03
7.734988403320312500e+01 -2.494443054199218750e+02 -1.402174560546875000e+03
4.981122589111328125e+01 -2.625868835449218750e+02 -1.396966430664062500e+03
2.071417999267578125e+01 -2.389179992675781250e+02 -1.395477294921875000e+03
7.425052642822265625e+01 -2.581567687988281250e+02 -1.398799438476562500e+03
5.110032653808593750e+01 -2.432195281982421875e+02 -1.397556152343750000e+03
7.906505107879638672e+00 -2.380215301513671875e+02 -1.392360717773437500e+03
3.358525085449218750e+01 -2.501689758300781250e+02 -1.390087524414062500e+03
2.538376617431640625e+01 -2.345937805175781250e+02 -1.391727783203125000e+03
2.913810539245605469e+01 -2.392792663574218750e+02 -1.390018066406250000e+03
5.653946304321289062e+01 -2.563940734863281250e+02 -1.387859497070312500e+03
5.897325134277343750e+01 -2.636340637207031250e+02 -1.387478027343750000e+03
-6.973332977294921875e+01 -2.090350952148437500e+02 -1.386035278320312500e+03
2.694322395324707031e+01 -2.583537902832031250e+02 -1.385471313476562500e+03
6.127172088623046875e+01 -2.681726379394531250e+02 -1.377454223632812500e+03
-4.356678771972656250e+01 -2.262816314697265625e+02 -1.381634155273437500e+03
8.834593200683593750e+01 -2.773073730468750000e+02 -1.382203247070312500e+03
-6.159504318237304688e+01 -2.179665985107421875e+02 -1.381710449218750000e+03
-4.252351760864257812e+00 -2.297850036621093750e+02 -1.381663208007812500e+03
2.984886360168457031e+01 -2.445563201904296875e+02 -1.382311401367187500e+03
5.326895523071289062e+01 -2.586622314453125000e+02 -1.383877685546875000e+03
-6.643750762939453125e+01 -2.156598968505859375e+02 -1.376640014648437500e+03
7.956367015838623047e+00 -2.366415405273437500e+02 -1.384360229492187500e+03
-4.482778549194335938e+01 -2.592605895996093750e+02 -1.378611328125000000e+03
3.052049827575683594e+01 -2.446020660400390625e+02 -1.377247680664062500e+03
2.455113983154296875e+01 -2.575577392578125000e+02 -1.379218627929687500e+03
6.205717849731445312e+01 -2.434799194335937500e+02 -1.380233154296875000e+03
-5.636136245727539062e+01 -2.258707427978515625e+02 -1.376930175781250000e+03
-5.517184448242187500e+01 -2.295204010009765625e+02 -1.377938110351562500e+03
1.657122559845447540e-02 -2.386265716552734375e+02 -1.376203613281250000e+03
2.718822860717773438e+01 -2.478660888671875000e+02 -1.373750976562500000e+03
2.831300163269042969e+01 -2.390572662353515625e+02 -1.379926391601562500e+03
-5.075846862792968750e+01 -2.271825256347656250e+02 -1.374488403320312500e+03
-4.653758621215820312e+01 -2.431238861083984375e+02 -1.374684326171875000e+03
5.795502662658691406e+00 -2.343344421386718750e+02 -1.374062500000000000e+03
8.657588005065917969e+00 -2.385203247070312500e+02 -1.372030761718750000e+03
6.056005096435546875e+01 -2.605467834472656250e+02 -1.374529052734375000e+03
6.652318572998046875e+01 -2.461656951904296875e+02 -1.375056640625000000e+03
-3.689868164062500000e+01 -2.284572601318359375e+02 -1.374143920898437500e+03
4.478796386718750000e+01 -2.506689758300781250e+02 -1.371199951171875000e+03
-3.252153396606445312e+01 -2.335890045166015625e+02 -1.370807495117187500e+03
3.174806022644042969e+01 -2.516378479003906250e+02 -1.371689208984375000e+03
-3.695289230346679688e+01 -2.380501403808593750e+02 -1.371745483398437500e+03
-1.513772392272949219e+01 -2.570908508300781250e+02 -1.370569213867187500e+03
-2.321222496032714844e+01 -2.303799438476562500e+02 -1.369760986328125000e+03
3.116803359985351562e+01 -2.466378784179687500e+02 -1.367874023437500000e+03
-1.403170108795166016e+01 -2.379373474121093750e+02 -1.371654541015625000e+03
1.883669853210449219e+01 -2.328104400634765625e+02 -1.372091308593750000e+03
-2.204530525207519531e+01 -2.472935485839843750e+02 -1.368162353515625000e+03
2.885427665710449219e+01 -2.403038940429687500e+02 -1.372266723632812500e+03
-2.356450843811035156e+01 -2.262263793945312500e+02 -1.369625122070312500e+03
6.088370513916015625e+01 -2.497768554687500000e+02 -1.371149047851562500e+03
4.938395309448242188e+01 -2.450216979980468750e+02 -1.368392333984375000e+03
5.785847473144531250e+01 -2.599794921875000000e+02 -1.370942138671875000e+03
-6.006975173950195312e+01 -2.458578491210937500e+02 -1.368576416015625000e+03
6.450452423095703125e+01 -2.535791625976562500e+02 -1.367217895507812500e+03
1.450011348724365234e+01 -2.468446197509765625e+02 -1.368526611328125000e+03
-2.937561416625976562e+01 -2.388677520751953125e+02 -1.366495117187500000e+03
-2.768774986267089844e+00 -2.527503356933593750e+02 -1.365895263671875000e+03
-5.855986785888671875e+01 -2.281691436767578125e+02 -1.365492553710937500e+03
-6.445019531250000000e+01 -2.245816345214843750e+02 -1.365908203125000000e+03
-1.481070137023925781e+01 -2.433556671142578125e+02 -1.364595336914062500e+03
8.689864158630371094e+00 -2.402982025146484375e+02 -1.366865234375000000e+03
3.150708961486816406e+01 -2.319662017822265625e+02 -1.367592529296875000e+03
-4.753455734252929688e+01 -2.378217926025390625e+02 -1.363859863281250000e+03
4.740832901000976562e+01 -2.479484100341796875e+02 -1.366215454101562500e+03
-4.155693054199218750e+01 -2.282693634033203125e+02 -1.365687866210937500e+03
-3.583171844482421875e+01 -2.334896697998046875e+02 -1.365160766601562500e+03
