8.551183319091796875e+01 -2.345034027099609375e+02 -1.576178588867187500e+03
1.047943115234375000e+02 -2.305808715820312500e+02 -1.566382812500000000e+03
9.114778137207031250e+01 -2.383022155761718750e+02 -1.563418457031250000e+03
1.744845581054687500e+01 -2.367942962646484375e+02 -1.555570434570312500e+03
4.941177368164062500e+01 -2.414650878906250000e+02 -1.552321777343750000e+03
2.289478302001953125e+01 -2.461437835693359375e+02 -1.552686889648437500e+03
1.095068588256835938e+02 -2.461380767822265625e+02 -1.551689331054687500e+03
1.082430267333984375e+02 -2.525069122314453125e+02 -1.554430297851562500e+03
8.304301452636718750e+01 -2.254266662597656250e+02 -1.547149169921875000e+03
5.723106765747070312e+01 -2.440000762939453125e+02 -1.546501708984375000e+03
-4.435188770294189453e+00 -2.519945220947265625e+02 -1.537281372070312500e+03
1.086248397827148438e+02 -2.480732574462890625e+02 -1.547469116210937500e+03
2.220723724365234375e+01 -2.553070526123046875e+02 -1.534168701171875000e+03
1.203707122802734375e+02 -2.650474548339843750e+02 -1.532443237304687500e+03
-1.200390052795410156e+01 -2.333648681640625000e+02 -1.532452880859375000e+03
-3.303158569335937500e+01 -2.397249908447265625e+02 -1.528604858398437500e+03
1.123947906494140625e+02 -3.029519653320312500e+02 -1.534676757812500000e+03
1.505013847351074219e+01 -2.473304595947265625e+02 -1.525488769531250000e+03
1.276234970092773438e+02 -2.411013793945312500e+02 -1.523042114257812500e+03
5.512465953826904297e+00 -2.399855804443359375e+02 -1.524674682617187500e+03
-4.931168365478515625e+01 -2.390865173339843750e+02 -1.513677001953125000e+03
1.279619598388671875e+02 -2.264994354248046875e+02 -1.522199462890625000e+03
9.768736267089843750e+01 -2.513992462158203125e+02 -1.524287963867187500e+03
1.284235229492187500e+02 -2.266423034667968750e+02 -1.516860107421875000e+03
6.574458312988281250e+01 -2.408761138916015625e+02 -1.519842041015625000e+03
2.945386505126953125e+01 -2.445590972900390625e+02 -1.512631469726562500e+03
8.437290954589843750e+01 -2.466571502685546875e+02 -1.513832641601562500e+03
1.108216552734375000e+02 -2.887281188964843750e+02 -1.491071289062500000e+03
4.109644412994384766e+00 -2.361179809570312500e+02 -1.510857055664062500e+03
1.219790420532226562e+02 -2.737395019531250000e+02 -1.497638916015625000e+03
3.153202629089355469e+01 -2.446730499267578125e+02 -1.501809448242187500e+03
1.211203689575195312e+02 -2.254558868408203125e+02 -1.491496948242187500e+03
1.235392150878906250e+02 -2.646917419433593750e+02 -1.487839965820312500e+03
8.707412719726562500e+01 -2.533251953125000000e+02 -1.496725952148437500e+03
-1.221982002258300781e+01 -2.541926269531250000e+02 -1.479004028320312500e+03
1.018039550781250000e+02 -3.157871704101562500e+02 -1.489592529296875000e+03
1.050980300903320312e+02 -2.927322082519531250e+02 -1.477348999023437500e+03
2.267396545410156250e+01 -2.424767608642578125e+02 -1.489442016601562500e+03
-3.730566406250000000e+01 -2.473778991699218750e+02 -1.466020263671875000e+03
6.384132003784179688e+01 -2.579280090332031250e+02 -1.485260375976562500e+03
1.162467651367187500e+02 -2.237959594726562500e+02 -1.479949340820312500e+03
1.272822189331054688e+02 -2.538325805664062500e+02 -1.481350708007812500e+03
1.914401435852050781e+01 -2.439714813232421875e+02 -1.482982543945312500e+03
1.128992233276367188e+02 -2.258425598144531250e+02 -1.462056884765625000e+03
1.200187149047851562e+02 -2.672108764648437500e+02 -1.459969238281250000e+03
5.489238357543945312e+01 -2.596911010742187500e+02 -1.462615112304687500e+03
-4.986579132080078125e+01 -2.528899841308593750e+02 -1.448147338867187500e+03
1.132604522705078125e+02 -2.757025146484375000e+02 -1.458057128906250000e+03
5.322591400146484375e+01 -2.585425720214843750e+02 -1.460365966796875000e+03
8.665593719482421875e+01 -2.585957641601562500e+02 -1.454640502929687500e+03
7.221659088134765625e+01 -2.479469909667968750e+02 -1.443474853515625000e+03
2.382429695129394531e+01 -2.450643768310546875e+02 -1.467091552734375000e+03
7.764340972900390625e+01 -2.538075103759765625e+02 -1.441248168945312500e+03
1.129932022094726562e+02 -2.446736907958984375e+02 -1.441424316406250000e+03
5.840418624877929688e+01 -2.377899932861328125e+02 -1.445589233398437500e+03
1.118835220336914062e+02 -2.575088806152343750e+02 -1.432815063476562500e+03
-1.563405990600585938e+01 -2.511099548339843750e+02 -1.425439819335937500e+03
-1.250123977661132812e+00 -2.523305358886718750e+02 -1.419992431640625000e+03
7.006282043457031250e+01 -2.638204956054687500e+02 -1.419597045898437500e+03
-3.751502609252929688e+01 -2.549257202148437500e+02 -1.416156127929687500e+03
1.097079162597656250e+02 -2.344516448974609375e+02 -1.416656250000000000e+03
7.015715599060058594e+00 -2.522642669677734375e+02 -1.426180908203125000e+03
7.693227386474609375e+01 -2.565160522460937500e+02 -1.416871093750000000e+03
-9.678758978843688965e-01 -2.477276306152343750e+02 -1.406653076171875000e+03
6.755632019042968750e+01 -2.328809509277343750e+02 -1.416994262695312500e+03
6.988155364990234375e+01 -2.689648742675781250e+02 -1.406781494140625000e+03
5.984169006347656250e+01 -2.769121093750000000e+02 -1.409619506835937500e+03
1.098887405395507812e+02 -2.239826812744140625e+02 -1.410667602539062500e+03
7.850743103027343750e+01 -2.507924804687500000e+02 -1.408946166992187500e+03
7.318007659912109375e+01 -2.392661437988281250e+02 -1.409238159179687500e+03
7.245767211914062500e+01 -2.402636260986328125e+02 -1.405009033203125000e+03
4.477154922485351562e+01 -2.317777557373046875e+02 -1.407233520507812500e+03
7.653549957275390625e+01 -2.467355957031250000e+02 -1.400760253906250000e+03
4.948747634887695312e+01 -2.613498535156250000e+02 -1.396729736328125000e+03
2.141300582885742188e+01 -2.366434936523437500e+02 -1.394020141601562500e+03
7.338320922851562500e+01 -2.553267211914062500e+02 -1.397773681640625000e+03
5.087986755371093750e+01 -2.409766082763671875e+02 -1.396440063476562500e+03
9.222007751464843750e+00 -2.352106018066406250e+02 -1.391369750976562500e+03
3.357460403442382812e+01 -2.489378662109375000e+02 -1.389205810546875000e+03
2.624098205566406250e+01 -2.321423645019531250e+02 -1.390205078125000000e+03
2.980986976623535156e+01 -2.370072784423828125e+02 -1.388901733398437500e+03
5.644983673095703125e+01 -2.551451873779296875e+02 -1.387458374023437500e+03
5.864677429199218750e+01 -2.623306274414062500e+02 -1.387234619140625000e+03
-6.973703765869140625e+01 -2.090132904052734375e+02 -1.386025390625000000e+03
2.695784378051757812e+01 -2.577038574218750000e+02 -1.384887939453125000e+03
6.115860748291015625e+01 -2.674349365234375000e+02 -1.377207153320312500e+03
-4.356029129028320312e+01 -2.260981445312500000e+02 -1.381632812500000000e+03
8.840264129638671875e+01 -2.772370910644531250e+02 -1.381648925781250000e+03
-6.155114746093750000e+01 -2.179599304199218750e+02 -1.381705200195312500e+03
-3.225998401641845703e+00 -2.281659851074218750e+02 -1.381396606445312500e+03
3.012360763549804688e+01 -2.433210144042968750e+02 -1.381593750000000000e+03
5.304957199096679688e+01 -2.577911071777343750e+02 -1.383577880859375000e+03
-6.642372131347656250e+01 -2.156563262939453125e+02 -1.376632080078125000e+03
9.155572891235351562e+00 -2.340301666259765625e+02 -1.383533813476562500e+03
-4.487380599975585938e+01 -2.592380371093750000e+02 -1.378647705078125000e+03
3.088827705383300781e+01 -2.435716857910156250e+02 -1.376757202148437500e+03
2.457735252380371094e+01 -2.569810180664062500e+02 -1.378806030273437500e+03
6.157035064697265625e+01 -2.423548431396484375e+02 -1.379743408203125000e+03
-5.641666030883789062e+01 -2.258803558349609375e+02 -1.376938964843750000e+03
-5.519676589965820312e+01 -2.295594940185546875e+02 -1.377927490234375000e+03
8.860853910446166992e-01 -2.370316162109375000e+02 -1.376158569335937500e+03
2.767752647399902344e+01 -2.468881225585937500e+02 -1.373537353515625000e+03
2.910056877136230469e+01 -2.369793548583984375e+02 -1.379042724609375000e+03
-5.076134109497070312e+01 -2.271530303955078125e+02 -1.374520874023437500e+03
-4.646421432495117188e+01 -2.430955657958984375e+02 -1.374754272460937500e+03
6.638880252838134766e+00 -2.325702209472656250e+02 -1.373835571289062500e+03
9.480200767517089844e+00 -2.369950256347656250e+02 -1.372034423828125000e+03
6.039678955078125000e+01 -2.598392028808593750e+02 -1.374300659179687500e+03
6.598132324218750000e+01 -2.453995208740234375e+02 -1.374413452148437500e+03
-3.687923431396484375e+01 -2.282892608642578125e+02 -1.374119750976562500e+03
4.482470703125000000e+01 -2.501648406982421875e+02 -1.371465087890625000e+03
-3.230117416381835938e+01 -2.333308715820312500e+02 -1.370853637695312500e+03
3.184700393676757812e+01 -2.510361022949218750e+02 -1.371699829101562500e+03
-3.678826141357421875e+01 -2.379117889404296875e+02 -1.371772460937500000e+03
-1.500130462646484375e+01 -2.567450256347656250e+02 -1.370659790039062500e+03
-2.286598587036132812e+01 -2.298641052246093750e+02 -1.369728393554687500e+03
3.160079193115234375e+01 -2.458128509521484375e+02 -1.367787719726562500e+03
-1.371371650695800781e+01 -2.374632568359375000e+02 -1.371524291992187500e+03
1.974807548522949219e+01 -2.312046051025390625e+02 -1.371436889648437500e+03
-2.194687080383300781e+01 -2.470537567138671875e+02 -1.368228881835937500e+03
2.949007415771484375e+01 -2.390360565185546875e+02 -1.371754394531250000e+03
-2.330073165893554688e+01 -2.257679595947265625e+02 -1.369553466796875000e+03
6.048831558227539062e+01 -2.491804504394531250e+02 -1.370768432617187500e+03
4.909611511230468750e+01 -2.447775573730468750e+02 -1.368369384765625000e+03
5.772406768798828125e+01 -2.594787597656250000e+02 -1.370817993164062500e+03
-6.011303329467773438e+01 -2.458553161621093750e+02 -1.368535278320312500e+03
6.412831878662109375e+01 -2.529595794677734375e+02 -1.366879272460937500e+03
1.505663681030273438e+01 -2.456996002197265625e+02 -1.368967651367187500e+03
-2.910105895996093750e+01 -2.386133422851562500e+02 -1.366569335937500000e+03
-2.396461486816406250e+00 -2.519040985107421875e+02 -1.365953491210937500e+03
-5.857466125488281250e+01 -2.281301574707031250e+02 -1.365546386718750000e+03
-6.450003051757812500e+01 -2.245664520263671875e+02 -1.365934814453125000e+03
-1.448927593231201172e+01 -2.428443908691406250e+02 -1.364641601562500000e+03
9.517930984497070312e+00 -2.388971252441406250e+02 -1.366957397460937500e+03
3.220376205444335938e+01 -2.305447235107421875e+02 -1.366279174804687500e+03
-4.745676040649414062e+01 -2.377837829589843750e+02 -1.363964965820312500e+03
4.706155014038085938e+01 -2.478366699218750000e+02 -1.366437377929687500e+03
-4.161821365356445312e+01 -2.281742553710937500e+02 -1.365667114257812500e+03
-3.565759277343750000e+01 -2.332940673828125000e+02 -1.365209594726562500e+03
