8.599203491210937500e+01 -2.351414794921875000e+02 -1.577488037109375000e+03
1.028657226562500000e+02 -2.311954650878906250e+02 -1.565775024414062500e+03
9.015582275390625000e+01 -2.408926086425781250e+02 -1.568086669921875000e+03
1.602442359924316406e+01 -2.389837036132812500e+02 -1.554864379882812500e+03
4.648322677612304688e+01 -2.425282135009765625e+02 -1.555297485351562500e+03
2.146526527404785156e+01 -2.490041503906250000e+02 -1.552425903320312500e+03
1.072049255371093750e+02 -2.486579284667968750e+02 -1.556856079101562500e+03
1.071376571655273438e+02 -2.544390869140625000e+02 -1.558711059570312500e+03
7.686939239501953125e+01 -2.366697998046875000e+02 -1.554654296875000000e+03
5.258858108520507812e+01 -2.461758117675781250e+02 -1.554261352539062500e+03
-1.383161067962646484e+00 -2.503589019775390625e+02 -1.539099731445312500e+03
1.047102737426757812e+02 -2.499472045898437500e+02 -1.554473266601562500e+03
1.981116676330566406e+01 -2.570370178222656250e+02 -1.536674926757812500e+03
1.167142868041992188e+02 -2.675548706054687500e+02 -1.547093994140625000e+03
-8.836968421936035156e+00 -2.335951385498046875e+02 -1.534717163085937500e+03
-3.434202194213867188e+01 -2.410378875732421875e+02 -1.527810546875000000e+03
1.120558242797851562e+02 -3.060638427734375000e+02 -1.536535278320312500e+03
1.488645458221435547e+01 -2.510979156494140625e+02 -1.527592163085937500e+03
1.163403549194335938e+02 -2.425563812255859375e+02 -1.543527099609375000e+03
7.104099750518798828e+00 -2.447772216796875000e+02 -1.525163818359375000e+03
-4.906697845458984375e+01 -2.391249237060546875e+02 -1.514357910156250000e+03
1.155792694091796875e+02 -2.281011352539062500e+02 -1.541996948242187500e+03
8.398414611816406250e+01 -2.606145324707031250e+02 -1.541001831054687500e+03
1.143976440429687500e+02 -2.283221893310546875e+02 -1.536600830078125000e+03
5.470871353149414062e+01 -2.532906494140625000e+02 -1.534813598632812500e+03
2.875653076171875000e+01 -2.519871826171875000e+02 -1.518778320312500000e+03
6.786158752441406250e+01 -2.571594848632812500e+02 -1.530934448242187500e+03
1.088649749755859375e+02 -3.032538452148437500e+02 -1.506262573242187500e+03
6.052236080169677734e+00 -2.434864044189453125e+02 -1.512572387695312500e+03
1.126108322143554688e+02 -2.853153686523437500e+02 -1.522727416992187500e+03
2.753204917907714844e+01 -2.537947845458984375e+02 -1.509889282226562500e+03
1.052797698974609375e+02 -2.278593292236328125e+02 -1.515103271484375000e+03
1.084427032470703125e+02 -2.785470886230468750e+02 -1.514422119140625000e+03
6.878730010986328125e+01 -2.649164733886718750e+02 -1.515057373046875000e+03
-1.466252803802490234e+01 -2.529297485351562500e+02 -1.484156616210937500e+03
1.027923507690429688e+02 -3.170242919921875000e+02 -1.489783203125000000e+03
1.053762359619140625e+02 -3.074900512695312500e+02 -1.488730834960937500e+03
1.871787643432617188e+01 -2.504928741455078125e+02 -1.498491210937500000e+03
-3.683066558837890625e+01 -2.478535461425781250e+02 -1.463818237304687500e+03
5.084885406494140625e+01 -2.700265197753906250e+02 -1.503459472656250000e+03
1.026903076171875000e+02 -2.271245574951171875e+02 -1.504347412109375000e+03
1.092277526855468750e+02 -2.646783142089843750e+02 -1.507581787109375000e+03
1.614840316772460938e+01 -2.515847930908203125e+02 -1.492734130859375000e+03
1.057425231933593750e+02 -2.302265930175781250e+02 -1.483247192382812500e+03
1.054357147216796875e+02 -2.822042236328125000e+02 -1.480036132812500000e+03
4.331917190551757812e+01 -2.690237121582031250e+02 -1.479620361328125000e+03
-5.010559082031250000e+01 -2.536203918457031250e+02 -1.448713745117187500e+03
1.033392944335937500e+02 -2.934232788085937500e+02 -1.474956176757812500e+03
4.219766235351562500e+01 -2.673372192382812500e+02 -1.477246337890625000e+03
7.071652984619140625e+01 -2.682417297363281250e+02 -1.475656127929687500e+03
5.912379837036132812e+01 -2.560361938476562500e+02 -1.464460205078125000e+03
2.184931755065917969e+01 -2.500323028564453125e+02 -1.477884643554687500e+03
6.464656066894531250e+01 -2.621866149902343750e+02 -1.462041625976562500e+03
1.040198440551757812e+02 -2.530846252441406250e+02 -1.463010131835937500e+03
5.008656311035156250e+01 -2.446141204833984375e+02 -1.464411132812500000e+03
1.021548614501953125e+02 -2.674409790039062500e+02 -1.451015014648437500e+03
-1.468415641784667969e+01 -2.513433990478515625e+02 -1.424579589843750000e+03
-1.023255348205566406e+00 -2.537140808105468750e+02 -1.420580322265625000e+03
6.396348190307617188e+01 -2.688997497558593750e+02 -1.427540039062500000e+03
-3.743426513671875000e+01 -2.551639404296875000e+02 -1.416107421875000000e+03
1.068011322021484375e+02 -2.434840087890625000e+02 -1.433440673828125000e+03
7.690655231475830078e+00 -2.556495971679687500e+02 -1.430152587890625000e+03
7.114331054687500000e+01 -2.638561706542968750e+02 -1.427472656250000000e+03
-6.411611437797546387e-01 -2.498950653076171875e+02 -1.407379028320312500e+03
6.285355377197265625e+01 -2.430954132080078125e+02 -1.431379760742187500e+03
6.833728790283203125e+01 -2.718728942871093750e+02 -1.409701416015625000e+03
5.984294509887695312e+01 -2.773489074707031250e+02 -1.408628417968750000e+03
1.050564956665039062e+02 -2.320353393554687500e+02 -1.426799194335937500e+03
7.258481597900390625e+01 -2.596650085449218750e+02 -1.420444702148437500e+03
6.827631378173828125e+01 -2.483959808349609375e+02 -1.421299926757812500e+03
6.853825378417968750e+01 -2.481706695556640625e+02 -1.415500244140625000e+03
4.361928558349609375e+01 -2.383403778076171875e+02 -1.418672241210937500e+03
7.238496398925781250e+01 -2.538766326904296875e+02 -1.410679199218750000e+03
4.953550338745117188e+01 -2.629113769531250000e+02 -1.399199707031250000e+03
2.096493530273437500e+01 -2.375464935302734375e+02 -1.395782592773437500e+03
7.012020874023437500e+01 -2.602949523925781250e+02 -1.404811767578125000e+03
5.051741027832031250e+01 -2.443443298339843750e+02 -1.405182128906250000e+03
8.894770622253417969e+00 -2.363664398193359375e+02 -1.391748291015625000e+03
3.368318176269531250e+01 -2.501065979003906250e+02 -1.390862182617187500e+03
2.574775505065917969e+01 -2.330586090087890625e+02 -1.390909790039062500e+03
2.955984306335449219e+01 -2.369796447753906250e+02 -1.389643066406250000e+03
5.643039703369140625e+01 -2.566285400390625000e+02 -1.390148925781250000e+03
5.890896987915039062e+01 -2.633318176269531250e+02 -1.389163696289062500e+03
-6.980188751220703125e+01 -2.090263671875000000e+02 -1.386060058593750000e+03
2.665605926513671875e+01 -2.574414367675781250e+02 -1.385822631835937500e+03
6.056461715698242188e+01 -2.679541320800781250e+02 -1.378428222656250000e+03
-4.358601760864257812e+01 -2.260860137939453125e+02 -1.381556884765625000e+03
8.698421478271484375e+01 -2.786534729003906250e+02 -1.386619140625000000e+03
-6.160781097412109375e+01 -2.179615783691406250e+02 -1.381754516601562500e+03
-3.920696735382080078e+00 -2.289042663574218750e+02 -1.381261962890625000e+03
3.012013816833496094e+01 -2.429148559570312500e+02 -1.381845825195312500e+03
5.278932952880859375e+01 -2.585101013183593750e+02 -1.385447143554687500e+03
-6.646968078613281250e+01 -2.156837615966796875e+02 -1.376589355468750000e+03
8.718291282653808594e+00 -2.353718414306640625e+02 -1.384099853515625000e+03
-4.488074493408203125e+01 -2.593278808593750000e+02 -1.378578979492187500e+03
3.111426544189453125e+01 -2.432464904785156250e+02 -1.375709716796875000e+03
2.478339195251464844e+01 -2.569089660644531250e+02 -1.379184082031250000e+03
6.128843688964843750e+01 -2.433713073730468750e+02 -1.382062500000000000e+03
-5.640311813354492188e+01 -2.258775024414062500e+02 -1.376903442382812500e+03
-5.522109985351562500e+01 -2.295724487304687500e+02 -1.377933105468750000e+03
5.155183076858520508e-01 -2.374894256591796875e+02 -1.376343383789062500e+03
2.771858406066894531e+01 -2.456238555908203125e+02 -1.372682617187500000e+03
2.884906578063964844e+01 -2.368245849609375000e+02 -1.378660400390625000e+03
-5.085722732543945312e+01 -2.270634002685546875e+02 -1.374533569335937500e+03
-4.653165817260742188e+01 -2.431477355957031250e+02 -1.374597045898437500e+03
5.967140197753906250e+00 -2.326706237792968750e+02 -1.374747558593750000e+03
8.854718208312988281e+00 -2.363051757812500000e+02 -1.372217773437500000e+03
5.979719543457031250e+01 -2.598338623046875000e+02 -1.374696289062500000e+03
6.514482879638671875e+01 -2.451772460937500000e+02 -1.375778076171875000e+03
-3.693635177612304688e+01 -2.283696899414062500e+02 -1.373964721679687500e+03
4.540514373779296875e+01 -2.505676116943359375e+02 -1.370672363281250000e+03
-3.241472244262695312e+01 -2.332773284912109375e+02 -1.370911010742187500e+03
3.202513504028320312e+01 -2.502813110351562500e+02 -1.371240356445312500e+03
-3.697212219238281250e+01 -2.380841369628906250e+02 -1.371909667968750000e+03
-1.493784809112548828e+01 -2.567095642089843750e+02 -1.370804687500000000e+03
-2.296455574035644531e+01 -2.303556213378906250e+02 -1.369516967773437500e+03
3.121071624755859375e+01 -2.450935058593750000e+02 -1.367153930664062500e+03
-1.390369033813476562e+01 -2.374665679931640625e+02 -1.371720214843750000e+03
1.868576240539550781e+01 -2.307002105712890625e+02 -1.371313232421875000e+03
-2.190925407409667969e+01 -2.468075714111328125e+02 -1.368377563476562500e+03
2.903569793701171875e+01 -2.383311767578125000e+02 -1.371022705078125000e+03
-2.345613479614257812e+01 -2.261974334716796875e+02 -1.369322875976562500e+03
6.015820693969726562e+01 -2.493798217773437500e+02 -1.371099975585937500e+03
4.867299652099609375e+01 -2.444645843505859375e+02 -1.368074340820312500e+03
5.726099014282226562e+01 -2.590751953125000000e+02 -1.370605957031250000e+03
-6.003470230102539062e+01 -2.458233032226562500e+02 -1.368529907226562500e+03
6.383952331542968750e+01 -2.530262145996093750e+02 -1.367089477539062500e+03
1.500147533416748047e+01 -2.450685272216796875e+02 -1.368730712890625000e+03
-2.912818336486816406e+01 -2.387656250000000000e+02 -1.366492553710937500e+03
-2.696482896804809570e+00 -2.519855499267578125e+02 -1.366257324218750000e+03
-5.865585708618164062e+01 -2.282047729492187500e+02 -1.365500244140625000e+03
-6.452896881103515625e+01 -2.245478973388671875e+02 -1.365905761718750000e+03
-1.471369838714599609e+01 -2.429505767822265625e+02 -1.365007324218750000e+03
8.664733886718750000e+00 -2.385530395507812500e+02 -1.367352294921875000e+03
3.052732276916503906e+01 -2.303889007568359375e+02 -1.366259033203125000e+03
-4.752793502807617188e+01 -2.380669097900390625e+02 -1.363894165039062500e+03
4.675873184204101562e+01 -2.471541137695312500e+02 -1.365511474609375000e+03
-4.176094055175781250e+01 -2.282716522216796875e+02 -1.365548339843750000e+03
-3.580555343627929688e+01 -2.333015899658203125e+02 -1.365283691406250000e+03
