8.567167663574218750e+01 -2.343050079345703125e+02 -1.576812866210937500e+03
1.045142364501953125e+02 -2.303397064208984375e+02 -1.565734741210937500e+03
9.160937500000000000e+01 -2.378545074462890625e+02 -1.564070678710937500e+03
1.749244308471679688e+01 -2.375119476318359375e+02 -1.555328369140625000e+03
4.898242568969726562e+01 -2.410987854003906250e+02 -1.552623291015625000e+03
2.246481704711914062e+01 -2.452814941406250000e+02 -1.552643310546875000e+03
1.095254211425781250e+02 -2.459895629882812500e+02 -1.552309814453125000e+03
1.086332015991210938e+02 -2.526057434082031250e+02 -1.554692138671875000e+03
8.243814849853515625e+01 -2.252080078125000000e+02 -1.546707031250000000e+03
5.706946563720703125e+01 -2.442450561523437500e+02 -1.545911987304687500e+03
-4.906266689300537109e+00 -2.511438140869140625e+02 -1.537677246093750000e+03
1.084669418334960938e+02 -2.474159698486328125e+02 -1.548177612304687500e+03
2.087704849243164062e+01 -2.546529541015625000e+02 -1.533659301757812500e+03
1.205872421264648438e+02 -2.647702636718750000e+02 -1.532710327148437500e+03
-1.300739955902099609e+01 -2.318481292724609375e+02 -1.533002319335937500e+03
-3.256453704833984375e+01 -2.395656433105468750e+02 -1.528839965820312500e+03
1.122712173461914062e+02 -3.027860107421875000e+02 -1.535197509765625000e+03
1.309245109558105469e+01 -2.452731018066406250e+02 -1.526348999023437500e+03
1.305053863525390625e+02 -2.411278228759765625e+02 -1.524285156250000000e+03
3.937355279922485352e+00 -2.386491241455078125e+02 -1.525738769531250000e+03
-4.941838836669921875e+01 -2.387583465576171875e+02 -1.513934814453125000e+03
1.306253662109375000e+02 -2.269967498779296875e+02 -1.524078002929687500e+03
9.803932952880859375e+01 -2.518739624023437500e+02 -1.524698852539062500e+03
1.314046173095703125e+02 -2.263358459472656250e+02 -1.518848388671875000e+03
6.455500030517578125e+01 -2.392920074462890625e+02 -1.520817016601562500e+03
2.787117385864257812e+01 -2.436908874511718750e+02 -1.514553588867187500e+03
8.687823486328125000e+01 -2.453617248535156250e+02 -1.513450073242187500e+03
1.101065216064453125e+02 -2.883731994628906250e+02 -1.490860229492187500e+03
4.257545948028564453e+00 -2.347279663085937500e+02 -1.511233032226562500e+03
1.212924957275390625e+02 -2.718417968750000000e+02 -1.498369750976562500e+03
3.105471611022949219e+01 -2.411626281738281250e+02 -1.507050048828125000e+03
1.243853149414062500e+02 -2.234979705810546875e+02 -1.489596557617187500e+03
1.236812210083007812e+02 -2.640513916015625000e+02 -1.487366699218750000e+03
8.789400482177734375e+01 -2.530970916748046875e+02 -1.496046875000000000e+03
-1.179359626770019531e+01 -2.540019226074218750e+02 -1.479699707031250000e+03
1.027332458496093750e+02 -3.154974365234375000e+02 -1.489059448242187500e+03
1.053269119262695312e+02 -2.933374633789062500e+02 -1.476824096679687500e+03
2.342126655578613281e+01 -2.382654876708984375e+02 -1.493119750976562500e+03
-3.662137603759765625e+01 -2.472281341552734375e+02 -1.465813964843750000e+03
6.320930862426757812e+01 -2.573162536621093750e+02 -1.486416748046875000e+03
1.228796157836914062e+02 -2.202666473388671875e+02 -1.478438598632812500e+03
1.295375976562500000e+02 -2.518350524902343750e+02 -1.480983764648437500e+03
1.990336799621582031e+01 -2.413889770507812500e+02 -1.485567993164062500e+03
1.143987960815429688e+02 -2.230261230468750000e+02 -1.460797729492187500e+03
1.205996856689453125e+02 -2.651466369628906250e+02 -1.459849609375000000e+03
5.411245727539062500e+01 -2.597305297851562500e+02 -1.464899414062500000e+03
-4.979796218872070312e+01 -2.526263885498046875e+02 -1.448345092773437500e+03
1.126526184082031250e+02 -2.737939147949218750e+02 -1.457478515625000000e+03
5.242356872558593750e+01 -2.585956726074218750e+02 -1.462699218750000000e+03
8.480632019042968750e+01 -2.579538574218750000e+02 -1.454856567382812500e+03
7.058557128906250000e+01 -2.478633575439453125e+02 -1.444248535156250000e+03
2.095552062988281250e+01 -2.448158264160156250e+02 -1.471320922851562500e+03
7.655278778076171875e+01 -2.527857971191406250e+02 -1.442095825195312500e+03
1.122579650878906250e+02 -2.428105621337890625e+02 -1.441598632812500000e+03
5.727419281005859375e+01 -2.378546447753906250e+02 -1.447444335937500000e+03
1.097433929443359375e+02 -2.553598632812500000e+02 -1.433782348632812500e+03
-1.639397048950195312e+01 -2.510238037109375000e+02 -1.425137695312500000e+03
-1.801337480545043945e+00 -2.519204254150390625e+02 -1.420226562500000000e+03
6.991754150390625000e+01 -2.642922973632812500e+02 -1.419720947265625000e+03
-3.737905502319335938e+01 -2.546903228759765625e+02 -1.416303588867187500e+03
1.098054428100585938e+02 -2.334735107421875000e+02 -1.416521240234375000e+03
6.096968650817871094e+00 -2.521190643310546875e+02 -1.426724487304687500e+03
7.703549194335937500e+01 -2.566358337402343750e+02 -1.417043090820312500e+03
-1.205999255180358887e+00 -2.462933654785156250e+02 -1.407765625000000000e+03
6.743677520751953125e+01 -2.335634918212890625e+02 -1.417313598632812500e+03
7.031494903564453125e+01 -2.692558593750000000e+02 -1.406839599609375000e+03
5.995596694946289062e+01 -2.769030151367187500e+02 -1.409256469726562500e+03
1.096256179809570312e+02 -2.231293640136718750e+02 -1.410318603515625000e+03
7.839989471435546875e+01 -2.510907897949218750e+02 -1.408482299804687500e+03
7.275272369384765625e+01 -2.404724731445312500e+02 -1.408719360351562500e+03
7.243268585205078125e+01 -2.413327178955078125e+02 -1.404630615234375000e+03
4.451409912109375000e+01 -2.308650360107421875e+02 -1.408087524414062500e+03
7.664379882812500000e+01 -2.478923950195312500e+02 -1.400385375976562500e+03
4.949529647827148438e+01 -2.610208740234375000e+02 -1.396910156250000000e+03
2.056232452392578125e+01 -2.350606842041015625e+02 -1.395401611328125000e+03
7.368487548828125000e+01 -2.560728454589843750e+02 -1.397719116210937500e+03
5.075624084472656250e+01 -2.402150421142578125e+02 -1.396592407226562500e+03
8.564188957214355469e+00 -2.336611480712890625e+02 -1.392181762695312500e+03
3.315818786621093750e+01 -2.479727325439453125e+02 -1.389937866210937500e+03
2.527169990539550781e+01 -2.305955200195312500e+02 -1.391303100585937500e+03
2.863740539550781250e+01 -2.354898986816406250e+02 -1.390101684570312500e+03
5.628398132324218750e+01 -2.550930023193359375e+02 -1.387145996093750000e+03
5.873773574829101562e+01 -2.622515258789062500e+02 -1.387239135742187500e+03
-6.958641815185546875e+01 -2.088311157226562500e+02 -1.386158447265625000e+03
2.667062568664550781e+01 -2.571150207519531250e+02 -1.385714233398437500e+03
6.119002151489257812e+01 -2.673814392089843750e+02 -1.377426879882812500e+03
-4.341805267333984375e+01 -2.258593750000000000e+02 -1.381770629882812500e+03
8.878766632080078125e+01 -2.772162475585937500e+02 -1.381959106445312500e+03
-6.142641448974609375e+01 -2.177805938720703125e+02 -1.381796386718750000e+03
-3.704710960388183594e+00 -2.278214111328125000e+02 -1.381224365234375000e+03
2.935363578796386719e+01 -2.426294250488281250e+02 -1.382082031250000000e+03
5.293618392944335938e+01 -2.576616821289062500e+02 -1.383380615234375000e+03
-6.628752136230468750e+01 -2.154534912109375000e+02 -1.376751342773437500e+03
8.445417404174804688e+00 -2.331159820556640625e+02 -1.384156616210937500e+03
-4.471430587768554688e+01 -2.590194396972656250e+02 -1.378794799804687500e+03
3.030295181274414062e+01 -2.428912200927734375e+02 -1.377047363281250000e+03
2.438646697998046875e+01 -2.564463500976562500e+02 -1.379443481445312500e+03
6.117932891845703125e+01 -2.420342102050781250e+02 -1.379992187500000000e+03
-5.626599502563476562e+01 -2.256434631347656250e+02 -1.377057495117187500e+03
-5.507358551025390625e+01 -2.293113250732421875e+02 -1.378043945312500000e+03
6.890696883201599121e-01 -2.367942657470703125e+02 -1.375930419921875000e+03
2.695092964172363281e+01 -2.465698089599609375e+02 -1.373373168945312500e+03
2.796795845031738281e+01 -2.365015563964843750e+02 -1.379363891601562500e+03
-5.061607360839843750e+01 -2.269722290039062500e+02 -1.374658325195312500e+03
-4.627339935302734375e+01 -2.429317932128906250e+02 -1.374832885742187500e+03
6.508256912231445312e+00 -2.326112976074218750e+02 -1.373581420898437500e+03
9.078094482421875000e+00 -2.370352325439453125e+02 -1.371519409179687500e+03
6.034974670410156250e+01 -2.597342224121093750e+02 -1.374553466796875000e+03
6.593241882324218750e+01 -2.451170806884765625e+02 -1.374530883789062500e+03
-3.675131988525390625e+01 -2.279718475341796875e+02 -1.374282104492187500e+03
4.447492599487304688e+01 -2.497688446044921875e+02 -1.371521118164062500e+03
-3.222346115112304688e+01 -2.331650238037109375e+02 -1.370918579101562500e+03
3.148725700378417969e+01 -2.506279907226562500e+02 -1.371917114257812500e+03
-3.668390274047851562e+01 -2.376982269287109375e+02 -1.371874633789062500e+03
-1.500852966308593750e+01 -2.567420043945312500e+02 -1.370530639648437500e+03
-2.306319427490234375e+01 -2.295287170410156250e+02 -1.369726928710937500e+03
3.131759834289550781e+01 -2.458143310546875000e+02 -1.367311035156250000e+03
-1.366245269775390625e+01 -2.374378509521484375e+02 -1.371356811523437500e+03
1.918632316589355469e+01 -2.314738616943359375e+02 -1.370670166015625000e+03
-2.188828086853027344e+01 -2.469373016357421875e+02 -1.368153320312500000e+03
2.874659919738769531e+01 -2.387529754638671875e+02 -1.371426757812500000e+03
-2.347475433349609375e+01 -2.254460449218750000e+02 -1.369531372070312500e+03
6.040522003173828125e+01 -2.487647552490234375e+02 -1.370816650390625000e+03
4.905921936035156250e+01 -2.443697509765625000e+02 -1.368609863281250000e+03
5.760570144653320312e+01 -2.593054504394531250e+02 -1.371005859375000000e+03
-5.995310974121093750e+01 -2.455909729003906250e+02 -1.368713745117187500e+03
6.406974029541015625e+01 -2.526461791992187500e+02 -1.366903320312500000e+03
1.484896755218505859e+01 -2.462059631347656250e+02 -1.368311279296875000e+03
-2.907501220703125000e+01 -2.384110412597656250e+02 -1.366535278320312500e+03
-2.463667154312133789e+00 -2.522187500000000000e+02 -1.365692626953125000e+03
-5.841983413696289062e+01 -2.278938903808593750e+02 -1.365677001953125000e+03
-6.434750366210937500e+01 -2.243406829833984375e+02 -1.366061401367187500e+03
-1.440744972229003906e+01 -2.429033966064453125e+02 -1.364454956054687500e+03
9.184174537658691406e+00 -2.390637664794921875e+02 -1.366434692382812500e+03
3.169316101074218750e+01 -2.302247161865234375e+02 -1.366126464843750000e+03
-4.729812622070312500e+01 -2.375331573486328125e+02 -1.364077026367187500e+03
4.706646347045898438e+01 -2.473820190429687500e+02 -1.366616699218750000e+03
-4.145468139648437500e+01 -2.278512573242187500e+02 -1.365827148437500000e+03
-3.555063247680664062e+01 -2.331206512451171875e+02 -1.365287109375000000e+03
