8.535640716552734375e+01 -2.342931365966796875e+02 -1.576623046875000000e+03
1.046929321289062500e+02 -2.303956756591796875e+02 -1.566011718750000000e+03
9.113528442382812500e+01 -2.374846954345703125e+02 -1.564345214843750000e+03
1.723210144042968750e+01 -2.374649353027343750e+02 -1.555637084960937500e+03
4.943831253051757812e+01 -2.410724945068359375e+02 -1.553407470703125000e+03
2.251788520812988281e+01 -2.450207824707031250e+02 -1.552723876953125000e+03
1.098021087646484375e+02 -2.458863677978515625e+02 -1.552889160156250000e+03
1.085901870727539062e+02 -2.526730957031250000e+02 -1.555024047851562500e+03
8.335112762451171875e+01 -2.249318847656250000e+02 -1.548542236328125000e+03
5.787107467651367188e+01 -2.447917633056640625e+02 -1.546654663085937500e+03
-4.368482112884521484e+00 -2.513916778564453125e+02 -1.538050170898437500e+03
1.089415512084960938e+02 -2.471799468994140625e+02 -1.548763549804687500e+03
2.181440925598144531e+01 -2.541447296142578125e+02 -1.534583862304687500e+03
1.205289001464843750e+02 -2.644686279296875000e+02 -1.532882568359375000e+03
-1.326112651824951172e+01 -2.314923706054687500e+02 -1.533157714843750000e+03
-3.299384689331054688e+01 -2.396551055908203125e+02 -1.528780883789062500e+03
1.122403411865234375e+02 -3.029841003417968750e+02 -1.535210937500000000e+03
1.336002826690673828e+01 -2.440931091308593750e+02 -1.527179809570312500e+03
1.310281524658203125e+02 -2.417975311279296875e+02 -1.526654296875000000e+03
3.969219446182250977e+00 -2.376709594726562500e+02 -1.526678588867187500e+03
-4.944232940673828125e+01 -2.388215026855468750e+02 -1.514054931640625000e+03
1.309160003662109375e+02 -2.275938110351562500e+02 -1.526809570312500000e+03
9.974671936035156250e+01 -2.521034545898437500e+02 -1.525313720703125000e+03
1.313061828613281250e+02 -2.270847930908203125e+02 -1.521799438476562500e+03
6.674220275878906250e+01 -2.392625732421875000e+02 -1.522192749023437500e+03
2.781169891357421875e+01 -2.426484680175781250e+02 -1.516752563476562500e+03
8.855721282958984375e+01 -2.458883056640625000e+02 -1.514903564453125000e+03
1.107593460083007812e+02 -2.891540832519531250e+02 -1.491069946289062500e+03
3.533503055572509766e+00 -2.332604675292968750e+02 -1.512652099609375000e+03
1.219328689575195312e+02 -2.729655456542968750e+02 -1.498690551757812500e+03
3.025443649291992188e+01 -2.392695922851562500e+02 -1.511043579101562500e+03
1.240811080932617188e+02 -2.258916931152343750e+02 -1.493743286132812500e+03
1.245798568725585938e+02 -2.655750427246093750e+02 -1.488854492187500000e+03
8.919895172119140625e+01 -2.536133575439453125e+02 -1.497455932617187500e+03
-1.187908267974853516e+01 -2.533629608154296875e+02 -1.480846069335937500e+03
1.018879776000976562e+02 -3.156429443359375000e+02 -1.488150878906250000e+03
1.059965591430664062e+02 -2.939218139648437500e+02 -1.476637573242187500e+03
2.282559013366699219e+01 -2.370702209472656250e+02 -1.496111328125000000e+03
-3.663796997070312500e+01 -2.474846649169921875e+02 -1.465604858398437500e+03
6.273527526855468750e+01 -2.573750610351562500e+02 -1.488066040039062500e+03
1.229655380249023438e+02 -2.229685668945312500e+02 -1.482668579101562500e+03
1.293637084960937500e+02 -2.540743713378906250e+02 -1.483333496093750000e+03
1.925611114501953125e+01 -2.405260772705078125e+02 -1.488228393554687500e+03
1.131374053955078125e+02 -2.256511840820312500e+02 -1.464273681640625000e+03
1.205783920288085938e+02 -2.672073364257812500e+02 -1.460807617187500000e+03
5.410511779785156250e+01 -2.603644714355468750e+02 -1.466765258789062500e+03
-5.006973648071289062e+01 -2.528003997802734375e+02 -1.448275878906250000e+03
1.127082977294921875e+02 -2.751820068359375000e+02 -1.458215942382812500e+03
5.247359848022460938e+01 -2.591492309570312500e+02 -1.464520874023437500e+03
8.480162048339843750e+01 -2.588733215332031250e+02 -1.456193847656250000e+03
7.070446014404296875e+01 -2.490868835449218750e+02 -1.446121093750000000e+03
2.029304313659667969e+01 -2.448175811767578125e+02 -1.473560180664062500e+03
7.672546386718750000e+01 -2.539781646728515625e+02 -1.443753906250000000e+03
1.116009216308593750e+02 -2.440599060058593750e+02 -1.443107299804687500e+03
5.749667358398437500e+01 -2.386935882568359375e+02 -1.449230468750000000e+03
1.102129821777343750e+02 -2.560257873535156250e+02 -1.434673461914062500e+03
-1.623219680786132812e+01 -2.512977142333984375e+02 -1.425354614257812500e+03
-2.589419364929199219e+00 -2.519938354492187500e+02 -1.420588012695312500e+03
7.031704711914062500e+01 -2.657828674316406250e+02 -1.420178100585937500e+03
-3.754361724853515625e+01 -2.550128173828125000e+02 -1.416122192382812500e+03
1.105831222534179688e+02 -2.346907348632812500e+02 -1.417683715820312500e+03
4.928320884704589844e+00 -2.523649597167968750e+02 -1.427285766601562500e+03
7.723342132568359375e+01 -2.581085815429687500e+02 -1.418033691406250000e+03
-2.456977367401123047e+00 -2.464190826416015625e+02 -1.408312500000000000e+03
6.767765045166015625e+01 -2.346696014404296875e+02 -1.418809692382812500e+03
7.073922729492187500e+01 -2.706697998046875000e+02 -1.406756713867187500e+03
6.036853790283203125e+01 -2.777436828613281250e+02 -1.408989990234375000e+03
1.104776382446289062e+02 -2.243973846435546875e+02 -1.411389648437500000e+03
7.880458831787109375e+01 -2.527659606933593750e+02 -1.409858764648437500e+03
7.309230041503906250e+01 -2.415343933105468750e+02 -1.410215698242187500e+03
7.288800811767578125e+01 -2.427321014404296875e+02 -1.405791015625000000e+03
4.409172821044921875e+01 -2.315711669921875000e+02 -1.408794189453125000e+03
7.712951660156250000e+01 -2.492510070800781250e+02 -1.401661743164062500e+03
4.970027542114257812e+01 -2.620963134765625000e+02 -1.396866088867187500e+03
1.941366767883300781e+01 -2.351035766601562500e+02 -1.396964477539062500e+03
7.413204956054687500e+01 -2.577838439941406250e+02 -1.398466552734375000e+03
5.083163452148437500e+01 -2.412337036132812500e+02 -1.396994018554687500e+03
6.876943111419677734e+00 -2.336683959960937500e+02 -1.393439331054687500e+03
3.275112533569335938e+01 -2.483687744140625000e+02 -1.390565185546875000e+03
2.409012222290039062e+01 -2.309250946044921875e+02 -1.392642456054687500e+03
2.771796798706054688e+01 -2.357766418457031250e+02 -1.391251953125000000e+03
5.634876632690429688e+01 -2.557460632324218750e+02 -1.387333496093750000e+03
5.892694854736328125e+01 -2.632309570312500000e+02 -1.387255493164062500e+03
-6.973487854003906250e+01 -2.090293273925781250e+02 -1.386051025390625000e+03
2.631745910644531250e+01 -2.573378601074218750e+02 -1.386255249023437500e+03
6.122052001953125000e+01 -2.679511413574218750e+02 -1.377478759765625000e+03
-4.365864181518554688e+01 -2.260888061523437500e+02 -1.381705932617187500e+03
8.824458312988281250e+01 -2.767930297851562500e+02 -1.382534545898437500e+03
-6.157403182983398438e+01 -2.179583282470703125e+02 -1.381687011718750000e+03
-4.907948493957519531e+00 -2.275563964843750000e+02 -1.381528076171875000e+03
2.889059448242187500e+01 -2.429128723144531250e+02 -1.382661865234375000e+03
5.320252990722656250e+01 -2.580993347167968750e+02 -1.383479125976562500e+03
-6.641784667968750000e+01 -2.156393585205078125e+02 -1.376637207031250000e+03
6.892348289489746094e+00 -2.329565734863281250e+02 -1.385198120117187500e+03
-4.485836410522460938e+01 -2.591989135742187500e+02 -1.378674194335937500e+03
2.977094268798828125e+01 -2.434158477783203125e+02 -1.377376220703125000e+03
2.407962799072265625e+01 -2.567369384765625000e+02 -1.379841186523437500e+03
6.186413192749023438e+01 -2.431514587402343750e+02 -1.379859252929687500e+03
-5.637251281738281250e+01 -2.258446197509765625e+02 -1.376942260742187500e+03
-5.517330932617187500e+01 -2.294886627197265625e+02 -1.377935058593750000e+03
-3.489348292350769043e-01 -2.368774871826171875e+02 -1.376091674804687500e+03
2.645464134216308594e+01 -2.470414276123046875e+02 -1.373678344726562500e+03
2.723057174682617188e+01 -2.368221130371093750e+02 -1.380334228515625000e+03
-5.073227310180664062e+01 -2.271837005615234375e+02 -1.374529541015625000e+03
-4.642703628540039062e+01 -2.431056976318359375e+02 -1.374694213867187500e+03
5.436096668243408203e+00 -2.326441345214843750e+02 -1.374073730468750000e+03
8.145418167114257812e+00 -2.371752471923828125e+02 -1.371838989257812500e+03
6.054550552368164062e+01 -2.603554992675781250e+02 -1.374549560546875000e+03
6.635858154296875000e+01 -2.456141510009765625e+02 -1.374644409179687500e+03
-3.709219360351562500e+01 -2.281714935302734375e+02 -1.374230102539062500e+03
4.468526458740234375e+01 -2.503968811035156250e+02 -1.370962280273437500e+03
-3.259331130981445312e+01 -2.334151000976562500e+02 -1.370819580078125000e+03
3.135112380981445312e+01 -2.511038818359375000e+02 -1.371980102539062500e+03
-3.704139328002929688e+01 -2.378879547119140625e+02 -1.371772705078125000e+03
-1.508342552185058594e+01 -2.569698791503906250e+02 -1.370521118164062500e+03
-2.365972328186035156e+01 -2.296371459960937500e+02 -1.369709594726562500e+03
3.101117897033691406e+01 -2.464130096435546875e+02 -1.367440185546875000e+03
-1.405511569976806641e+01 -2.376306304931640625e+02 -1.371180053710937500e+03
1.811592102050781250e+01 -2.316313781738281250e+02 -1.371115234375000000e+03
-2.208359146118164062e+01 -2.471977233886718750e+02 -1.368037841796875000e+03
2.810531616210937500e+01 -2.391955108642578125e+02 -1.371914184570312500e+03
-2.405642890930175781e+01 -2.255456542968750000e+02 -1.369486450195312500e+03
6.068397903442382812e+01 -2.493959503173828125e+02 -1.370772094726562500e+03
4.944776916503906250e+01 -2.450195312500000000e+02 -1.368284912109375000e+03
5.792140197753906250e+01 -2.598392333984375000e+02 -1.370869384765625000e+03
-6.005524826049804688e+01 -2.457664337158203125e+02 -1.368637329101562500e+03
6.436625671386718750e+01 -2.533038482666015625e+02 -1.366887207031250000e+03
1.440769863128662109e+01 -2.466798553466796875e+02 -1.368270141601562500e+03
-2.946880912780761719e+01 -2.386514434814453125e+02 -1.366432739257812500e+03
-2.760416507720947266e+00 -2.522633666992187500e+02 -1.365686767578125000e+03
-5.857953643798828125e+01 -2.281334381103515625e+02 -1.365548339843750000e+03
-6.443829345703125000e+01 -2.245690765380859375e+02 -1.365943603515625000e+03
-1.476120948791503906e+01 -2.431399993896484375e+02 -1.364285400390625000e+03
8.355663299560546875e+00 -2.391875610351562500e+02 -1.366725830078125000e+03
3.083574676513671875e+01 -2.306580657958984375e+02 -1.367007080078125000e+03
-4.750864028930664062e+01 -2.377280426025390625e+02 -1.363914184570312500e+03
4.751005172729492188e+01 -2.480739746093750000e+02 -1.366242797851562500e+03
-4.176938247680664062e+01 -2.280799407958984375e+02 -1.365746215820312500e+03
-3.589951705932617188e+01 -2.333721771240234375e+02 -1.365168212890625000e+03
