8.560540771484375000e+01 -2.343535614013671875e+02 -1.576238525390625000e+03
1.051111526489257812e+02 -2.303368530273437500e+02 -1.567218750000000000e+03
9.153259277343750000e+01 -2.381913604736328125e+02 -1.564196289062500000e+03
1.748187065124511719e+01 -2.367111511230468750e+02 -1.556218261718750000e+03
5.016296005249023438e+01 -2.407312774658203125e+02 -1.554055664062500000e+03
2.332039642333984375e+01 -2.458594512939453125e+02 -1.553755615234375000e+03
1.100018463134765625e+02 -2.460745391845703125e+02 -1.552656250000000000e+03
1.085242538452148438e+02 -2.524695434570312500e+02 -1.554681762695312500e+03
8.468983459472656250e+01 -2.241089630126953125e+02 -1.550662475585937500e+03
5.878695678710937500e+01 -2.435155487060546875e+02 -1.548926879882812500e+03
-4.138182640075683594e+00 -2.513975219726562500e+02 -1.537177124023437500e+03
1.087607498168945312e+02 -2.475174102783203125e+02 -1.548676147460937500e+03
2.279177474975585938e+01 -2.537280273437500000e+02 -1.537206420898437500e+03
1.205408325195312500e+02 -2.646015930175781250e+02 -1.532771850585937500e+03
-1.184461498260498047e+01 -2.327550811767578125e+02 -1.532657714843750000e+03
-3.288927078247070312e+01 -2.398056335449218750e+02 -1.528684082031250000e+03
1.121271057128906250e+02 -3.034237976074218750e+02 -1.534599365234375000e+03
1.549684906005859375e+01 -2.462201232910156250e+02 -1.527774047851562500e+03
1.279526367187500000e+02 -2.417394409179687500e+02 -1.524407958984375000e+03
5.989444255828857422e+00 -2.390167541503906250e+02 -1.526433105468750000e+03
-4.917303466796875000e+01 -2.387154083251953125e+02 -1.514048095703125000e+03
1.285489501953125000e+02 -2.276583557128906250e+02 -1.523616210937500000e+03
9.855604553222656250e+01 -2.525405883789062500e+02 -1.527055175781250000e+03
1.286536407470703125e+02 -2.281746368408203125e+02 -1.518473510742187500e+03
6.829650115966796875e+01 -2.404826507568359375e+02 -1.526018798828125000e+03
3.023719596862792969e+01 -2.431769866943359375e+02 -1.517626708984375000e+03
8.570079803466796875e+01 -2.484284515380859375e+02 -1.517629272460937500e+03
1.108598403930664062e+02 -2.899663391113281250e+02 -1.491044921875000000e+03
4.613926410675048828e+00 -2.350985717773437500e+02 -1.513059570312500000e+03
1.211774826049804688e+02 -2.757814025878906250e+02 -1.497307495117187500e+03
3.217750930786132812e+01 -2.428472747802734375e+02 -1.506519287109375000e+03
1.218391723632812500e+02 -2.278904571533203125e+02 -1.493661621093750000e+03
1.229382781982421875e+02 -2.672351684570312500e+02 -1.487749511718750000e+03
8.717775726318359375e+01 -2.560623474121093750e+02 -1.499011718750000000e+03
-1.242972946166992188e+01 -2.537949371337890625e+02 -1.479599487304687500e+03
1.015037231445312500e+02 -3.156597595214843750e+02 -1.487851928710937500e+03
1.055573043823242188e+02 -2.942140197753906250e+02 -1.476978149414062500e+03
2.225059318542480469e+01 -2.411400451660156250e+02 -1.491549438476562500e+03
-3.715007781982421875e+01 -2.477497711181640625e+02 -1.465355468750000000e+03
6.354879760742187500e+01 -2.586816101074218750e+02 -1.488675048828125000e+03
1.181628875732421875e+02 -2.253080444335937500e+02 -1.482931884765625000e+03
1.272557983398437500e+02 -2.558997497558593750e+02 -1.482648559570312500e+03
1.860339164733886719e+01 -2.427046051025390625e+02 -1.484766723632812500e+03
1.149834365844726562e+02 -2.278151245117187500e+02 -1.462691894531250000e+03
1.192961959838867188e+02 -2.693600463867187500e+02 -1.459793579101562500e+03
5.424180984497070312e+01 -2.610775756835937500e+02 -1.466047851562500000e+03
-4.993205642700195312e+01 -2.527542724609375000e+02 -1.448364135742187500e+03
1.123878707885742188e+02 -2.778708496093750000e+02 -1.457218261718750000e+03
5.260223770141601562e+01 -2.598986206054687500e+02 -1.463869384765625000e+03
8.563541412353515625e+01 -2.611791381835937500e+02 -1.457182617187500000e+03
7.119224548339843750e+01 -2.495818176269531250e+02 -1.447675781250000000e+03
2.227140235900878906e+01 -2.442349853515625000e+02 -1.469723022460937500e+03
7.713910675048828125e+01 -2.553269500732421875e+02 -1.445037963867187500e+03
1.135350875854492188e+02 -2.463986816406250000e+02 -1.442211791992187500e+03
5.745595550537109375e+01 -2.385319824218750000e+02 -1.450328735351562500e+03
1.117328796386718750e+02 -2.594162292480468750e+02 -1.434243652343750000e+03
-1.683267593383789062e+01 -2.515046844482421875e+02 -1.425390502929687500e+03
-3.118428468704223633e+00 -2.527315673828125000e+02 -1.420201904296875000e+03
7.120637512207031250e+01 -2.670838012695312500e+02 -1.421931152343750000e+03
-3.738541793823242188e+01 -2.549048309326171875e+02 -1.415987670898437500e+03
1.108387603759765625e+02 -2.368289794921875000e+02 -1.418076904296875000e+03
4.837771415710449219e+00 -2.525580291748046875e+02 -1.426819946289062500e+03
7.776749420166015625e+01 -2.598426818847656250e+02 -1.419589599609375000e+03
-3.009468317031860352e+00 -2.483113403320312500e+02 -1.406950317382812500e+03
6.683700561523437500e+01 -2.354282836914062500e+02 -1.420696777343750000e+03
7.109925079345703125e+01 -2.715693969726562500e+02 -1.407562744140625000e+03
6.092256927490234375e+01 -2.787316894531250000e+02 -1.409098876953125000e+03
1.101500320434570312e+02 -2.259635620117187500e+02 -1.412145507812500000e+03
7.877219390869140625e+01 -2.545132904052734375e+02 -1.411759887695312500e+03
7.211196136474609375e+01 -2.423567810058593750e+02 -1.412688232421875000e+03
7.171884918212890625e+01 -2.438021240234375000e+02 -1.407817504882812500e+03
4.231734085083007812e+01 -2.351486511230468750e+02 -1.410050292968750000e+03
7.653446960449218750e+01 -2.501194152832031250e+02 -1.403420043945312500e+03
5.012363815307617188e+01 -2.630040893554687500e+02 -1.397519531250000000e+03
1.890968513488769531e+01 -2.379432678222656250e+02 -1.395537841796875000e+03
7.418444824218750000e+01 -2.587832031250000000e+02 -1.399734252929687500e+03
5.032537841796875000e+01 -2.437191467285156250e+02 -1.398584106445312500e+03
6.330319881439208984e+00 -2.366748962402343750e+02 -1.391522460937500000e+03
3.279619979858398438e+01 -2.498349151611328125e+02 -1.390311279296875000e+03
2.365297126770019531e+01 -2.334374694824218750e+02 -1.391453979492187500e+03
2.757334327697753906e+01 -2.381931915283203125e+02 -1.390179443359375000e+03
5.687915420532226562e+01 -2.566517333984375000e+02 -1.388618530273437500e+03
5.940411758422851562e+01 -2.637658386230468750e+02 -1.388116699218750000e+03
-6.959754180908203125e+01 -2.089102172851562500e+02 -1.386074829101562500e+03
2.640466690063476562e+01 -2.584889526367187500e+02 -1.385670898437500000e+03
6.145712280273437500e+01 -2.683251647949218750e+02 -1.377991577148437500e+03
-4.359598922729492188e+01 -2.261023712158203125e+02 -1.381666381835937500e+03
8.809156036376953125e+01 -2.770164489746093750e+02 -1.382497802734375000e+03
-6.152189254760742188e+01 -2.178396911621093750e+02 -1.381743774414062500e+03
-5.020636081695556641e+00 -2.293824157714843750e+02 -1.380447753906250000e+03
2.896196365356445312e+01 -2.441563262939453125e+02 -1.382308349609375000e+03
5.354242324829101562e+01 -2.587671203613281250e+02 -1.384650878906250000e+03
-6.632607269287109375e+01 -2.155323181152343750e+02 -1.376666992187500000e+03
6.617287158966064453e+00 -2.358649597167968750e+02 -1.383705566406250000e+03
-4.477465057373046875e+01 -2.591474609375000000e+02 -1.378683349609375000e+03
2.994938659667968750e+01 -2.442268829345703125e+02 -1.377016479492187500e+03
2.414471817016601562e+01 -2.575730285644531250e+02 -1.379253906250000000e+03
6.202825546264648438e+01 -2.437839355468750000e+02 -1.381136596679687500e+03
-5.622763824462890625e+01 -2.257103881835937500e+02 -1.377020019531250000e+03
-5.506568527221679688e+01 -2.293887634277343750e+02 -1.377991455078125000e+03
-4.010932147502899170e-01 -2.382562408447265625e+02 -1.375434082031250000e+03
2.684411239624023438e+01 -2.477761688232421875e+02 -1.373542480468750000e+03
2.722584152221679688e+01 -2.386210784912109375e+02 -1.379774780273437500e+03
-5.064057922363281250e+01 -2.270242004394531250e+02 -1.374612915039062500e+03
-4.643953323364257812e+01 -2.430820770263671875e+02 -1.374657470703125000e+03
5.083193778991699219e+00 -2.342818908691406250e+02 -1.373375854492187500e+03
8.063391685485839844e+00 -2.385120544433593750e+02 -1.371577026367187500e+03
6.087267303466796875e+01 -2.608627624511718750e+02 -1.375079956054687500e+03
6.670758819580078125e+01 -2.465070495605468750e+02 -1.375620239257812500e+03
-3.699819183349609375e+01 -2.283287200927734375e+02 -1.374098144531250000e+03
4.514499282836914062e+01 -2.506641082763671875e+02 -1.371497192382812500e+03
-3.270878219604492188e+01 -2.334650115966796875e+02 -1.370672729492187500e+03
3.153656768798828125e+01 -2.515361328125000000e+02 -1.371737182617187500e+03
-3.710974121093750000e+01 -2.379996643066406250e+02 -1.371621582031250000e+03
-1.508399009704589844e+01 -2.568984985351562500e+02 -1.370679687500000000e+03
-2.362931823730468750e+01 -2.302156982421875000e+02 -1.369318847656250000e+03
3.100973510742187500e+01 -2.466889801025390625e+02 -1.367369140625000000e+03
-1.428653049468994141e+01 -2.378890991210937500e+02 -1.371054321289062500e+03
1.807538223266601562e+01 -2.329478454589843750e+02 -1.371325439453125000e+03
-2.207610511779785156e+01 -2.471217498779296875e+02 -1.368000488281250000e+03
2.821072578430175781e+01 -2.401025695800781250e+02 -1.371834350585937500e+03
-2.394214248657226562e+01 -2.260941925048828125e+02 -1.369164794921875000e+03
6.120173263549804688e+01 -2.502300720214843750e+02 -1.371672363281250000e+03
4.972058105468750000e+01 -2.454177551269531250e+02 -1.368794189453125000e+03
5.818513488769531250e+01 -2.602320251464843750e+02 -1.371460327148437500e+03
-5.993958282470703125e+01 -2.456966857910156250e+02 -1.368661743164062500e+03
6.483415222167968750e+01 -2.539567413330078125e+02 -1.367703002929687500e+03
1.436524200439453125e+01 -2.471382141113281250e+02 -1.368386108398437500e+03
-2.959020042419433594e+01 -2.387812500000000000e+02 -1.366281127929687500e+03
-2.848206996917724609e+00 -2.527165069580078125e+02 -1.365589721679687500e+03
-5.843735122680664062e+01 -2.280218048095703125e+02 -1.365605957031250000e+03
-6.431910705566406250e+01 -2.244328918457031250e+02 -1.365975585937500000e+03
-1.501827716827392578e+01 -2.432063140869140625e+02 -1.364094970703125000e+03
8.114127159118652344e+00 -2.402524108886718750e+02 -1.366416137695312500e+03
3.056875991821289062e+01 -2.318244018554687500e+02 -1.366702636718750000e+03
-4.743804550170898438e+01 -2.377224884033203125e+02 -1.363922485351562500e+03
4.773786163330078125e+01 -2.482334289550781250e+02 -1.366508544921875000e+03
-4.158992004394531250e+01 -2.281568756103515625e+02 -1.365679809570312500e+03
-3.598026657104492188e+01 -2.333864746093750000e+02 -1.365029052734375000e+03
