1.565295934677124023e+00 -4.926446437835693359e+00 -2.722791671752929688e+00
2.285252571105957031e+00 -4.765032291412353516e+00 -1.939079165458679199e+00
1.520811557769775391e+00 -4.775883197784423828e+00 -2.321993112564086914e+00
-5.068833351135253906e+00 -8.108710289001464844e+00 -7.822544097900390625e+00
-4.999292850494384766e+00 -8.061785697937011719e+00 -1.156825065612792969e+01
-4.185097217559814453e+00 -8.321177482604980469e+00 -9.419793128967285156e+00
-7.270639419555664062e+00 -7.468801021575927734e+00 -7.059129714965820312e+00
-7.774886131286621094e+00 -7.350926399230957031e+00 -7.967398166656494141e+00
-5.692337036132812500e+00 -8.128921508789062500e+00 -9.824020385742187500e+00
-6.220596313476562500e+00 -7.997604370117187500e+00 -9.061837196350097656e+00
-6.480561256408691406e+00 -7.345155715942382812e+00 -1.205486011505126953e+01
-8.410722732543945312e+00 -6.366835117340087891e+00 -1.057593154907226562e+01
-8.333168983459472656e+00 -6.189339637756347656e+00 -1.129400444030761719e+01
-9.642707824707031250e+00 -5.267081260681152344e+00 -8.362816810607910156e+00
-1.005254840850830078e+01 -4.325556755065917969e+00 -8.715096473693847656e+00
-9.587530136108398438e+00 -4.642848491668701172e+00 -1.086686038970947266e+01
-8.219841003417968750e+00 -6.691178798675537109e+00 -5.445796489715576172e+00
-9.067331314086914062e+00 -6.092574596405029297e+00 -4.930810451507568359e+00
-7.967567920684814453e+00 -5.746038913726806641e+00 -3.405500411987304688e+00
-8.495965003967285156e+00 -5.229275703430175781e+00 -2.227288007736206055e+00
-6.957818031311035156e+00 -5.440176486968994141e+00 -3.113768100738525391e+00
-2.591345787048339844e+00 -5.021601676940917969e+00 -1.557482957839965820e+00
-3.371362686157226562e+00 -4.874778747558593750e+00 -5.905673503875732422e-01
-1.436702251434326172e+00 -4.974223613739013672e+00 -2.538668811321258545e-01
-7.377219676971435547e+00 -3.212583541870117188e+00 2.309079170227050781e+00
-5.354555606842041016e+00 -3.511466026306152344e+00 1.275111794471740723e+00
-3.859337568283081055e+00 -5.063291549682617188e+00 -2.141751766204833984e+00
-7.303921222686767578e+00 -4.796531677246093750e+00 -1.627442836761474609e+00
-6.307232856750488281e+00 -5.165232181549072266e+00 -2.789027690887451172e+00
-3.738224744796752930e+00 -4.411793231964111328e+00 1.289648413658142090e-01
-4.767416954040527344e+00 -7.278697013854980469e+00 -5.295523643493652344e+00
-4.544808387756347656e+00 -6.496279239654541016e+00 -4.092993259429931641e+00
-2.279538869857788086e+00 -7.654955387115478516e+00 -6.418040752410888672e+00
-2.883442640304565430e+00 -7.166471004486083984e+00 -5.068495750427246094e+00
-2.213286638259887695e+00 -7.176544189453125000e+00 -5.300524711608886719e+00
-1.354634046554565430e+00 -6.799196720123291016e+00 -5.047448635101318359e+00
-2.778264760971069336e+00 -6.773950099945068359e+00 -4.442250251770019531e+00
-5.267137050628662109e+00 -6.850137710571289062e+00 -4.679724216461181641e+00
-6.153466224670410156e+00 -7.666780948638916016e+00 -6.742475032806396484e+00
-8.704740524291992188e+00 -6.651578903198242188e+00 -6.455058097839355469e+00
-1.414457798004150391e+00 -4.967635154724121094e+00 -1.848287940025329590e+00
-9.316872954368591309e-01 -5.028223514556884766e+00 -2.289666891098022461e+00
-2.239386320114135742e+00 -5.113724708557128906e+00 -2.032887935638427734e+00
-3.464096188545227051e-01 -5.069477081298828125e+00 -1.213648557662963867e+00
6.383564472198486328e-01 -4.602273464202880859e+00 -1.614836692810058594e+00
-8.122557997703552246e-01 -5.395153045654296875e+00 -3.030145645141601562e+00
-5.364966578781604767e-03 -5.494976520538330078e+00 -3.351361274719238281e+00
6.120769977569580078e-01 -4.752836227416992188e+00 -2.138451814651489258e+00
-9.514302253723144531e+00 -4.816201210021972656e+00 -2.045150041580200195e+00
-9.939926147460937500e+00 -4.891858100891113281e+00 -4.680404186248779297e+00
-9.351282119750976562e+00 -5.582494735717773438e+00 -3.831929206848144531e+00
-1.019590473175048828e+01 -3.761075973510742188e+00 -3.288200616836547852e+00
-1.031981372833251953e+01 -3.587154388427734375e+00 -4.715909481048583984e+00
-9.118923187255859375e+00 -4.087604522705078125e+00 3.088639080524444580e-01
-9.778976440429687500e+00 -4.176836967468261719e+00 -1.410180687904357910e+00
-9.820134162902832031e+00 -3.234098911285400391e+00 -2.806171476840972900e-01
-9.597893714904785156e+00 -2.927936792373657227e+00 9.016155600547790527e-01
-9.112010955810546875e+00 -2.723840236663818359e+00 2.166459560394287109e+00
-9.277706146240234375e+00 -1.630691885948181152e+00 1.268198013305664062e+00
-1.017235660552978516e+01 -2.696864366531372070e+00 -2.524419546127319336e+00
-1.009693050384521484e+01 -1.610662817955017090e+00 -2.652526140213012695e+00
-9.463514328002929688e+00 -1.295417904853820801e+00 -8.888647556304931641e-01
-7.936575412750244141e+00 -4.185426235198974609e-01 -6.477121710777282715e-01
-1.006305599212646484e+01 -4.635674476623535156e+00 -5.545562744140625000e+00
-1.034831809997558594e+01 -3.652933835983276367e+00 -5.424703598022460938e+00
-1.053360176086425781e+01 -2.258776187896728516e+00 -5.301660537719726562e+00
-1.059164428710937500e+01 -2.099560737609863281e+00 -5.871862888336181641e+00
-1.008337783813476562e+01 -6.581886410713195801e-01 -5.354177474975585938e+00
-1.059211826324462891e+01 -2.844931840896606445e+00 -7.960275173187255859e+00
-1.071319293975830078e+01 -1.947616577148437500e+00 -8.886222839355468750e+00
-1.060180473327636719e+01 -8.120702505111694336e-01 -8.517714500427246094e+00
-9.952050209045410156e+00 -3.314843177795410156e-01 -6.706636905670166016e+00
-8.383276939392089844e+00 -2.026551365852355957e-01 -2.253962755203247070e+00
-6.926631927490234375e+00 1.701199531555175781e+00 -3.687664508819580078e+00
-9.015625953674316406e+00 3.846145272254943848e-01 -6.204115390777587891e+00
-7.575032234191894531e+00 1.438248038291931152e+00 -4.989607334136962891e+00
1.349080371856689453e+01 -4.856648445129394531e+00 4.027427673339843750e+00
1.362514686584472656e+01 -6.151359558105468750e+00 6.214507818222045898e-01
1.313446521759033203e+01 -5.923948764801025391e+00 1.284718871116638184e+00
1.507079505920410156e+01 -5.790525436401367188e+00 1.701349496841430664e+00
1.502802181243896484e+01 -4.719513416290283203e+00 2.650492191314697266e+00
1.209793090820312500e+01 -5.378942489624023438e+00 2.478029489517211914e+00
4.496100425720214844e+00 -1.042663574218750000e+00 4.741090297698974609e+00
5.424783706665039062e+00 -6.601660251617431641e-01 5.753725528717041016e+00
6.667677879333496094e+00 -4.844179630279541016e+00 -1.709699034690856934e+00
8.943328857421875000e+00 -6.273195266723632812e+00 -1.308217883110046387e+00
8.147602081298828125e+00 -6.181025028228759766e+00 -1.139952540397644043e+00
7.470180511474609375e+00 -6.247170448303222656e+00 -5.454648137092590332e-01
2.558106422424316406e+00 -5.415800094604492188e+00 3.898190855979919434e-01
4.305646896362304688e+00 -4.692772388458251953e+00 -1.521660208702087402e+00
5.180860996246337891e+00 -5.088863372802734375e+00 -1.201851844787597656e+00
2.315705060958862305e+00 -4.263933181762695312e+00 -1.285545468330383301e+00
4.125451087951660156e+00 -4.719011306762695312e+00 -1.302286386489868164e+00
5.115712165832519531e+00 -5.563304901123046875e+00 1.884567290544509888e-01
5.819108486175537109e+00 -5.973073482513427734e+00 -6.487907171249389648e-01
3.102668285369873047e+00 -5.476891994476318359e+00 -6.124210357666015625e-01
9.516059875488281250e+00 -5.040383338928222656e+00 2.935517072677612305e+00
1.023377609252929688e+01 -4.276496410369873047e+00 4.509226799011230469e+00
1.008128643035888672e+01 -4.628958702087402344e+00 4.033071517944335938e+00
8.916795730590820312e+00 -3.616081476211547852e+00 4.955507278442382812e+00
8.974058151245117188e+00 -4.854631423950195312e+00 3.041510820388793945e+00
9.051747322082519531e+00 -5.859904289245605469e+00 1.357707381248474121e+00
8.702122688293457031e+00 -6.078374385833740234e+00 8.857078552246093750e-01
5.577136516571044922e+00 -1.152436137199401855e+00 3.807868719100952148e+00
6.182371139526367188e+00 -3.639738321304321289e+00 2.320161819458007812e+00
5.601188182830810547e+00 -3.944632053375244141e+00 1.827936887741088867e+00
4.532517433166503906e+00 -1.858569383621215820e+00 2.989088773727416992e+00
4.652060031890869141e+00 -1.397301197052001953e+00 3.581521511077880859e+00
6.949101924896240234e+00 -2.286082744598388672e+00 4.113454818725585938e+00
6.821948051452636719e+00 -1.667113542556762695e+00 5.203643798828125000e+00
6.558755874633789062e+00 -5.440981864929199219e+00 8.902565836906433105e-01
1.247654914855957031e+01 -3.395169734954833984e+00 5.239904880523681641e+00
1.421525764465332031e+01 -3.910179853439331055e+00 3.936624050140380859e+00
1.309891891479492188e+01 -2.607737779617309570e+00 4.328759193420410156e+00
1.385781764984130859e+01 -2.786481380462646484e+00 2.736136436462402344e+00
8.129525184631347656e+00 -2.417580127716064453e+00 6.265049457550048828e+00
7.675577640533447266e+00 -2.027575016021728516e+00 6.241036891937255859e+00
4.422634124755859375e+00 -3.308303654193878174e-01 6.554780960083007812e+00
1.002751636505126953e+01 -3.379358530044555664e+00 5.907772541046142578e+00
1.077878189086914062e+01 -2.069579839706420898e+00 5.819277763366699219e+00
1.114101409912109375e+01 -1.663421988487243652e+00 4.974113464355468750e+00
8.962586402893066406e+00 -1.021687030792236328e+00 5.964554309844970703e+00
9.293431282043457031e+00 -6.917009353637695312e-01 5.044732570648193359e+00
1.145713520050048828e+01 -1.569398283958435059e+00 4.080087661743164062e+00
1.171977615356445312e+01 -1.436191558837890625e+00 3.131451606750488281e+00
6.853208541870117188e+00 -1.139176487922668457e+00 5.981197357177734375e+00
8.002250671386718750e+00 -5.756254792213439941e-01 5.881838321685791016e+00
7.220054149627685547e+00 3.076079785823822021e-01 5.411566734313964844e+00
6.446280956268310547e+00 1.665500923991203308e-02 5.725028038024902344e+00
5.804677963256835938e+00 1.128182291984558105e+00 5.351771354675292969e+00
8.272751808166503906e+00 6.402669548988342285e-01 4.192283630371093750e+00
5.846926689147949219e+00 2.305469512939453125e+00 4.029676437377929688e+00
6.242325782775878906e+00 2.398939132690429688e+00 3.572473526000976562e+00
-2.126454830169677734e+00 -2.784733295440673828e+00 3.757791042327880859e+00
-1.518383860588073730e+00 -3.765648841857910156e+00 1.635178685188293457e+00
-1.472344994544982910e+00 -4.618215084075927734e+00 3.655908703804016113e-01
-1.610900878906250000e+00 -2.839348793029785156e+00 3.471895456314086914e+00
-2.375699132680892944e-01 -2.636996507644653320e+00 2.351974725723266602e+00
-5.070945739746093750e+00 -3.477898836135864258e+00 1.467122197151184082e+00
-4.357282161712646484e+00 -3.313111066818237305e+00 2.198864698410034180e+00
-5.802596092224121094e+00 -2.597515106201171875e+00 3.389904022216796875e+00
-5.277085781097412109e+00 -3.016526699066162109e+00 2.533289432525634766e+00
-4.091490268707275391e+00 -2.822440624237060547e+00 3.375064849853515625e+00
-2.754190444946289062e+00 -1.614676117897033691e+00 4.869239330291748047e+00
-5.651507854461669922e+00 -1.269786357879638672e+00 4.705128669738769531e+00
-5.348248481750488281e+00 -7.396605610847473145e-01 4.906440258026123047e+00
2.564441442489624023e+00 -1.671162128448486328e+00 3.591012239456176758e+00
1.389952182769775391e+00 -8.643069267272949219e-01 4.096378326416015625e+00
-5.308842286467552185e-02 -1.171255707740783691e+00 3.639028072357177734e+00
1.107249855995178223e+00 -2.983445227146148682e-01 4.641547203063964844e+00
2.589596748352050781e+00 -9.947330951690673828e-01 5.183089256286621094e+00
3.649803161621093750e+00 -5.003228783607482910e-01 6.480244636535644531e+00
1.145207524299621582e+00 7.879622578620910645e-01 5.371414184570312500e+00
-3.221907854080200195e+00 -1.388304233551025391e+00 5.005048274993896484e+00
-4.242523670196533203e+00 2.994975745677947998e-01 5.008329391479492188e+00
-2.746142864227294922e+00 5.669903755187988281e-01 5.132726192474365234e+00
-1.164640545845031738e+00 1.619755625724792480e+00 4.405468463897705078e+00
-3.885504722595214844e+00 1.018440365791320801e+00 4.046379566192626953e+00
-3.822933197021484375e+00 1.426481366157531738e+00 2.889720439910888672e+00
-1.739270836114883423e-01 -5.081466674804687500e+00 -9.882210940122604370e-02
3.039746582508087158e-01 -4.943412303924560547e+00 -1.331928670406341553e-01
8.212785720825195312e-01 -4.951902389526367188e+00 1.354957371950149536e-02
1.651306390762329102e+00 -3.789885520935058594e+00 1.397248387336730957e+00
1.485976338386535645e+00 -4.990700721740722656e+00 5.627890229225158691e-01
1.630576848983764648e+00 -3.747680187225341797e+00 -1.382177710533142090e+00
1.897522449493408203e+00 -2.604948520660400391e+00 2.317556858062744141e+00
2.360732316970825195e+00 1.538511753082275391e+00 5.461774826049804688e+00
2.915513992309570312e+00 2.526382923126220703e+00 4.152214527130126953e+00
2.614317178726196289e+00 2.978996515274047852e+00 2.975493431091308594e+00
-8.624957203865051270e-01 2.487841129302978516e+00 2.616448640823364258e+00
-6.571283936500549316e-01 1.959247589111328125e+00 4.173932552337646484e+00
5.779639482498168945e-01 2.566838502883911133e+00 3.233980894088745117e+00
-1.729180812835693359e+00 3.174857854843139648e+00 1.076175719499588013e-01
-7.583168506622314453e+00 -2.462463378906250000e+00 3.551773071289062500e+00
-7.325542926788330078e+00 -1.427854418754577637e+00 4.214833736419677734e+00
-7.957612037658691406e+00 -8.183034658432006836e-01 2.904074907302856445e+00
-6.808337211608886719e+00 -1.164710521697998047e+00 4.459420204162597656e+00
-7.013674736022949219e+00 -3.732136189937591553e-01 3.057115793228149414e+00
-6.418469905853271484e+00 1.879906207323074341e-01 1.419088125228881836e+00
-6.217921257019042969e+00 1.381091177463531494e-01 2.390101671218872070e+00
-6.924381732940673828e+00 2.278460711240768433e-01 -8.154578208923339844e-01
-3.744487285614013672e+00 1.651386737823486328e+00 1.846205711364746094e+00
-5.361957073211669922e+00 2.015845775604248047e+00 -1.993699431419372559e+00
-3.646877765655517578e+00 3.035839796066284180e+00 -1.669683575630187988e+00
3.502890348434448242e+00 7.695823907852172852e-01 6.291208744049072266e+00
3.058666706085205078e+00 1.839045763015747070e+00 5.243088722229003906e+00
3.911195755004882812e+00 2.242040395736694336e+00 4.655381679534912109e+00
4.582485198974609375e+00 2.762877464294433594e+00 3.639185667037963867e+00
3.893760681152343750e+00 3.206001758575439453e+00 2.892155885696411133e+00
7.775186061859130859e+00 -4.907887458801269531e+00 -4.007378578186035156e+00
2.381816148757934570e+00 -5.068671226501464844e+00 -3.062290668487548828e+00
5.506848812103271484e+00 -4.733727931976318359e+00 -2.549407005310058594e+00
6.334447860717773438e+00 -4.688238620758056641e+00 -3.003990173339843750e+00
3.040044784545898438e+00 -5.005879878997802734e+00 -2.947138547897338867e+00
2.093426227569580078e+00 -5.928959846496582031e+00 -5.256083011627197266e+00
2.629265546798706055e+00 -5.807605266571044922e+00 -6.257882118225097656e+00
3.894149780273437500e+00 -5.140888690948486328e+00 -5.606107711791992188e+00
5.933011054992675781e+00 -4.820728302001953125e+00 -3.754497528076171875e+00
7.170947074890136719e+00 -4.967830657958984375e+00 -4.104119777679443359e+00
2.443567752838134766e+00 -5.620918273925781250e+00 -8.461698532104492188e+00
8.325998306274414062e+00 -4.978725433349609375e+00 -6.055684089660644531e+00
3.301060199737548828e+00 -5.330116748809814453e+00 -7.121627330780029297e+00
3.711806535720825195e+00 -4.719814300537109375e+00 -7.903671741485595703e+00
6.294669151306152344e+00 -5.075735569000244141e+00 -5.399669170379638672e+00
7.410146236419677734e+00 -4.932444095611572266e+00 -6.360323429107666016e+00
5.878501415252685547e+00 -4.180219173431396484e+00 -7.269478797912597656e+00
7.531734466552734375e+00 -4.030733108520507812e+00 -7.395098686218261719e+00
5.587550163269042969e+00 -3.862395286560058594e+00 -7.639077663421630859e+00
5.157395362854003906e+00 -2.834849834442138672e+00 -8.648503303527832031e+00
5.231715202331542969e+00 -2.077175140380859375e+00 -8.897929191589355469e+00
-3.349122285842895508e+00 -7.970709800720214844e+00 -1.205613803863525391e+01
-3.131130218505859375e+00 -8.215198516845703125e+00 -1.051700687408447266e+01
-3.961043119430541992e+00 -7.543925285339355469e+00 -1.315952587127685547e+01
-1.581340789794921875e+00 -6.563435077667236328e+00 -1.324240398406982422e+01
-3.556336164474487305e+00 -6.334280014038085938e+00 -1.446043014526367188e+01
-3.373767375946044922e+00 -5.282226562500000000e+00 -1.519397163391113281e+01
-6.631282329559326172e+00 -6.536760807037353516e+00 -1.317175960540771484e+01
-7.072143554687500000e+00 -6.212543010711669922e+00 -1.318929672241210938e+01
-7.757965087890625000e+00 -5.232263565063476562e+00 -1.367601966857910156e+01
-5.719606399536132812e+00 -7.132363796234130859e+00 -1.307862567901611328e+01
-8.474062919616699219e+00 -5.365922927856445312e+00 -1.256378936767578125e+01
-7.363853454589843750e+00 -4.564500808715820312e+00 -1.457462310791015625e+01
-4.150292873382568359e+00 -5.534284591674804688e+00 -1.503032398223876953e+01
-5.994995594024658203e+00 -4.382293701171875000e+00 -1.525918674468994141e+01
-2.710410356521606445e+00 -5.388021469116210938e+00 -1.501398658752441406e+01
-2.175938606262207031e+00 -4.295773029327392578e+00 -1.536999225616455078e+01
-3.720775604248046875e+00 -3.717070102691650391e+00 -1.575610542297363281e+01
-2.788579940795898438e+00 -3.187082052230834961e+00 -1.571794700622558594e+01
-4.989139556884765625e+00 -2.649269580841064453e+00 -1.594148921966552734e+01
-3.919711828231811523e+00 -1.504391431808471680e+00 -1.593760585784912109e+01
-9.301550865173339844e+00 -4.442466735839843750e+00 -1.222073459625244141e+01
-8.935117721557617188e+00 -4.002293586730957031e+00 -1.344503498077392578e+01
-9.911791801452636719e+00 -2.863266468048095703e+00 -1.234670734405517578e+01
-1.040151405334472656e+01 -1.439379453659057617e+00 -1.151907634735107422e+01
-8.548974037170410156e+00 -3.348928451538085938e+00 -1.436026859283447266e+01
-7.691530227661132812e+00 -2.966389179229736328e+00 -1.519821071624755859e+01
-9.821716308593750000e+00 -9.231359958648681641e-01 -1.328355693817138672e+01
-9.374147415161132812e+00 -3.266943395137786865e-01 -1.420487689971923828e+01
-8.487144470214843750e+00 -9.505606889724731445e-01 -1.507414340972900391e+01
-7.135168075561523438e+00 1.611466258764266968e-01 -1.577016735076904297e+01
-7.627281665802001953e+00 8.162624835968017578e-01 -1.553700447082519531e+01
-1.521192669868469238e+00 -7.554152011871337891e+00 -6.890409469604492188e+00
-4.202395975589752197e-01 -7.156614780426025391e+00 -8.633478164672851562e+00
7.550567388534545898e-02 -6.567373752593994141e+00 -5.593669891357421875e+00
6.206613779067993164e-01 -6.685710906982421875e+00 -6.759720802307128906e+00
-2.394017726182937622e-01 -6.931012630462646484e+00 -9.611896514892578125e+00
-5.039106309413909912e-02 -5.895473003387451172e+00 -1.240241527557373047e+01
1.354925513267517090e+00 -6.388895034790039062e+00 -6.422928810119628906e+00
2.022296428680419922e+00 -5.952202320098876953e+00 -8.193803787231445312e+00
-7.594619393348693848e-01 -5.087279319763183594e+00 -1.430452442169189453e+01
1.024284243583679199e+00 -4.963040351867675781e+00 -1.243832206726074219e+01
-1.229288697242736816e+00 -3.739605665206909180e+00 -1.520400810241699219e+01
-1.915860027074813843e-01 -3.007159471511840820e+00 -1.486024284362792969e+01
1.960462570190429688e+00 -5.053495883941650391e+00 -1.069930839538574219e+01
-1.086857557296752930e+00 -2.405179738998413086e+00 -1.528324604034423828e+01
-1.306550383567810059e+00 -1.697273731231689453e+00 -1.534210872650146484e+01
2.142043590545654297e+00 -3.535763263702392578e+00 -1.149401664733886719e+01
8.844605088233947754e-01 -1.869801282882690430e+00 -1.348742580413818359e+01
7.968801856040954590e-01 -1.143835902214050293e+00 -1.333482265472412109e+01
-2.604947566986083984e+00 -1.778151869773864746e+00 -1.570095634460449219e+01
-2.675097227096557617e+00 -8.085639476776123047e-01 -1.564341163635253906e+01
-5.084233760833740234e+00 4.548394381999969482e-01 -1.588977050781250000e+01
-2.885902881622314453e+00 1.008450984954833984e+00 -1.536901378631591797e+01
-2.163907051086425781e+00 1.175481200218200684e+00 -1.512595272064208984e+01
-4.974120259284973145e-01 1.150916576385498047e+00 -1.389190769195556641e+01
-2.881455898284912109e+00 2.080785989761352539e+00 -1.503707790374755859e+01
-2.465063095092773438e+00 2.789897918701171875e+00 -1.464873504638671875e+01
2.704746246337890625e+00 -3.966703176498413086e+00 -1.034026527404785156e+01
3.520737648010253906e+00 -2.606745481491088867e+00 -1.011626052856445312e+01
3.013451099395751953e+00 -1.845253467559814453e+00 -1.085606861114501953e+01
9.647350907325744629e-01 -2.795484364032745361e-01 -1.281495475769042969e+01
1.483734488487243652e+00 9.355694986879825592e-03 -1.211293697357177734e+01
2.350081682205200195e+00 -2.150958925485610962e-01 -1.123010921478271484e+01
1.081974983215332031e+00 4.197312295436859131e-01 -1.233856964111328125e+01
-1.051289558410644531e+01 -9.661499857902526855e-01 -1.099374485015869141e+01
-9.967077255249023438e+00 6.880513429641723633e-01 -1.292208194732666016e+01
-1.030265045166015625e+01 -1.542274560779333115e-02 -1.048747253417968750e+01
-1.007226371765136719e+01 -1.214607208967208862e-01 -9.025442123413085938e+00
-9.724672317504882812e+00 5.438471436500549316e-01 -1.002861785888671875e+01
-9.962486267089843750e+00 9.242658615112304688e-01 -1.155310821533203125e+01
-9.431688308715820312e+00 2.035440683364868164e+00 -1.278626823425292969e+01
-8.819485664367675781e+00 1.396186590194702148e+00 -9.344151496887207031e+00
-8.415339469909667969e+00 2.399965047836303711e+00 -1.037733173370361328e+01
-8.196570396423339844e+00 1.154492735862731934e+00 -6.071993350982666016e+00
-7.960137367248535156e+00 1.592540025711059570e+00 -7.152943611145019531e+00
-8.282097816467285156e+00 1.881609797477722168e+00 -8.739228248596191406e+00
-7.897681236267089844e+00 2.549244642257690430e+00 -9.734058380126953125e+00
-6.295352935791015625e+00 2.695615053176879883e+00 -7.681220054626464844e+00
-6.211781501770019531e+00 3.006386756896972656e+00 -8.164304733276367188e+00
-8.633877754211425781e+00 2.205523490905761719e+00 -1.429394149780273438e+01
-8.035565376281738281e+00 2.233932018280029297e+00 -1.473432159423828125e+01
-7.634785175323486328e+00 3.446035385131835938e+00 -1.351645278930664062e+01
-6.653091907501220703e+00 4.266186714172363281e+00 -1.314055919647216797e+01
-6.099274635314941406e+00 1.895989298820495605e+00 -1.547748470306396484e+01
-5.843455791473388672e+00 2.185849189758300781e+00 -1.532886981964111328e+01
-5.169040203094482422e+00 3.967958450317382812e+00 -1.412386322021484375e+01
-4.614030838012695312e+00 3.961019039154052734e+00 -1.425086593627929688e+01
-5.865653038024902344e+00 3.771088361740112305e+00 -1.412755680084228516e+01
-8.271844863891601562e+00 3.285634040832519531e+00 -1.224972248077392578e+01
-6.241652488708496094e+00 4.416624546051025391e+00 -1.238319969177246094e+01
-5.554565906524658203e+00 4.383238315582275391e+00 -1.074532508850097656e+01
-3.387766361236572266e+00 4.234765052795410156e+00 -1.349078464508056641e+01
-3.169541358947753906e+00 4.297578811645507812e+00 -1.287307453155517578e+01
-5.218622684478759766e+00 4.437103748321533203e+00 -1.222155570983886719e+01
-4.467659473419189453e+00 4.637368679046630859e+00 -1.232857704162597656e+01
-3.215484142303466797e+00 4.688803195953369141e+00 -1.144586658477783203e+01
-4.956633090972900391e+00 4.788196563720703125e+00 -1.085015201568603516e+01
-3.794543504714965820e+00 4.895075798034667969e+00 -1.117376136779785156e+01
-6.638298511505126953e+00 3.684601545333862305e+00 -1.050359916687011719e+01
-5.930420875549316406e+00 3.625658750534057617e+00 -9.035744667053222656e+00
3.060296058654785156e+00 -1.846148967742919922e-01 -1.030602645874023438e+01
-1.376274228096008301e-01 1.531343698501586914e+00 -1.288033580780029297e+01
-2.113301277160644531e+00 3.223176240921020508e+00 -1.359775924682617188e+01
9.971228837966918945e-01 8.051847815513610840e-01 -1.169203281402587891e+01
-1.052640438079833984e+00 2.887332201004028320e+00 -1.234160232543945312e+01
-2.712646961212158203e+00 3.847765445709228516e+00 -1.327328968048095703e+01
-1.648600339889526367e+00 3.649665594100952148e+00 -1.187839698791503906e+01
1.145761871337890625e+01 -6.505873203277587891e+00 -3.457422018051147461e+00
1.336869907379150391e+01 -6.658692836761474609e+00 -1.844609737396240234e+00
1.119481372833251953e+01 -6.449723720550537109e+00 -8.855245113372802734e-01
1.100728130340576172e+01 -6.451213359832763672e+00 -2.666918516159057617e+00
1.436472797393798828e+01 -6.928254604339599609e+00 -5.134731292724609375e+00
1.200455951690673828e+01 -6.568512916564941406e+00 -4.068135738372802734e+00
1.270735073089599609e+01 -6.549842834472656250e+00 -5.572821140289306641e+00
1.316971397399902344e+01 -6.852321147918701172e+00 -3.769621372222900391e+00
1.565174674987792969e+01 -7.000974655151367188e+00 -3.716067314147949219e+00
1.608296775817871094e+01 -5.938683032989501953e+00 -4.315603733062744141e+00
1.629971122741699219e+01 -6.449884414672851562e+00 -1.300019383430480957e+00
1.641353797912597656e+01 -5.669133663177490234e+00 -2.197532653808593750e+00
1.464411735534667969e+01 -6.522329330444335938e+00 -8.429054170846939087e-02
1.485888385772705078e+01 -6.914071083068847656e+00 -1.668810248374938965e+00
1.546394348144531250e+01 -6.148466587066650391e+00 7.978624701499938965e-01
1.496450138092041016e+01 -3.876504421234130859e+00 1.643292903900146484e+00
1.523925685882568359e+01 -4.130230903625488281e+00 6.368191838264465332e-01
1.448752975463867188e+01 -3.189597129821777344e+00 7.492482662200927734e-01
1.582185840606689453e+01 -4.898935794830322266e+00 -3.502856016159057617e+00
1.525683403015136719e+01 -4.029299736022949219e+00 -2.744997262954711914e+00
1.527175903320312500e+01 -3.928110837936401367e+00 -1.209241151809692383e+00
1.500650024414062500e+01 -3.600429296493530273e+00 -1.696944832801818848e+00
1.436539554595947266e+01 -2.802761077880859375e+00 -1.081068873405456543e+00
1.381005001068115234e+01 -6.721766471862792969e+00 -6.350905895233154297e+00
1.525111103057861328e+01 -5.931584835052490234e+00 -6.663943290710449219e+00
1.236610698699951172e+01 -6.427921295166015625e+00 -6.755284309387207031e+00
1.290279197692871094e+01 -5.893100261688232422e+00 -7.549829483032226562e+00
1.593701744079589844e+01 -5.833597660064697266e+00 -5.768595695495605469e+00
1.561250495910644531e+01 -5.069250106811523438e+00 -6.065966129302978516e+00
1.503768634796142578e+01 -4.399968147277832031e+00 -5.675272941589355469e+00
1.324811267852783203e+01 -5.499983310699462891e+00 -7.418169975280761719e+00
1.262223052978515625e+01 -4.942632198333740234e+00 -6.724402427673339844e+00
1.348814105987548828e+01 -4.455039024353027344e+00 -6.218291282653808594e+00
1.361365222930908203e+01 -3.365317821502685547e+00 -5.073256969451904297e+00
1.500434303283691406e+01 -3.713723897933959961e+00 -2.981938123703002930e+00
1.492265224456787109e+01 -3.728816270828247070e+00 -4.644542694091796875e+00
1.435881805419921875e+01 -2.890980005264282227e+00 -3.894899606704711914e+00
1.018587684631347656e+01 -5.993850231170654297e+00 -2.813207387924194336e+00
7.007718563079833984e+00 -4.760813713073730469e+00 -2.412654161453247070e+00
7.297471046447753906e+00 -4.833796024322509766e+00 -1.989566683769226074e+00
6.858231544494628906e+00 -4.698153972625732422e+00 -2.970836162567138672e+00
1.051349830627441406e+01 -6.279141902923583984e+00 -2.407646656036376953e+00
9.035240173339843750e+00 -5.530413150787353516e+00 -2.005842447280883789e+00
7.972099304199218750e+00 -5.101521968841552734e+00 -1.629221200942993164e+00
9.617480278015136719e+00 -5.520379066467285156e+00 -3.503860235214233398e+00
9.969084739685058594e+00 -5.528452873229980469e+00 -4.738843917846679688e+00
8.346570014953613281e+00 -4.982321262359619141e+00 -4.016539573669433594e+00
1.358369541168212891e+01 -2.110700368881225586e+00 -2.276193797588348389e-01
1.224806976318359375e+01 -7.330313324928283691e-01 -1.180124878883361816e+00
1.097477436065673828e+01 -5.938095092773437500e+00 -5.580158710479736328e+00
1.103037166595458984e+01 -5.400000572204589844e+00 -6.118268489837646484e+00
9.607532501220703125e+00 -5.056857109069824219e+00 -5.263296127319335938e+00
1.171963787078857422e+01 -4.678016185760498047e+00 -6.273971080780029297e+00
9.185297966003417969e+00 -4.306187152862548828e+00 -6.471941471099853516e+00
1.040736389160156250e+01 -3.523752212524414062e+00 -5.942402839660644531e+00
1.247351646423339844e+01 -3.666412830352783203e+00 -5.563496589660644531e+00
1.065527343750000000e+01 -3.179203033447265625e+00 -5.751842975616455078e+00
1.067773914337158203e+01 -2.253028869628906250e+00 -5.332614421844482422e+00
8.540643692016601562e+00 -3.672564744949340820e+00 -7.066705703735351562e+00
9.055221557617187500e+00 -3.069323778152465820e+00 -6.617013454437255859e+00
8.054577827453613281e+00 -2.025110721588134766e+00 -6.920202732086181641e+00
1.041011238098144531e+01 -1.591312050819396973e+00 -5.173471450805664062e+00
8.257943153381347656e+00 -1.695912122726440430e+00 -6.663692951202392578e+00
8.748481750488281250e+00 -4.730658531188964844e-01 -5.870281696319580078e+00
7.286401748657226562e+00 -1.513868123292922974e-01 -6.929666042327880859e+00
1.325614738464355469e+01 -2.123666048049926758e+00 -4.180315017700195312e+00
1.346268653869628906e+01 -1.640137910842895508e+00 -2.094770908355712891e+00
1.316703891754150391e+01 -1.338430523872375488e+00 -3.265235424041748047e+00
1.239427185058593750e+01 -4.080832600593566895e-01 -2.358891487121582031e+00
1.200996780395507812e+01 -1.286772787570953369e-01 -2.925212621688842773e+00
1.240071868896484375e+01 -1.905720710754394531e+00 -4.462948799133300781e+00
1.120165348052978516e+01 -1.226262927055358887e+00 -4.563799858093261719e+00
1.146819496154785156e+01 -5.786892175674438477e-01 -3.940636157989501953e+00
1.017674636840820312e+01 1.601160049438476562e+00 -1.808274626731872559e+00
9.280174255371093750e+00 2.397588253021240234e+00 -2.931268453598022461e+00
9.322588920593261719e+00 2.309406280517578125e+00 -3.381616830825805664e+00
8.570338249206542969e+00 2.951198339462280273e+00 -2.398414134979248047e+00
1.020858287811279297e+01 -9.059704542160034180e-01 -5.046047687530517578e+00
1.063091182708740234e+01 2.954686284065246582e-01 -4.159204959869384766e+00
8.370474815368652344e+00 1.389070153236389160e-01 -5.871154785156250000e+00
7.024622917175292969e+00 9.991274476051330566e-01 -6.440794944763183594e+00
1.413853073120117188e+01 -3.066180229187011719e+00 2.203595161437988281e+00
1.269683074951171875e+01 -1.987518668174743652e+00 2.567929506301879883e+00
1.141655158996582031e+01 -5.007563829421997070e-01 1.171759247779846191e+00
1.155585289001464844e+01 -4.113437235355377197e-01 9.924779832363128662e-02
1.014547157287597656e+01 1.855190098285675049e-02 2.778441667556762695e+00
8.972040176391601562e+00 1.266373395919799805e+00 2.385536909103393555e+00
9.578660011291503906e+00 9.878749847412109375e-01 1.856815576553344727e+00
7.416689872741699219e+00 2.240986824035644531e+00 2.787091255187988281e+00
7.199602127075195312e+00 2.857720136642456055e+00 1.710669994354248047e+00
9.922062873840332031e+00 1.149341821670532227e+00 1.977865248918533325e-01
1.011412620544433594e+01 1.465793013572692871e+00 -1.126023769378662109e+00
8.021874427795410156e+00 2.743381500244140625e+00 3.390876650810241699e-01
3.348873138427734375e+00 4.280284881591796875e+00 -3.546982407569885254e-01
6.229738712310791016e+00 3.600270271301269531e+00 2.375833690166473389e-01
5.480314731597900391e+00 4.055438518524169922e+00 -2.239607334136962891e+00
3.670709848403930664e+00 4.398918628692626953e+00 -6.951845884323120117e-01
2.848666429519653320e+00 3.830762624740600586e+00 -2.463708639144897461e+00
2.965966701507568359e+00 3.526037216186523438e+00 -3.336087465286254883e+00
-9.865378737449645996e-01 3.795365571975708008e+00 -7.656329274177551270e-01
2.155933380126953125e+00 3.161654472351074219e+00 -4.393778800964355469e+00
1.253880746662616730e-02 4.167201995849609375e+00 -3.145185947418212891e+00
3.101333081722259521e-01 3.716679096221923828e+00 -4.700314521789550781e+00
2.382645845413208008e+00 3.817360639572143555e+00 -2.571139335632324219e+00
5.104216575622558594e+00 -8.656499385833740234e-01 -8.897364616394042969e+00
2.948899984359741211e+00 3.202559947967529297e-01 -9.611602783203125000e+00
5.074810028076171875e+00 5.296627283096313477e-01 -8.125799179077148438e+00
3.652029752731323242e+00 5.807420015335083008e-01 -8.976103782653808594e+00
2.527824878692626953e+00 5.103619098663330078e-01 -9.804072380065917969e+00
1.548771858215332031e+00 1.855870842933654785e+00 -9.915051460266113281e+00
3.327285647392272949e-01 3.155509948730468750e+00 -9.160340309143066406e+00
1.135904192924499512e-01 3.007704973220825195e+00 -1.046064090728759766e+01
5.668358802795410156e+00 2.831976175308227539e+00 -4.869081497192382812e+00
6.178077220916748047e+00 1.910754084587097168e+00 -6.103565692901611328e+00
4.714025020599365234e+00 2.719844102859497070e+00 -5.258378028869628906e+00
4.816494941711425781e+00 2.426603794097900391e+00 -5.977591037750244141e+00
6.616300582885742188e+00 3.770546913146972656e+00 -2.732341289520263672e+00
6.598098278045654297e+00 1.303261637687683105e+00 -6.441473007202148438e+00
5.731936454772949219e+00 1.703576326370239258e+00 -6.621819972991943359e+00
4.879901885986328125e+00 1.819400548934936523e+00 -7.056941509246826172e+00
2.748554229736328125e+00 2.875394582748413086e+00 -5.071025371551513672e+00
2.827594041824340820e+00 2.111122369766235352e+00 -7.367756366729736328e+00
2.038521766662597656e+00 2.349710464477539062e+00 -6.817932605743408203e+00
9.950948506593704224e-02 3.311394691467285156e+00 -6.273610591888427734e+00
2.769095599651336670e-01 2.969912528991699219e+00 -7.761819839477539062e+00
3.065990507602691650e-01 3.040168762207031250e+00 -8.140508651733398438e+00
-3.296183586120605469e+00 3.400337457656860352e+00 -2.585013389587402344e+00
-5.631855010986328125e+00 3.066159009933471680e+00 -7.733253479003906250e+00
-4.807582378387451172e+00 3.487763881683349609e+00 -7.636636734008789062e+00
-4.257795333862304688e+00 3.353304147720336914e+00 -6.675205707550048828e+00
-2.166676759719848633e+00 3.288199424743652344e+00 -2.316221445798873901e-01
-1.889138221740722656e+00 3.755077362060546875e+00 -1.355382919311523438e+00
-1.526628732681274414e+00 4.099446296691894531e+00 -2.469768047332763672e+00
-1.352519035339355469e+00 4.395379543304443359e+00 -3.695059776306152344e+00
-1.181387305259704590e+00 4.405983924865722656e+00 -4.988832950592041016e+00
-4.799104213714599609e+00 4.084078788757324219e+00 -8.506252288818359375e+00
-4.504325389862060547e+00 4.561490058898925781e+00 -9.025941848754882812e+00
-1.980201840400695801e+00 4.468069076538085938e+00 -7.512987136840820312e+00
-3.349251270294189453e+00 4.463312149047851562e+00 -8.333052635192871094e+00
-1.539831876754760742e+00 3.657942056655883789e+00 -1.120116806030273438e+01
-1.227260351181030273e+00 3.512855052947998047e+00 -1.106548690795898438e+01
-3.826917171478271484e+00 4.857744216918945312e+00 -1.070649051666259766e+01
-2.046734809875488281e+00 4.185935974121093750e+00 -9.852240562438964844e+00
-3.103479146957397461e-01 3.486086845397949219e+00 -9.968597412109375000e+00
-2.158943414688110352e+00 4.564192295074462891e+00 -6.121999263763427734e+00
5.307824134826660156e+00 3.282452106475830078e+00 2.274093389511108398e+00
6.075703144073486328e+00 3.264271020889282227e+00 1.715326309204101562e+00
1.967998862266540527e+00 7.108249068260192871e-01 -1.028990077972412109e+01
-5.153264403343200684e-01 2.800667762756347656e+00 -1.161800861358642578e+01
4.435099959373474121e-01 2.530831336975097656e+00 -1.077227497100830078e+01
