1.560542106628417969e+00 -4.927738666534423828e+00 -2.715785980224609375e+00
2.278262615203857422e+00 -4.765583992004394531e+00 -1.928913950920104980e+00
1.514156460762023926e+00 -4.779675483703613281e+00 -2.311637401580810547e+00
-5.068911552429199219e+00 -8.108447074890136719e+00 -7.822141647338867188e+00
-4.999683380126953125e+00 -8.061325073242187500e+00 -1.156786823272705078e+01
-4.185169696807861328e+00 -8.320891380310058594e+00 -9.419542312622070312e+00
-7.270889759063720703e+00 -7.468466281890869141e+00 -7.059052944183349609e+00
-7.775247097015380859e+00 -7.350694179534912109e+00 -7.967207908630371094e+00
-5.692508697509765625e+00 -8.128549575805664062e+00 -9.823613166809082031e+00
-6.220824241638183594e+00 -7.997317314147949219e+00 -9.061543464660644531e+00
-6.480898380279541016e+00 -7.344803333282470703e+00 -1.205432987213134766e+01
-8.411822319030761719e+00 -6.365798950195312500e+00 -1.057552623748779297e+01
-8.334064483642578125e+00 -6.189425945281982422e+00 -1.129346084594726562e+01
-9.643317222595214844e+00 -5.265916824340820312e+00 -8.362380027770996094e+00
-1.005207729339599609e+01 -4.323920249938964844e+00 -8.714860916137695312e+00
-9.588805198669433594e+00 -4.640506744384765625e+00 -1.086696147918701172e+01
-8.220047950744628906e+00 -6.690292358398437500e+00 -5.445729255676269531e+00
-9.067512512207031250e+00 -6.091487407684326172e+00 -4.930543899536132812e+00
-7.967826366424560547e+00 -5.745244026184082031e+00 -3.405073881149291992e+00
-8.496622085571289062e+00 -5.228241920471191406e+00 -2.226835727691650391e+00
-6.958036899566650391e+00 -5.440141677856445312e+00 -3.112838983535766602e+00
-2.593459606170654297e+00 -5.031282424926757812e+00 -1.548170924186706543e+00
-3.373614788055419922e+00 -4.881873607635498047e+00 -5.831458568572998047e-01
-1.439956426620483398e+00 -4.993227005004882812e+00 -2.380828559398651123e-01
-7.379210472106933594e+00 -3.211933851242065430e+00 2.311687469482421875e+00
-5.355438709259033203e+00 -3.512615442276000977e+00 1.278680682182312012e+00
-3.860280036926269531e+00 -5.068235397338867188e+00 -2.136726379394531250e+00
-7.304227352142333984e+00 -4.796179771423339844e+00 -1.626981973648071289e+00
-6.307605266571044922e+00 -5.166754245758056641e+00 -2.786782741546630859e+00
-3.738662958145141602e+00 -4.414553165435791016e+00 1.340726763010025024e-01
-4.768030166625976562e+00 -7.278533458709716797e+00 -5.294752120971679688e+00
-4.545572280883789062e+00 -6.497927665710449219e+00 -4.090772151947021484e+00
-2.280180692672729492e+00 -7.655412197113037109e+00 -6.416843891143798828e+00
-2.884585142135620117e+00 -7.167377948760986328e+00 -5.066973209381103516e+00
-2.214174032211303711e+00 -7.177094936370849609e+00 -5.298847675323486328e+00
-1.355949044227600098e+00 -6.801361083984375000e+00 -5.043853282928466797e+00
-2.779613256454467773e+00 -6.776767730712890625e+00 -4.439640045166015625e+00
-5.267564296722412109e+00 -6.850265026092529297e+00 -4.678926467895507812e+00
-6.153859615325927734e+00 -7.666469097137451172e+00 -6.742084980010986328e+00
-8.704865455627441406e+00 -6.650545120239257812e+00 -6.454889774322509766e+00
-1.417358279228210449e+00 -4.980604648590087891e+00 -1.836440324783325195e+00
-9.351993203163146973e-01 -5.040647506713867188e+00 -2.277761459350585938e+00
-2.241524457931518555e+00 -5.124691963195800781e+00 -2.023414611816406250e+00
-3.508726954460144043e-01 -5.083295822143554688e+00 -1.199542880058288574e+00
6.306855678558349609e-01 -4.611191272735595703e+00 -1.600963830947875977e+00
-8.145997524261474609e-01 -5.403287887573242188e+00 -3.021021127700805664e+00
-7.792598102241754532e-03 -5.498447418212890625e+00 -3.345602750778198242e+00
6.068003177642822266e-01 -4.760786056518554688e+00 -2.127481937408447266e+00
-9.515204429626464844e+00 -4.813623428344726562e+00 -2.045182228088378906e+00
-9.940111160278320312e+00 -4.890747070312500000e+00 -4.680052757263183594e+00
-9.351490020751953125e+00 -5.581260204315185547e+00 -3.831490516662597656e+00
-1.019571399688720703e+01 -3.759797096252441406e+00 -3.288180589675903320e+00
-1.031975841522216797e+01 -3.586123943328857422e+00 -4.715334892272949219e+00
-9.119825363159179688e+00 -4.087115764617919922e+00 3.092328608036041260e-01
-9.780712127685546875e+00 -4.174118995666503906e+00 -1.408679008483886719e+00
-9.819996833801269531e+00 -3.231446266174316406e+00 -2.802071869373321533e-01
-9.598944664001464844e+00 -2.926458120346069336e+00 9.023815989494323730e-01
-9.112852096557617188e+00 -2.721986293792724609e+00 2.166906833648681641e+00
-9.278872489929199219e+00 -1.629654765129089355e+00 1.269298553466796875e+00
-1.017275428771972656e+01 -2.694818973541259766e+00 -2.523877382278442383e+00
-1.009745693206787109e+01 -1.608908891677856445e+00 -2.652558088302612305e+00
-9.464353561401367188e+00 -1.293388247489929199e+00 -8.882775902748107910e-01
-7.936025619506835938e+00 -4.181978702545166016e-01 -6.468286514282226562e-01
-1.006246852874755859e+01 -4.634912014007568359e+00 -5.545572757720947266e+00
-1.034757709503173828e+01 -3.651710271835327148e+00 -5.425188541412353516e+00
-1.053387355804443359e+01 -2.257901430130004883e+00 -5.301262378692626953e+00
-1.059145736694335938e+01 -2.098157167434692383e+00 -5.871305942535400391e+00
-1.008368968963623047e+01 -6.575106382369995117e-01 -5.353449344635009766e+00
-1.059044075012207031e+01 -2.842605352401733398e+00 -7.960683822631835938e+00
-1.071219348907470703e+01 -1.945878028869628906e+00 -8.886559486389160156e+00
-1.060162258148193359e+01 -8.091362118721008301e-01 -8.516583442687988281e+00
-9.952277183532714844e+00 -3.291454017162322998e-01 -6.705259799957275391e+00
-8.382714271545410156e+00 -2.023191601037979126e-01 -2.253601551055908203e+00
-6.925359725952148438e+00 1.700051784515380859e+00 -3.687508583068847656e+00
-9.017724990844726562e+00 3.873908519744873047e-01 -6.202146530151367188e+00
-7.576113224029541016e+00 1.439293146133422852e+00 -4.988361835479736328e+00
1.315687084197998047e+01 -5.496931076049804688e+00 4.641826152801513672e+00
1.352169132232666016e+01 -6.358973026275634766e+00 8.689587116241455078e-01
1.300681304931640625e+01 -6.407811164855957031e+00 1.619527101516723633e+00
1.487403011322021484e+01 -5.998088836669921875e+00 2.042866230010986328e+00
1.467204189300537109e+01 -5.074353218078613281e+00 3.172785758972167969e+00
1.192753124237060547e+01 -6.047156810760498047e+00 2.936760187149047852e+00
4.405035972595214844e+00 -1.132787108421325684e+00 4.932350635528564453e+00
5.272901058197021484e+00 -7.769393920898437500e-01 6.058343887329101562e+00
6.649215698242187500e+00 -4.827383041381835938e+00 -1.670422673225402832e+00
8.911654472351074219e+00 -6.243149757385253906e+00 -1.236474990844726562e+00
8.124062538146972656e+00 -6.157669544219970703e+00 -1.082978010177612305e+00
7.450821399688720703e+00 -6.234749794006347656e+00 -5.009787082672119141e-01
2.554990053176879883e+00 -5.414572238922119141e+00 3.982929587364196777e-01
4.296584606170654297e+00 -4.684288978576660156e+00 -1.511039137840270996e+00
5.166457653045654297e+00 -5.072268962860107422e+00 -1.173329591751098633e+00
2.305127859115600586e+00 -4.269963741302490234e+00 -1.271735787391662598e+00
4.118712902069091797e+00 -4.706120967864990234e+00 -1.293937683105468750e+00
5.107714176177978516e+00 -5.557868480682373047e+00 2.095070183277130127e-01
5.805254459381103516e+00 -5.956803798675537109e+00 -6.174710392951965332e-01
3.097018957138061523e+00 -5.473206520080566406e+00 -5.984647870063781738e-01
9.443684577941894531e+00 -5.237070083618164062e+00 3.122782707214355469e+00
9.969123840332031250e+00 -4.723767280578613281e+00 4.920505046844482422e+00
9.926174163818359375e+00 -4.922223567962646484e+00 4.317217350006103516e+00
8.653829574584960938e+00 -4.021137237548828125e+00 5.343486785888671875e+00
8.917791366577148438e+00 -4.958591938018798828e+00 3.162038087844848633e+00
9.019513130187988281e+00 -5.907620429992675781e+00 1.438176155090332031e+00
8.680327415466308594e+00 -6.066680431365966797e+00 9.386410117149353027e-01
5.512068748474121094e+00 -1.262300372123718262e+00 4.031263828277587891e+00
6.165013313293457031e+00 -3.658685922622680664e+00 2.389440059661865234e+00
5.591726303100585938e+00 -3.948052167892456055e+00 1.866909980773925781e+00
4.513969898223876953e+00 -1.874842524528503418e+00 3.069978713989257812e+00
4.608660697937011719e+00 -1.458044767379760742e+00 3.721623897552490234e+00
6.890780448913574219e+00 -2.399528264999389648e+00 4.302116870880126953e+00
6.675960063934326172e+00 -1.868126034736633301e+00 5.512325763702392578e+00
6.543143749237060547e+00 -5.437080383300781250e+00 9.304524660110473633e-01
1.201666831970214844e+01 -4.172167301177978516e+00 6.047972679138183594e+00
1.370859432220458984e+01 -4.457008361816406250e+00 4.642212867736816406e+00
1.259454536437988281e+01 -3.189568758010864258e+00 4.983251094818115234e+00
1.346464157104492188e+01 -3.223080396652221680e+00 3.272195577621459961e+00
7.797523498535156250e+00 -2.845276832580566406e+00 6.714049339294433594e+00
7.375318050384521484e+00 -2.371251583099365234e+00 6.630960464477539062e+00
4.247814178466796875e+00 -4.225224256515502930e-01 6.830396175384521484e+00
9.624747276306152344e+00 -4.064698219299316406e+00 6.533698558807373047e+00
1.039108848571777344e+01 -2.744587421417236328e+00 6.519525051116943359e+00
1.077834892272949219e+01 -2.250825166702270508e+00 5.570311069488525391e+00
8.657968521118164062e+00 -1.442679643630981445e+00 6.356794357299804688e+00
9.018095016479492188e+00 -1.099075675010681152e+00 5.427240371704101562e+00
1.110473728179931641e+01 -2.050380706787109375e+00 4.572486877441406250e+00
1.142071342468261719e+01 -1.840944170951843262e+00 3.543483495712280273e+00
6.620939254760742188e+00 -1.376587271690368652e+00 6.345487117767333984e+00
7.750209808349609375e+00 -8.903848528861999512e-01 6.241160392761230469e+00
7.025409221649169922e+00 4.263857007026672363e-02 5.669262409210205078e+00
6.276598453521728516e+00 -1.640012264251708984e-01 6.002821922302246094e+00
5.666735172271728516e+00 9.195132255554199219e-01 5.505425453186035156e+00
8.084201812744140625e+00 3.229306638240814209e-01 4.451153755187988281e+00
5.745230674743652344e+00 2.117028713226318359e+00 4.159294128417968750e+00
6.135762691497802734e+00 2.212422370910644531e+00 3.694499969482421875e+00
-2.132848024368286133e+00 -2.796742677688598633e+00 3.777007341384887695e+00
-1.522644758224487305e+00 -3.799933910369873047e+00 1.666031956672668457e+00
-1.476141214370727539e+00 -4.649559974670410156e+00 3.907970488071441650e-01
-1.617723941802978516e+00 -2.860462427139282227e+00 3.497840404510498047e+00
-2.471062690019607544e-01 -2.657117128372192383e+00 2.377319812774658203e+00
-5.071773529052734375e+00 -3.477509260177612305e+00 1.470928072929382324e+00
-4.359240055084228516e+00 -3.315327644348144531e+00 2.205320835113525391e+00
-5.805115699768066406e+00 -2.596420288085937500e+00 3.394165754318237305e+00
-5.278770446777343750e+00 -3.017668724060058594e+00 2.538185119628906250e+00
-4.094809055328369141e+00 -2.825091838836669922e+00 3.383812189102172852e+00
-2.758844614028930664e+00 -1.618085384368896484e+00 4.882276535034179688e+00
-5.653802871704101562e+00 -1.267274856567382812e+00 4.708858966827392578e+00
-5.350106716156005859e+00 -7.369123697280883789e-01 4.909055709838867188e+00
2.525247812271118164e+00 -1.710681200027465820e+00 3.665817737579345703e+00
1.365607261657714844e+00 -8.833708763122558594e-01 4.137438774108886719e+00
-6.442791968584060669e-02 -1.185971617698669434e+00 3.660933017730712891e+00
1.083962440490722656e+00 -3.083840608596801758e-01 4.673682212829589844e+00
2.504408121109008789e+00 -1.049306988716125488e+00 5.290389537811279297e+00
3.513132333755493164e+00 -5.678484439849853516e-01 6.640690326690673828e+00
1.105492115020751953e+00 7.792095541954040527e-01 5.408304214477539062e+00
-3.225075244903564453e+00 -1.387787461280822754e+00 5.011494636535644531e+00
-4.244743347167968750e+00 3.011632859706878662e-01 5.009655475616455078e+00
-2.749114274978637695e+00 5.697191953659057617e-01 5.137902259826660156e+00
-1.172322034835815430e+00 1.620519042015075684e+00 4.406029701232910156e+00
-3.888296127319335938e+00 1.019852519035339355e+00 4.046136379241943359e+00
-3.824123144149780273e+00 1.422640681266784668e+00 2.887976646423339844e+00
-1.771079003810882568e-01 -5.098891735076904297e+00 -8.214450627565383911e-02
2.973486185073852539e-01 -4.954621791839599609e+00 -1.184216663241386414e-01
8.151725530624389648e-01 -4.959170818328857422e+00 2.783615514636039734e-02
1.644076108932495117e+00 -3.798724174499511719e+00 1.416286945343017578e+00
1.481926798820495605e+00 -4.995788574218750000e+00 5.761352181434631348e-01
1.620741367340087891e+00 -3.753154277801513672e+00 -1.367182612419128418e+00
1.883038163185119629e+00 -2.623179435729980469e+00 2.354095935821533203e+00
2.285329341888427734e+00 1.503885030746459961e+00 5.557661056518554688e+00
2.867515802383422852e+00 2.483099460601806641e+00 4.218645095825195312e+00
2.598482370376586914e+00 2.975121259689331055e+00 3.011975288391113281e+00
-8.669127821922302246e-01 2.492271423339843750e+00 2.621501445770263672e+00
-6.689320802688598633e-01 1.961045980453491211e+00 4.184557914733886719e+00
5.657217502593994141e-01 2.567394733428955078e+00 3.250383377075195312e+00
-1.730075597763061523e+00 3.178075313568115234e+00 1.090577393770217896e-01
-7.585615634918212891e+00 -2.459322452545166016e+00 3.555244684219360352e+00
-7.328719615936279297e+00 -1.424134373664855957e+00 4.217466354370117188e+00
-7.960614204406738281e+00 -8.136075735092163086e-01 2.907049179077148438e+00
-6.811854362487792969e+00 -1.160712957382202148e+00 4.463071346282958984e+00
-7.016127586364746094e+00 -3.675736188888549805e-01 3.059938192367553711e+00
-6.419653892517089844e+00 1.884785443544387817e-01 1.420094966888427734e+00
-6.219203472137451172e+00 1.388465166091918945e-01 2.390648841857910156e+00
-6.923925876617431641e+00 2.281893044710159302e-01 -8.145709037780761719e-01
-3.744709253311157227e+00 1.648820161819458008e+00 1.845991373062133789e+00
-5.361096382141113281e+00 2.014497518539428711e+00 -1.994075179100036621e+00
-3.647372007369995117e+00 3.036802053451538086e+00 -1.669273734092712402e+00
3.379786968231201172e+00 7.008314132690429688e-01 6.441934585571289062e+00
2.975976705551147461e+00 1.770251512527465820e+00 5.349610328674316406e+00
3.823067665100097656e+00 2.123146533966064453e+00 4.764026641845703125e+00
4.523254871368408203e+00 2.673856973648071289e+00 3.737816333770751953e+00
3.871002197265625000e+00 3.183373451232910156e+00 2.956511020660400391e+00
7.760186195373535156e+00 -4.897060394287109375e+00 -3.956019878387451172e+00
2.376810312271118164e+00 -5.066768169403076172e+00 -3.055295228958129883e+00
5.495244979858398438e+00 -4.723695755004882812e+00 -2.527387619018554688e+00
6.320338249206542969e+00 -4.676146984100341797e+00 -2.972065448760986328e+00
3.033111095428466797e+00 -5.001752376556396484e+00 -2.938239574432373047e+00
2.090753793716430664e+00 -5.928094863891601562e+00 -5.251271247863769531e+00
2.627365350723266602e+00 -5.807716369628906250e+00 -6.252335548400878906e+00
3.891185283660888672e+00 -5.141535282135009766e+00 -5.597086906433105469e+00
5.923221111297607422e+00 -4.812296390533447266e+00 -3.730464696884155273e+00
7.158590316772460938e+00 -4.957314491271972656e+00 -4.065226554870605469e+00
2.443479537963867188e+00 -5.620727062225341797e+00 -8.457629203796386719e+00
8.321160316467285156e+00 -4.979750633239746094e+00 -5.999702453613281250e+00
3.300975084304809570e+00 -5.331448078155517578e+00 -7.114942550659179688e+00
3.713638067245483398e+00 -4.723073005676269531e+00 -7.898082256317138672e+00
6.289942741394042969e+00 -5.072341918945312500e+00 -5.374210834503173828e+00
7.408781528472900391e+00 -4.931360721588134766e+00 -6.325609207153320312e+00
5.878517150878906250e+00 -4.178544521331787109e+00 -7.247509002685546875e+00
7.535884857177734375e+00 -4.033502101898193359e+00 -7.364454269409179688e+00
5.589562892913818359e+00 -3.865137338638305664e+00 -7.626588344573974609e+00
5.159834384918212891e+00 -2.840291261672973633e+00 -8.643051147460937500e+00
5.233227252960205078e+00 -2.080629348754882812e+00 -8.896842956542968750e+00
-3.349594593048095703e+00 -7.970488071441650391e+00 -1.205600357055664062e+01
-3.131262302398681641e+00 -8.215015411376953125e+00 -1.051676368713378906e+01
-3.961626768112182617e+00 -7.543259143829345703e+00 -1.315915012359619141e+01
-1.581938982009887695e+00 -6.563092708587646484e+00 -1.324213695526123047e+01
-3.556947946548461914e+00 -6.333757877349853516e+00 -1.445985889434814453e+01
-3.375494480133056641e+00 -5.279944419860839844e+00 -1.519220161437988281e+01
-6.631628513336181641e+00 -6.536283493041992188e+00 -1.317098999023437500e+01
-7.072413444519042969e+00 -6.212345600128173828e+00 -1.318807315826416016e+01
-7.758116245269775391e+00 -5.231986999511718750e+00 -1.367503929138183594e+01
-5.720156669616699219e+00 -7.131919860839843750e+00 -1.307812881469726562e+01
-8.474432945251464844e+00 -5.366305828094482422e+00 -1.256325054168701172e+01
-7.363897323608398438e+00 -4.563994884490966797e+00 -1.457361698150634766e+01
-4.151673316955566406e+00 -5.533751487731933594e+00 -1.502849483489990234e+01
-5.995761394500732422e+00 -4.380681991577148438e+00 -1.525708866119384766e+01
-2.711665391921997070e+00 -5.387100219726562500e+00 -1.501364326477050781e+01
-2.177461385726928711e+00 -4.295010566711425781e+00 -1.536902713775634766e+01
-3.723300933837890625e+00 -3.714614868164062500e+00 -1.575151062011718750e+01
-2.790841102600097656e+00 -3.186264276504516602e+00 -1.571482086181640625e+01
-4.989523410797119141e+00 -2.647544860839843750e+00 -1.594025802612304688e+01
-3.920887470245361328e+00 -1.502889633178710938e+00 -1.593564033508300781e+01
-9.302396774291992188e+00 -4.441488265991210938e+00 -1.222131824493408203e+01
-8.934942245483398438e+00 -4.001183986663818359e+00 -1.344552612304687500e+01
-9.912058830261230469e+00 -2.861207962036132812e+00 -1.234631156921386719e+01
-1.040115261077880859e+01 -1.436223506927490234e+00 -1.151900196075439453e+01
-8.549322128295898438e+00 -3.348645448684692383e+00 -1.436050510406494141e+01
-7.692274570465087891e+00 -2.965110778808593750e+00 -1.519756603240966797e+01
-9.821195602416992188e+00 -9.211843609809875488e-01 -1.328309917449951172e+01
-9.374215126037597656e+00 -3.230346739292144775e-01 -1.420432281494140625e+01
-8.487107276916503906e+00 -9.491419792175292969e-01 -1.507387828826904297e+01
-7.135188579559326172e+00 1.620705425739288330e-01 -1.577006435394287109e+01
-7.627530097961425781e+00 8.171168565750122070e-01 -1.553666305541992188e+01
-1.521458148956298828e+00 -7.556278705596923828e+00 -6.888218879699707031e+00
-4.205823540687561035e-01 -7.157325744628906250e+00 -8.631628990173339844e+00
7.425127178430557251e-02 -6.568933010101318359e+00 -5.589900016784667969e+00
6.198152303695678711e-01 -6.685918807983398438e+00 -6.756968021392822266e+00
-2.395378500223159790e-01 -6.931201457977294922e+00 -9.610745429992675781e+00
-5.085575953125953674e-02 -5.895354747772216797e+00 -1.240203475952148438e+01
1.353320121765136719e+00 -6.387953281402587891e+00 -6.419378757476806641e+00
2.021617174148559570e+00 -5.951622486114501953e+00 -8.190800666809082031e+00
-7.606349587440490723e-01 -5.087244033813476562e+00 -1.430379962921142578e+01
1.024393558502197266e+00 -4.963215827941894531e+00 -1.243789005279541016e+01
-1.230607032775878906e+00 -3.739747524261474609e+00 -1.520250988006591797e+01
-1.926224380731582642e-01 -3.007385015487670898e+00 -1.485933303833007812e+01
1.960206747055053711e+00 -5.053312301635742188e+00 -1.069750022888183594e+01
-1.088256120681762695e+00 -2.405171871185302734e+00 -1.528147315979003906e+01
-1.307386398315429688e+00 -1.697099328041076660e+00 -1.534109878540039062e+01
2.141957759857177734e+00 -3.536281585693359375e+00 -1.149279212951660156e+01
8.843763470649719238e-01 -1.870188832283020020e+00 -1.348698902130126953e+01
7.971402406692504883e-01 -1.144086480140686035e+00 -1.333451652526855469e+01
-2.606591701507568359e+00 -1.777643918991088867e+00 -1.569886302947998047e+01
-2.675954341888427734e+00 -8.087496757507324219e-01 -1.564164829254150391e+01
-5.084896564483642578e+00 4.552618563175201416e-01 -1.588877487182617188e+01
-2.886764049530029297e+00 1.007966518402099609e+00 -1.536714363098144531e+01
-2.164455175399780273e+00 1.175293922424316406e+00 -1.512436962127685547e+01
-4.980265200138092041e-01 1.150183439254760742e+00 -1.388990783691406250e+01
-2.882419109344482422e+00 2.080730199813842773e+00 -1.503512763977050781e+01
-2.466154813766479492e+00 2.789434909820556641e+00 -1.464588832855224609e+01
2.704634428024291992e+00 -3.967890262603759766e+00 -1.033789253234863281e+01
3.521277427673339844e+00 -2.610284805297851562e+00 -1.011259174346923828e+01
3.012714624404907227e+00 -1.847728013992309570e+00 -1.085308074951171875e+01
9.641770720481872559e-01 -2.811097204685211182e-01 -1.281317234039306641e+01
1.482943177223205566e+00 7.381363771855831146e-03 -1.211044979095458984e+01
2.348927021026611328e+00 -2.171457707881927490e-01 -1.122699642181396484e+01
1.081224441528320312e+00 4.177750945091247559e-01 -1.233608341217041016e+01
-1.051223754882812500e+01 -9.640462398529052734e-01 -1.099327754974365234e+01
-9.965924263000488281e+00 6.930477619171142578e-01 -1.292270851135253906e+01
-1.030173301696777344e+01 -1.321472413837909698e-02 -1.048639869689941406e+01
-1.007123088836669922e+01 -1.194031089544296265e-01 -9.024440765380859375e+00
-9.724192619323730469e+00 5.455520749092102051e-01 -1.002783203125000000e+01
-9.962467193603515625e+00 9.266225099563598633e-01 -1.155216598510742188e+01
-9.432568550109863281e+00 2.038462162017822266e+00 -1.278514671325683594e+01
-8.818075180053710938e+00 1.396474599838256836e+00 -9.343188285827636719e+00
-8.415538787841796875e+00 2.400763988494873047e+00 -1.037564468383789062e+01
-8.199259757995605469e+00 1.158016085624694824e+00 -6.070026874542236328e+00
-7.963352680206298828e+00 1.596255660057067871e+00 -7.150509834289550781e+00
-8.285649299621582031e+00 1.883995652198791504e+00 -8.736353874206542969e+00
-7.900632381439208984e+00 2.552416801452636719e+00 -9.731417655944824219e+00
-6.298595428466796875e+00 2.699666023254394531e+00 -7.678330898284912109e+00
-6.215385437011718750e+00 3.010507822036743164e+00 -8.161316871643066406e+00
-8.633911132812500000e+00 2.207131385803222656e+00 -1.429312610626220703e+01
-8.035647392272949219e+00 2.234342336654663086e+00 -1.473305034637451172e+01
-7.636076450347900391e+00 3.445796966552734375e+00 -1.351409435272216797e+01
-6.654203891754150391e+00 4.266330242156982422e+00 -1.313883113861083984e+01
-6.100074768066406250e+00 1.896507740020751953e+00 -1.547652912139892578e+01
-5.844405651092529297e+00 2.185591936111450195e+00 -1.532751655578613281e+01
-5.170114994049072266e+00 3.968533515930175781e+00 -1.412194061279296875e+01
-4.615139961242675781e+00 3.961311578750610352e+00 -1.424875926971435547e+01
-5.867087364196777344e+00 3.772054433822631836e+00 -1.412600803375244141e+01
-8.272489547729492188e+00 3.286317348480224609e+00 -1.224785709381103516e+01
-6.243061542510986328e+00 4.416835784912109375e+00 -1.238132572174072266e+01
-5.556560039520263672e+00 4.385286808013916016e+00 -1.074304771423339844e+01
-3.388725996017456055e+00 4.234636306762695312e+00 -1.348840808868408203e+01
-3.170902967453002930e+00 4.296922683715820312e+00 -1.287026309967041016e+01
-5.219954490661621094e+00 4.437221050262451172e+00 -1.221946334838867188e+01
-4.468985557556152344e+00 4.637454032897949219e+00 -1.232619953155517578e+01
-3.216710805892944336e+00 4.687654018402099609e+00 -1.144334983825683594e+01
-4.958246231079101562e+00 4.789247989654541016e+00 -1.084769439697265625e+01
-3.795661687850952148e+00 4.894857883453369141e+00 -1.117136573791503906e+01
-6.640220165252685547e+00 3.686973094940185547e+00 -1.050137710571289062e+01
-5.932730674743652344e+00 3.627026081085205078e+00 -9.033703804016113281e+00
3.057791471481323242e+00 -1.890660822391510010e-01 -1.030114269256591797e+01
-1.389653235673904419e-01 1.529363036155700684e+00 -1.287729930877685547e+01
-2.114774227142333984e+00 3.221833229064941406e+00 -1.359466934204101562e+01
9.955129623413085938e-01 8.028666973114013672e-01 -1.168857288360595703e+01
-1.054219126701354980e+00 2.885136127471923828e+00 -1.233827590942382812e+01
-2.713895797729492188e+00 3.846944332122802734e+00 -1.327041053771972656e+01
-1.649865269660949707e+00 3.648141860961914062e+00 -1.187553501129150391e+01
1.143259048461914062e+01 -6.503603458404541016e+00 -3.342131853103637695e+00
1.331519889831542969e+01 -6.732659816741943359e+00 -1.657789230346679688e+00
1.117406272888183594e+01 -6.434320926666259766e+00 -8.121371865272521973e-01
1.097631549835205078e+01 -6.436075687408447266e+00 -2.567656993865966797e+00
1.434726238250732422e+01 -6.954774379730224609e+00 -4.979846000671386719e+00
1.198636150360107422e+01 -6.573727130889892578e+00 -3.941871881484985352e+00
1.269507503509521484e+01 -6.562324523925781250e+00 -5.436768054962158203e+00
1.314290809631347656e+01 -6.879944324493408203e+00 -3.621181726455688477e+00
1.561988162994384766e+01 -7.039035320281982422e+00 -3.543499469757080078e+00
1.606048583984375000e+01 -5.970090389251708984e+00 -4.133088111877441406e+00
1.622693634033203125e+01 -6.505489349365234375e+00 -1.108905076980590820e+00
1.636392021179199219e+01 -5.715672492980957031e+00 -1.997473359107971191e+00
1.456206798553466797e+01 -6.614082813262939453e+00 1.282619982957839966e-01
1.480227279663085938e+01 -6.967078208923339844e+00 -1.489166021347045898e+00
1.534314537048339844e+01 -6.251137733459472656e+00 1.048314690589904785e+00
1.474934959411621094e+01 -4.101867198944091797e+00 2.056465625762939453e+00
1.510490131378173828e+01 -4.241751194000244141e+00 9.527506828308105469e-01
1.431119918823242188e+01 -3.347650766372680664e+00 1.091259479522705078e+00
1.580249118804931641e+01 -4.925830841064453125e+00 -3.304923534393310547e+00
1.522908115386962891e+01 -4.062464714050292969e+00 -2.529132366180419922e+00
1.520151519775390625e+01 -3.984283685684204102e+00 -9.632207155227661133e-01
1.496142768859863281e+01 -3.647262573242187500e+00 -1.469027161598205566e+00
1.431951618194580078e+01 -2.872277736663818359e+00 -8.496475219726562500e-01
1.380535030364990234e+01 -6.736107349395751953e+00 -6.204286575317382812e+00
1.524644470214843750e+01 -5.944612026214599609e+00 -6.501671791076660156e+00
1.236505699157714844e+01 -6.437017440795898438e+00 -6.626071929931640625e+00
1.290827274322509766e+01 -5.903071880340576172e+00 -7.410679340362548828e+00
1.592366695404052734e+01 -5.858925342559814453e+00 -5.593539237976074219e+00
1.561261081695556641e+01 -5.088325023651123047e+00 -5.892558097839355469e+00
1.503665542602539062e+01 -4.423464298248291016e+00 -5.495827674865722656e+00
1.325336742401123047e+01 -5.511376857757568359e+00 -7.267917633056640625e+00
1.262615013122558594e+01 -4.953299999237060547e+00 -6.582970619201660156e+00
1.348852825164794922e+01 -4.473405361175537109e+00 -6.060449123382568359e+00
1.361464405059814453e+01 -3.387524366378784180e+00 -4.905169963836669922e+00
1.498906898498535156e+01 -3.744632720947265625e+00 -2.777369022369384766e+00
1.492588138580322266e+01 -3.749776363372802734e+00 -4.460226058959960938e+00
1.437573051452636719e+01 -2.903282165527343750e+00 -3.716094493865966797e+00
1.016326427459716797e+01 -5.972324848175048828e+00 -2.723971366882324219e+00
6.990030288696289062e+00 -4.743683338165283203e+00 -2.367666244506835938e+00
7.276274204254150391e+00 -4.812424659729003906e+00 -1.939865112304687500e+00
6.842061996459960938e+00 -4.685430049896240234e+00 -2.930328130722045898e+00
1.048329925537109375e+01 -6.259586811065673828e+00 -2.320172309875488281e+00
9.012655258178710938e+00 -5.499529361724853516e+00 -1.928718090057373047e+00
7.945701599121093750e+00 -5.075569629669189453e+00 -1.568775296211242676e+00
9.598817825317382812e+00 -5.502962112426757812e+00 -3.419373035430908203e+00
9.953811645507812500e+00 -5.525777339935302734e+00 -4.643555164337158203e+00
8.330969810485839844e+00 -4.970716953277587891e+00 -3.949946403503417969e+00
1.353943347930908203e+01 -2.192591428756713867e+00 -1.397457206621766090e-03
1.218031501770019531e+01 -8.583706021308898926e-01 -1.016314148902893066e+00
1.096304512023925781e+01 -5.942533016204833984e+00 -5.469130992889404297e+00
1.102492427825927734e+01 -5.407213211059570312e+00 -6.004367351531982422e+00
9.593738555908203125e+00 -5.057518482208251953e+00 -5.182926654815673828e+00
1.171684741973876953e+01 -4.689074516296386719e+00 -6.143786430358886719e+00
9.183050155639648438e+00 -4.310624122619628906e+00 -6.399947643280029297e+00
1.040129756927490234e+01 -3.532855033874511719e+00 -5.845183849334716797e+00
1.247020244598388672e+01 -3.682545423507690430e+00 -5.419961452484130859e+00
1.064582347869873047e+01 -3.191802024841308594e+00 -5.637892246246337891e+00
1.066682910919189453e+01 -2.268394231796264648e+00 -5.220145702362060547e+00
8.544106483459472656e+00 -3.678325653076171875e+00 -7.018606662750244141e+00
9.050170898437500000e+00 -3.078075408935546875e+00 -6.548263549804687500e+00
8.051746368408203125e+00 -2.031963109970092773e+00 -6.892382621765136719e+00
1.039834880828857422e+01 -1.603488326072692871e+00 -5.080552577972412109e+00
8.250411987304687500e+00 -1.705941319465637207e+00 -6.622548103332519531e+00
8.745033264160156250e+00 -4.831444025039672852e-01 -5.825752735137939453e+00
7.279663085937500000e+00 -1.645302325487136841e-01 -6.907193183898925781e+00
1.327454185485839844e+01 -2.134835958480834961e+00 -4.022550582885742188e+00
1.345124530792236328e+01 -1.685246348381042480e+00 -1.903709173202514648e+00
1.321495723724365234e+01 -1.328561186790466309e+00 -3.120954751968383789e+00
1.239487552642822266e+01 -4.502033293247222900e-01 -2.210859060287475586e+00
1.205382156372070312e+01 -1.274095624685287476e-01 -2.817788362503051758e+00
1.240890693664550781e+01 -1.924607872962951660e+00 -4.325552940368652344e+00
1.120702743530273438e+01 -1.237802982330322266e+00 -4.452852249145507812e+00
1.149778461456298828e+01 -5.781849026679992676e-01 -3.843765497207641602e+00
1.017191791534423828e+01 1.550494194030761719e+00 -1.731044769287109375e+00
9.292607307434082031e+00 2.370506048202514648e+00 -2.875776052474975586e+00
9.331896781921386719e+00 2.297477960586547852e+00 -3.347542762756347656e+00
8.574012756347656250e+00 2.929362058639526367e+00 -2.364302396774291992e+00
1.020540714263916016e+01 -9.163139462471008301e-01 -4.976784229278564453e+00
1.064951419830322266e+01 2.935593128204345703e-01 -4.109045982360839844e+00
8.363950729370117188e+00 1.274155378341674805e-01 -5.844642639160156250e+00
7.012855529785156250e+00 9.825641512870788574e-01 -6.418729782104492188e+00
1.383812713623046875e+01 -3.372070550918579102e+00 2.649863719940185547e+00
1.243019771575927734e+01 -2.308653116226196289e+00 2.939374923706054688e+00
1.121305561065673828e+01 -8.128629922866821289e-01 1.427117705345153809e+00
1.140066432952880859e+01 -6.539117693901062012e-01 2.811203002929687500e-01
9.908493041992187500e+00 -3.698889613151550293e-01 3.070014715194702148e+00
8.797056198120117188e+00 9.391998052597045898e-01 2.560550928115844727e+00
9.361394882202148438e+00 6.387495398521423340e-01 2.045221090316772461e+00
7.278375625610351562e+00 1.986700296401977539e+00 2.919278621673583984e+00
7.134680271148681641e+00 2.681299448013305664e+00 1.811680197715759277e+00
9.772147178649902344e+00 8.939545154571533203e-01 3.392210602760314941e-01
1.003490352630615234e+01 1.302957534790039062e+00 -9.921082854270935059e-01
7.974786758422851562e+00 2.619598865509033203e+00 4.137722849845886230e-01
3.349984169006347656e+00 4.277774810791015625e+00 -3.465722799301147461e-01
6.214547157287597656e+00 3.553529024124145508e+00 2.757368683815002441e-01
5.479833126068115234e+00 4.044185161590576172e+00 -2.226065874099731445e+00
3.671658992767333984e+00 4.394378185272216797e+00 -6.848211884498596191e-01
2.848107099533081055e+00 3.826805114746093750e+00 -2.456188917160034180e+00
2.960516929626464844e+00 3.515987157821655273e+00 -3.327561855316162109e+00
-9.875901341438293457e-01 3.799464941024780273e+00 -7.637825012207031250e-01
2.148400545120239258e+00 3.149515628814697266e+00 -4.383697509765625000e+00
1.069909520447254181e-02 4.171518325805664062e+00 -3.141894102096557617e+00
3.074986338615417480e-01 3.717107772827148438e+00 -4.696809768676757812e+00
2.379944086074829102e+00 3.811201333999633789e+00 -2.564778566360473633e+00
5.102596759796142578e+00 -8.722480535507202148e-01 -8.892031669616699219e+00
2.943873882293701172e+00 3.131606578826904297e-01 -9.606104850769042969e+00
5.062746524810791016e+00 5.090429782867431641e-01 -8.107342720031738281e+00
3.643754005432128906e+00 5.669473409652709961e-01 -8.965803146362304688e+00
2.523595571517944336e+00 5.049018859863281250e-01 -9.798604965209960938e+00
1.546073079109191895e+00 1.852304220199584961e+00 -9.910190582275390625e+00
3.306626081466674805e-01 3.152951002120971680e+00 -9.155744552612304688e+00
1.122960448265075684e-01 3.005817413330078125e+00 -1.045713806152343750e+01
5.655724048614501953e+00 2.809139490127563477e+00 -4.853279113769531250e+00
6.161599636077880859e+00 1.887157201766967773e+00 -6.083818912506103516e+00
4.700376033782958984e+00 2.694278955459594727e+00 -5.242733001708984375e+00
4.797894001007080078e+00 2.388872861862182617e+00 -5.954728603363037109e+00
6.614057064056396484e+00 3.753933191299438477e+00 -2.718690633773803711e+00
6.583916664123535156e+00 1.282755613327026367e+00 -6.420490741729736328e+00
5.712490558624267578e+00 1.670969247817993164e+00 -6.596698284149169922e+00
4.860099315643310547e+00 1.783476948738098145e+00 -7.030265808105468750e+00
2.737133979797363281e+00 2.856485128402709961e+00 -5.058605194091796875e+00
2.816431999206542969e+00 2.092804670333862305e+00 -7.355648040771484375e+00
2.028539419174194336e+00 2.335525512695312500e+00 -6.807983398437500000e+00
9.563909471035003662e-02 3.309768676757812500e+00 -6.269398689270019531e+00
2.714463174343109131e-01 2.965111970901489258e+00 -7.755973815917968750e+00
3.033371865749359131e-01 3.035896301269531250e+00 -8.135622978210449219e+00
-3.296686887741088867e+00 3.403055667877197266e+00 -2.584458589553833008e+00
-5.634391307830810547e+00 3.069020032882690430e+00 -7.731066703796386719e+00
-4.808825016021728516e+00 3.487609624862670898e+00 -7.635184288024902344e+00
-4.258184909820556641e+00 3.354348659515380859e+00 -6.674437046051025391e+00
-2.168517827987670898e+00 3.289883852005004883e+00 -2.303830832242965698e-01
-1.890489578247070312e+00 3.759256124496459961e+00 -1.353759169578552246e+00
-1.528204083442687988e+00 4.109313011169433594e+00 -2.467012882232666016e+00
-1.352949857711791992e+00 4.407170295715332031e+00 -3.692455291748046875e+00
-1.182518482208251953e+00 4.410349369049072266e+00 -4.986537933349609375e+00
-4.801392078399658203e+00 4.085431098937988281e+00 -8.503566741943359375e+00
-4.505997657775878906e+00 4.562451362609863281e+00 -9.023074150085449219e+00
-1.980648994445800781e+00 4.467419147491455078e+00 -7.510944843292236328e+00
-3.350212574005126953e+00 4.464155197143554688e+00 -8.331160545349121094e+00
-1.540682911872863770e+00 3.656442165374755859e+00 -1.119863414764404297e+01
-1.228077530860900879e+00 3.511382341384887695e+00 -1.106297206878662109e+01
-3.828200817108154297e+00 4.858066558837890625e+00 -1.070414161682128906e+01
-2.047585725784301758e+00 4.185775279998779297e+00 -9.850255012512207031e+00
-3.111014068126678467e-01 3.485012531280517578e+00 -9.965867042541503906e+00
-2.159896850585937500e+00 4.566219806671142578e+00 -6.120310306549072266e+00
5.277841567993164062e+00 3.225688457489013672e+00 2.349345207214355469e+00
6.038627147674560547e+00 3.166230440139770508e+00 1.779724121093750000e+00
1.964886307716369629e+00 7.071256637573242188e-01 -1.028542709350585938e+01
-5.167922973632812500e-01 2.798426628112792969e+00 -1.161462211608886719e+01
4.415843188762664795e-01 2.528198719024658203e+00 -1.076807117462158203e+01
