1.561291813850402832e+00 -4.932934284210205078e+00 -2.715574502944946289e+00
2.277404785156250000e+00 -4.781381607055664062e+00 -1.929633140563964844e+00
1.514981746673583984e+00 -4.789565563201904297e+00 -2.312286615371704102e+00
-5.069174766540527344e+00 -8.108644485473632812e+00 -7.822193145751953125e+00
-5.000283241271972656e+00 -8.061090469360351562e+00 -1.156762790679931641e+01
-4.185512065887451172e+00 -8.320698738098144531e+00 -9.419538497924804688e+00
-7.271166324615478516e+00 -7.468240261077880859e+00 -7.059022903442382812e+00
-7.775259494781494141e+00 -7.350500106811523438e+00 -7.967267513275146484e+00
-5.693065643310546875e+00 -8.128456115722656250e+00 -9.823672294616699219e+00
-6.221050262451171875e+00 -7.997291564941406250e+00 -9.061470985412597656e+00
-6.481204986572265625e+00 -7.344439983367919922e+00 -1.205424690246582031e+01
-8.411237716674804688e+00 -6.365398883819580078e+00 -1.057567310333251953e+01
-8.333896636962890625e+00 -6.187347888946533203e+00 -1.129373741149902344e+01
-9.642552375793457031e+00 -5.265725612640380859e+00 -8.362510681152343750e+00
-1.005100631713867188e+01 -4.323393344879150391e+00 -8.715337753295898438e+00
-9.586758613586425781e+00 -4.639859199523925781e+00 -1.086685943603515625e+01
-8.220303535461425781e+00 -6.689934253692626953e+00 -5.445823669433593750e+00
-9.067609786987304688e+00 -6.091111660003662109e+00 -4.930337429046630859e+00
-7.968216896057128906e+00 -5.745002269744873047e+00 -3.404809236526489258e+00
-8.496912956237792969e+00 -5.228281021118164062e+00 -2.226372957229614258e+00
-6.958321571350097656e+00 -5.440532207489013672e+00 -3.112326145172119141e+00
-2.593858957290649414e+00 -5.031518459320068359e+00 -1.548341631889343262e+00
-3.373993873596191406e+00 -4.881765365600585938e+00 -5.832398533821105957e-01
-1.441211938858032227e+00 -4.994477272033691406e+00 -2.378900647163391113e-01
-7.379509925842285156e+00 -3.211812257766723633e+00 2.311711788177490234e+00
-5.355863571166992188e+00 -3.512403964996337891e+00 1.278608918190002441e+00
-3.860484123229980469e+00 -5.068438053131103516e+00 -2.136561632156372070e+00
-7.304376125335693359e+00 -4.796470165252685547e+00 -1.626668572425842285e+00
-6.307776451110839844e+00 -5.167284488677978516e+00 -2.786240100860595703e+00
-3.739089488983154297e+00 -4.414040565490722656e+00 1.339056640863418579e-01
-4.768399715423583984e+00 -7.279226779937744141e+00 -5.294595241546630859e+00
-4.545776844024658203e+00 -6.498420238494873047e+00 -4.090699672698974609e+00
-2.280531644821166992e+00 -7.655765056610107422e+00 -6.416914939880371094e+00
-2.884947061538696289e+00 -7.168024539947509766e+00 -5.066874504089355469e+00
-2.214659452438354492e+00 -7.177488327026367188e+00 -5.298965930938720703e+00
-1.356410980224609375e+00 -6.801533699035644531e+00 -5.044098854064941406e+00
-2.779876470565795898e+00 -6.777177333831787109e+00 -4.439574241638183594e+00
-5.267853260040283203e+00 -6.850833415985107422e+00 -4.678695201873779297e+00
-6.154191493988037109e+00 -7.666851520538330078e+00 -6.741947174072265625e+00
-8.704823493957519531e+00 -6.650254726409912109e+00 -6.454954147338867188e+00
-1.417790174484252930e+00 -4.982127666473388672e+00 -1.836219787597656250e+00
-9.350141882896423340e-01 -5.043295383453369141e+00 -2.276676654815673828e+00
-2.241811037063598633e+00 -5.125407218933105469e+00 -2.023339986801147461e+00
-3.522048592567443848e-01 -5.088219165802001953e+00 -1.198446393013000488e+00
6.319880485534667969e-01 -4.620536327362060547e+00 -1.599810004234313965e+00
-8.147619366645812988e-01 -5.403996467590332031e+00 -3.020788192749023438e+00
-7.958875969052314758e-03 -5.500360012054443359e+00 -3.345398426055908203e+00
6.073665022850036621e-01 -4.766886711120605469e+00 -2.125252962112426758e+00
-9.515436172485351562e+00 -4.813522815704345703e+00 -2.044605731964111328e+00
-9.939998626708984375e+00 -4.890218734741210938e+00 -4.680010795593261719e+00
-9.351781845092773438e+00 -5.580967903137207031e+00 -3.831198930740356445e+00
-1.019579029083251953e+01 -3.759519577026367188e+00 -3.287813425064086914e+00
-1.031991291046142578e+01 -3.585243940353393555e+00 -4.715215682983398438e+00
-9.119825363159179688e+00 -4.087215423583984375e+00 3.092290461063385010e-01
-9.780841827392578125e+00 -4.174082756042480469e+00 -1.408286452293395996e+00
-9.820247650146484375e+00 -3.231479406356811523e+00 -2.797949910163879395e-01
-9.599183082580566406e+00 -2.926645278930664062e+00 9.024403691291809082e-01
-9.113101959228515625e+00 -2.721571445465087891e+00 2.167285919189453125e+00
-9.279108047485351562e+00 -1.629518747329711914e+00 1.269558548927307129e+00
-1.017291641235351562e+01 -2.694831371307373047e+00 -2.523441314697265625e+00
-1.009761714935302734e+01 -1.608676671981811523e+00 -2.652097225189208984e+00
-9.464787483215332031e+00 -1.293152213096618652e+00 -8.878424167633056641e-01
-7.936647891998291016e+00 -4.180126190185546875e-01 -6.465117335319519043e-01
-1.006340122222900391e+01 -4.634558677673339844e+00 -5.545059680938720703e+00
-1.034843444824218750e+01 -3.651078224182128906e+00 -5.424154758453369141e+00
-1.053453540802001953e+01 -2.256741285324096680e+00 -5.300548553466796875e+00
-1.059234142303466797e+01 -2.096871376037597656e+00 -5.870471000671386719e+00
-1.008441066741943359e+01 -6.560397744178771973e-01 -5.352612018585205078e+00
-1.059076976776123047e+01 -2.842012643814086914e+00 -7.960815429687500000e+00
-1.071228122711181641e+01 -1.944897770881652832e+00 -8.886358261108398438e+00
-1.060266017913818359e+01 -8.089875578880310059e-01 -8.515690803527832031e+00
-9.953250885009765625e+00 -3.279878795146942139e-01 -6.704468250274658203e+00
-8.382819175720214844e+00 -2.020433098077774048e-01 -2.253530979156494141e+00
-6.927379131317138672e+00 1.704205989837646484e+00 -3.685782194137573242e+00
-9.018039703369140625e+00 3.894228041172027588e-01 -6.201811790466308594e+00
-7.576751232147216797e+00 1.442841649055480957e+00 -4.987731933593750000e+00
1.315751743316650391e+01 -5.634231090545654297e+00 4.607497215270996094e+00
1.353753948211669922e+01 -6.400400638580322266e+00 8.506956696510314941e-01
1.301541614532470703e+01 -6.376092910766601562e+00 1.585229635238647461e+00
1.489257431030273438e+01 -6.131310939788818359e+00 2.033602714538574219e+00
1.469759654998779297e+01 -5.234657764434814453e+00 3.154942035675048828e+00
1.192824268341064453e+01 -6.190773963928222656e+00 2.936081886291503906e+00
4.395660877227783203e+00 -1.190604567527770996e+00 4.918461799621582031e+00
5.257796764373779297e+00 -9.093871116638183594e-01 6.029626369476318359e+00
6.650093078613281250e+00 -4.843229770660400391e+00 -1.676333189010620117e+00
8.914228439331054688e+00 -6.257204532623291016e+00 -1.245278954505920410e+00
8.126142501831054688e+00 -6.170476436614990234e+00 -1.088437914848327637e+00
7.454550743103027344e+00 -6.243718147277832031e+00 -5.060875415802001953e-01
2.554168224334716797e+00 -5.423851013183593750e+00 4.014111757278442383e-01
4.293725967407226562e+00 -4.702682018280029297e+00 -1.500297307968139648e+00
5.167410850524902344e+00 -5.095243453979492188e+00 -1.178582668304443359e+00
2.307007551193237305e+00 -4.289529323577880859e+00 -1.267986178398132324e+00
4.114971160888671875e+00 -4.733651638031005859e+00 -1.288735151290893555e+00
5.108378887176513672e+00 -5.570145606994628906e+00 2.095762193202972412e-01
5.808152675628662109e+00 -5.973357677459716797e+00 -6.192024350166320801e-01
3.097483158111572266e+00 -5.494894504547119141e+00 -5.945770740509033203e-01
9.454216957092285156e+00 -5.282861232757568359e+00 3.109346866607666016e+00
9.986682891845703125e+00 -4.790011882781982422e+00 4.885818958282470703e+00
9.942678451538085938e+00 -4.982295989990234375e+00 4.291128635406494141e+00
8.677823066711425781e+00 -4.049342632293701172e+00 5.289001464843750000e+00
8.924400329589843750e+00 -4.980923175811767578e+00 3.150463342666625977e+00
9.022779464721679688e+00 -5.925927162170410156e+00 1.429648518562316895e+00
8.682756423950195312e+00 -6.080786705017089844e+00 9.314600825309753418e-01
5.507505893707275391e+00 -1.292697191238403320e+00 4.010539531707763672e+00
6.164074897766113281e+00 -3.669379949569702148e+00 2.380515336990356445e+00
5.590447425842285156e+00 -3.956996917724609375e+00 1.862952828407287598e+00
4.509595394134521484e+00 -1.887109160423278809e+00 3.061984300613403320e+00
4.602364063262939453e+00 -1.481730937957763672e+00 3.713474273681640625e+00
6.898378372192382812e+00 -2.416659355163574219e+00 4.275815486907958984e+00
6.677235603332519531e+00 -1.920611739158630371e+00 5.468136787414550781e+00
6.545043945312500000e+00 -5.448411464691162109e+00 9.264997243881225586e-01
1.204487419128417969e+01 -4.296903610229492188e+00 6.002716064453125000e+00
1.374727916717529297e+01 -4.662025928497314453e+00 4.610733032226562500e+00
1.259989356994628906e+01 -3.358048915863037109e+00 4.948832511901855469e+00
1.346517848968505859e+01 -3.371310234069824219e+00 3.260053396224975586e+00
7.817363739013671875e+00 -2.887222051620483398e+00 6.626323223114013672e+00
7.379464626312255859e+00 -2.448241472244262695e+00 6.562430858612060547e+00
4.237711429595947266e+00 -5.197342038154602051e-01 6.804202556610107422e+00
9.641297340393066406e+00 -4.117107868194580078e+00 6.476045131683349609e+00
1.039501762390136719e+01 -2.802243232727050781e+00 6.402503490447998047e+00
1.076297187805175781e+01 -2.384366273880004883e+00 5.481163501739501953e+00
8.654191017150878906e+00 -1.520919561386108398e+00 6.296298027038574219e+00
9.005391120910644531e+00 -1.209377765655517578e+00 5.368736743927001953e+00
1.109589862823486328e+01 -2.192632198333740234e+00 4.497483730316162109e+00
1.141562652587890625e+01 -1.967085957527160645e+00 3.502700567245483398e+00
6.603841781616210938e+00 -1.487227320671081543e+00 6.295153617858886719e+00
7.729205131530761719e+00 -9.978042840957641602e-01 6.177496433258056641e+00
7.006561756134033203e+00 -7.398566603660583496e-02 5.612426757812500000e+00
6.254445552825927734e+00 -3.001021742820739746e-01 5.945429325103759766e+00
5.660423755645751953e+00 8.255254030227661133e-01 5.473289012908935547e+00
8.067711830139160156e+00 2.249796539545059204e-01 4.403334617614746094e+00
5.743828296661376953e+00 2.050270795822143555e+00 4.144252300262451172e+00
6.132530689239501953e+00 2.147844791412353516e+00 3.675203561782836914e+00
-2.133994579315185547e+00 -2.794894456863403320e+00 3.775527000427246094e+00
-1.524025321006774902e+00 -3.800107002258300781e+00 1.665114283561706543e+00
-1.477387785911560059e+00 -4.650321483612060547e+00 3.904895186424255371e-01
-1.619576454162597656e+00 -2.859750032424926758e+00 3.497223377227783203e+00
-2.492321133613586426e-01 -2.657993555068969727e+00 2.375592708587646484e+00
-5.072608947753906250e+00 -3.477459669113159180e+00 1.470761656761169434e+00
-4.360072612762451172e+00 -3.315162420272827148e+00 2.205179452896118164e+00
-5.805614471435546875e+00 -2.596347093582153320e+00 3.394292831420898438e+00
-5.279417514801025391e+00 -3.017621994018554688e+00 2.538275480270385742e+00
-4.095720767974853516e+00 -2.824791669845581055e+00 3.383476972579956055e+00
-2.759631156921386719e+00 -1.617753028869628906e+00 4.880779743194580078e+00
-5.654447078704833984e+00 -1.267578005790710449e+00 4.709753036499023438e+00
-5.351055622100830078e+00 -7.370025515556335449e-01 4.910786628723144531e+00
2.515817403793334961e+00 -1.725209832191467285e+00 3.660344123840332031e+00
1.360616803169250488e+00 -8.895099163055419922e-01 4.135926723480224609e+00
-6.707526743412017822e-02 -1.186123847961425781e+00 3.659085988998413086e+00
1.080237388610839844e+00 -3.128297626972198486e-01 4.677690505981445312e+00
2.492649078369140625e+00 -1.075911402702331543e+00 5.286095619201660156e+00
3.501727342605590820e+00 -6.264690160751342773e-01 6.634120941162109375e+00
1.102679371833801270e+00 7.757454514503479004e-01 5.424335956573486328e+00
-3.226267576217651367e+00 -1.387049794197082520e+00 5.012382507324218750e+00
-4.246539115905761719e+00 3.021182715892791748e-01 5.013805389404296875e+00
-2.751600265502929688e+00 5.695515871047973633e-01 5.141034126281738281e+00
-1.174942851066589355e+00 1.624790310859680176e+00 4.416125297546386719e+00
-3.890630006790161133e+00 1.024567008018493652e+00 4.053191661834716797e+00
-3.825486421585083008e+00 1.428201079368591309e+00 2.892338752746582031e+00
-1.791685223579406738e-01 -5.102499961853027344e+00 -8.139234781265258789e-02
2.965701520442962646e-01 -4.960468292236328125e+00 -1.172010898590087891e-01
8.155991435050964355e-01 -4.967946052551269531e+00 2.917090430855751038e-02
1.641637921333312988e+00 -3.804231643676757812e+00 1.414291262626647949e+00
1.480740547180175781e+00 -5.002560615539550781e+00 5.767490863800048828e-01
1.626077651977539062e+00 -3.769550323486328125e+00 -1.365051388740539551e+00
1.878728628158569336e+00 -2.628952264785766602e+00 2.349956989288330078e+00
2.289646148681640625e+00 1.472842216491699219e+00 5.563951015472412109e+00
2.870380878448486328e+00 2.452113151550292969e+00 4.218968868255615234e+00
2.598417997360229492e+00 2.967674016952514648e+00 3.015733242034912109e+00
-8.659216165542602539e-01 2.485968351364135742e+00 2.623077392578125000e+00
-6.738695502281188965e-01 1.970269203186035156e+00 4.199499607086181641e+00
5.647812485694885254e-01 2.565288305282592773e+00 3.257599115371704102e+00
-1.730026483535766602e+00 3.176794528961181641e+00 1.096911579370498657e-01
-7.586082458496093750e+00 -2.459262371063232422e+00 3.555230855941772461e+00
-7.329160213470458984e+00 -1.424068927764892578e+00 4.217685222625732422e+00
-7.960866928100585938e+00 -8.135439157485961914e-01 2.907306194305419922e+00
-6.812236309051513672e+00 -1.160884380340576172e+00 4.463418483734130859e+00
-7.016467571258544922e+00 -3.669211268424987793e-01 3.060556888580322266e+00
-6.419800758361816406e+00 1.889975368976593018e-01 1.420652151107788086e+00
-6.219411849975585938e+00 1.400809735059738159e-01 2.392145156860351562e+00
-6.924404621124267578e+00 2.285232692956924438e-01 -8.144032955169677734e-01
-3.745120048522949219e+00 1.650693058967590332e+00 1.847286224365234375e+00
-5.362851619720458984e+00 2.017309427261352539e+00 -1.992095112800598145e+00
-3.647025823593139648e+00 3.036078691482543945e+00 -1.668951511383056641e+00
3.382818698883056641e+00 6.394023895263671875e-01 6.439122676849365234e+00
2.981376886367797852e+00 1.721707820892333984e+00 5.345296859741210938e+00
3.823599815368652344e+00 2.057586431503295898e+00 4.748878479003906250e+00
4.524321079254150391e+00 2.626481294631958008e+00 3.730507850646972656e+00
3.873274803161621094e+00 3.161666154861450195e+00 2.956371784210205078e+00
7.762849330902099609e+00 -4.905912876129150391e+00 -3.958630561828613281e+00
2.377337932586669922e+00 -5.073372840881347656e+00 -3.054279565811157227e+00
5.494148731231689453e+00 -4.734574317932128906e+00 -2.525992155075073242e+00
6.321118354797363281e+00 -4.683072090148925781e+00 -2.972598791122436523e+00
3.033319950103759766e+00 -5.011366367340087891e+00 -2.935925722122192383e+00
2.091001272201538086e+00 -5.931008815765380859e+00 -5.251067638397216797e+00
2.627026796340942383e+00 -5.809174537658691406e+00 -6.251983642578125000e+00
3.890347242355346680e+00 -5.141035556793212891e+00 -5.597579956054687500e+00
5.923698425292968750e+00 -4.815723419189453125e+00 -3.731374740600585938e+00
7.159880161285400391e+00 -4.962521553039550781e+00 -4.067531585693359375e+00
2.443879604339599609e+00 -5.622640132904052734e+00 -8.458171844482421875e+00
8.323878288269042969e+00 -4.982390403747558594e+00 -6.005156993865966797e+00
3.300739765167236328e+00 -5.332848548889160156e+00 -7.115480899810791016e+00
3.713431835174560547e+00 -4.723523616790771484e+00 -7.898380279541015625e+00
6.290265083312988281e+00 -5.072835922241210938e+00 -5.375518798828125000e+00
7.410183429718017578e+00 -4.933140277862548828e+00 -6.327586174011230469e+00
5.879640102386474609e+00 -4.179243564605712891e+00 -7.248054504394531250e+00
7.537412166595458984e+00 -4.034393310546875000e+00 -7.367038726806640625e+00
5.589759826660156250e+00 -3.864784717559814453e+00 -7.627300739288330078e+00
5.159314632415771484e+00 -2.840036869049072266e+00 -8.642764091491699219e+00
5.232970237731933594e+00 -2.082277297973632812e+00 -8.895682334899902344e+00
-3.350155830383300781e+00 -7.970077037811279297e+00 -1.205552482604980469e+01
-3.131732702255249023e+00 -8.214804649353027344e+00 -1.051663589477539062e+01
-3.961825132369995117e+00 -7.542886734008789062e+00 -1.315877342224121094e+01
-1.581969738006591797e+00 -6.562802314758300781e+00 -1.324172306060791016e+01
-3.557341575622558594e+00 -6.334029197692871094e+00 -1.446071338653564453e+01
-3.375437021255493164e+00 -5.279695510864257812e+00 -1.519297122955322266e+01
-6.631285667419433594e+00 -6.536277770996093750e+00 -1.317068099975585938e+01
-7.072035789489746094e+00 -6.212518215179443359e+00 -1.318804359436035156e+01
-7.758986473083496094e+00 -5.232908248901367188e+00 -1.367567157745361328e+01
-5.720050334930419922e+00 -7.131744861602783203e+00 -1.307780933380126953e+01
-8.474349975585937500e+00 -5.363411426544189453e+00 -1.256355381011962891e+01
-7.365057468414306641e+00 -4.564459323883056641e+00 -1.457335186004638672e+01
-4.151021957397460938e+00 -5.535439491271972656e+00 -1.503077507019042969e+01
-5.996598720550537109e+00 -4.381617546081542969e+00 -1.525722408294677734e+01
-2.711777925491333008e+00 -5.386020183563232422e+00 -1.501341915130615234e+01
-2.177306175231933594e+00 -4.294134616851806641e+00 -1.536851501464843750e+01
-3.723165512084960938e+00 -3.715532779693603516e+00 -1.575238418579101562e+01
-2.790964841842651367e+00 -3.186017274856567383e+00 -1.571410560607910156e+01
-4.990321159362792969e+00 -2.649312257766723633e+00 -1.593995189666748047e+01
-3.921427249908447266e+00 -1.502911567687988281e+00 -1.593451309204101562e+01
-9.299340248107910156e+00 -4.437312126159667969e+00 -1.222083377838134766e+01
-8.935760498046875000e+00 -3.999468803405761719e+00 -1.344537830352783203e+01
-9.911783218383789062e+00 -2.859622716903686523e+00 -1.234604740142822266e+01
-1.040258407592773438e+01 -1.436669707298278809e+00 -1.151864528656005859e+01
-8.550262451171875000e+00 -3.346794605255126953e+00 -1.435991287231445312e+01
-7.692893981933593750e+00 -2.964792728424072266e+00 -1.519691181182861328e+01
-9.823492050170898438e+00 -9.206454157829284668e-01 -1.328161907196044922e+01
-9.376934051513671875e+00 -3.224422633647918701e-01 -1.420183181762695312e+01
-8.488507270812988281e+00 -9.480489492416381836e-01 -1.507137107849121094e+01
-7.136550426483154297e+00 1.622997522354125977e-01 -1.576835536956787109e+01
-7.628337860107421875e+00 8.175957798957824707e-01 -1.553427124023437500e+01
-1.521851301193237305e+00 -7.556635856628417969e+00 -6.888221740722656250e+00
-4.210171997547149658e-01 -7.157252788543701172e+00 -8.631830215454101562e+00
7.375262677669525146e-02 -6.569374084472656250e+00 -5.590103149414062500e+00
6.195391416549682617e-01 -6.686291217803955078e+00 -6.757251739501953125e+00
-2.399422079324722290e-01 -6.931121826171875000e+00 -9.610890388488769531e+00
-5.076723545789718628e-02 -5.895322799682617188e+00 -1.240190124511718750e+01
1.353265047073364258e+00 -6.389942169189453125e+00 -6.419376850128173828e+00
2.021827220916748047e+00 -5.952903270721435547e+00 -8.191009521484375000e+00
-7.606934309005737305e-01 -5.086885929107666016e+00 -1.430331802368164062e+01
1.024826765060424805e+00 -4.963404655456542969e+00 -1.243816661834716797e+01
-1.230804681777954102e+00 -3.739656686782836914e+00 -1.520180320739746094e+01
-1.931112110614776611e-01 -3.007108926773071289e+00 -1.485865306854248047e+01
1.960568428039550781e+00 -5.053929805755615234e+00 -1.069786262512207031e+01
-1.088359355926513672e+00 -2.404771327972412109e+00 -1.528111457824707031e+01
-1.307386994361877441e+00 -1.696869492530822754e+00 -1.534119415283203125e+01
2.142336845397949219e+00 -3.536605834960937500e+00 -1.149300765991210938e+01
8.844857215881347656e-01 -1.870209693908691406e+00 -1.348700714111328125e+01
7.972119450569152832e-01 -1.144290804862976074e+00 -1.333459758758544922e+01
-2.606680393218994141e+00 -1.776955723762512207e+00 -1.569729518890380859e+01
-2.676632404327392578e+00 -8.085216283798217773e-01 -1.563928604125976562e+01
-5.086286544799804688e+00 4.552561938762664795e-01 -1.588697242736816406e+01
-2.887452125549316406e+00 1.007996082305908203e+00 -1.536466217041015625e+01
-2.164998292922973633e+00 1.175399184226989746e+00 -1.512306499481201172e+01
-4.983225464820861816e-01 1.149735808372497559e+00 -1.388922405242919922e+01
-2.882605075836181641e+00 2.080580949783325195e+00 -1.503458786010742188e+01
-2.466049671173095703e+00 2.789207458496093750e+00 -1.464562034606933594e+01
2.704567909240722656e+00 -3.968326807022094727e+00 -1.033806228637695312e+01
3.521419048309326172e+00 -2.611800670623779297e+00 -1.011298656463623047e+01
3.013091802597045898e+00 -1.848879337310791016e+00 -1.085345458984375000e+01
9.637882709503173828e-01 -2.818915545940399170e-01 -1.281272125244140625e+01
1.482232213020324707e+00 5.400095134973526001e-03 -1.210964965820312500e+01
2.348116636276245117e+00 -2.194681465625762939e-01 -1.122619152069091797e+01
1.080292463302612305e+00 4.159989953041076660e-01 -1.233515548706054688e+01
-1.051283264160156250e+01 -9.633595347404479980e-01 -1.099265098571777344e+01
-9.969936370849609375e+00 6.920568943023681641e-01 -1.291785621643066406e+01
-1.030472469329833984e+01 -1.177169475704431534e-02 -1.048507022857666016e+01
-1.007349014282226562e+01 -1.180079281330108643e-01 -9.023639678955078125e+00
-9.727176666259765625e+00 5.471565127372741699e-01 -1.002577018737792969e+01
-9.964872360229492188e+00 9.274585843086242676e-01 -1.155013465881347656e+01
-9.434963226318359375e+00 2.038560628890991211e+00 -1.278278636932373047e+01
-8.821645736694335938e+00 1.400220394134521484e+00 -9.341117858886718750e+00
-8.418068885803222656e+00 2.401311397552490234e+00 -1.037430381774902344e+01
-8.199915885925292969e+00 1.160729646682739258e+00 -6.069566249847412109e+00
-7.962761402130126953e+00 1.597353577613830566e+00 -7.149812698364257812e+00
-8.284464836120605469e+00 1.884935021400451660e+00 -8.735501289367675781e+00
-7.901071071624755859e+00 2.552158117294311523e+00 -9.730545997619628906e+00
-6.298142910003662109e+00 2.698754549026489258e+00 -7.678752422332763672e+00
-6.213962078094482422e+00 3.008665084838867188e+00 -8.161934852600097656e+00
-8.637042045593261719e+00 2.208111763000488281e+00 -1.429095458984375000e+01
-8.037467956542968750e+00 2.233438730239868164e+00 -1.473017597198486328e+01
-7.637413024902343750e+00 3.445031642913818359e+00 -1.351211833953857422e+01
-6.655445575714111328e+00 4.266163349151611328e+00 -1.313734626770019531e+01
-6.101326942443847656e+00 1.896434307098388672e+00 -1.547487163543701172e+01
-5.845214843750000000e+00 2.185907840728759766e+00 -1.532665157318115234e+01
-5.170869350433349609e+00 3.967773437500000000e+00 -1.412120628356933594e+01
-4.615495204925537109e+00 3.960375070571899414e+00 -1.424771499633789062e+01
-5.868025779724121094e+00 3.771854639053344727e+00 -1.412424564361572266e+01
-8.274609565734863281e+00 3.285986423492431641e+00 -1.224656295776367188e+01
-6.243542671203613281e+00 4.415687561035156250e+00 -1.238044357299804688e+01
-5.557183265686035156e+00 4.384295463562011719e+00 -1.074265193939208984e+01
-3.389559030532836914e+00 4.233067512512207031e+00 -1.348689079284667969e+01
-3.171115159988403320e+00 4.295451164245605469e+00 -1.286935710906982422e+01
-5.220639705657958984e+00 4.435871601104736328e+00 -1.221861171722412109e+01
-4.469321727752685547e+00 4.635770320892333984e+00 -1.232534027099609375e+01
-3.217124700546264648e+00 4.686347961425781250e+00 -1.144229125976562500e+01
-4.958539009094238281e+00 4.788538455963134766e+00 -1.084744644165039062e+01
-3.795932769775390625e+00 4.893708705902099609e+00 -1.117089271545410156e+01
-6.641120910644531250e+00 3.686064481735229492e+00 -1.050064659118652344e+01
-5.932559490203857422e+00 3.626309633255004883e+00 -9.033360481262207031e+00
3.056337118148803711e+00 -1.922583132982254028e-01 -1.029959583282470703e+01
-1.399353146553039551e-01 1.527565956115722656e+00 -1.287645149230957031e+01
-2.115010261535644531e+00 3.221019268035888672e+00 -1.359416484832763672e+01
9.943181276321411133e-01 7.999746203422546387e-01 -1.168787860870361328e+01
-1.055107831954956055e+00 2.883471012115478516e+00 -1.233726978302001953e+01
-2.714118480682373047e+00 3.845988273620605469e+00 -1.326953983306884766e+01
-1.650358438491821289e+00 3.646702527999877930e+00 -1.187412738800048828e+01
1.143931961059570312e+01 -6.525516033172607422e+00 -3.353674650192260742e+00
1.332260513305664062e+01 -6.764707088470458984e+00 -1.675729036331176758e+00
1.117747497558593750e+01 -6.446781158447265625e+00 -8.212921023368835449e-01
1.098396587371826172e+01 -6.458501338958740234e+00 -2.579427242279052734e+00
1.435598087310791016e+01 -6.970259666442871094e+00 -4.993447780609130859e+00
1.199139022827148438e+01 -6.593949317932128906e+00 -3.953682184219360352e+00
1.270217323303222656e+01 -6.576323509216308594e+00 -5.448839664459228516e+00
1.315061759948730469e+01 -6.898905277252197266e+00 -3.637005805969238281e+00
1.562780284881591797e+01 -7.059437274932861328e+00 -3.560954093933105469e+00
1.606768417358398438e+01 -5.984788417816162109e+00 -4.146700859069824219e+00
1.623941802978515625e+01 -6.535532951354980469e+00 -1.125676155090332031e+00
1.637094879150390625e+01 -5.740661144256591797e+00 -2.010678768157958984e+00
1.457395553588867188e+01 -6.650997638702392578e+00 1.069442629814147949e-01
1.481205558776855469e+01 -6.991086959838867188e+00 -1.508956670761108398e+00
1.536300182342529297e+01 -6.309569835662841797e+00 1.025499105453491211e+00
1.476278495788574219e+01 -4.206155300140380859e+00 2.050633192062377930e+00
1.511652851104736328e+01 -4.307215213775634766e+00 9.419371485710144043e-01
1.432631301879882812e+01 -3.411142349243164062e+00 1.084380030632019043e+00
1.580660820007324219e+01 -4.946894645690917969e+00 -3.317952156066894531e+00
1.523319053649902344e+01 -4.088605880737304688e+00 -2.539011001586914062e+00
1.520455074310302734e+01 -4.020385265350341797e+00 -9.714981317520141602e-01
1.497423267364501953e+01 -3.668157339096069336e+00 -1.477457523345947266e+00
1.433301830291748047e+01 -2.896918296813964844e+00 -8.514783382415771484e-01
1.381258773803710938e+01 -6.747583866119384766e+00 -6.215732097625732422e+00
1.525666046142578125e+01 -5.956767559051513672e+00 -6.514392852783203125e+00
1.237201023101806641e+01 -6.448786735534667969e+00 -6.636098384857177734e+00
1.291591548919677734e+01 -5.913452625274658203e+00 -7.420352935791015625e+00
1.593155956268310547e+01 -5.871104240417480469e+00 -5.607684135437011719e+00
1.562929344177246094e+01 -5.095747470855712891e+00 -5.907398700714111328e+00
1.504925060272216797e+01 -4.429185390472412109e+00 -5.510574340820312500e+00
1.326148223876953125e+01 -5.523044586181640625e+00 -7.275844573974609375e+00
1.263354492187500000e+01 -4.967268466949462891e+00 -6.588717460632324219e+00
1.349880123138427734e+01 -4.483865261077880859e+00 -6.068000793457031250e+00
1.362701034545898438e+01 -3.394524574279785156e+00 -4.915373802185058594e+00
1.500375080108642578e+01 -3.758463382720947266e+00 -2.785402297973632812e+00
1.494044303894042969e+01 -3.757828712463378906e+00 -4.471117496490478516e+00
1.438716030120849609e+01 -2.916245937347412109e+00 -3.720925092697143555e+00
1.016726875305175781e+01 -5.993329048156738281e+00 -2.733675241470336914e+00
6.992519855499267578e+00 -4.754536151885986328e+00 -2.372004985809326172e+00
7.278964519500732422e+00 -4.827286720275878906e+00 -1.945384860038757324e+00
6.844229221343994141e+00 -4.692938804626464844e+00 -2.932367801666259766e+00
1.048878192901611328e+01 -6.279980659484863281e+00 -2.329985141754150391e+00
9.013575553894042969e+00 -5.515073776245117188e+00 -1.937347173690795898e+00
7.950735092163085938e+00 -5.090161800384521484e+00 -1.573628902435302734e+00
9.601200103759765625e+00 -5.521113395690917969e+00 -3.424906492233276367e+00
9.959475517272949219e+00 -5.539374351501464844e+00 -4.651087284088134766e+00
8.333774566650390625e+00 -4.982521057128906250e+00 -3.954689741134643555e+00
1.355648899078369141e+01 -2.218895196914672852e+00 1.905312878079712391e-03
1.220008563995361328e+01 -8.641773462295532227e-01 -1.019114971160888672e+00
1.096881008148193359e+01 -5.955694675445556641e+00 -5.478548526763916016e+00
1.103293323516845703e+01 -5.416980266571044922e+00 -6.013674736022949219e+00
9.599294662475585938e+00 -5.066893577575683594e+00 -5.189782619476318359e+00
1.172595024108886719e+01 -4.699237346649169922e+00 -6.151048183441162109e+00
9.188271522521972656e+00 -4.317722320556640625e+00 -6.407731533050537109e+00
1.040824985504150391e+01 -3.539234399795532227e+00 -5.854086875915527344e+00
1.248042392730712891e+01 -3.690371036529541016e+00 -5.428564548492431641e+00
1.065284633636474609e+01 -3.198789119720458984e+00 -5.644980907440185547e+00
1.067667675018310547e+01 -2.272616863250732422e+00 -5.228451728820800781e+00
8.546629905700683594e+00 -3.680079936981201172e+00 -7.022748470306396484e+00
9.055041313171386719e+00 -3.083394289016723633e+00 -6.554097652435302734e+00
8.055321693420410156e+00 -2.033328294754028320e+00 -6.895792484283447266e+00
1.040885162353515625e+01 -1.608468294143676758e+00 -5.088848114013671875e+00
8.255625724792480469e+00 -1.710335373878479004e+00 -6.625276088714599609e+00
8.747434616088867188e+00 -4.875031411647796631e-01 -5.826282024383544922e+00
7.278090000152587891e+00 -1.681987792253494263e-01 -6.904804706573486328e+00
1.328978157043457031e+01 -2.139572858810424805e+00 -4.032032489776611328e+00
1.346655941009521484e+01 -1.701476812362670898e+00 -1.905919909477233887e+00
1.322980976104736328e+01 -1.335234522819519043e+00 -3.125523328781127930e+00
1.241079616546630859e+01 -4.545571208000183105e-01 -2.211977481842041016e+00
1.206299591064453125e+01 -1.336266398429870605e-01 -2.820247650146484375e+00
1.242058467864990234e+01 -1.928569555282592773e+00 -4.331984996795654297e+00
1.121752452850341797e+01 -1.241557717323303223e+00 -4.458756923675537109e+00
1.150854396820068359e+01 -5.814135670661926270e-01 -3.847130775451660156e+00
1.017917919158935547e+01 1.549628853797912598e+00 -1.730486512184143066e+00
9.296725273132324219e+00 2.368885278701782227e+00 -2.875370264053344727e+00
9.334183692932128906e+00 2.295617103576660156e+00 -3.346709728240966797e+00
8.575337409973144531e+00 2.926603555679321289e+00 -2.363639354705810547e+00
1.021149826049804688e+01 -9.206142425537109375e-01 -4.980628013610839844e+00
1.065378284454345703e+01 2.898766994476318359e-01 -4.109869003295898438e+00
8.365207672119140625e+00 1.235861778259277344e-01 -5.843743324279785156e+00
7.011622905731201172e+00 9.782431721687316895e-01 -6.416022300720214844e+00
1.384635543823242188e+01 -3.483611583709716797e+00 2.634320020675659180e+00
1.243754100799560547e+01 -2.404843091964721680e+00 2.927574634552001953e+00
1.122342491149902344e+01 -8.629966974258422852e-01 1.410005092620849609e+00
1.142408466339111328e+01 -6.630342006683349609e-01 2.751338481903076172e-01
9.904117584228515625e+00 -4.660124778747558594e-01 3.030622482299804688e+00
8.792119979858398438e+00 8.706778883934020996e-01 2.535041093826293945e+00
9.361835479736328125e+00 5.811599493026733398e-01 2.025287151336669922e+00
7.276627540588378906e+00 1.924434900283813477e+00 2.898129463195800781e+00
7.135124206542968750e+00 2.642875909805297852e+00 1.802561283111572266e+00
9.777338981628417969e+00 8.646857142448425293e-01 3.281381130218505859e-01
1.004447364807128906e+01 1.292289853096008301e+00 -9.943298697471618652e-01
7.978313446044921875e+00 2.601525068283081055e+00 4.083663523197174072e-01
3.350380182266235352e+00 4.278268337249755859e+00 -3.448947966098785400e-01
6.217028617858886719e+00 3.544599056243896484e+00 2.756607532501220703e-01
5.479691028594970703e+00 4.041615486145019531e+00 -2.226050853729248047e+00
3.671920061111450195e+00 4.393364429473876953e+00 -6.837684512138366699e-01
2.846390962600708008e+00 3.823752641677856445e+00 -2.455200433731079102e+00
2.958459138870239258e+00 3.510303258895874023e+00 -3.325943946838378906e+00
-9.879172444343566895e-01 3.798181533813476562e+00 -7.636719346046447754e-01
2.146105289459228516e+00 3.143406152725219727e+00 -4.382802486419677734e+00
9.484084323048591614e-03 4.164178371429443359e+00 -3.141818761825561523e+00
3.063970208168029785e-01 3.712571382522583008e+00 -4.696522712707519531e+00
2.379452705383300781e+00 3.809450864791870117e+00 -2.564573287963867188e+00
5.100798130035400391e+00 -8.758020401000976562e-01 -8.890292167663574219e+00
2.941061496734619141e+00 3.060693144798278809e-01 -9.603138923645019531e+00
5.061150074005126953e+00 5.037033557891845703e-01 -8.105913162231445312e+00
3.641061067581176758e+00 5.596747994422912598e-01 -8.963094711303710938e+00
2.521442174911499023e+00 4.992160201072692871e-01 -9.797164916992187500e+00
1.544991016387939453e+00 1.847733378410339355e+00 -9.909412384033203125e+00
3.295514583587646484e-01 3.149044513702392578e+00 -9.154975891113281250e+00
1.112601310014724731e-01 3.002337932586669922e+00 -1.045591449737548828e+01
5.655233860015869141e+00 2.805655479431152344e+00 -4.853289604187011719e+00
6.160819530487060547e+00 1.882075905799865723e+00 -6.083101272583007812e+00
4.699361801147460938e+00 2.689414739608764648e+00 -5.241339683532714844e+00
4.796419143676757812e+00 2.380143165588378906e+00 -5.951608180999755859e+00
6.613444805145263672e+00 3.750906705856323242e+00 -2.718311071395874023e+00
6.582200050354003906e+00 1.277139544486999512e+00 -6.417937278747558594e+00
5.709786415100097656e+00 1.663321852684020996e+00 -6.592778205871582031e+00
4.856512069702148438e+00 1.774592399597167969e+00 -7.027151107788085938e+00
2.735313415527343750e+00 2.849727869033813477e+00 -5.057257652282714844e+00
2.814158916473388672e+00 2.087872743606567383e+00 -7.353596687316894531e+00
2.026578426361083984e+00 2.328706264495849609e+00 -6.807481288909912109e+00
9.375347197055816650e-02 3.303920269012451172e+00 -6.268604755401611328e+00
2.692163586616516113e-01 2.958542108535766602e+00 -7.755689144134521484e+00
3.011911213397979736e-01 3.030716896057128906e+00 -8.134885787963867188e+00
-3.297068119049072266e+00 3.403385400772094727e+00 -2.584171056747436523e+00
-5.634113311767578125e+00 3.067859888076782227e+00 -7.731027603149414062e+00
-4.809786796569824219e+00 3.487168073654174805e+00 -7.634749412536621094e+00
-4.259282588958740234e+00 3.354270696640014648e+00 -6.673548698425292969e+00
-2.167663574218750000e+00 3.288093328475952148e+00 -2.305830717086791992e-01
-1.889840364456176758e+00 3.755095005035400391e+00 -1.353816032409667969e+00
-1.527791023254394531e+00 4.101261615753173828e+00 -2.468384742736816406e+00
-1.353393316268920898e+00 4.397626399993896484e+00 -3.692953586578369141e+00
-1.182953715324401855e+00 4.404707908630371094e+00 -4.986492633819580078e+00
-4.801647663116455078e+00 4.084843635559082031e+00 -8.503265380859375000e+00
-4.506197929382324219e+00 4.561932086944580078e+00 -9.023047447204589844e+00
-1.981570601463317871e+00 4.464656829833984375e+00 -7.510203838348388672e+00
-3.350797176361083984e+00 4.462037563323974609e+00 -8.330552101135253906e+00
-1.541476488113403320e+00 3.654631376266479492e+00 -1.119730377197265625e+01
-1.229137063026428223e+00 3.508948326110839844e+00 -1.106132316589355469e+01
-3.828488588333129883e+00 4.856851577758789062e+00 -1.070352172851562500e+01
-2.048308849334716797e+00 4.183372497558593750e+00 -9.849199295043945312e+00
-3.118517994880676270e-01 3.482131004333496094e+00 -9.964743614196777344e+00
-2.159933567047119141e+00 4.563051223754882812e+00 -6.119901180267333984e+00
5.279786109924316406e+00 3.197855234146118164e+00 2.345518112182617188e+00
6.039728641510009766e+00 3.139693260192871094e+00 1.775257825851440430e+00
1.963409543037414551e+00 7.024801969528198242e-01 -1.028431415557861328e+01
-5.179222226142883301e-01 2.795736551284790039e+00 -1.161362457275390625e+01
4.402740597724914551e-01 2.524434804916381836e+00 -1.076727294921875000e+01
