1.562313079833984375e+00 -4.938788890838623047e+00 -2.715518712997436523e+00
2.279771566390991211e+00 -4.792347431182861328e+00 -1.927667498588562012e+00
1.516785383224487305e+00 -4.797172069549560547e+00 -2.311047315597534180e+00
-5.069012641906738281e+00 -8.108712196350097656e+00 -7.822371006011962891e+00
-4.999916076660156250e+00 -8.062095642089843750e+00 -1.156790447235107422e+01
-4.185255050659179688e+00 -8.321059226989746094e+00 -9.419752120971679688e+00
-7.270901679992675781e+00 -7.468653678894042969e+00 -7.059304237365722656e+00
-7.775052070617675781e+00 -7.350691795349121094e+00 -7.967626094818115234e+00
-5.692866325378417969e+00 -8.128970146179199219e+00 -9.823892593383789062e+00
-6.220988273620605469e+00 -7.997556686401367188e+00 -9.061771392822265625e+00
-6.480971813201904297e+00 -7.344695091247558594e+00 -1.205467319488525391e+01
-8.410964965820312500e+00 -6.365373134613037109e+00 -1.057672214508056641e+01
-8.332413673400878906e+00 -6.186496734619140625e+00 -1.129521274566650391e+01
-9.642164230346679688e+00 -5.267001628875732422e+00 -8.362992286682128906e+00
-1.005170536041259766e+01 -4.325621604919433594e+00 -8.714990615844726562e+00
-9.586964607238769531e+00 -4.640345573425292969e+00 -1.086688041687011719e+01
-8.220126152038574219e+00 -6.690782546997070312e+00 -5.446004390716552734e+00
-9.067310333251953125e+00 -6.092278003692626953e+00 -4.930872440338134766e+00
-7.968018531799316406e+00 -5.745261669158935547e+00 -3.405245065689086914e+00
-8.496887207031250000e+00 -5.228149414062500000e+00 -2.226717710494995117e+00
-6.958219528198242188e+00 -5.440226078033447266e+00 -3.112816095352172852e+00
-2.593752384185791016e+00 -5.032048702239990234e+00 -1.549641013145446777e+00
-3.374202728271484375e+00 -4.883108615875244141e+00 -5.844565033912658691e-01
-1.440963625907897949e+00 -4.997675418853759766e+00 -2.399503290653228760e-01
-7.379736423492431641e+00 -3.211456775665283203e+00 2.311311244964599609e+00
-5.355998516082763672e+00 -3.512177944183349609e+00 1.277917385101318359e+00
-3.860444307327270508e+00 -5.068342208862304688e+00 -2.137620449066162109e+00
-7.304492950439453125e+00 -4.796100139617919922e+00 -1.626966714859008789e+00
-6.307709217071533203e+00 -5.166764736175537109e+00 -2.787036418914794922e+00
-3.739325046539306641e+00 -4.415429115295410156e+00 1.330073028802871704e-01
-4.768208980560302734e+00 -7.279367446899414062e+00 -5.294735908508300781e+00
-4.545862197875976562e+00 -6.498339653015136719e+00 -4.091198444366455078e+00
-2.280507564544677734e+00 -7.656224727630615234e+00 -6.417095184326171875e+00
-2.884952306747436523e+00 -7.168398380279541016e+00 -5.067161560058593750e+00
-2.214758396148681641e+00 -7.178428649902343750e+00 -5.299216270446777344e+00
-1.356433033943176270e+00 -6.803092956542968750e+00 -5.044855117797851562e+00
-2.779953718185424805e+00 -6.777588367462158203e+00 -4.440076828002929688e+00
-5.267871856689453125e+00 -6.850572109222412109e+00 -4.679051876068115234e+00
-6.153910636901855469e+00 -7.667088985443115234e+00 -6.742070674896240234e+00
-8.704401016235351562e+00 -6.651228427886962891e+00 -6.455263137817382812e+00
-1.416838407516479492e+00 -4.983472824096679688e+00 -1.837426066398620605e+00
-9.341985583305358887e-01 -5.045891761779785156e+00 -2.278389930725097656e+00
-2.241346836090087891e+00 -5.125692844390869141e+00 -2.024485826492309570e+00
-3.508565425872802734e-01 -5.093366622924804688e+00 -1.200677514076232910e+00
6.341878175735473633e-01 -4.628374576568603516e+00 -1.601164817810058594e+00
-8.145220279693603516e-01 -5.405570983886718750e+00 -3.022081136703491211e+00
-7.925516925752162933e-03 -5.502576351165771484e+00 -3.346807956695556641e+00
6.086752414703369141e-01 -4.771464347839355469e+00 -2.127553701400756836e+00
-9.515543937683105469e+00 -4.813289165496826172e+00 -2.045038461685180664e+00
-9.939949989318847656e+00 -4.891489028930664062e+00 -4.680917263031005859e+00
-9.351681709289550781e+00 -5.581613540649414062e+00 -3.831510305404663086e+00
-1.019566917419433594e+01 -3.759878396987915039e+00 -3.288616895675659180e+00
-1.031916999816894531e+01 -3.586443424224853516e+00 -4.716429710388183594e+00
-9.120183944702148438e+00 -4.086640357971191406e+00 3.090499043464660645e-01
-9.781294822692871094e+00 -4.173860073089599609e+00 -1.408630847930908203e+00
-9.820535659790039062e+00 -3.231333732604980469e+00 -2.797095775604248047e-01
-9.599625587463378906e+00 -2.926756143569946289e+00 9.034345746040344238e-01
-9.113521575927734375e+00 -2.721844434738159180e+00 2.168152809143066406e+00
-9.279061317443847656e+00 -1.629516601562500000e+00 1.270328521728515625e+00
-1.017296504974365234e+01 -2.694735527038574219e+00 -2.523861885070800781e+00
-1.009753704071044922e+01 -1.608908653259277344e+00 -2.652397155761718750e+00
-9.464578628540039062e+00 -1.293380498886108398e+00 -8.876447677612304688e-01
-7.936071395874023438e+00 -4.187607169151306152e-01 -6.473482251167297363e-01
-1.006177997589111328e+01 -4.635538578033447266e+00 -5.547004699707031250e+00
-1.034761619567871094e+01 -3.652385711669921875e+00 -5.425611495971679688e+00
-1.053338336944580078e+01 -2.258131980895996094e+00 -5.301800251007080078e+00
-1.059175395965576172e+01 -2.098707437515258789e+00 -5.871870517730712891e+00
-1.008424854278564453e+01 -6.580893397331237793e-01 -5.353267192840576172e+00
-1.059076023101806641e+01 -2.843496084213256836e+00 -7.962142944335937500e+00
-1.071201419830322266e+01 -1.947335243225097656e+00 -8.887398719787597656e+00
-1.060306835174560547e+01 -8.109089732170104980e-01 -8.515999794006347656e+00
-9.953842163085937500e+00 -3.301803767681121826e-01 -6.704236507415771484e+00
-8.383496284484863281e+00 -2.019456028938293457e-01 -2.253548622131347656e+00
-6.926188468933105469e+00 1.700515389442443848e+00 -3.687841892242431641e+00
-9.017223358154296875e+00 3.846263587474822998e-01 -6.202215194702148438e+00
-7.575404644012451172e+00 1.435794234275817871e+00 -4.989549160003662109e+00
1.319524192810058594e+01 -5.695630550384521484e+00 4.463092803955078125e+00
1.355201339721679688e+01 -6.524091243743896484e+00 8.437564373016357422e-01
1.303875923156738281e+01 -6.525633811950683594e+00 1.572024464607238770e+00
1.491703701019287109e+01 -6.240636825561523438e+00 2.015680551528930664e+00
1.471590328216552734e+01 -5.321621417999267578e+00 3.116260290145874023e+00
1.195693397521972656e+01 -6.275766849517822266e+00 2.879227876663208008e+00
4.404379844665527344e+00 -1.276003360748291016e+00 4.841100215911865234e+00
5.268721580505371094e+00 -1.085027575492858887e+00 5.905763626098632812e+00
6.654854774475097656e+00 -4.892428874969482422e+00 -1.676772356033325195e+00
8.916857719421386719e+00 -6.325080394744873047e+00 -1.249188423156738281e+00
8.125778198242187500e+00 -6.243181228637695312e+00 -1.094875216484069824e+00
7.450274944305419922e+00 -6.299165725708007812e+00 -5.092554688453674316e-01
2.553746461868286133e+00 -5.434195518493652344e+00 3.991355299949645996e-01
4.297759532928466797e+00 -4.727871417999267578e+00 -1.506075739860534668e+00
5.170174598693847656e+00 -5.132539272308349609e+00 -1.181997656822204590e+00
2.309436798095703125e+00 -4.302309036254882812e+00 -1.266607761383056641e+00
4.117910861968994141e+00 -4.755429267883300781e+00 -1.286185145378112793e+00
5.106484889984130859e+00 -5.594769477844238281e+00 2.067054659128189087e-01
5.804352283477783203e+00 -6.017351150512695312e+00 -6.215189695358276367e-01
3.095894336700439453e+00 -5.511152744293212891e+00 -5.947201251983642578e-01
9.469794273376464844e+00 -5.319725990295410156e+00 3.058197498321533203e+00
1.003806591033935547e+01 -4.785698890686035156e+00 4.741126537322998047e+00
9.970724105834960938e+00 -5.009576797485351562e+00 4.195734024047851562e+00
8.731337547302246094e+00 -4.071192264556884766e+00 5.185087680816650391e+00
8.936134338378906250e+00 -4.998097419738769531e+00 3.105685949325561523e+00
9.028412818908691406e+00 -5.951616764068603516e+00 1.403364181518554688e+00
8.682887077331542969e+00 -6.122829437255859375e+00 9.198893904685974121e-01
5.521255493164062500e+00 -1.328881859779357910e+00 3.939977407455444336e+00
6.169683456420898438e+00 -3.692417621612548828e+00 2.349180698394775391e+00
5.592965126037597656e+00 -3.976991176605224609e+00 1.844083189964294434e+00
4.512836456298828125e+00 -1.907065629959106445e+00 3.023658752441406250e+00
4.607960700988769531e+00 -1.508683085441589355e+00 3.660467386245727539e+00
6.918115615844726562e+00 -2.439301252365112305e+00 4.214127063751220703e+00
6.708711147308349609e+00 -1.981510877609252930e+00 5.367137908935546875e+00
6.543432235717773438e+00 -5.484503269195556641e+00 9.187347292900085449e-01
1.215365409851074219e+01 -4.245180606842041016e+00 5.631971836090087891e+00
1.379429817199707031e+01 -4.731243610382080078e+00 4.556127071380615234e+00
1.267717075347900391e+01 -3.393579006195068359e+00 4.759554386138916016e+00
1.349197959899902344e+01 -3.459299087524414062e+00 3.153762102127075195e+00
7.903177261352539062e+00 -2.908479452133178711e+00 6.491206169128417969e+00
7.442147254943847656e+00 -2.520203590393066406e+00 6.435752391815185547e+00
4.247065067291259766e+00 -7.011791467666625977e-01 6.661081790924072266e+00
9.767551422119140625e+00 -4.049427509307861328e+00 6.290603637695312500e+00
1.050142002105712891e+01 -2.707076311111450195e+00 6.101089954376220703e+00
1.081186866760253906e+01 -2.406638383865356445e+00 5.224730014801025391e+00
8.710822105407714844e+00 -1.541924238204956055e+00 6.126022338867187500e+00
9.024221420288085938e+00 -1.290566921234130859e+00 5.203392505645751953e+00
1.111250591278076172e+01 -2.262930154800415039e+00 4.318803787231445312e+00
1.142844676971435547e+01 -2.028595447540283203e+00 3.370768308639526367e+00
6.630016803741455078e+00 -1.633596420288085938e+00 6.163415908813476562e+00
7.749697685241699219e+00 -1.135296463966369629e+00 6.028514862060546875e+00
6.999522209167480469e+00 -2.260164022445678711e-01 5.479265689849853516e+00
6.248680114746093750e+00 -4.808554351329803467e-01 5.810724735260009766e+00
5.665568828582763672e+00 7.053388357162475586e-01 5.409231662750244141e+00
8.072338104248046875e+00 1.411488056182861328e-01 4.301954269409179688e+00
5.760119915008544922e+00 1.991714000701904297e+00 4.114278793334960938e+00
6.145702362060546875e+00 2.102712154388427734e+00 3.641380548477172852e+00
-2.134592771530151367e+00 -2.799581766128540039e+00 3.774003744125366211e+00
-1.524897098541259766e+00 -3.804447174072265625e+00 1.661555171012878418e+00
-1.477585554122924805e+00 -4.654972553253173828e+00 3.883057236671447754e-01
-1.622434854507446289e+00 -2.867702245712280273e+00 3.494796276092529297e+00
-2.531649768352508545e-01 -2.665544271469116211e+00 2.367248773574829102e+00
-5.072423934936523438e+00 -3.477104902267456055e+00 1.469628930091857910e+00
-4.360037803649902344e+00 -3.315779685974121094e+00 2.203140258789062500e+00
-5.805964946746826172e+00 -2.598581790924072266e+00 3.394441127777099609e+00
-5.279596328735351562e+00 -3.018573284149169922e+00 2.537566184997558594e+00
-4.095753192901611328e+00 -2.828252553939819336e+00 3.382099390029907227e+00
-2.759828805923461914e+00 -1.621822118759155273e+00 4.879269123077392578e+00
-5.654720306396484375e+00 -1.270677924156188965e+00 4.710466384887695312e+00
-5.350518226623535156e+00 -7.399080395698547363e-01 4.911061286926269531e+00
2.512194871902465820e+00 -1.752811193466186523e+00 3.618428945541381836e+00
1.358533501625061035e+00 -9.153428673744201660e-01 4.107677936553955078e+00
-7.207220792770385742e-02 -1.197564840316772461e+00 3.647369623184204102e+00
1.080735087394714355e+00 -3.507881462574005127e-01 4.654692173004150391e+00
2.493195533752441406e+00 -1.145241498947143555e+00 5.227591037750244141e+00
3.508902549743652344e+00 -7.490056157112121582e-01 6.556376934051513672e+00
1.110383868217468262e+00 7.265795469284057617e-01 5.396472930908203125e+00
-3.226138591766357422e+00 -1.392224907875061035e+00 5.008720397949218750e+00
-4.245069503784179688e+00 2.975700497627258301e-01 5.011340141296386719e+00
-2.750058889389038086e+00 5.596390366554260254e-01 5.130909442901611328e+00
-1.167088270187377930e+00 1.603282332420349121e+00 4.400573730468750000e+00
-3.888812541961669922e+00 1.020308852195739746e+00 4.049753665924072266e+00
-3.827289819717407227e+00 1.427686691284179688e+00 2.892493963241577148e+00
-1.792434006929397583e-01 -5.107228755950927734e+00 -8.375437557697296143e-02
2.961107790470123291e-01 -4.967490673065185547e+00 -1.201223731040954590e-01
8.135898709297180176e-01 -4.979089260101318359e+00 2.567711099982261658e-02
1.639653682708740234e+00 -3.815829515457153320e+00 1.401740789413452148e+00
1.479967474937438965e+00 -5.014531135559082031e+00 5.702558159828186035e-01
1.628351569175720215e+00 -3.776704311370849609e+00 -1.364895701408386230e+00
1.874774575233459473e+00 -2.641797065734863281e+00 2.327937126159667969e+00
2.305390119552612305e+00 1.402060866355895996e+00 5.535562038421630859e+00
2.880653381347656250e+00 2.399946928024291992e+00 4.198010921478271484e+00
2.603446006774902344e+00 2.947213172912597656e+00 3.006716966629028320e+00
-8.637532591819763184e-01 2.474497556686401367e+00 2.614987850189208984e+00
-6.599319577217102051e-01 1.917064666748046875e+00 4.163516521453857422e+00
5.716670751571655273e-01 2.531706571578979492e+00 3.238803625106811523e+00
-1.728981614112854004e+00 3.172051906585693359e+00 1.068242862820625305e-01
-7.586341381072998047e+00 -2.460958719253540039e+00 3.555917024612426758e+00
-7.329706192016601562e+00 -1.426742672920227051e+00 4.220822334289550781e+00
-7.961451530456542969e+00 -8.153506517410278320e-01 2.909560918807983398e+00
-6.812239170074462891e+00 -1.164101362228393555e+00 4.465496063232421875e+00
-7.017030239105224609e+00 -3.691512048244476318e-01 3.063292980194091797e+00
-6.420471191406250000e+00 1.888180524110794067e-01 1.420691847801208496e+00
-6.220773220062255859e+00 1.404440850019454956e-01 2.392062425613403320e+00
-6.923941135406494141e+00 2.264574170112609863e-01 -8.153515458106994629e-01
-3.747491359710693359e+00 1.655220866203308105e+00 1.848058223724365234e+00
-5.362282276153564453e+00 2.014902114868164062e+00 -1.993507981300354004e+00
-3.646396875381469727e+00 3.033383846282958984e+00 -1.670507788658142090e+00
3.401419639587402344e+00 5.230814218521118164e-01 6.373749732971191406e+00
2.997313261032104492e+00 1.638077735900878906e+00 5.308764934539794922e+00
3.838176488876342773e+00 1.978943824768066406e+00 4.712830543518066406e+00
4.534951210021972656e+00 2.575503826141357422e+00 3.707154273986816406e+00
3.880764722824096680e+00 3.136707067489624023e+00 2.947240829467773438e+00
7.764893054962158203e+00 -4.956270217895507812e+00 -3.961832523345947266e+00
2.378352165222167969e+00 -5.081864356994628906e+00 -3.054446220397949219e+00
5.498208522796630859e+00 -4.761508941650390625e+00 -2.527880191802978516e+00
6.324568271636962891e+00 -4.719483852386474609e+00 -2.974583387374877930e+00
3.034808635711669922e+00 -5.024011135101318359e+00 -2.936645269393920898e+00
2.090662717819213867e+00 -5.935722351074218750e+00 -5.251688957214355469e+00
2.626373291015625000e+00 -5.813868045806884766e+00 -6.252923011779785156e+00
3.891167402267456055e+00 -5.148180961608886719e+00 -5.597954750061035156e+00
5.926112174987792969e+00 -4.838003635406494141e+00 -3.733029365539550781e+00
7.161114215850830078e+00 -4.999907493591308594e+00 -4.070416450500488281e+00
2.442974090576171875e+00 -5.623463630676269531e+00 -8.458291053771972656e+00
8.322782516479492188e+00 -5.013093948364257812e+00 -6.007751464843750000e+00
3.300844430923461914e+00 -5.337388515472412109e+00 -7.115758895874023438e+00
3.713314771652221680e+00 -4.727395534515380859e+00 -7.898644924163818359e+00
6.290458202362060547e+00 -5.089906692504882812e+00 -5.378143787384033203e+00
7.409029006958007812e+00 -4.953247070312500000e+00 -6.330378532409667969e+00
5.879137516021728516e+00 -4.192266464233398438e+00 -7.250252723693847656e+00
7.536903858184814453e+00 -4.048872947692871094e+00 -7.367012023925781250e+00
5.589799404144287109e+00 -3.872389554977416992e+00 -7.626751422882080078e+00
5.159847259521484375e+00 -2.843937158584594727e+00 -8.641480445861816406e+00
5.233246326446533203e+00 -2.084266424179077148e+00 -8.895352363586425781e+00
-3.349573373794555664e+00 -7.971350193023681641e+00 -1.205614948272705078e+01
-3.131264686584472656e+00 -8.215496063232421875e+00 -1.051706504821777344e+01
-3.961739540100097656e+00 -7.544711589813232422e+00 -1.315874576568603516e+01
-1.581847906112670898e+00 -6.563696384429931641e+00 -1.324190711975097656e+01
-3.557088851928710938e+00 -6.335559844970703125e+00 -1.445873928070068359e+01
-3.376129865646362305e+00 -5.282513141632080078e+00 -1.519104957580566406e+01
-6.632038116455078125e+00 -6.537097930908203125e+00 -1.317202949523925781e+01
-7.072241306304931641e+00 -6.212660312652587891e+00 -1.319030475616455078e+01
-7.757968902587890625e+00 -5.232378959655761719e+00 -1.367670440673828125e+01
-5.720268726348876953e+00 -7.132729530334472656e+00 -1.307795906066894531e+01
-8.472458839416503906e+00 -5.362976551055908203e+00 -1.256522846221923828e+01
-7.364104270935058594e+00 -4.565480232238769531e+00 -1.457518482208251953e+01
-4.151671886444091797e+00 -5.537009239196777344e+00 -1.502815246582031250e+01
-5.995674133300781250e+00 -4.383308410644531250e+00 -1.525823497772216797e+01
-2.711842536926269531e+00 -5.388892173767089844e+00 -1.501313972473144531e+01
-2.177346706390380859e+00 -4.296691417694091797e+00 -1.536997222900390625e+01
-3.723120927810668945e+00 -3.717673778533935547e+00 -1.575135326385498047e+01
-2.790432453155517578e+00 -3.188537120819091797e+00 -1.571583366394042969e+01
-4.989926815032958984e+00 -2.650705575942993164e+00 -1.593969726562500000e+01
-3.921090126037597656e+00 -1.505326151847839355e+00 -1.593518924713134766e+01
-9.300771713256835938e+00 -4.440654754638671875e+00 -1.222177886962890625e+01
-8.934117317199707031e+00 -4.001474857330322266e+00 -1.344597625732421875e+01
-9.911378860473632812e+00 -2.861371517181396484e+00 -1.234758090972900391e+01
-1.040186882019042969e+01 -1.438260912895202637e+00 -1.151956367492675781e+01
-8.549100875854492188e+00 -3.348924636840820312e+00 -1.436123657226562500e+01
-7.692409515380859375e+00 -2.967070579528808594e+00 -1.519888973236083984e+01
-9.821481704711914062e+00 -9.235985279083251953e-01 -1.328456401824951172e+01
-9.376111984252929688e+00 -3.291343152523040771e-01 -1.420368957519531250e+01
-8.487048149108886719e+00 -9.519019126892089844e-01 -1.507446670532226562e+01
-7.135374069213867188e+00 1.597237586975097656e-01 -1.576994132995605469e+01
-7.627534389495849609e+00 8.137470483779907227e-01 -1.553655433654785156e+01
-1.521949768066406250e+00 -7.557066440582275391e+00 -6.889019966125488281e+00
-4.212078750133514404e-01 -7.157447814941406250e+00 -8.632209777832031250e+00
7.342999428510665894e-02 -6.570243835449218750e+00 -5.591257572174072266e+00
6.189935803413391113e-01 -6.687044143676757812e+00 -6.757936477661132812e+00
-2.400597184896469116e-01 -6.930800437927246094e+00 -9.610930442810058594e+00
-5.044857412576675415e-02 -5.895846366882324219e+00 -1.240219116210937500e+01
1.352537631988525391e+00 -6.392277717590332031e+00 -6.420092582702636719e+00
2.020845651626586914e+00 -5.953927516937255859e+00 -8.191324234008789062e+00
-7.603487968444824219e-01 -5.088109970092773438e+00 -1.430395030975341797e+01
1.024807214736938477e+00 -4.963847637176513672e+00 -1.243799972534179688e+01
-1.230507731437683105e+00 -3.740835189819335938e+00 -1.520277214050292969e+01
-1.926234960556030273e-01 -3.008121252059936523e+00 -1.485929870605468750e+01
1.960400700569152832e+00 -5.054519176483154297e+00 -1.069774818420410156e+01
-1.087897658348083496e+00 -2.406354188919067383e+00 -1.528167819976806641e+01
-1.306804895401000977e+00 -1.698534011840820312e+00 -1.534196758270263672e+01
2.142152070999145508e+00 -3.537420511245727539e+00 -1.149281120300292969e+01
8.843688368797302246e-01 -1.870871663093566895e+00 -1.348694515228271484e+01
7.970790863037109375e-01 -1.144973158836364746e+00 -1.333466911315917969e+01
-2.606389760971069336e+00 -1.779867053031921387e+00 -1.569949150085449219e+01
-2.676419258117675781e+00 -8.105189800262451172e-01 -1.564096450805664062e+01
-5.084947109222412109e+00 4.531166851520538330e-01 -1.588803005218505859e+01
-2.887087583541870117e+00 1.006309747695922852e+00 -1.536620140075683594e+01
-2.165062189102172852e+00 1.173874735832214355e+00 -1.512374782562255859e+01
-4.982763230800628662e-01 1.148721933364868164e+00 -1.388969802856445312e+01
-2.882853269577026367e+00 2.078755855560302734e+00 -1.503475570678710938e+01
-2.466435909271240234e+00 2.787288188934326172e+00 -1.464606475830078125e+01
2.704396486282348633e+00 -3.969588994979858398e+00 -1.033785343170166016e+01
3.520741462707519531e+00 -2.613417148590087891e+00 -1.011130237579345703e+01
3.012002229690551758e+00 -1.850305795669555664e+00 -1.085210800170898438e+01
9.633880257606506348e-01 -2.831876277923583984e-01 -1.281259441375732422e+01
1.482007145881652832e+00 4.030900076031684875e-03 -1.210953903198242188e+01
2.347882032394409180e+00 -2.212448120117187500e-01 -1.122603607177734375e+01
1.080543994903564453e+00 4.144827127456665039e-01 -1.233547115325927734e+01
-1.051329994201660156e+01 -9.670047760009765625e-01 -1.099350643157958984e+01
-9.967201232910156250e+00 6.864049434661865234e-01 -1.292266654968261719e+01
-1.030401802062988281e+01 -1.515166647732257843e-02 -1.048589992523193359e+01
-1.007348346710205078e+01 -1.204749718308448792e-01 -9.023451805114746094e+00
-9.727105140686035156e+00 5.440455079078674316e-01 -1.002688980102539062e+01
-9.964488029479980469e+00 9.234070777893066406e-01 -1.155186271667480469e+01
-9.434098243713378906e+00 2.032909631729125977e+00 -1.278474426269531250e+01
-8.822601318359375000e+00 1.396714806556701660e+00 -9.342172622680664062e+00
-8.416790962219238281e+00 2.397089958190917969e+00 -1.037560653686523438e+01
-8.197957992553710938e+00 1.153429985046386719e+00 -6.070867538452148438e+00
-7.961779594421386719e+00 1.592052340507507324e+00 -7.151381969451904297e+00
-8.283499717712402344e+00 1.879433155059814453e+00 -8.737472534179687500e+00
-7.900849819183349609e+00 2.546415328979492188e+00 -9.732200622558593750e+00
-6.297351360321044922e+00 2.694781064987182617e+00 -7.679822921752929688e+00
-6.213959693908691406e+00 3.004479169845581055e+00 -8.162654876708984375e+00
-8.635387420654296875e+00 2.201987743377685547e+00 -1.429262542724609375e+01
-8.037104606628417969e+00 2.229524374008178711e+00 -1.473231029510498047e+01
-7.637005805969238281e+00 3.440773725509643555e+00 -1.351386833190917969e+01
-6.655148029327392578e+00 4.261781215667724609e+00 -1.313803672790527344e+01
-6.100533485412597656e+00 1.894105672836303711e+00 -1.547653007507324219e+01
-5.845048904418945312e+00 2.183482885360717773e+00 -1.532745552062988281e+01
-5.170805454254150391e+00 3.965456485748291016e+00 -1.412164878845214844e+01
-4.615434646606445312e+00 3.958700180053710938e+00 -1.424894523620605469e+01
-5.867632389068603516e+00 3.768128156661987305e+00 -1.412534236907958984e+01
-8.273306846618652344e+00 3.281190872192382812e+00 -1.224808502197265625e+01
-6.242885589599609375e+00 4.411219120025634766e+00 -1.238162612915039062e+01
-5.556070804595947266e+00 4.378462314605712891e+00 -1.074412631988525391e+01
-3.389177560806274414e+00 4.231424331665039062e+00 -1.348822593688964844e+01
-3.170944452285766602e+00 4.293165683746337891e+00 -1.287039566040039062e+01
-5.219994544982910156e+00 4.432047367095947266e+00 -1.221991062164306641e+01
-4.469202041625976562e+00 4.633128643035888672e+00 -1.232666110992431641e+01
-3.217037677764892578e+00 4.683551311492919922e+00 -1.144341850280761719e+01
-4.958290100097656250e+00 4.783604621887207031e+00 -1.084860324859619141e+01
-3.795918464660644531e+00 4.890301227569580078e+00 -1.117183208465576172e+01
-6.639834403991699219e+00 3.679594993591308594e+00 -1.050265502929687500e+01
-5.931837081909179688e+00 3.620640277862548828e+00 -9.035097122192382812e+00
3.056580066680908203e+00 -1.945714205503463745e-01 -1.030028533935546875e+01
-1.393879950046539307e-01 1.526005148887634277e+00 -1.287708282470703125e+01
-2.114702701568603516e+00 3.219274282455444336e+00 -1.359477329254150391e+01
9.950066804885864258e-01 7.983517646789550781e-01 -1.168825817108154297e+01
-1.054365158081054688e+00 2.881712436676025391e+00 -1.233823680877685547e+01
-2.714115381240844727e+00 3.843669891357421875e+00 -1.327017974853515625e+01
-1.650320291519165039e+00 3.644147396087646484e+00 -1.187507247924804688e+01
1.143993854522705078e+01 -6.591067790985107422e+00 -3.359274625778198242e+00
1.333295536041259766e+01 -6.836677551269531250e+00 -1.686893343925476074e+00
1.118199825286865234e+01 -6.485358715057373047e+00 -8.266372680664062500e-01
1.098727035522460938e+01 -6.521648406982421875e+00 -2.583461523056030273e+00
1.436006259918212891e+01 -7.015134334564208984e+00 -5.006126880645751953e+00
1.199334144592285156e+01 -6.652950763702392578e+00 -3.960520029067993164e+00
1.270421600341796875e+01 -6.625787734985351562e+00 -5.457853317260742188e+00
1.315461254119873047e+01 -6.951099395751953125e+00 -3.647262096405029297e+00
1.563652515411376953e+01 -7.095016002655029297e+00 -3.576913833618164062e+00
1.607436370849609375e+01 -6.014516353607177734e+00 -4.165822505950927734e+00
1.624961662292480469e+01 -6.570673942565917969e+00 -1.145730257034301758e+00
1.638109016418457031e+01 -5.765798568725585938e+00 -2.033956050872802734e+00
1.458805179595947266e+01 -6.720773220062255859e+00 9.012942761182785034e-02
1.482401943206787109e+01 -7.043360233306884766e+00 -1.524816870689392090e+00
1.537590122222900391e+01 -6.369707584381103516e+00 1.000979661941528320e+00
1.478120422363281250e+01 -4.272298336029052734e+00 2.010672092437744141e+00
1.513033771514892578e+01 -4.357683181762695312e+00 9.085913300514221191e-01
1.434084987640380859e+01 -3.455062866210937500e+00 1.032585740089416504e+00
1.582000255584716797e+01 -4.967414855957031250e+00 -3.341145515441894531e+00
1.524937152862548828e+01 -4.102037429809570312e+00 -2.566699981689453125e+00
1.521634960174560547e+01 -4.048347949981689453e+00 -1.001017093658447266e+00
1.498463058471679688e+01 -3.691912174224853516e+00 -1.505923628807067871e+00
1.435188770294189453e+01 -2.912909984588623047e+00 -8.844577670097351074e-01
1.381649017333984375e+01 -6.787449836730957031e+00 -6.225377559661865234e+00
1.525845909118652344e+01 -5.990675449371337891e+00 -6.525173664093017578e+00
1.237333393096923828e+01 -6.489192962646484375e+00 -6.642332553863525391e+00
1.291737651824951172e+01 -5.949822425842285156e+00 -7.425856113433837891e+00
1.593247890472412109e+01 -5.899991989135742188e+00 -5.621437072753906250e+00
1.562591171264648438e+01 -5.126509189605712891e+00 -5.922477245330810547e+00
1.506362152099609375e+01 -4.449658393859863281e+00 -5.531804561614990234e+00
1.326114177703857422e+01 -5.557259559631347656e+00 -7.282894611358642578e+00
1.263456726074218750e+01 -5.000514030456542969e+00 -6.591885089874267578e+00
1.350116539001464844e+01 -4.510620117187500000e+00 -6.079363822937011719e+00
1.363788414001464844e+01 -3.411055088043212891e+00 -4.932772159576416016e+00
1.501993942260742188e+01 -3.766989707946777344e+00 -2.812700748443603516e+00
1.495787715911865234e+01 -3.770003795623779297e+00 -4.496018409729003906e+00
1.440407276153564453e+01 -2.920518875122070312e+00 -3.748815536499023438e+00
1.016676044464111328e+01 -6.067986488342285156e+00 -2.741893768310546875e+00
6.996458530426025391e+00 -4.800830841064453125e+00 -2.372846603393554688e+00
7.283285140991210938e+00 -4.887967586517333984e+00 -1.950399875640869141e+00
6.847282886505126953e+00 -4.737663269042968750e+00 -2.935072183609008789e+00
1.049087238311767578e+01 -6.346742630004882812e+00 -2.335023403167724609e+00
9.014126777648925781e+00 -5.591636657714843750e+00 -1.943793416023254395e+00
7.952594757080078125e+00 -5.164471149444580078e+00 -1.587420105934143066e+00
9.598250389099121094e+00 -5.597905635833740234e+00 -3.429395675659179688e+00
9.957690238952636719e+00 -5.600185394287109375e+00 -4.653591156005859375e+00
8.333419799804687500e+00 -5.044961929321289062e+00 -3.957252264022827148e+00
1.357250690460205078e+01 -2.234518766403198242e+00 -3.281166404485702515e-02
1.221464824676513672e+01 -8.697403669357299805e-01 -1.045884609222412109e+00
1.097065448760986328e+01 -6.008076190948486328e+00 -5.484610557556152344e+00
1.103379535675048828e+01 -5.456430912017822266e+00 -6.015674591064453125e+00
9.600227355957031250e+00 -5.110240459442138672e+00 -5.191267967224121094e+00
1.172558879852294922e+01 -4.732010364532470703e+00 -6.151688098907470703e+00
9.186066627502441406e+00 -4.344319343566894531e+00 -6.403444290161132812e+00
1.040534305572509766e+01 -3.570624351501464844e+00 -5.846338272094726562e+00
1.248207950592041016e+01 -3.714240789413452148e+00 -5.433921813964843750e+00
1.064983367919921875e+01 -3.226801156997680664e+00 -5.640358448028564453e+00
1.067125225067138672e+01 -2.297569274902343750e+00 -5.223192691802978516e+00
8.545295715332031250e+00 -3.697819948196411133e+00 -7.020248413085937500e+00
9.054418563842773438e+00 -3.101617574691772461e+00 -6.551949024200439453e+00
8.057212829589843750e+00 -2.041102886199951172e+00 -6.897188186645507812e+00
1.040163898468017578e+01 -1.630148649215698242e+00 -5.083080291748046875e+00
8.258316040039062500e+00 -1.719553232192993164e+00 -6.627356052398681641e+00
8.748687744140625000e+00 -4.970653951168060303e-01 -5.827327251434326172e+00
7.281126499176025391e+00 -1.740594506263732910e-01 -6.906735897064208984e+00
1.329972171783447266e+01 -2.147674798965454102e+00 -4.054151058197021484e+00
1.348198509216308594e+01 -1.707083225250244141e+00 -1.933620452880859375e+00
1.323545169830322266e+01 -1.342754364013671875e+00 -3.145282268524169922e+00
1.242748832702636719e+01 -4.497563540935516357e-01 -2.232447147369384766e+00
1.206684303283691406e+01 -1.378745138645172119e-01 -2.834417819976806641e+00
1.242100715637207031e+01 -1.943387627601623535e+00 -4.341745376586914062e+00
1.121569347381591797e+01 -1.259040594100952148e+00 -4.460723876953125000e+00
1.150866508483886719e+01 -5.922081470489501953e-01 -3.855788707733154297e+00
1.019168472290039062e+01 1.563801050186157227e+00 -1.739946484565734863e+00
9.303325653076171875e+00 2.375970363616943359e+00 -2.882147789001464844e+00
9.337111473083496094e+00 2.296182870864868164e+00 -3.352230072021484375e+00
8.579604148864746094e+00 2.932083606719970703e+00 -2.367892265319824219e+00
1.020848083496093750e+01 -9.344148635864257812e-01 -4.977944374084472656e+00
1.065647983551025391e+01 2.852510213851928711e-01 -4.114536285400390625e+00
8.364808082580566406e+00 1.172443702816963196e-01 -5.842842102050781250e+00
7.012054920196533203e+00 9.720438718795776367e-01 -6.415265083312988281e+00
1.387180995941162109e+01 -3.544916152954101562e+00 2.568052768707275391e+00
1.245152091979980469e+01 -2.472377300262451172e+00 2.832012891769409180e+00
1.123287487030029297e+01 -9.037145376205444336e-01 1.341101288795471191e+00
1.143218994140625000e+01 -6.823199987411499023e-01 2.320911288261413574e-01
9.913584709167480469e+00 -5.131965279579162598e-01 2.917673110961914062e+00
8.801959991455078125e+00 8.454211950302124023e-01 2.472863674163818359e+00
9.374789237976074219e+00 5.575508475303649902e-01 1.958996534347534180e+00
7.287177085876464844e+00 1.887705326080322266e+00 2.852616071701049805e+00
7.144270420074462891e+00 2.628503799438476562e+00 1.778875470161437988e+00
9.793976783752441406e+00 8.663914799690246582e-01 2.945674657821655273e-01
1.006801128387451172e+01 1.312661528587341309e+00 -1.013601660728454590e+00
7.988832950592041016e+00 2.601984500885009766e+00 3.929579555988311768e-01
3.349917173385620117e+00 4.273356437683105469e+00 -3.470832109451293945e-01
6.221929073333740234e+00 3.543843746185302734e+00 2.691883146762847900e-01
5.480358123779296875e+00 4.042879581451416016e+00 -2.228350877761840820e+00
3.670973300933837891e+00 4.390424728393554688e+00 -6.857881546020507812e-01
2.846810340881347656e+00 3.820221900939941406e+00 -2.456562757492065430e+00
2.957915306091308594e+00 3.503912448883056641e+00 -3.325781822204589844e+00
-9.875603318214416504e-01 3.794686794281005859e+00 -7.651983499526977539e-01
2.144407510757446289e+00 3.134986639022827148e+00 -4.381960868835449219e+00
9.303992614150047302e-03 4.162529945373535156e+00 -3.142220258712768555e+00
3.064322173595428467e-01 3.709010362625122070e+00 -4.696974754333496094e+00
2.378620147705078125e+00 3.804591655731201172e+00 -2.565227746963500977e+00
5.100957870483398438e+00 -8.788011670112609863e-01 -8.890108108520507812e+00
2.941706657409667969e+00 3.037654757499694824e-01 -9.604922294616699219e+00
5.061408519744873047e+00 4.975554645061492920e-01 -8.105088233947753906e+00
3.640069723129272461e+00 5.545403361320495605e-01 -8.962861061096191406e+00
2.522229433059692383e+00 4.976608753204345703e-01 -9.798536300659179688e+00
1.545518755912780762e+00 1.846280336380004883e+00 -9.910127639770507812e+00
3.301170170307159424e-01 3.147077083587646484e+00 -9.155790328979492188e+00
1.115197390317916870e-01 3.000285625457763672e+00 -1.045659637451171875e+01
5.653317928314208984e+00 2.798587799072265625e+00 -4.851501464843750000e+00
6.158764839172363281e+00 1.874770760536193848e+00 -6.080069541931152344e+00
4.698433399200439453e+00 2.680217266082763672e+00 -5.240135192871093750e+00
4.795671463012695312e+00 2.374026536941528320e+00 -5.952399253845214844e+00
6.614788055419921875e+00 3.754619598388671875e+00 -2.720867633819580078e+00
6.582758426666259766e+00 1.272091150283813477e+00 -6.417269229888916016e+00
5.710799694061279297e+00 1.657364726066589355e+00 -6.593150138854980469e+00
4.858660221099853516e+00 1.767242193222045898e+00 -7.028090000152587891e+00
2.733813524246215820e+00 2.840317249298095703e+00 -5.056834697723388672e+00
2.814298391342163086e+00 2.081996202468872070e+00 -7.354188919067382812e+00
2.026763916015625000e+00 2.324914216995239258e+00 -6.808726310729980469e+00
9.434935450553894043e-02 3.301429271697998047e+00 -6.269890308380126953e+00
2.708042263984680176e-01 2.957705974578857422e+00 -7.756802082061767578e+00
3.023946285247802734e-01 3.030087471008300781e+00 -8.135526657104492188e+00
-3.296007156372070312e+00 3.399360418319702148e+00 -2.585685253143310547e+00
-5.633859157562255859e+00 3.065141677856445312e+00 -7.731979846954345703e+00
-4.809185028076171875e+00 3.484949588775634766e+00 -7.635458946228027344e+00
-4.259384632110595703e+00 3.353973150253295898e+00 -6.673718929290771484e+00
-2.166280984878540039e+00 3.284442663192749023e+00 -2.330615520477294922e-01
-1.889037728309631348e+00 3.750717163085937500e+00 -1.356267333030700684e+00
-1.528402566909790039e+00 4.096663475036621094e+00 -2.469461202621459961e+00
-1.354325890541076660e+00 4.394633293151855469e+00 -3.693172216415405273e+00
-1.183166146278381348e+00 4.401086330413818359e+00 -4.987010478973388672e+00
-4.801294803619384766e+00 4.080334663391113281e+00 -8.504871368408203125e+00
-4.505887508392333984e+00 4.556982994079589844e+00 -9.024534225463867188e+00
-1.981510043144226074e+00 4.462876319885253906e+00 -7.511302471160888672e+00
-3.350634098052978516e+00 4.458898067474365234e+00 -8.331789970397949219e+00
-1.541526198387145996e+00 3.651987552642822266e+00 -1.119807338714599609e+01
-1.229107260704040527e+00 3.506549358367919922e+00 -1.106226634979248047e+01
-3.828381776809692383e+00 4.853157997131347656e+00 -1.070479106903076172e+01
-2.048271179199218750e+00 4.180597782135009766e+00 -9.850218772888183594e+00
-3.119190335273742676e-01 3.479776859283447266e+00 -9.965346336364746094e+00
-2.159927606582641602e+00 4.560503959655761719e+00 -6.120596885681152344e+00
5.287325382232666016e+00 3.172519922256469727e+00 2.331400871276855469e+00
6.049288749694824219e+00 3.128488063812255859e+00 1.764403223991394043e+00
1.964490532875061035e+00 7.007648944854736328e-01 -1.028498268127441406e+01
-5.173729658126831055e-01 2.793973445892333984e+00 -1.161429309844970703e+01
4.408816099166870117e-01 2.522860765457153320e+00 -1.076769351959228516e+01
