1.560474395751953125e+00 -4.936391830444335938e+00 -2.715550422668457031e+00
2.276895284652709961e+00 -4.786576747894287109e+00 -1.927538394927978516e+00
1.514194130897521973e+00 -4.793186187744140625e+00 -2.311073541641235352e+00
-5.069031238555908203e+00 -8.108732223510742188e+00 -7.822160243988037109e+00
-4.999622344970703125e+00 -8.062434196472167969e+00 -1.156775188446044922e+01
-4.185253143310546875e+00 -8.321251869201660156e+00 -9.419562339782714844e+00
-7.270783901214599609e+00 -7.468283176422119141e+00 -7.058827877044677734e+00
-7.775038242340087891e+00 -7.350574493408203125e+00 -7.967050075531005859e+00
-5.692674636840820312e+00 -8.129388809204101562e+00 -9.823484420776367188e+00
-6.220886707305908203e+00 -7.997727394104003906e+00 -9.061244010925292969e+00
-6.480779647827148438e+00 -7.345850467681884766e+00 -1.205457305908203125e+01
-8.411456108093261719e+00 -6.367597103118896484e+00 -1.057580661773681641e+01
-8.333797454833984375e+00 -6.191273212432861328e+00 -1.129360103607177734e+01
-9.642463684082031250e+00 -5.266779899597167969e+00 -8.363199234008789062e+00
-1.005199527740478516e+01 -4.325853347778320312e+00 -8.716009140014648438e+00
-9.587364196777343750e+00 -4.643205165863037109e+00 -1.086740207672119141e+01
-8.219996452331542969e+00 -6.690110683441162109e+00 -5.445515632629394531e+00
-9.067375183105468750e+00 -6.091193675994873047e+00 -4.930390834808349609e+00
-7.967614650726318359e+00 -5.743636131286621094e+00 -3.405511379241943359e+00
-8.496527671813964844e+00 -5.225569725036621094e+00 -2.227682590484619141e+00
-6.957925796508789062e+00 -5.438531398773193359e+00 -3.113520383834838867e+00
-2.593844175338745117e+00 -5.033006668090820312e+00 -1.549043059349060059e+00
-3.374475955963134766e+00 -4.885248661041259766e+00 -5.836352109909057617e-01
-1.441112399101257324e+00 -4.998691082000732422e+00 -2.385946810245513916e-01
-7.379556179046630859e+00 -3.215668678283691406e+00 2.312468767166137695e+00
-5.355901241302490234e+00 -3.518285989761352539e+00 1.280649900436401367e+00
-3.860392093658447266e+00 -5.068784236907958984e+00 -2.137346506118774414e+00
-7.304292201995849609e+00 -4.792898178100585938e+00 -1.628398776054382324e+00
-6.307378292083740234e+00 -5.165787696838378906e+00 -2.787652015686035156e+00
-3.739960670471191406e+00 -4.420348167419433594e+00 1.354093700647354126e-01
-4.768237113952636719e+00 -7.278793811798095703e+00 -5.294807434082031250e+00
-4.545690536499023438e+00 -6.498072147369384766e+00 -4.091378211975097656e+00
-2.280582666397094727e+00 -7.655612468719482422e+00 -6.417041301727294922e+00
-2.884960889816284180e+00 -7.167706489562988281e+00 -5.067200660705566406e+00
-2.214712619781494141e+00 -7.177501201629638672e+00 -5.299252033233642578e+00
-1.356564044952392578e+00 -6.802571773529052734e+00 -5.044661045074462891e+00
-2.779988527297973633e+00 -6.777237415313720703e+00 -4.440036296844482422e+00
-5.267690658569335938e+00 -6.850016117095947266e+00 -4.679149150848388672e+00
-6.153923988342285156e+00 -7.666570186614990234e+00 -6.741931438446044922e+00
-8.704762458801269531e+00 -6.650795936584472656e+00 -6.454768657684326172e+00
-1.417531251907348633e+00 -4.982836723327636719e+00 -1.836836576461791992e+00
-9.352310299873352051e-01 -5.044114589691162109e+00 -2.277875661849975586e+00
-2.241674423217773438e+00 -5.125919342041015625e+00 -2.024015903472900391e+00
-3.516811430454254150e-01 -5.090980529785156250e+00 -1.199311017990112305e+00
6.318998932838439941e-01 -4.623500823974609375e+00 -1.599065661430358887e+00
-8.149272203445434570e-01 -5.404975891113281250e+00 -3.021640300750732422e+00
-8.477479219436645508e-03 -5.502015590667724609e+00 -3.346386432647705078e+00
6.069911718368530273e-01 -4.768881320953369141e+00 -2.127154827117919922e+00
-9.515269279479980469e+00 -4.812103271484375000e+00 -2.045887470245361328e+00
-9.940843582153320312e+00 -4.890629291534423828e+00 -4.681017875671386719e+00
-9.351495742797851562e+00 -5.580024719238281250e+00 -3.831943988800048828e+00
-1.019644165039062500e+01 -3.759391546249389648e+00 -3.289099693298339844e+00
-1.031971263885498047e+01 -3.586441278457641602e+00 -4.717109203338623047e+00
-9.119627952575683594e+00 -4.084643363952636719e+00 3.071985244750976562e-01
-9.781082153320312500e+00 -4.173082351684570312e+00 -1.409658789634704590e+00
-9.820757865905761719e+00 -3.230797529220581055e+00 -2.809534370899200439e-01
-9.599162101745605469e+00 -2.926798820495605469e+00 9.016723632812500000e-01
-9.113389968872070312e+00 -2.723990678787231445e+00 2.167496681213378906e+00
-9.278652191162109375e+00 -1.630869626998901367e+00 1.269706726074218750e+00
-1.017335510253906250e+01 -2.694638967514038086e+00 -2.524686098098754883e+00
-1.009821319580078125e+01 -1.608802199363708496e+00 -2.653059720993041992e+00
-9.464845657348632812e+00 -1.293248414993286133e+00 -8.882873654365539551e-01
-7.936136245727539062e+00 -4.189791381359100342e-01 -6.470926403999328613e-01
-1.006254959106445312e+01 -4.635009288787841797e+00 -5.546820163726806641e+00
-1.034681129455566406e+01 -3.651921272277832031e+00 -5.427524566650390625e+00
-1.053446578979492188e+01 -2.258416652679443359e+00 -5.302648067474365234e+00
-1.059165859222412109e+01 -2.099678277969360352e+00 -5.872916698455810547e+00
-1.008333778381347656e+01 -6.581351161003112793e-01 -5.354213714599609375e+00
-1.059054565429687500e+01 -2.844108581542968750e+00 -7.962980747222900391e+00
-1.071250152587890625e+01 -1.947775602340698242e+00 -8.887804031372070312e+00
-1.060181999206542969e+01 -8.124274611473083496e-01 -8.517395019531250000e+00
-9.952402114868164062e+00 -3.312137126922607422e-01 -6.706127166748046875e+00
-8.383064270019531250e+00 -2.022839933633804321e-01 -2.253741502761840820e+00
-6.926318168640136719e+00 1.701045036315917969e+00 -3.687134981155395508e+00
-9.016415596008300781e+00 3.848037123680114746e-01 -6.203925132751464844e+00
-7.575643539428710938e+00 1.437709093093872070e+00 -4.989881992340087891e+00
1.327700519561767578e+01 -5.154603958129882812e+00 4.288022994995117188e+00
1.355929946899414062e+01 -6.414241313934326172e+00 7.915388941764831543e-01
1.304988002777099609e+01 -6.305541992187500000e+00 1.501726865768432617e+00
1.494657897949218750e+01 -5.956147670745849609e+00 1.895841598510742188e+00
1.480749320983886719e+01 -4.956620216369628906e+00 2.929368495941162109e+00
1.200103950500488281e+01 -5.782139778137207031e+00 2.709146261215209961e+00
4.423945426940917969e+00 -1.189923167228698730e+00 4.801273345947265625e+00
5.313604831695556641e+00 -9.267988204956054688e-01 5.825370788574218750e+00
6.650599956512451172e+00 -4.865885257720947266e+00 -1.681618809700012207e+00
8.913431167602539062e+00 -6.294556140899658203e+00 -1.263187527656555176e+00
8.124272346496582031e+00 -6.204794883728027344e+00 -1.104496240615844727e+00
7.450347900390625000e+00 -6.274296760559082031e+00 -5.165088772773742676e-01
2.552869796752929688e+00 -5.430952548980712891e+00 4.005757570266723633e-01
4.294097900390625000e+00 -4.716516017913818359e+00 -1.504458308219909668e+00
5.165875911712646484e+00 -5.113940238952636719e+00 -1.179881572723388672e+00
2.306116580963134766e+00 -4.296020507812500000e+00 -1.267442822456359863e+00
4.114046573638916016e+00 -4.744902610778808594e+00 -1.284908175468444824e+00
5.105856418609619141e+00 -5.585441112518310547e+00 2.052449584007263184e-01
5.803545475006103516e+00 -5.996425628662109375e+00 -6.250832676887512207e-01
3.094731569290161133e+00 -5.504826545715332031e+00 -5.953602194786071777e-01
9.467285156250000000e+00 -5.172799587249755859e+00 3.008940696716308594e+00
1.009093570709228516e+01 -4.532082080841064453e+00 4.658099651336669922e+00
9.991767883300781250e+00 -4.811422348022460938e+00 4.140474796295166016e+00
8.788393974304199219e+00 -3.862607955932617188e+00 5.090228557586669922e+00
8.939759254455566406e+00 -4.923941612243652344e+00 3.078902959823608398e+00
9.026128768920898438e+00 -5.906091213226318359e+00 1.388488531112670898e+00
8.681580543518066406e+00 -6.101382732391357422e+00 9.136434793472290039e-01
5.525902748107910156e+00 -1.255816459655761719e+00 3.878594160079956055e+00
6.167757987976074219e+00 -3.669572830200195312e+00 2.337300539016723633e+00
5.591757774353027344e+00 -3.964294195175170898e+00 1.839610219001770020e+00
4.511371612548828125e+00 -1.888537764549255371e+00 3.010087013244628906e+00
4.610754013061523438e+00 -1.466135621070861816e+00 3.628863096237182617e+00
6.919241905212402344e+00 -2.370550394058227539e+00 4.166263103485107422e+00
6.736809730529785156e+00 -1.846487402915954590e+00 5.288380622863769531e+00
6.541934013366699219e+00 -5.468727111816406250e+00 9.146997332572937012e-01
1.222491359710693359e+01 -3.823819398880004883e+00 5.538960456848144531e+00
1.389564990997314453e+01 -4.212492942810058594e+00 4.305631160736083984e+00
1.275463867187500000e+01 -3.016334056854248047e+00 4.596382141113281250e+00
1.358487510681152344e+01 -3.096052169799804688e+00 2.990638256072998047e+00
7.960341453552246094e+00 -2.704212903976440430e+00 6.417748928070068359e+00
7.503831863403320312e+00 -2.311213254928588867e+00 6.353950023651123047e+00
4.315791130065917969e+00 -5.563220977783203125e-01 6.616859436035156250e+00
9.854265213012695312e+00 -3.638009786605834961e+00 6.077329158782958984e+00
1.059915828704833984e+01 -2.334811210632324219e+00 6.034675598144531250e+00
1.090155124664306641e+01 -2.074541807174682617e+00 5.114876747131347656e+00
8.769187927246093750e+00 -1.319487810134887695e+00 6.009705066680908203e+00
9.090829849243164062e+00 -1.047437310218811035e+00 5.111545562744140625e+00
1.116840744018554688e+01 -2.028420448303222656e+00 4.204609394073486328e+00
1.146871948242187500e+01 -1.815602421760559082e+00 3.251673460006713867e+00
6.693571090698242188e+00 -1.433281421661376953e+00 6.069104671478271484e+00
7.812289714813232422e+00 -9.118561744689941406e-01 5.918981552124023438e+00
7.046418190002441406e+00 -3.878919780254364014e-02 5.396610260009765625e+00
6.301074981689453125e+00 -3.173735737800598145e-01 5.714320182800292969e+00
5.706844806671142578e+00 8.780168294906616211e-01 5.379262447357177734e+00
8.112925529479980469e+00 3.276652097702026367e-01 4.221159458160400391e+00
5.782002449035644531e+00 2.134655952453613281e+00 4.088210582733154297e+00
6.169521808624267578e+00 2.234730482101440430e+00 3.615066051483154297e+00
-2.132753610610961914e+00 -2.801029205322265625e+00 3.771654844284057617e+00
-1.523952484130859375e+00 -3.805675268173217773e+00 1.665300011634826660e+00
-1.477890253067016602e+00 -4.657514572143554688e+00 3.920006752014160156e-01
-1.620358586311340332e+00 -2.861385107040405273e+00 3.492715358734130859e+00
-2.497007846832275391e-01 -2.663523435592651367e+00 2.370214939117431641e+00
-5.072587966918945312e+00 -3.485910415649414062e+00 1.473950743675231934e+00
-4.360102653503417969e+00 -3.324275016784667969e+00 2.207684040069580078e+00
-5.805137157440185547e+00 -2.602648973464965820e+00 3.395159959793090820e+00
-5.279144287109375000e+00 -3.024039745330810547e+00 2.539769887924194336e+00
-4.095001697540283203e+00 -2.831291437149047852e+00 3.383304357528686523e+00
-2.757568359375000000e+00 -1.621788501739501953e+00 4.875292778015136719e+00
-5.653936862945556641e+00 -1.274525046348571777e+00 4.709538936614990234e+00
-5.350710868835449219e+00 -7.446239590644836426e-01 4.910151958465576172e+00
2.521290302276611328e+00 -1.730897068977355957e+00 3.619506359100341797e+00
1.362785935401916504e+00 -9.048014283180236816e-01 4.116773605346679688e+00
-6.818968057632446289e-02 -1.192793130874633789e+00 3.651389837265014648e+00
1.081658363342285156e+00 -3.458420336246490479e-01 4.669902324676513672e+00
2.515539646148681641e+00 -1.104411125183105469e+00 5.236554145812988281e+00
3.559262752532958984e+00 -6.557369232177734375e-01 6.540763854980468750e+00
1.114399790763854980e+00 7.411391735076904297e-01 5.402606964111328125e+00
-3.225493192672729492e+00 -1.393792629241943359e+00 5.009543418884277344e+00
-4.245354652404785156e+00 2.944311499595642090e-01 5.010818004608154297e+00
-2.749640941619873047e+00 5.614179968833923340e-01 5.135354042053222656e+00
-1.168538451194763184e+00 1.610053062438964844e+00 4.406013488769531250e+00
-3.890249490737915039e+00 1.016577243804931641e+00 4.050810813903808594e+00
-3.825707197189331055e+00 1.419986009597778320e+00 2.893224239349365234e+00
-1.792890578508377075e-01 -5.106615066528320312e+00 -8.214333653450012207e-02
2.953154444694519043e-01 -4.964719295501708984e+00 -1.185514107346534729e-01
8.130822181701660156e-01 -4.975119113922119141e+00 2.679828181862831116e-02
1.641010999679565430e+00 -3.810337066650390625e+00 1.404943346977233887e+00
1.479691147804260254e+00 -5.009647369384765625e+00 5.728106498718261719e-01
1.625207066535949707e+00 -3.770777463912963867e+00 -1.363360762596130371e+00
1.878666996955871582e+00 -2.633181571960449219e+00 2.331043243408203125e+00
2.314471006393432617e+00 1.450366735458374023e+00 5.524132251739501953e+00
2.884326219558715820e+00 2.452203750610351562e+00 4.187907218933105469e+00
2.605501174926757812e+00 2.958699226379394531e+00 2.997004985809326172e+00
-8.630644679069519043e-01 2.477723598480224609e+00 2.613783121109008789e+00
-6.613383889198303223e-01 1.932577967643737793e+00 4.171529293060302734e+00
5.723915100097656250e-01 2.540388345718383789e+00 3.237475633621215820e+00
-1.730300545692443848e+00 3.176852941513061523e+00 1.090445667505264282e-01
-7.585585594177246094e+00 -2.464723110198974609e+00 3.556051492691040039e+00
-7.328732013702392578e+00 -1.430674195289611816e+00 4.218906402587890625e+00
-7.960211753845214844e+00 -8.184680342674255371e-01 2.908938884735107422e+00
-6.810926914215087891e+00 -1.168187022209167480e+00 4.463695526123046875e+00
-7.015141487121582031e+00 -3.737822175025939941e-01 3.061712026596069336e+00
-6.419539928436279297e+00 1.874692142009735107e-01 1.420077681541442871e+00
-6.219652652740478516e+00 1.374885439872741699e-01 2.391155004501342773e+00
-6.922907829284667969e+00 2.261292338371276855e-01 -8.156134486198425293e-01
-3.746479749679565430e+00 1.648939371109008789e+00 1.846224784851074219e+00
-5.361739158630371094e+00 2.013653278350830078e+00 -1.993595838546752930e+00
-3.645918369293212891e+00 3.032150268554687500e+00 -1.670764803886413574e+00
3.432899713516235352e+00 6.160051822662353516e-01 6.351376056671142578e+00
3.009351253509521484e+00 1.719326138496398926e+00 5.296001434326171875e+00
3.854350566864013672e+00 2.094392776489257812e+00 4.700229644775390625e+00
4.543946743011474609e+00 2.666959762573242188e+00 3.689551115036010742e+00
3.878394365310668945e+00 3.175231456756591797e+00 2.931126117706298828e+00
7.761791706085205078e+00 -4.940022468566894531e+00 -3.970523357391357422e+00
2.376609325408935547e+00 -5.078033447265625000e+00 -3.055111646652221680e+00
5.495162487030029297e+00 -4.754593849182128906e+00 -2.529687881469726562e+00
6.321825981140136719e+00 -4.713955402374267578e+00 -2.978682518005371094e+00
3.032500982284545898e+00 -5.017911434173583984e+00 -2.937222480773925781e+00
2.089906215667724609e+00 -5.934371471405029297e+00 -5.252108573913574219e+00
2.625460386276245117e+00 -5.812331199645996094e+00 -6.253924846649169922e+00
3.889808654785156250e+00 -5.148012638092041016e+00 -5.599512100219726562e+00
5.923823356628417969e+00 -4.837792396545410156e+00 -3.735989332199096680e+00
7.159016132354736328e+00 -4.992042541503906250e+00 -4.076203823089599609e+00
2.442508459091186523e+00 -5.623909950256347656e+00 -8.459146499633789062e+00
8.319135665893554688e+00 -5.001632690429687500e+00 -6.018612384796142578e+00
3.298780441284179688e+00 -5.336211681365966797e+00 -7.117037773132324219e+00
3.711751937866210938e+00 -4.727801322937011719e+00 -7.900273799896240234e+00
6.288193702697753906e+00 -5.089190959930419922e+00 -5.382216930389404297e+00
7.405644416809082031e+00 -4.948712348937988281e+00 -6.336515426635742188e+00
5.876108169555664062e+00 -4.192028045654296875e+00 -7.254718780517578125e+00
7.531148910522460938e+00 -4.045059204101562500e+00 -7.372401714324951172e+00
5.587269306182861328e+00 -3.872669935226440430e+00 -7.630359649658203125e+00
5.157775402069091797e+00 -2.845173835754394531e+00 -8.643835067749023438e+00
5.233078002929687500e+00 -2.085165977478027344e+00 -8.896987915039062500e+00
-3.349523067474365234e+00 -7.971100807189941406e+00 -1.205589675903320312e+01
-3.131326436996459961e+00 -8.215256690979003906e+00 -1.051665592193603516e+01
-3.961504459381103516e+00 -7.544493675231933594e+00 -1.315919303894042969e+01
-1.581788778305053711e+00 -6.563845634460449219e+00 -1.324228954315185547e+01
-3.556851148605346680e+00 -6.335636615753173828e+00 -1.446038436889648438e+01
-3.375139236450195312e+00 -5.282967090606689453e+00 -1.519322681427001953e+01
-6.631896495819091797e+00 -6.538862705230712891e+00 -1.317234992980957031e+01
-7.073086261749267578e+00 -6.215369224548339844e+00 -1.319023418426513672e+01
-7.758968830108642578e+00 -5.235181331634521484e+00 -1.367648983001708984e+01
-5.719896793365478516e+00 -7.133155822753906250e+00 -1.307816219329833984e+01
-8.474995613098144531e+00 -5.368949890136718750e+00 -1.256473541259765625e+01
-7.364672660827636719e+00 -4.566919326782226562e+00 -1.457464981079101562e+01
-4.151171684265136719e+00 -5.537278175354003906e+00 -1.503040695190429688e+01
-5.996208667755126953e+00 -4.383588790893554688e+00 -1.525747966766357422e+01
-2.711437463760375977e+00 -5.389226436614990234e+00 -1.501397132873535156e+01
-2.177273273468017578e+00 -4.297012329101562500e+00 -1.536957454681396484e+01
-3.722383260726928711e+00 -3.718101024627685547e+00 -1.575369930267333984e+01
-2.790461778640747070e+00 -3.188618421554565430e+00 -1.571601009368896484e+01
-4.990126609802246094e+00 -2.650217771530151367e+00 -1.594084262847900391e+01
-3.920944452285766602e+00 -1.505614519119262695e+00 -1.593647003173828125e+01
-9.301119804382324219e+00 -4.443789482116699219e+00 -1.222222900390625000e+01
-8.934973716735839844e+00 -4.004327297210693359e+00 -1.344632339477539062e+01
-9.911236763000488281e+00 -2.864861726760864258e+00 -1.234718132019042969e+01
-1.040114212036132812e+01 -1.439821839332580566e+00 -1.151963329315185547e+01
-8.549232482910156250e+00 -3.350954771041870117e+00 -1.436025142669677734e+01
-7.692372322082519531e+00 -2.967765808105468750e+00 -1.519800472259521484e+01
-9.821477890014648438e+00 -9.255132675170898438e-01 -1.328400421142578125e+01
-9.374465942382812500e+00 -3.265796005725860596e-01 -1.420552444458007812e+01
-8.487414360046386719e+00 -9.529724717140197754e-01 -1.507418823242187500e+01
-7.134862422943115234e+00 1.573984622955322266e-01 -1.577053546905517578e+01
-7.626323223114013672e+00 8.118871450424194336e-01 -1.553707313537597656e+01
-1.521840572357177734e+00 -7.556787490844726562e+00 -6.888928413391113281e+00
-4.209443628787994385e-01 -7.157740592956542969e+00 -8.632277488708496094e+00
7.349849492311477661e-02 -6.570588588714599609e+00 -5.590882778167724609e+00
6.191654801368713379e-01 -6.687038421630859375e+00 -6.757945537567138672e+00
-2.395048737525939941e-01 -6.931816101074218750e+00 -9.611186027526855469e+00
-5.062751099467277527e-02 -5.895904541015625000e+00 -1.240221118927001953e+01
1.352575898170471191e+00 -6.392332077026367188e+00 -6.420421600341796875e+00
2.020764350891113281e+00 -5.954364776611328125e+00 -8.191876411437988281e+00
-7.603135108947753906e-01 -5.088333606719970703e+00 -1.430388736724853516e+01
1.024441123008728027e+00 -4.963768005371093750e+00 -1.243807983398437500e+01
-1.230623602867126465e+00 -3.741287708282470703e+00 -1.520282268524169922e+01
-1.926467418670654297e-01 -3.008291721343994141e+00 -1.485945415496826172e+01
1.959842801094055176e+00 -5.054599285125732422e+00 -1.069809341430664062e+01
-1.088289380073547363e+00 -2.406863451004028320e+00 -1.528174781799316406e+01
-1.307406783103942871e+00 -1.698736906051635742e+00 -1.534164810180664062e+01
2.141724109649658203e+00 -3.537504673004150391e+00 -1.149311923980712891e+01
8.845719099044799805e-01 -1.870687842369079590e+00 -1.348725032806396484e+01
7.973779439926147461e-01 -1.144836425781250000e+00 -1.333502197265625000e+01
-2.606724500656127930e+00 -1.780372023582458496e+00 -1.569935417175292969e+01
-2.676297187805175781e+00 -8.115701675415039062e-01 -1.564072799682617188e+01
-5.084259510040283203e+00 4.526314139366149902e-01 -1.588976669311523438e+01
-2.886898756027221680e+00 1.005824208259582520e+00 -1.536640834808349609e+01
-2.164765596389770508e+00 1.173204183578491211e+00 -1.512388801574707031e+01
-4.980778694152832031e-01 1.148286700248718262e+00 -1.388985633850097656e+01
-2.882032155990600586e+00 2.078330516815185547e+00 -1.503569889068603516e+01
-2.465599536895751953e+00 2.787164688110351562e+00 -1.464671516418457031e+01
2.703863143920898438e+00 -3.969968557357788086e+00 -1.033850288391113281e+01
3.520215749740600586e+00 -2.614284992218017578e+00 -1.011328315734863281e+01
3.012043476104736328e+00 -1.851094722747802734e+00 -1.085358524322509766e+01
9.635007977485656738e-01 -2.833794951438903809e-01 -1.281307792663574219e+01
1.481491565704345703e+00 3.527098335325717926e-03 -1.210980510711669922e+01
2.347204208374023438e+00 -2.219881862401962280e-01 -1.122666740417480469e+01
1.080013275146484375e+00 4.140209853649139404e-01 -1.233549690246582031e+01
-1.051261520385742188e+01 -9.666849970817565918e-01 -1.099399757385253906e+01
-9.966502189636230469e+00 6.861374378204345703e-01 -1.292293643951416016e+01
-1.030296325683593750e+01 -1.607809588313102722e-02 -1.048739719390869141e+01
-1.007220649719238281e+01 -1.218273565173149109e-01 -9.025250434875488281e+00
-9.725216865539550781e+00 5.421932935714721680e-01 -1.002848052978515625e+01
-9.963302612304687500e+00 9.229050278663635254e-01 -1.155310630798339844e+01
-9.432190895080566406e+00 2.034063100814819336e+00 -1.278680419921875000e+01
-8.819805145263671875e+00 1.393952012062072754e+00 -9.343895912170410156e+00
-8.415459632873535156e+00 2.396163940429687500e+00 -1.037694644927978516e+01
-8.197538375854492188e+00 1.155106067657470703e+00 -6.071926116943359375e+00
-7.960537433624267578e+00 1.590470314025878906e+00 -7.152864933013916016e+00
-8.282982826232910156e+00 1.878702163696289062e+00 -8.738634109497070312e+00
-7.899518966674804688e+00 2.547201156616210938e+00 -9.733343124389648438e+00
-6.297638416290283203e+00 2.696522474288940430e+00 -7.679809093475341797e+00
-6.213354110717773438e+00 3.005630254745483398e+00 -8.163866996765136719e+00
-8.633284568786621094e+00 2.209872722625732422e+00 -1.429555988311767578e+01
-8.034345626831054688e+00 2.229745626449584961e+00 -1.473470020294189453e+01
-7.634691715240478516e+00 3.440472364425659180e+00 -1.351550769805908203e+01
-6.653272151947021484e+00 4.260977745056152344e+00 -1.313961124420166016e+01
-6.099419593811035156e+00 1.892324090003967285e+00 -1.547832965850830078e+01
-5.844072818756103516e+00 2.182086229324340820e+00 -1.532833671569824219e+01
-5.170217990875244141e+00 3.964739561080932617e+00 -1.412347698211669922e+01
-4.614625930786132812e+00 3.958513975143432617e+00 -1.425021362304687500e+01
-5.866562366485595703e+00 3.767565965652465820e+00 -1.412706756591796875e+01
-8.271441459655761719e+00 3.280664205551147461e+00 -1.224991130828857422e+01
-6.242009162902832031e+00 4.411077976226806641e+00 -1.238354778289794922e+01
-5.555194854736328125e+00 4.379127502441406250e+00 -1.074543666839599609e+01
-3.388061761856079102e+00 4.231835842132568359e+00 -1.348943042755126953e+01
-3.170297861099243164e+00 4.293587684631347656e+00 -1.287109470367431641e+01
-5.219269752502441406e+00 4.432229042053222656e+00 -1.222155475616455078e+01
-4.468376159667968750e+00 4.633379936218261719e+00 -1.232739830017089844e+01
-3.216584444046020508e+00 4.683886051177978516e+00 -1.144376468658447266e+01
-4.957901000976562500e+00 4.784183979034423828e+00 -1.084929084777832031e+01
-3.795490741729736328e+00 4.890560626983642578e+00 -1.117219066619873047e+01
-6.638875007629394531e+00 3.680335521697998047e+00 -1.050370407104492188e+01
-5.930622100830078125e+00 3.620352745056152344e+00 -9.036732673645019531e+00
3.054775238037109375e+00 -1.963253617286682129e-01 -1.030042934417724609e+01
-1.399194449186325073e-01 1.525224566459655762e+00 -1.287728023529052734e+01
-2.114541292190551758e+00 3.218882799148559570e+00 -1.359514999389648438e+01
9.940460920333862305e-01 7.972772717475891113e-01 -1.168874740600585938e+01
-1.054663896560668945e+00 2.881253242492675781e+00 -1.233825111389160156e+01
-2.713358163833618164e+00 3.843977451324462891e+00 -1.327090835571289062e+01
-1.650050759315490723e+00 3.644362211227416992e+00 -1.187557315826416016e+01
1.144154453277587891e+01 -6.553511142730712891e+00 -3.385899782180786133e+00
1.333450317382812500e+01 -6.767168045043945312e+00 -1.727299332618713379e+00
1.117719554901123047e+01 -6.477917671203613281e+00 -8.400641679763793945e-01
1.098539066314697266e+01 -6.489645481109619141e+00 -2.606024503707885742e+00
1.435696506500244141e+01 -6.975889682769775391e+00 -5.043345451354980469e+00
1.199224185943603516e+01 -6.618284702301025391e+00 -3.991966009140014648e+00
1.269964218139648438e+01 -6.597111701965332031e+00 -5.490519523620605469e+00
1.315488719940185547e+01 -6.908227443695068359e+00 -3.680972099304199219e+00
1.563499641418457031e+01 -7.046413421630859375e+00 -3.617694139480590820e+00
1.607048225402832031e+01 -5.975026130676269531e+00 -4.214497089385986328e+00
1.625926208496093750e+01 -6.502886772155761719e+00 -1.192843556404113770e+00
1.638775253295898438e+01 -5.709334850311279297e+00 -2.089062690734863281e+00
1.459594345092773438e+01 -6.633658409118652344e+00 4.449799284338951111e-02
1.482760429382324219e+01 -6.979901790618896484e+00 -1.563531875610351562e+00
1.539115619659423828e+01 -6.236066341400146484e+00 9.381195902824401855e-01
1.483748054504394531e+01 -4.039399147033691406e+00 1.862239360809326172e+00
1.516895961761474609e+01 -4.212938308715820312e+00 8.033891320228576660e-01
1.438093948364257812e+01 -3.312820672988891602e+00 9.206899404525756836e-01
1.582026958465576172e+01 -4.924875736236572266e+00 -3.400094509124755859e+00
1.525569248199462891e+01 -4.050417423248291016e+00 -2.633908748626708984e+00
1.524125576019287109e+01 -3.970027446746826172e+00 -1.080466032028198242e+00
1.499606609344482422e+01 -3.630263090133666992e+00 -1.579854726791381836e+00
1.436290264129638672e+01 -2.840411901473999023e+00 -9.640479683876037598e-01
1.380794429779052734e+01 -6.762659072875976562e+00 -6.262482166290283203e+00
1.524697399139404297e+01 -5.966171741485595703e+00 -6.566513061523437500e+00
1.236505699157714844e+01 -6.467531204223632812e+00 -6.675045490264892578e+00
1.290585422515869141e+01 -5.929972171783447266e+00 -7.463241100311279297e+00
1.592916107177734375e+01 -5.869463920593261719e+00 -5.671304702758789062e+00
1.562152004241943359e+01 -5.100165367126464844e+00 -5.972975730895996094e+00
1.505392742156982422e+01 -4.421159744262695312e+00 -5.586316585540771484e+00
1.325003337860107422e+01 -5.535780429840087891e+00 -7.325368404388427734e+00
1.262238121032714844e+01 -4.979320049285888672e+00 -6.634779930114746094e+00
1.349214553833007812e+01 -4.486298561096191406e+00 -6.128134250640869141e+00
1.362521362304687500e+01 -3.385802268981933594e+00 -4.986212253570556641e+00
1.501849460601806641e+01 -3.725804567337036133e+00 -2.879497051239013672e+00
1.494271373748779297e+01 -3.741291522979736328e+00 -4.554677486419677734e+00
1.439232158660888672e+01 -2.889265537261962891e+00 -3.811382293701171875e+00
1.016601657867431641e+01 -6.031764984130859375e+00 -2.757227420806884766e+00
6.992007732391357422e+00 -4.782540798187255859e+00 -2.380854368209838867e+00
7.279070377349853516e+00 -4.853995800018310547e+00 -1.955702066421508789e+00
6.844360351562500000e+00 -4.725882053375244141e+00 -2.941045999526977539e+00
1.049257469177246094e+01 -6.309259414672851562e+00 -2.354678869247436523e+00
9.013324737548828125e+00 -5.555425643920898438e+00 -1.956050395965576172e+00
7.952190399169921875e+00 -5.121474742889404297e+00 -1.590130209922790527e+00
9.599381446838378906e+00 -5.558726787567138672e+00 -3.448563337326049805e+00
9.956903457641601562e+00 -5.568776607513427734e+00 -4.676650524139404297e+00
8.331652641296386719e+00 -5.020182132720947266e+00 -3.970254421234130859e+00
1.357822227478027344e+01 -2.154394626617431641e+00 -1.108690947294235229e-01
1.223093986511230469e+01 -7.980663180351257324e-01 -1.104448556900024414e+00
1.096511840820312500e+01 -5.982359409332275391e+00 -5.510953426361083984e+00
1.102662086486816406e+01 -5.439466476440429688e+00 -6.046135902404785156e+00
9.596199035644531250e+00 -5.092344284057617188e+00 -5.211675167083740234e+00
1.171667480468750000e+01 -4.713825702667236328e+00 -6.189480781555175781e+00
9.180382728576660156e+00 -4.331985950469970703e+00 -6.423053741455078125e+00
1.039896392822265625e+01 -3.555853128433227539e+00 -5.875887393951416016e+00
1.247235870361328125e+01 -3.697881221771240234e+00 -5.477133274078369141e+00
1.064481735229492188e+01 -3.212525129318237305e+00 -5.672552585601806641e+00
1.066466999053955078e+01 -2.285223245620727539e+00 -5.257819175720214844e+00
8.539236068725585938e+00 -3.689909219741821289e+00 -7.031192779541015625e+00
9.048642158508300781e+00 -3.093176841735839844e+00 -6.568274021148681641e+00
8.052297592163085938e+00 -2.036003112792968750e+00 -6.901186943054199219e+00
1.039962959289550781e+01 -1.619030714035034180e+00 -5.113414287567138672e+00
8.252380371093750000e+00 -1.713983416557312012e+00 -6.636219024658203125e+00
8.743503570556640625e+00 -4.915968477725982666e-01 -5.839637756347656250e+00
7.277920246124267578e+00 -1.717763990163803101e-01 -6.910514831542968750e+00
1.327897071838378906e+01 -2.131388664245605469e+00 -4.104426383972167969e+00
1.347894001007080078e+01 -1.663611650466918945e+00 -2.002292156219482422e+00
1.320344829559326172e+01 -1.337506771087646484e+00 -3.196851491928100586e+00
1.241445827484130859e+01 -4.277419149875640869e-01 -2.290302515029907227e+00
1.203911590576171875e+01 -1.331386566162109375e-01 -2.873999118804931641e+00
1.240726566314697266e+01 -1.929704308509826660e+00 -4.387853622436523438e+00
1.120300769805908203e+01 -1.248108386993408203e+00 -4.498208522796630859e+00
1.148484039306640625e+01 -5.894777178764343262e-01 -3.888163805007934570e+00
1.018966674804687500e+01 1.586722612380981445e+00 -1.771534085273742676e+00
9.294082641601562500e+00 2.388248205184936523e+00 -2.906295537948608398e+00
9.331900596618652344e+00 2.302976608276367188e+00 -3.366689205169677734e+00
8.575804710388183594e+00 2.944369792938232422e+00 -2.382760047912597656e+00
1.020316600799560547e+01 -9.264960885047912598e-01 -5.001471996307373047e+00
1.064360332489013672e+01 2.876355648040771484e-01 -4.133655071258544922e+00
8.361586570739746094e+00 1.206956282258033752e-01 -5.848702430725097656e+00
7.010930538177490234e+00 9.764937162399291992e-01 -6.420611381530761719e+00
1.393839359283447266e+01 -3.302706003189086914e+00 2.422720432281494141e+00
1.248950672149658203e+01 -2.277265071868896484e+00 2.713918209075927734e+00
1.127109146118164062e+01 -7.453565597534179688e-01 1.267986178398132324e+00
1.148012828826904297e+01 -5.437682271003723145e-01 1.779898107051849365e-01
9.960392951965332031e+00 -3.142106533050537109e-01 2.849151372909545898e+00
8.848537445068359375e+00 1.018659830093383789e+00 2.431626796722412109e+00
9.433098793029785156e+00 7.351279854774475098e-01 1.914188027381896973e+00
7.321480274200439453e+00 2.038853168487548828e+00 2.823341608047485352e+00
7.159156799316406250e+00 2.738865852355957031e+00 1.754203796386718750e+00
9.856253623962402344e+00 1.016687512397766113e+00 2.579822540283203125e-01
1.010307502746582031e+01 1.410883545875549316e+00 -1.057552456855773926e+00
7.997577667236328125e+00 2.673336029052734375e+00 3.725455999374389648e-01
3.348301649093627930e+00 4.274557590484619141e+00 -3.503036797046661377e-01
6.224449634552001953e+00 3.580906867980957031e+00 2.589360773563385010e-01
5.478258132934570312e+00 4.048634052276611328e+00 -2.232935905456542969e+00
3.668706893920898438e+00 4.391727924346923828e+00 -6.894910335540771484e-01
2.844737529754638672e+00 3.815518856048583984e+00 -2.457597017288208008e+00
2.956006050109863281e+00 3.499921321868896484e+00 -3.326320409774780273e+00
-9.876779317855834961e-01 3.795802831649780273e+00 -7.650037407875061035e-01
2.143638134002685547e+00 3.133657932281494141e+00 -4.382583141326904297e+00
9.582557715475559235e-03 4.161746978759765625e+00 -3.143136978149414062e+00
3.056262433528900146e-01 3.707378625869750977e+00 -4.697399139404296875e+00
2.378073692321777344e+00 3.801556110382080078e+00 -2.565661191940307617e+00
5.098766803741455078e+00 -8.808740973472595215e-01 -8.890690803527832031e+00
2.937948465347290039e+00 2.999036908149719238e-01 -9.604341506958007812e+00
5.055367469787597656e+00 4.917506575584411621e-01 -8.103782653808593750e+00
3.636626720428466797e+00 5.498788952827453613e-01 -8.962698936462402344e+00
2.519389152526855469e+00 4.946288466453552246e-01 -9.797937393188476562e+00
1.544688701629638672e+00 1.845062136650085449e+00 -9.910373687744140625e+00
3.294477462768554688e-01 3.146056652069091797e+00 -9.155757904052734375e+00
1.113156750798225403e-01 2.999762296676635742e+00 -1.045686340332031250e+01
5.652585029602050781e+00 2.799962759017944336e+00 -4.853828907012939453e+00
6.155678749084472656e+00 1.874548554420471191e+00 -6.081603050231933594e+00
4.695314407348632812e+00 2.674596309661865234e+00 -5.236647129058837891e+00
4.787621021270751953e+00 2.359766244888305664e+00 -5.945188999176025391e+00
6.615047931671142578e+00 3.765043258666992188e+00 -2.727377891540527344e+00
6.579730510711669922e+00 1.272913932800292969e+00 -6.419275760650634766e+00
5.702486515045166016e+00 1.648076176643371582e+00 -6.589223384857177734e+00
4.848078250885009766e+00 1.753026604652404785e+00 -7.019183635711669922e+00
2.731838703155517578e+00 2.838477849960327148e+00 -5.056469917297363281e+00
2.809983491897583008e+00 2.075256824493408203e+00 -7.352412223815917969e+00
2.022364139556884766e+00 2.316410779953002930e+00 -6.806622982025146484e+00
9.260720759630203247e-02 3.298750877380371094e+00 -6.269895076751708984e+00
2.688092589378356934e-01 2.954898595809936523e+00 -7.756736278533935547e+00
3.008706867694854736e-01 3.027328491210937500e+00 -8.135538101196289062e+00
-3.296028137207031250e+00 3.398576498031616211e+00 -2.585547208786010742e+00
-5.633408546447753906e+00 3.065761089324951172e+00 -7.732239723205566406e+00
-4.808453559875488281e+00 3.484134435653686523e+00 -7.635958671569824219e+00
-4.258704662322998047e+00 3.352251529693603516e+00 -6.674008369445800781e+00
-2.167489290237426758e+00 3.288136720657348633e+00 -2.323234230279922485e-01
-1.888861179351806641e+00 3.752421617507934570e+00 -1.355571627616882324e+00
-1.527783155441284180e+00 4.097825527191162109e+00 -2.469007253646850586e+00
-1.353928208351135254e+00 4.393561840057373047e+00 -3.694153547286987305e+00
-1.183263778686523438e+00 4.399946212768554688e+00 -4.987415313720703125e+00
-4.800352573394775391e+00 4.078510284423828125e+00 -8.505816459655761719e+00
-4.505645275115966797e+00 4.556423187255859375e+00 -9.024877548217773438e+00
-1.981616616249084473e+00 4.462291240692138672e+00 -7.511109352111816406e+00
-3.350572347640991211e+00 4.458223342895507812e+00 -8.332034111022949219e+00
-1.541265606880187988e+00 3.652130365371704102e+00 -1.119863510131835938e+01
-1.228752255439758301e+00 3.506667613983154297e+00 -1.106278610229492188e+01
-3.828178882598876953e+00 4.853178977966308594e+00 -1.070499992370605469e+01
-2.047934532165527344e+00 4.180933475494384766e+00 -9.850568771362304688e+00
-3.118920624256134033e-01 3.479573011398315430e+00 -9.965558052062988281e+00
-2.160075426101684570e+00 4.559950828552246094e+00 -6.120762348175048828e+00
5.286295890808105469e+00 3.225634098052978516e+00 2.310709476470947266e+00
6.052586555480957031e+00 3.194204092025756836e+00 1.745988845825195312e+00
1.962348341941833496e+00 6.987289786338806152e-01 -1.028503513336181641e+01
-5.176420211791992188e-01 2.793452262878417969e+00 -1.161445045471191406e+01
4.405142962932586670e-01 2.521933794021606445e+00 -1.076803493499755859e+01
