1.560544490814208984e+00 -4.930459976196289062e+00 -2.715882062911987305e+00
2.277372360229492188e+00 -4.774372577667236328e+00 -1.927141904830932617e+00
1.514215707778930664e+00 -4.785268783569335938e+00 -2.311151027679443359e+00
-5.068857669830322266e+00 -8.108473777770996094e+00 -7.822211265563964844e+00
-4.999364376068115234e+00 -8.061505317687988281e+00 -1.156803989410400391e+01
-4.185058593750000000e+00 -8.320828437805175781e+00 -9.419590950012207031e+00
-7.270793914794921875e+00 -7.468537330627441406e+00 -7.058917522430419922e+00
-7.775046348571777344e+00 -7.350874423980712891e+00 -7.967275619506835938e+00
-5.692175865173339844e+00 -8.128740310668945312e+00 -9.823944091796875000e+00
-6.220603942871093750e+00 -7.997408390045166016e+00 -9.061768531799316406e+00
-6.480393886566162109e+00 -7.344942569732666016e+00 -1.205478096008300781e+01
-8.411033630371093750e+00 -6.367053031921386719e+00 -1.057615089416503906e+01
-8.333353042602539062e+00 -6.189302444458007812e+00 -1.129440212249755859e+01
-9.642862319946289062e+00 -5.266560554504394531e+00 -8.363292694091796875e+00
-1.005120086669921875e+01 -4.324732780456542969e+00 -8.715686798095703125e+00
-9.587646484375000000e+00 -4.641899108886718750e+00 -1.086789226531982422e+01
-8.220129966735839844e+00 -6.690332889556884766e+00 -5.445865154266357422e+00
-9.067801475524902344e+00 -6.091404438018798828e+00 -4.930834293365478516e+00
-7.968269348144531250e+00 -5.745319366455078125e+00 -3.405253171920776367e+00
-8.497007369995117188e+00 -5.229329109191894531e+00 -2.226715087890625000e+00
-6.958391189575195312e+00 -5.440680980682373047e+00 -3.112690210342407227e+00
-2.593560457229614258e+00 -5.029678344726562500e+00 -1.549276709556579590e+00
-3.373512506484985352e+00 -4.880957603454589844e+00 -5.840147137641906738e-01
-1.440060019493103027e+00 -4.992061138153076172e+00 -2.391796410083770752e-01
-7.376832008361816406e+00 -3.202821493148803711e+00 2.300275087356567383e+00
-5.353846549987792969e+00 -3.507105350494384766e+00 1.271730542182922363e+00
-3.860480070114135742e+00 -5.067351341247558594e+00 -2.137411355972290039e+00
-7.304475307464599609e+00 -4.796124935150146484e+00 -1.627437710762023926e+00
-6.307860851287841797e+00 -5.166790485382080078e+00 -2.786953687667846680e+00
-3.737938642501831055e+00 -4.412846565246582031e+00 1.321587264537811279e-01
-4.768113613128662109e+00 -7.278720378875732422e+00 -5.294609069824218750e+00
-4.545801162719726562e+00 -6.497597694396972656e+00 -4.091047763824462891e+00
-2.280352830886840820e+00 -7.655403614044189453e+00 -6.417038917541503906e+00
-2.884865760803222656e+00 -7.167336940765380859e+00 -5.066977500915527344e+00
-2.214698076248168945e+00 -7.177040100097656250e+00 -5.299162387847900391e+00
-1.356304526329040527e+00 -6.801299095153808594e+00 -5.044410228729248047e+00
-2.779972076416015625e+00 -6.776358127593994141e+00 -4.439867973327636719e+00
-5.267714023590087891e+00 -6.850270748138427734e+00 -4.678870201110839844e+00
-6.153795719146728516e+00 -7.666606903076171875e+00 -6.741968631744384766e+00
-8.704814910888671875e+00 -6.650799751281738281e+00 -6.455088615417480469e+00
-1.417274475097656250e+00 -4.980314254760742188e+00 -1.837404370307922363e+00
-9.351747632026672363e-01 -5.041865348815917969e+00 -2.278163433074951172e+00
-2.241646289825439453e+00 -5.123682975769042969e+00 -2.024492979049682617e+00
-3.508486449718475342e-01 -5.086133003234863281e+00 -1.199450731277465820e+00
6.319091916084289551e-01 -4.617918491363525391e+00 -1.600020766258239746e+00
-8.149354457855224609e-01 -5.403964042663574219e+00 -3.020607233047485352e+00
-8.250345475971698761e-03 -5.499566555023193359e+00 -3.345875024795532227e+00
6.068647503852844238e-01 -4.764410018920898438e+00 -2.127147197723388672e+00
-9.515652656555175781e+00 -4.814118385314941406e+00 -2.045779466629028320e+00
-9.940212249755859375e+00 -4.890295505523681641e+00 -4.680660247802734375e+00
-9.351970672607421875e+00 -5.581276416778564453e+00 -3.831879138946533203e+00
-1.019568061828613281e+01 -3.759402990341186523e+00 -3.289080142974853516e+00
-1.031970500946044922e+01 -3.585282325744628906e+00 -4.716592788696289062e+00
-9.120275497436523438e+00 -4.086231708526611328e+00 3.077113628387451172e-01
-9.780814170837402344e+00 -4.173545837402343750e+00 -1.409910440444946289e+00
-9.819401741027832031e+00 -3.229712486267089844e+00 -2.825454771518707275e-01
-9.598747253417968750e+00 -2.922901630401611328e+00 8.988822102546691895e-01
-9.110858917236328125e+00 -2.715543270111083984e+00 2.160927295684814453e+00
-9.279160499572753906e+00 -1.625555634498596191e+00 1.264913320541381836e+00
-1.017268371582031250e+01 -2.694238424301147461e+00 -2.525570631027221680e+00
-1.009741592407226562e+01 -1.608906745910644531e+00 -2.654676675796508789e+00
-9.463841438293457031e+00 -1.291689991950988770e+00 -8.912300467491149902e-01
-7.936207771301269531e+00 -4.175794124603271484e-01 -6.486753821372985840e-01
-1.006341552734375000e+01 -4.634443759918212891e+00 -5.545560359954833984e+00
-1.034805583953857422e+01 -3.651146411895751953e+00 -5.425433635711669922e+00
-1.053375911712646484e+01 -2.257308244705200195e+00 -5.302382946014404297e+00
-1.059137725830078125e+01 -2.098529100418090820e+00 -5.872671604156494141e+00
-1.008279037475585938e+01 -6.574692726135253906e-01 -5.354634761810302734e+00
-1.058989715576171875e+01 -2.843178510665893555e+00 -7.962173938751220703e+00
-1.071132850646972656e+01 -1.946846365928649902e+00 -8.887522697448730469e+00
-1.060040855407714844e+01 -8.111404776573181152e-01 -8.517596244812011719e+00
-9.950813293457031250e+00 -3.306732475757598877e-01 -6.706445217132568359e+00
-8.382579803466796875e+00 -2.020951509475708008e-01 -2.254791259765625000e+00
-6.926835536956787109e+00 1.702831864356994629e+00 -3.686600923538208008e+00
-9.016667366027832031e+00 3.876074254512786865e-01 -6.203260898590087891e+00
-7.576272964477539062e+00 1.440680503845214844e+00 -4.988266468048095703e+00
1.325903892517089844e+01 -5.373992443084716797e+00 4.425355911254882812e+00
1.355852985382080078e+01 -6.187246799468994141e+00 7.443854212760925293e-01
1.305382728576660156e+01 -5.973657131195068359e+00 1.412672162055969238e+00
1.492342853546142578e+01 -5.873430728912353516e+00 1.903651714324951172e+00
1.477728176116943359e+01 -4.982260227203369141e+00 3.007046937942504883e+00
1.197597503662109375e+01 -5.595583915710449219e+00 2.670380592346191406e+00
4.435005187988281250e+00 -1.054744005203247070e+00 4.889901161193847656e+00
5.319026947021484375e+00 -6.470909118652343750e-01 6.014456748962402344e+00
6.649767398834228516e+00 -4.835416316986083984e+00 -1.679826736450195312e+00
8.912677764892578125e+00 -6.256764411926269531e+00 -1.263859748840332031e+00
8.124625205993652344e+00 -6.167052745819091797e+00 -1.103497266769409180e+00
7.450681686401367188e+00 -6.242066383361816406e+00 -5.137065649032592773e-01
2.552999258041381836e+00 -5.420946598052978516e+00 4.041338860988616943e-01
4.294138431549072266e+00 -4.695633411407470703e+00 -1.504579782485961914e+00
5.165997028350830078e+00 -5.086929798126220703e+00 -1.178235292434692383e+00
2.305049419403076172e+00 -4.281810283660888672e+00 -1.264389753341674805e+00
4.113607406616210938e+00 -4.726724624633789062e+00 -1.284696936607360840e+00
5.106842994689941406e+00 -5.562828063964843750e+00 2.101143598556518555e-01
5.804993629455566406e+00 -5.965579032897949219e+00 -6.216133236885070801e-01
3.095623970031738281e+00 -5.488304138183593750e+00 -5.929867029190063477e-01
9.463159561157226562e+00 -5.067510128021240234e+00 2.999086141586303711e+00
1.007573986053466797e+01 -4.440365791320800781e+00 4.678845405578613281e+00
9.989639282226562500e+00 -4.683732032775878906e+00 4.134304523468017578e+00
8.755571365356445312e+00 -3.801707744598388672e+00 5.164196968078613281e+00
8.933780670166015625e+00 -4.878293514251708984e+00 3.089341402053833008e+00
9.024928092956542969e+00 -5.863409996032714844e+00 1.390587925910949707e+00
8.681864738464355469e+00 -6.071957111358642578e+00 9.167427420616149902e-01
5.529182910919189453e+00 -1.188261747360229492e+00 3.974266767501831055e+00
6.164684295654296875e+00 -3.641971349716186523e+00 2.372089385986328125e+00
5.590934276580810547e+00 -3.941817045211791992e+00 1.860214591026306152e+00
4.517897605895996094e+00 -1.856917023658752441e+00 3.050803899765014648e+00
4.621447086334228516e+00 -1.417357444763183594e+00 3.686148881912231445e+00
6.902280807495117188e+00 -2.325632095336914062e+00 4.241170883178710938e+00
6.722465515136718750e+00 -1.728375911712646484e+00 5.433256626129150391e+00
6.540281295776367188e+00 -5.440718650817871094e+00 9.249348640441894531e-01
1.217488384246826172e+01 -3.934168338775634766e+00 5.694344997406005859e+00
1.384582710266113281e+01 -4.408354759216308594e+00 4.429566383361816406e+00
1.270415782928466797e+01 -3.135284900665283203e+00 4.733959674835205078e+00
1.354007625579833984e+01 -3.178671121597290039e+00 3.105456352233886719e+00
7.923460483551025391e+00 -2.620820522308349609e+00 6.521031379699707031e+00
7.478422164916992188e+00 -2.195536851882934570e+00 6.533328533172607422e+00
4.287640571594238281e+00 -3.028253018856048584e-01 6.778645038604736328e+00
9.789470672607421875e+00 -3.680915832519531250e+00 6.204367637634277344e+00
1.052419662475585938e+01 -2.480268716812133789e+00 6.268429279327392578e+00
1.084705924987792969e+01 -2.105204582214355469e+00 5.357480525970458984e+00
8.759249687194824219e+00 -1.228439569473266602e+00 6.360486984252929688e+00
9.079443931579589844e+00 -9.285554885864257812e-01 5.382789611816406250e+00
1.116742229461669922e+01 -1.957562685012817383e+00 4.403748989105224609e+00
1.148225593566894531e+01 -1.743625402450561523e+00 3.424413919448852539e+00
6.693624496459960938e+00 -1.207082033157348633e+00 6.313592910766601562e+00
7.831048965454101562e+00 -6.694730520248413086e-01 6.300585746765136719e+00
7.101837635040283203e+00 2.694568037986755371e-01 5.766802787780761719e+00
6.331229686737060547e+00 3.667398169636726379e-02 6.061105251312255859e+00
5.723379611968994141e+00 1.131328701972961426e+00 5.588793754577636719e+00
8.145045280456542969e+00 4.974804818630218506e-01 4.465928554534912109e+00
5.785820484161376953e+00 2.268128156661987305e+00 4.192288398742675781e+00
6.179959297180175781e+00 2.352823257446289062e+00 3.719798326492309570e+00
-2.132529258728027344e+00 -2.785400390625000000e+00 3.765692710876464844e+00
-1.521675229072570801e+00 -3.796433210372924805e+00 1.661841034889221191e+00
-1.475731372833251953e+00 -4.647148609161376953e+00 3.890111744403839111e-01
-1.616906166076660156e+00 -2.853224754333496094e+00 3.492112874984741211e+00
-2.430471628904342651e-01 -2.653438091278076172e+00 2.373686313629150391e+00
-5.070713520050048828e+00 -3.472595214843750000e+00 1.463306307792663574e+00
-4.358013629913330078e+00 -3.308655977249145508e+00 2.197743177413940430e+00
-5.801776885986328125e+00 -2.579977989196777344e+00 3.375147819519042969e+00
-5.276408672332763672e+00 -3.005705595016479492e+00 2.524790763854980469e+00
-4.093296527862548828e+00 -2.812019348144531250e+00 3.369282960891723633e+00
-2.759175062179565430e+00 -1.611105561256408691e+00 4.870288848876953125e+00
-5.652699470520019531e+00 -1.257911801338195801e+00 4.696324825286865234e+00
-5.350512504577636719e+00 -7.298815250396728516e-01 4.902447223663330078e+00
2.541374444961547852e+00 -1.682550668716430664e+00 3.648030757904052734e+00
1.374917507171630859e+00 -8.674569129943847656e-01 4.126667976379394531e+00
-5.995752662420272827e-02 -1.179701328277587891e+00 3.655950546264648438e+00
1.090546727180480957e+00 -2.945973873138427734e-01 4.662703990936279297e+00
2.533571958541870117e+00 -9.992641210556030273e-01 5.261932373046875000e+00
3.552509069442749023e+00 -4.981434345245361328e-01 6.601092815399169922e+00
1.118397474288940430e+00 7.949767112731933594e-01 5.387348651885986328e+00
-3.225358724594116211e+00 -1.380989313125610352e+00 5.001259803771972656e+00
-4.245181560516357422e+00 3.073893189430236816e-01 5.005819797515869141e+00
-2.749039173126220703e+00 5.714473128318786621e-01 5.130414009094238281e+00
-1.169740080833435059e+00 1.621841430664062500e+00 4.403256893157958984e+00
-3.887323141098022461e+00 1.024301648139953613e+00 4.041573524475097656e+00
-3.823650598526000977e+00 1.426406621932983398e+00 2.884803056716918945e+00
-1.776331812143325806e-01 -5.099776744842529297e+00 -8.177504688501358032e-02
2.978834807872772217e-01 -4.957661628723144531e+00 -1.166381537914276123e-01
8.151309490203857422e-01 -4.963543891906738281e+00 3.117709979414939880e-02
1.646522045135498047e+00 -3.795459032058715820e+00 1.415052175521850586e+00
1.481794595718383789e+00 -4.996339321136474609e+00 5.794644355773925781e-01
1.623570203781127930e+00 -3.762724876403808594e+00 -1.364431738853454590e+00
1.889537096023559570e+00 -2.612468957901000977e+00 2.346011638641357422e+00
2.298878669738769531e+00 1.541624426841735840e+00 5.524403572082519531e+00
2.878012895584106445e+00 2.522346496582031250e+00 4.205425739288330078e+00
2.602652311325073242e+00 2.974502801895141602e+00 2.998332738876342773e+00
-8.653520941734313965e-01 2.485980033874511719e+00 2.616198301315307617e+00
-6.659374833106994629e-01 1.959901452064514160e+00 4.173652648925781250e+00
5.689073204994201660e-01 2.562914371490478516e+00 3.239876985549926758e+00
-1.730291247367858887e+00 3.178734302520751953e+00 1.086448878049850464e-01
-7.580687999725341797e+00 -2.448791742324829102e+00 3.538703680038452148e+00
-7.326441287994384766e+00 -1.415451288223266602e+00 4.203733444213867188e+00
-7.959750652313232422e+00 -8.060540556907653809e-01 2.896346569061279297e+00
-6.810991764068603516e+00 -1.152983784675598145e+00 4.452826023101806641e+00
-7.015109539031982422e+00 -3.612297177314758301e-01 3.052085399627685547e+00
-6.419062137603759766e+00 1.903893500566482544e-01 1.417090892791748047e+00
-6.218184471130371094e+00 1.415421217679977417e-01 2.387569665908813477e+00
-6.923838138580322266e+00 2.278603464365005493e-01 -8.159207105636596680e-01
-3.744034290313720703e+00 1.651029467582702637e+00 1.844783306121826172e+00
-5.362173557281494141e+00 2.016003370285034180e+00 -1.992453575134277344e+00
-3.647573471069335938e+00 3.037492990493774414e+00 -1.667895555496215820e+00
3.403773784637451172e+00 7.766708731651306152e-01 6.410852909088134766e+00
2.991060972213745117e+00 1.833586931228637695e+00 5.328315258026123047e+00
3.846355676651000977e+00 2.221506834030151367e+00 4.770626544952392578e+00
4.537624835968017578e+00 2.712402820587158203e+00 3.720657110214233398e+00
3.875100851058959961e+00 3.189480543136596680e+00 2.938422203063964844e+00
7.761282444000244141e+00 -4.895750522613525391e+00 -3.970987558364868164e+00
2.377112865447998047e+00 -5.071002960205078125e+00 -3.055235147476196289e+00
5.494628429412841797e+00 -4.730260848999023438e+00 -2.529103994369506836e+00
6.320761680603027344e+00 -4.680275440216064453e+00 -2.978443861007690430e+00
3.033052206039428711e+00 -5.007788181304931641e+00 -2.937276124954223633e+00
2.090561866760253906e+00 -5.929607868194580078e+00 -5.251762390136718750e+00
2.626656770706176758e+00 -5.807268619537353516e+00 -6.253985404968261719e+00
3.890447616577148438e+00 -5.140880584716796875e+00 -5.599563121795654297e+00
5.923325061798095703e+00 -4.815257072448730469e+00 -3.735580921173095703e+00
7.159228801727294922e+00 -4.957120895385742188e+00 -4.075963973999023438e+00
2.443118333816528320e+00 -5.621363162994384766e+00 -8.458950996398925781e+00
8.321108818054199219e+00 -4.974500179290771484e+00 -6.017728805541992188e+00
3.299987792968750000e+00 -5.331474781036376953e+00 -7.117155075073242188e+00
3.712436914443969727e+00 -4.723226070404052734e+00 -7.900023460388183594e+00
6.289402961730957031e+00 -5.071998596191406250e+00 -5.381166458129882812e+00
7.407725811004638672e+00 -4.930326461791992188e+00 -6.335919857025146484e+00
5.877205848693847656e+00 -4.178312301635742188e+00 -7.254282474517822266e+00
7.533450126647949219e+00 -4.030805110931396484e+00 -7.374534606933593750e+00
5.587523937225341797e+00 -3.863821029663085938e+00 -7.630053997039794922e+00
5.157297134399414062e+00 -2.838554859161376953e+00 -8.643204689025878906e+00
5.231462001800537109e+00 -2.079327106475830078e+00 -8.895974159240722656e+00
-3.349450826644897461e+00 -7.970678806304931641e+00 -1.205599021911621094e+01
-3.131195545196533203e+00 -8.215158462524414062e+00 -1.051676082611083984e+01
-3.961417436599731445e+00 -7.543634891510009766e+00 -1.315926933288574219e+01
-1.581709265708923340e+00 -6.563129901885986328e+00 -1.324222564697265625e+01
-3.557018756866455078e+00 -6.333868503570556641e+00 -1.445967769622802734e+01
-3.374799013137817383e+00 -5.280119895935058594e+00 -1.519269180297851562e+01
-6.631149291992187500e+00 -6.536990165710449219e+00 -1.317175483703613281e+01
-7.072280406951904297e+00 -6.212282657623291016e+00 -1.318917942047119141e+01
-7.758172035217285156e+00 -5.231467247009277344e+00 -1.367560958862304688e+01
-5.719637870788574219e+00 -7.132203578948974609e+00 -1.307830524444580078e+01
-8.473673820495605469e+00 -5.364831924438476562e+00 -1.256407928466796875e+01
-7.363973140716552734e+00 -4.564298152923583984e+00 -1.457400321960449219e+01
-4.151088714599609375e+00 -5.534132480621337891e+00 -1.502873420715332031e+01
-5.995322227478027344e+00 -4.381244659423828125e+00 -1.525763225555419922e+01
-2.711348295211791992e+00 -5.387053012847900391e+00 -1.501397514343261719e+01
-2.176729440689086914e+00 -4.294788360595703125e+00 -1.537012577056884766e+01
-3.721917152404785156e+00 -3.714633464813232422e+00 -1.575343990325927734e+01
-2.789239406585693359e+00 -3.186033010482788086e+00 -1.571700859069824219e+01
-4.989251136779785156e+00 -2.648577690124511719e+00 -1.594112682342529297e+01
-3.919783115386962891e+00 -1.503960728645324707e+00 -1.593743801116943359e+01
-9.300947189331054688e+00 -4.440639495849609375e+00 -1.222209167480468750e+01
-8.934423446655273438e+00 -4.000371456146240234e+00 -1.344499301910400391e+01
-9.911231040954589844e+00 -2.861478090286254883e+00 -1.234666252136230469e+01
-1.040114593505859375e+01 -1.438478350639343262e+00 -1.151955318450927734e+01
-8.549309730529785156e+00 -3.349103689193725586e+00 -1.436119270324707031e+01
-7.691983699798583984e+00 -2.966602802276611328e+00 -1.519841003417968750e+01
-9.821783065795898438e+00 -9.235355854034423828e-01 -1.328338432312011719e+01
-9.375775337219238281e+00 -3.272722959518432617e-01 -1.420456314086914062e+01
-8.487441062927246094e+00 -9.513292312622070312e-01 -1.507398796081542969e+01
-7.135033607482910156e+00 1.601429134607315063e-01 -1.577017211914062500e+01
-7.627230167388916016e+00 8.155077695846557617e-01 -1.553633689880371094e+01
-1.521510958671569824e+00 -7.555983066558837891e+00 -6.888858318328857422e+00
-4.207863807678222656e-01 -7.157184123992919922e+00 -8.631973266601562500e+00
7.396935671567916870e-02 -6.568975925445556641e+00 -5.590534210205078125e+00
6.194914579391479492e-01 -6.685747623443603516e+00 -6.757427215576171875e+00
-2.396432012319564819e-01 -6.930982112884521484e+00 -9.610877990722656250e+00
-5.069980025291442871e-02 -5.895365715026855469e+00 -1.240220069885253906e+01
1.353060722351074219e+00 -6.389563083648681641e+00 -6.420113086700439453e+00
2.021340847015380859e+00 -5.952186107635498047e+00 -8.191582679748535156e+00
-7.603700757026672363e-01 -5.086972236633300781e+00 -1.430408000946044922e+01
1.024600982666015625e+00 -4.963635444641113281e+00 -1.243815612792968750e+01
-1.229724645614624023e+00 -3.739649772644042969e+00 -1.520339393615722656e+01
-1.920917034149169922e-01 -3.007185220718383789e+00 -1.485964298248291016e+01
1.960503220558166504e+00 -5.053488731384277344e+00 -1.069808006286621094e+01
-1.087522625923156738e+00 -2.405148029327392578e+00 -1.528227329254150391e+01
-1.307479023933410645e+00 -1.697622776031494141e+00 -1.534130096435546875e+01
2.142062664031982422e+00 -3.536231040954589844e+00 -1.149284553527832031e+01
8.844117522239685059e-01 -1.869893789291381836e+00 -1.348700904846191406e+01
7.971025705337524414e-01 -1.144196033477783203e+00 -1.333467864990234375e+01
-2.605813026428222656e+00 -1.778401851654052734e+00 -1.569992065429687500e+01
-2.675887107849121094e+00 -8.102334737777709961e-01 -1.564132499694824219e+01
-5.084232807159423828e+00 4.545409977436065674e-01 -1.589013099670410156e+01
-2.886529684066772461e+00 1.007179260253906250e+00 -1.536731910705566406e+01
-2.164693593978881836e+00 1.174697518348693848e+00 -1.512501811981201172e+01
-4.980279505252838135e-01 1.149933338165283203e+00 -1.389084720611572266e+01
-2.882254838943481445e+00 2.080034017562866211e+00 -1.503587245941162109e+01
-2.466185092926025391e+00 2.788955926895141602e+00 -1.464705944061279297e+01
2.703818321228027344e+00 -3.967332839965820312e+00 -1.033814811706542969e+01
3.520223140716552734e+00 -2.609264850616455078e+00 -1.011252403259277344e+01
3.012211084365844727e+00 -1.847028732299804688e+00 -1.085309505462646484e+01
9.641662240028381348e-01 -2.807675898075103760e-01 -1.281380367279052734e+01
1.482755780220031738e+00 7.650557905435562134e-03 -1.211095809936523438e+01
2.348812580108642578e+00 -2.170350551605224609e-01 -1.122778606414794922e+01
1.081181645393371582e+00 4.181865751743316650e-01 -1.233694362640380859e+01
-1.051201725006103516e+01 -9.656025171279907227e-01 -1.099371242523193359e+01
-9.968082427978515625e+00 6.866775751113891602e-01 -1.292186355590820312e+01
-1.030238056182861328e+01 -1.527872495353221893e-02 -1.048672962188720703e+01
-1.007101154327392578e+01 -1.206666678190231323e-01 -9.025101661682128906e+00
-9.725201606750488281e+00 5.445566773414611816e-01 -1.002770614624023438e+01
-9.963672637939453125e+00 9.240313768386840820e-01 -1.155221080780029297e+01
-9.434058189392089844e+00 2.034624099731445312e+00 -1.278445434570312500e+01
-8.820446968078613281e+00 1.397760391235351562e+00 -9.341801643371582031e+00
-8.415795326232910156e+00 2.398314714431762695e+00 -1.037589454650878906e+01
-8.197769165039062500e+00 1.158163309097290039e+00 -6.070882320404052734e+00
-7.961441993713378906e+00 1.594489812850952148e+00 -7.151942253112792969e+00
-8.283717155456542969e+00 1.882965207099914551e+00 -8.737255096435546875e+00
-7.900179386138916016e+00 2.550284624099731445e+00 -9.731967926025390625e+00
-6.296490669250488281e+00 2.697591781616210938e+00 -7.680707454681396484e+00
-6.213285923004150391e+00 3.009477138519287109e+00 -8.162926673889160156e+00
-8.635540962219238281e+00 2.203930854797363281e+00 -1.429191589355468750e+01
-8.036590576171875000e+00 2.230889081954956055e+00 -1.473210239410400391e+01
-7.637012481689453125e+00 3.441976785659790039e+00 -1.351344490051269531e+01
-6.656543254852294922e+00 4.264658451080322266e+00 -1.313835430145263672e+01
-6.099930763244628906e+00 1.895032644271850586e+00 -1.547707462310791016e+01
-5.844779491424560547e+00 2.184646844863891602e+00 -1.532750511169433594e+01
-5.171145439147949219e+00 3.967243432998657227e+00 -1.412156105041503906e+01
-4.615341186523437500e+00 3.960612773895263672e+00 -1.424935913085937500e+01
-5.867966175079345703e+00 3.770200014114379883e+00 -1.412512874603271484e+01
-8.273422241210937500e+00 3.283263206481933594e+00 -1.224798870086669922e+01
-6.243373870849609375e+00 4.414637088775634766e+00 -1.238137817382812500e+01
-5.556203365325927734e+00 4.383404254913330078e+00 -1.074395656585693359e+01
-3.388962984085083008e+00 4.233970642089843750e+00 -1.348907375335693359e+01
-3.170608043670654297e+00 4.297086238861083984e+00 -1.287146759033203125e+01
-5.220310688018798828e+00 4.435755729675292969e+00 -1.222000026702880859e+01
-4.469065666198730469e+00 4.636800765991210938e+00 -1.232708168029785156e+01
-3.216583728790283203e+00 4.687881469726562500e+00 -1.144475650787353516e+01
-4.958151817321777344e+00 4.788473129272460938e+00 -1.084858798980712891e+01
-3.795713663101196289e+00 4.894294738769531250e+00 -1.117246055603027344e+01
-6.639815330505371094e+00 3.684082269668579102e+00 -1.050232887268066406e+01
-5.931692123413085938e+00 3.625673532485961914e+00 -9.034787178039550781e+00
3.058982849121093750e+00 -1.882777065038681030e-01 -1.030323791503906250e+01
-1.384675055742263794e-01 1.529868006706237793e+00 -1.287878608703613281e+01
-2.114289283752441406e+00 3.222064256668090820e+00 -1.359607982635498047e+01
9.961951971054077148e-01 8.034874796867370605e-01 -1.169005680084228516e+01
-1.053640007972717285e+00 2.885948419570922852e+00 -1.233993053436279297e+01
-2.713764190673828125e+00 3.846813440322875977e+00 -1.327156925201416016e+01
-1.649640798568725586e+00 3.648481130599975586e+00 -1.187689590454101562e+01
1.143548393249511719e+01 -6.501153469085693359e+00 -3.386839389801025391e+00
1.333002662658691406e+01 -6.673530101776123047e+00 -1.738328933715820312e+00
1.117432022094726562e+01 -6.443355083465576172e+00 -8.449662327766418457e-01
1.097835254669189453e+01 -6.448492527008056641e+00 -2.608834028244018555e+00
1.434889793395996094e+01 -6.931826114654541016e+00 -5.035885810852050781e+00
1.198762989044189453e+01 -6.560345172882080078e+00 -3.990253925323486328e+00
1.269513511657714844e+01 -6.543306827545166016e+00 -5.487057209014892578e+00
1.314810371398925781e+01 -6.854044914245605469e+00 -3.678809881210327148e+00
1.562582206726074219e+01 -7.007981777191162109e+00 -3.605567455291748047e+00
1.605864524841308594e+01 -5.941066741943359375e+00 -4.192364692687988281e+00
1.625096321105957031e+01 -6.467826366424560547e+00 -1.176017045974731445e+00
1.637525749206542969e+01 -5.677602767944335938e+00 -2.063995599746704102e+00
1.458614253997802734e+01 -6.545855522155761719e+00 4.208038747310638428e-02
1.481774520874023438e+01 -6.928955554962158203e+00 -1.556951045989990234e+00
1.538318920135498047e+01 -6.187385559082031250e+00 9.580880403518676758e-01
1.481923866271972656e+01 -4.002796649932861328e+00 1.930940270423889160e+00
1.515644359588623047e+01 -4.171156406402587891e+00 8.500427007675170898e-01
1.436017513275146484e+01 -3.279226541519165039e+00 9.881590008735656738e-01
1.580657386779785156e+01 -4.897293567657470703e+00 -3.368753671646118164e+00
1.523949146270751953e+01 -4.027834415435791016e+00 -2.595844984054565430e+00
1.522857856750488281e+01 -3.936350345611572266e+00 -1.040150046348571777e+00
1.497482872009277344e+01 -3.605834007263183594e+00 -1.537046313285827637e+00
1.432736587524414062e+01 -2.826824188232421875e+00 -9.130799770355224609e-01
1.380224323272705078e+01 -6.716310977935791016e+00 -6.256205081939697266e+00
1.524278926849365234e+01 -5.927405834197998047e+00 -6.557829856872558594e+00
1.236123085021972656e+01 -6.422541141510009766e+00 -6.672145366668701172e+00
1.290195178985595703e+01 -5.887693881988525391e+00 -7.460170745849609375e+00
1.592320537567138672e+01 -5.834363460540771484e+00 -5.651923179626464844e+00
1.559641647338867188e+01 -5.074835300445556641e+00 -5.942798137664794922e+00
1.502489852905273438e+01 -4.407083988189697266e+00 -5.549902915954589844e+00
1.324565887451171875e+01 -5.495471000671386719e+00 -7.318787097930908203e+00
1.261904430389404297e+01 -4.943118572235107422e+00 -6.628917217254638672e+00
1.348075199127197266e+01 -4.459390163421630859e+00 -6.109669208526611328e+00
1.360796642303466797e+01 -3.368503093719482422e+00 -4.958692073822021484e+00
1.499472141265869141e+01 -3.711841821670532227e+00 -2.836871147155761719e+00
1.491294288635253906e+01 -3.733439922332763672e+00 -4.514958858489990234e+00
1.435811233520507812e+01 -2.890223026275634766e+00 -3.766691923141479492e+00
1.016440010070800781e+01 -5.984257221221923828e+00 -2.758310794830322266e+00
6.991112232208251953e+00 -4.744258403778076172e+00 -2.379201412200927734e+00
7.279014587402343750e+00 -4.818422317504882812e+00 -1.953527808189392090e+00
6.843269348144531250e+00 -4.686377525329589844e+00 -2.940445899963378906e+00
1.048543071746826172e+01 -6.274116992950439453e+00 -2.356012105941772461e+00
9.013170242309570312e+00 -5.513950824737548828e+00 -1.956198692321777344e+00
7.951928138732910156e+00 -5.083722114562988281e+00 -1.588871359825134277e+00
9.598582267761230469e+00 -5.509620666503906250e+00 -3.447753906250000000e+00
9.953453063964843750e+00 -5.522315502166748047e+00 -4.676077842712402344e+00
8.331397056579589844e+00 -4.970564842224121094e+00 -3.970776319503784180e+00
1.354730319976806641e+01 -2.142623186111450195e+00 -5.807450413703918457e-02
1.219447994232177734e+01 -7.953771948814392090e-01 -1.047794342041015625e+00
1.096224021911621094e+01 -5.934042453765869141e+00 -5.508763313293457031e+00
1.102348232269287109e+01 -5.395731449127197266e+00 -6.043736457824707031e+00
9.595082283020019531e+00 -5.050484657287597656e+00 -5.208581447601318359e+00
1.171386814117431641e+01 -4.677846431732177734e+00 -6.187213420867919922e+00
9.182477951049804688e+00 -4.305377483367919922e+00 -6.424839496612548828e+00
1.040206146240234375e+01 -3.524239301681518555e+00 -5.878922462463378906e+00
1.246803379058837891e+01 -3.669134616851806641e+00 -5.466892242431640625e+00
1.064814376831054688e+01 -3.183083295822143555e+00 -5.677372455596923828e+00
1.067329025268554688e+01 -2.255722522735595703e+00 -5.262866020202636719e+00
8.543148994445800781e+00 -3.672895193099975586e+00 -7.036578178405761719e+00
9.054963111877441406e+00 -3.070514440536499023e+00 -6.576373577117919922e+00
8.056118965148925781e+00 -2.026303768157958984e+00 -6.906243801116943359e+00
1.040810298919677734e+01 -1.592232346534729004e+00 -5.119399547576904297e+00
8.258690834045410156e+00 -1.698221445083618164e+00 -6.642744064331054688e+00
8.750866889953613281e+00 -4.749532639980316162e-01 -5.846730709075927734e+00
7.285809040069580078e+00 -1.581081449985504150e-01 -6.919087886810302734e+00
1.326082134246826172e+01 -2.121332406997680664e+00 -4.069070339202880859e+00
1.344509696960449219e+01 -1.657768964767456055e+00 -1.954898715019226074e+00
1.319083213806152344e+01 -1.322440266609191895e+00 -3.159896135330200195e+00
1.237698078155517578e+01 -4.391027987003326416e-01 -2.245826244354248047e+00
1.202541828155517578e+01 -1.341171860694885254e-01 -2.843663692474365234e+00
1.240352916717529297e+01 -1.909695744514465332e+00 -4.369949340820312500e+00
1.120556259155273438e+01 -1.225946784019470215e+00 -4.491720199584960938e+00
1.148343467712402344e+01 -5.728077888488769531e-01 -3.873449563980102539e+00
1.016784000396728516e+01 1.563933491706848145e+00 -1.751964926719665527e+00
9.283447265625000000e+00 2.375161409378051758e+00 -2.891175985336303711e+00
9.331220626831054688e+00 2.306620597839355469e+00 -3.358549594879150391e+00
8.572727203369140625e+00 2.939132928848266602e+00 -2.371843814849853516e+00
1.021102046966552734e+01 -9.067224264144897461e-01 -5.005370140075683594e+00
1.064671516418457031e+01 3.010091185569763184e-01 -4.127085685729980469e+00
8.369608879089355469e+00 1.343664973974227905e-01 -5.857848167419433594e+00
7.019877910614013672e+00 9.894278049468994141e-01 -6.429436206817626953e+00
1.391117668151855469e+01 -3.291342020034790039e+00 2.515116214752197266e+00
1.246943950653076172e+01 -2.265005588531494141e+00 2.824459791183471680e+00
1.126281642913818359e+01 -6.911270618438720703e-01 1.377479076385498047e+00
1.145496559143066406e+01 -5.285997986793518066e-01 2.575155496597290039e-01
9.980683326721191406e+00 -2.067952007055282593e-01 3.030814170837402344e+00
8.869906425476074219e+00 1.121065974235534668e+00 2.570757865905761719e+00
9.441403388977050781e+00 8.063470125198364258e-01 2.030278682708740234e+00
7.334971904754638672e+00 2.145131111145019531e+00 2.941034555435180664e+00
7.167829036712646484e+00 2.799766778945922852e+00 1.819476604461669922e+00
9.827760696411132812e+00 1.017867922782897949e+00 3.234882950782775879e-01
1.005670833587646484e+01 1.376486301422119141e+00 -1.016936063766479492e+00
7.996893405914306641e+00 2.700544357299804688e+00 4.136713147163391113e-01
3.350524187088012695e+00 4.277472019195556641e+00 -3.483587801456451416e-01
6.219220638275146484e+00 3.576382160186767578e+00 2.724070847034454346e-01
5.479400157928466797e+00 4.045927524566650391e+00 -2.228929996490478516e+00
3.671335697174072266e+00 4.394650459289550781e+00 -6.871401071548461914e-01
2.848050594329833984e+00 3.826623439788818359e+00 -2.457762002944946289e+00
2.962475538253784180e+00 3.518561124801635742e+00 -3.330179452896118164e+00
-9.868058562278747559e-01 3.799858808517456055e+00 -7.646627426147460938e-01
2.150774478912353516e+00 3.151860713958740234e+00 -4.387445926666259766e+00
1.096468232572078705e-02 4.166902542114257812e+00 -3.143300294876098633e+00
3.082759082317352295e-01 3.715365171432495117e+00 -4.698148250579833984e+00
2.381020307540893555e+00 3.813030242919921875e+00 -2.567621469497680664e+00
5.103495597839355469e+00 -8.703828454017639160e-01 -8.894091606140136719e+00
2.946751594543457031e+00 3.140439093112945557e-01 -9.609160423278808594e+00
5.069440841674804688e+00 5.159911513328552246e-01 -8.115851402282714844e+00
3.647583246231079102e+00 5.698809623718261719e-01 -8.970339775085449219e+00
2.526459217071533203e+00 5.062112212181091309e-01 -9.801945686340332031e+00
1.547764301300048828e+00 1.853076815605163574e+00 -9.912545204162597656e+00
3.316336274147033691e-01 3.152884721755981445e+00 -9.157689094543457031e+00
1.126462891697883606e-01 3.005489110946655273e+00 -1.045854091644287109e+01
5.660420894622802734e+00 2.816806077957153320e+00 -4.858634948730468750e+00
6.167308807373046875e+00 1.893919110298156738e+00 -6.091683864593505859e+00
4.705118179321289062e+00 2.702085256576538086e+00 -5.248215675354003906e+00
4.804429531097412109e+00 2.400184392929077148e+00 -5.962588310241699219e+00
6.612158775329589844e+00 3.754789829254150391e+00 -2.721761941909790039e+00
6.590639114379882812e+00 1.290719151496887207e+00 -6.429155349731445312e+00
5.719833850860595703e+00 1.681155085563659668e+00 -6.606530666351318359e+00
4.867982864379882812e+00 1.793584227561950684e+00 -7.040317058563232422e+00
2.741206407546997070e+00 2.860493183135986328e+00 -5.063745975494384766e+00
2.820714235305786133e+00 2.097068786621093750e+00 -7.360463619232177734e+00
2.031679630279541016e+00 2.335932254791259766e+00 -6.812264442443847656e+00
9.667150676250457764e-02 3.307291746139526367e+00 -6.271191120147705078e+00
2.733123004436492920e-01 2.964213848114013672e+00 -7.758471965789794922e+00
3.043177723884582520e-01 3.035879850387573242e+00 -8.137654304504394531e+00
-3.296809911727905273e+00 3.401911497116088867e+00 -2.584798336029052734e+00
-5.633317470550537109e+00 3.067342281341552734e+00 -7.731232643127441406e+00
-4.808937549591064453e+00 3.487041711807250977e+00 -7.635032176971435547e+00
-4.258964061737060547e+00 3.353874444961547852e+00 -6.673731327056884766e+00
-2.167303562164306641e+00 3.290888309478759766e+00 -2.303678244352340698e-01
-1.889552593231201172e+00 3.759114265441894531e+00 -1.354103565216064453e+00
-1.527155637741088867e+00 4.102618694305419922e+00 -2.469555616378784180e+00
-1.353081941604614258e+00 4.398109912872314453e+00 -3.694315433502197266e+00
-1.182180762290954590e+00 4.405838012695312500e+00 -4.987620830535888672e+00
-4.800509929656982422e+00 4.083453655242919922e+00 -8.504709243774414062e+00
-4.505404472351074219e+00 4.561595439910888672e+00 -9.024175643920898438e+00
-1.980965852737426758e+00 4.466056823730468750e+00 -7.511635303497314453e+00
-3.349838733673095703e+00 4.462649345397949219e+00 -8.331846237182617188e+00
-1.540750265121459961e+00 3.656719923019409180e+00 -1.120009899139404297e+01
-1.228169322013854980e+00 3.511298418045043945e+00 -1.106419372558593750e+01
-3.827916383743286133e+00 4.857459545135498047e+00 -1.070509910583496094e+01
-2.047593593597412109e+00 4.184887409210205078e+00 -9.851212501525878906e+00
-3.110118806362152100e-01 3.484149456024169922e+00 -9.967035293579101562e+00
-2.159519672393798828e+00 4.563153743743896484e+00 -6.120806694030761719e+00
5.285232067108154297e+00 3.254675626754760742e+00 2.338137865066528320e+00
6.055618286132812500e+00 3.235013484954833984e+00 1.783805251121520996e+00
1.967147946357727051e+00 7.076806426048278809e-01 -1.028764057159423828e+01
-5.161871910095214844e-01 2.798979997634887695e+00 -1.161618328094482422e+01
4.423888623714447021e-01 2.528558969497680664e+00 -1.076977539062500000e+01
