1.561205029487609863e+00 -4.935509204864501953e+00 -2.714466333389282227e+00
2.277565956115722656e+00 -4.785762310028076172e+00 -1.925570964813232422e+00
1.514545083045959473e+00 -4.793055057525634766e+00 -2.309481620788574219e+00
-5.068941593170166016e+00 -8.108633995056152344e+00 -7.822278499603271484e+00
-4.999729156494140625e+00 -8.061728477478027344e+00 -1.156769657135009766e+01
-4.185155391693115234e+00 -8.321048736572265625e+00 -9.419513702392578125e+00
-7.270892620086669922e+00 -7.468885898590087891e+00 -7.059103965759277344e+00
-7.775095939636230469e+00 -7.350899219512939453e+00 -7.967331886291503906e+00
-5.692602634429931641e+00 -8.128960609436035156e+00 -9.823633193969726562e+00
-6.220696449279785156e+00 -7.997719764709472656e+00 -9.061648368835449219e+00
-6.480744361877441406e+00 -7.345224380493164062e+00 -1.205444622039794922e+01
-8.410528182983398438e+00 -6.366451263427734375e+00 -1.057606220245361328e+01
-8.333237648010253906e+00 -6.188941478729248047e+00 -1.129420471191406250e+01
-9.642588615417480469e+00 -5.266663074493408203e+00 -8.363117218017578125e+00
-1.005081844329833984e+01 -4.324545383453369141e+00 -8.715493202209472656e+00
-9.588304519653320312e+00 -4.642899513244628906e+00 -1.086704349517822266e+01
-8.220152854919433594e+00 -6.690598487854003906e+00 -5.445487022399902344e+00
-9.067646980285644531e+00 -6.091996192932128906e+00 -4.930159091949462891e+00
-7.968251228332519531e+00 -5.745341777801513672e+00 -3.404738426208496094e+00
-8.497017860412597656e+00 -5.228338241577148438e+00 -2.226355552673339844e+00
-6.958519935607910156e+00 -5.440511226654052734e+00 -3.112403631210327148e+00
-2.594266414642333984e+00 -5.031706333160400391e+00 -1.548940181732177734e+00
-3.374492406845092773e+00 -4.882446765899658203e+00 -5.837785601615905762e-01
-1.441702961921691895e+00 -4.996083259582519531e+00 -2.388230562210083008e-01
-7.379734516143798828e+00 -3.212150812149047852e+00 2.311898231506347656e+00
-5.355890274047851562e+00 -3.512758731842041016e+00 1.278758764266967773e+00
-3.860720396041870117e+00 -5.068352699279785156e+00 -2.137132883071899414e+00
-7.304456710815429688e+00 -4.796217918395996094e+00 -1.626854538917541504e+00
-6.308060646057128906e+00 -5.166956424713134766e+00 -2.786702632904052734e+00
-3.739341020584106445e+00 -4.414959907531738281e+00 1.338640302419662476e-01
-4.768476009368896484e+00 -7.279253959655761719e+00 -5.294718742370605469e+00
-4.545921325683593750e+00 -6.498311996459960938e+00 -4.091075420379638672e+00
-2.280258893966674805e+00 -7.655967235565185547e+00 -6.417039871215820312e+00
-2.884966135025024414e+00 -7.168292999267578125e+00 -5.067019939422607422e+00
-2.214416027069091797e+00 -7.178097724914550781e+00 -5.299067020416259766e+00
-1.356162190437316895e+00 -6.802813529968261719e+00 -5.044315338134765625e+00
-2.780101299285888672e+00 -6.777624607086181641e+00 -4.439740180969238281e+00
-5.267891407012939453e+00 -6.850590705871582031e+00 -4.678977966308593750e+00
-6.154016017913818359e+00 -7.667009353637695312e+00 -6.742184638977050781e+00
-8.704768180847167969e+00 -6.650931358337402344e+00 -6.454970359802246094e+00
-1.417724847793579102e+00 -4.983151912689208984e+00 -1.836643457412719727e+00
-9.351980090141296387e-01 -5.045367717742919922e+00 -2.277316808700561523e+00
-2.241899967193603516e+00 -5.125694274902343750e+00 -2.023889780044555664e+00
-3.524312973022460938e-01 -5.091542720794677734e+00 -1.199161052703857422e+00
6.318934559822082520e-01 -4.625254154205322266e+00 -1.599318504333496094e+00
-8.147594332695007324e-01 -5.405642986297607422e+00 -3.020987510681152344e+00
-8.092920295894145966e-03 -5.501814365386962891e+00 -3.345688104629516602e+00
6.070262789726257324e-01 -4.769578933715820312e+00 -2.126045227050781250e+00
-9.515515327453613281e+00 -4.813419342041015625e+00 -2.044658184051513672e+00
-9.940245628356933594e+00 -4.890881538391113281e+00 -4.679955959320068359e+00
-9.351891517639160156e+00 -5.581334114074707031e+00 -3.831083536148071289e+00
-1.019577503204345703e+01 -3.759411573410034180e+00 -3.288101673126220703e+00
-1.031931114196777344e+01 -3.585527658462524414e+00 -4.715880870819091797e+00
-9.119974136352539062e+00 -4.086946487426757812e+00 3.090727627277374268e-01
-9.780908584594726562e+00 -4.173825263977050781e+00 -1.408394813537597656e+00
-9.820072174072265625e+00 -3.231253147125244141e+00 -2.798114120960235596e-01
-9.598970413208007812e+00 -2.926424503326416016e+00 9.025663733482360840e-01
-9.113135337829589844e+00 -2.721736192703247070e+00 2.167508840560913086e+00
-9.278969764709472656e+00 -1.629463434219360352e+00 1.269936680793762207e+00
-1.017298221588134766e+01 -2.694575309753417969e+00 -2.523549318313598633e+00
-1.009781646728515625e+01 -1.608466148376464844e+00 -2.652292251586914062e+00
-9.464751243591308594e+00 -1.292978405952453613e+00 -8.876624107360839844e-01
-7.936763763427734375e+00 -4.179879128932952881e-01 -6.462771892547607422e-01
-1.006335258483886719e+01 -4.635471343994140625e+00 -5.545331001281738281e+00
-1.034760570526123047e+01 -3.652007818222045898e+00 -5.424943447113037109e+00
-1.053343200683593750e+01 -2.257793426513671875e+00 -5.301332473754882812e+00
-1.059027767181396484e+01 -2.098683595657348633e+00 -5.872414112091064453e+00
-1.008321571350097656e+01 -6.575617194175720215e-01 -5.353523731231689453e+00
-1.058911895751953125e+01 -2.843285560607910156e+00 -7.962014198303222656e+00
-1.071123695373535156e+01 -1.947132349014282227e+00 -8.886791229248046875e+00
-1.060205268859863281e+01 -8.111392855644226074e-01 -8.515995025634765625e+00
-9.952540397644042969e+00 -3.299285769462585449e-01 -6.704453945159912109e+00
-8.383221626281738281e+00 -2.017268985509872437e-01 -2.253319740295410156e+00
-6.926132678985595703e+00 1.701830148696899414e+00 -3.686519861221313477e+00
-9.017539978027343750e+00 3.871613442897796631e-01 -6.201520442962646484e+00
-7.577139377593994141e+00 1.441329002380371094e+00 -4.986977577209472656e+00
1.316138553619384766e+01 -5.750676631927490234e+00 4.546818733215332031e+00
1.354477882385253906e+01 -6.482128143310546875e+00 8.453657627105712891e-01
1.302742767333984375e+01 -6.504734039306640625e+00 1.580478668212890625e+00
1.491009235382080078e+01 -6.218050479888916016e+00 2.019667387008666992e+00
1.470343875885009766e+01 -5.322313308715820312e+00 3.139126300811767578e+00
1.193767929077148438e+01 -6.303712844848632812e+00 2.913191556930541992e+00
4.392454624176025391e+00 -1.264934539794921875e+00 4.892850399017333984e+00
5.252916812896728516e+00 -1.043998956680297852e+00 5.972668647766113281e+00
6.651093482971191406e+00 -4.866235733032226562e+00 -1.671648263931274414e+00
8.916779518127441406e+00 -6.287629604339599609e+00 -1.247369170188903809e+00
8.127005577087402344e+00 -6.202477455139160156e+00 -1.091585278511047363e+00
7.451579570770263672e+00 -6.274389743804931641e+00 -5.066462755203247070e-01
2.552651643753051758e+00 -5.429465293884277344e+00 4.015106558799743652e-01
4.295672893524169922e+00 -4.714962005615234375e+00 -1.501020550727844238e+00
5.167834281921386719e+00 -5.114334106445312500e+00 -1.173877954483032227e+00
2.306348562240600586e+00 -4.295392036437988281e+00 -1.264240384101867676e+00
4.115204811096191406e+00 -4.743334770202636719e+00 -1.281843781471252441e+00
5.105995655059814453e+00 -5.583992958068847656e+00 2.091903835535049438e-01
5.805506229400634766e+00 -5.999358654022216797e+00 -6.175903081893920898e-01
3.094387769699096680e+00 -5.502635955810546875e+00 -5.926494002342224121e-01
9.453325271606445312e+00 -5.347748279571533203e+00 3.103688716888427734e+00
9.980058670043945312e+00 -4.876150608062744141e+00 4.854529857635498047e+00
9.933992385864257812e+00 -5.068050384521484375e+00 4.273869037628173828e+00
8.631186485290527344e+00 -4.237543582916259766e+00 5.354065418243408203e+00
8.918071746826171875e+00 -5.031418323516845703e+00 3.149875402450561523e+00
9.022700309753417969e+00 -5.958887577056884766e+00 1.424301385879516602e+00
8.681471824645996094e+00 -6.105018138885498047e+00 9.268500208854675293e-01
5.512821197509765625e+00 -1.348813176155090332e+00 3.999215126037597656e+00
6.168438911437988281e+00 -3.694512128829956055e+00 2.372496366500854492e+00
5.592676162719726562e+00 -3.972108125686645508e+00 1.857249855995178223e+00
4.511539936065673828e+00 -1.907302856445312500e+00 3.051279067993164062e+00
4.602910041809082031e+00 -1.516039490699768066e+00 3.702371120452880859e+00
6.902008533477783203e+00 -2.479760169982910156e+00 4.280863285064697266e+00
6.682222366333007812e+00 -2.008517980575561523e+00 5.448784828186035156e+00
6.544279575347900391e+00 -5.469505310058593750e+00 9.221309423446655273e-01
1.207104492187500000e+01 -4.359351158142089844e+00 5.839308738708496094e+00
1.373704338073730469e+01 -4.776900291442871094e+00 4.594605922698974609e+00
1.260341548919677734e+01 -3.472838163375854492e+00 4.864449501037597656e+00
1.346298027038574219e+01 -3.471536159515380859e+00 3.210084438323974609e+00
7.836768150329589844e+00 -2.954204797744750977e+00 6.610026359558105469e+00
7.392385482788085938e+00 -2.533126354217529297e+00 6.538826942443847656e+00
4.231981277465820312e+00 -6.403613090515136719e-01 6.740048885345458984e+00
9.678436279296875000e+00 -4.148958683013916016e+00 6.421227931976318359e+00
1.042241954803466797e+01 -2.801865339279174805e+00 6.259406566619873047e+00
1.078144836425781250e+01 -2.450165748596191406e+00 5.369631290435791016e+00
8.665490150451660156e+00 -1.573309421539306641e+00 6.222775936126708984e+00
9.003450393676757812e+00 -1.299927711486816406e+00 5.286822319030761719e+00
1.109192180633544922e+01 -2.296208143234252930e+00 4.407087802886962891e+00
1.140356922149658203e+01 -2.054358959197998047e+00 3.432801961898803711e+00
6.605207443237304688e+00 -1.606624841690063477e+00 6.241425991058349609e+00
7.726971149444580078e+00 -1.121518969535827637e+00 6.104415416717529297e+00
6.984788417816162109e+00 -2.020777165889739990e-01 5.546370983123779297e+00
6.237114906311035156e+00 -4.441243410110473633e-01 5.881698608398437500e+00
5.656494617462158203e+00 7.261666059494018555e-01 5.444664955139160156e+00
8.058686256408691406e+00 1.315222382545471191e-01 4.353716373443603516e+00
5.746446132659912109e+00 1.990835309028625488e+00 4.133030891418457031e+00
6.132753372192382812e+00 2.093566417694091797e+00 3.656458854675292969e+00
-2.135185718536376953e+00 -2.799993515014648438e+00 3.776958227157592773e+00
-1.525236725807189941e+00 -3.804399013519287109e+00 1.665591239929199219e+00
-1.478165864944458008e+00 -4.653258800506591797e+00 3.904129564762115479e-01
-1.621918678283691406e+00 -2.866923809051513672e+00 3.498916149139404297e+00
-2.522988617420196533e-01 -2.664936304092407227e+00 2.373754978179931641e+00
-5.072267532348632812e+00 -3.477389812469482422e+00 1.470823764801025391e+00
-4.360105514526367188e+00 -3.316105365753173828e+00 2.205316543579101562e+00
-5.806063652038574219e+00 -2.597676753997802734e+00 3.394788265228271484e+00
-5.279796123504638672e+00 -3.018530368804931641e+00 2.538568735122680664e+00
-4.096637725830078125e+00 -2.828057289123535156e+00 3.384401798248291016e+00
-2.761116743087768555e+00 -1.622120022773742676e+00 4.882405757904052734e+00
-5.655107498168945312e+00 -1.269184350967407227e+00 4.710575580596923828e+00
-5.352222442626953125e+00 -7.386608719825744629e-01 4.912258625030517578e+00
2.508755683898925781e+00 -1.750296235084533691e+00 3.646517992019653320e+00
1.356158018112182617e+00 -9.078984856605529785e-01 4.126000881195068359e+00
-7.141640782356262207e-02 -1.194516539573669434e+00 3.655059337615966797e+00
1.078529715538024902e+00 -3.369169533252716064e-01 4.670128822326660156e+00
2.482847690582275391e+00 -1.128627300262451172e+00 5.267611503601074219e+00
3.496364831924438477e+00 -7.061054110527038574e-01 6.604499340057373047e+00
1.104794383049011230e+00 7.467416524887084961e-01 5.415534496307373047e+00
-3.227765560150146484e+00 -1.392004728317260742e+00 5.013609409332275391e+00
-4.246575355529785156e+00 2.994214892387390137e-01 5.012576580047607422e+00
-2.752814054489135742e+00 5.629290342330932617e-01 5.141784191131591797e+00
-1.173026442527770996e+00 1.616248369216918945e+00 4.415948390960693359e+00
-3.890344381332397461e+00 1.025645375251770020e+00 4.054551124572753906e+00
-3.826855182647705078e+00 1.430473089218139648e+00 2.894020557403564453e+00
-1.801771372556686401e-01 -5.105095863342285156e+00 -8.182708173990249634e-02
2.951990365982055664e-01 -4.964773178100585938e+00 -1.176312714815139771e-01
8.129847049713134766e-01 -4.974925994873046875e+00 2.845251932740211487e-02
1.639828324317932129e+00 -3.812320709228515625e+00 1.409374594688415527e+00
1.480209589004516602e+00 -5.009821891784667969e+00 5.740678310394287109e-01
1.624761104583740234e+00 -3.772715091705322266e+00 -1.361801028251647949e+00
1.874473214149475098e+00 -2.639818191528320312e+00 2.342557668685913086e+00
2.294718503952026367e+00 1.421858906745910645e+00 5.555630207061767578e+00
2.873920440673828125e+00 2.409848928451538086e+00 4.209492206573486328e+00
2.600446462631225586e+00 2.951039075851440430e+00 3.012990713119506836e+00
-8.653628826141357422e-01 2.482732534408569336e+00 2.622706413269042969e+00
-6.694267988204956055e-01 1.952566385269165039e+00 4.194297790527343750e+00
5.668403506278991699e-01 2.548942804336547852e+00 3.252986907958984375e+00
-1.730233788490295410e+00 3.175391912460327148e+00 1.094978079199790955e-01
-7.586493968963623047e+00 -2.460064649581909180e+00 3.555668830871582031e+00
-7.329227447509765625e+00 -1.425462126731872559e+00 4.218754768371582031e+00
-7.960599899291992188e+00 -8.147048354148864746e-01 2.908130168914794922e+00
-6.812236309051513672e+00 -1.162610530853271484e+00 4.464525222778320312e+00
-7.015765190124511719e+00 -3.688804805278778076e-01 3.061675548553466797e+00
-6.419509887695312500e+00 1.879156529903411865e-01 1.420771360397338867e+00
-6.218508720397949219e+00 1.384093314409255981e-01 2.392364263534545898e+00
-6.924433708190917969e+00 2.280277758836746216e-01 -8.140399456024169922e-01
-3.746453762054443359e+00 1.654076695442199707e+00 1.848929166793823242e+00
-5.361899852752685547e+00 2.015218019485473633e+00 -1.992770433425903320e+00
-3.647310733795166016e+00 3.034655570983886719e+00 -1.668778181076049805e+00
3.386897087097167969e+00 5.581758618354797363e-01 6.410377502441406250e+00
2.987199783325195312e+00 1.658357381820678711e+00 5.330976963043212891e+00
3.828125715255737305e+00 1.990990996360778809e+00 4.732395172119140625e+00
4.526639461517333984e+00 2.577991008758544922e+00 3.719201087951660156e+00
3.876021862030029297e+00 3.137231588363647461e+00 2.952898979187011719e+00
7.764601707458496094e+00 -4.931464672088623047e+00 -3.959935426712036133e+00
2.377545595169067383e+00 -5.077334880828857422e+00 -3.053413629531860352e+00
5.496455669403076172e+00 -4.750636100769042969e+00 -2.524234056472778320e+00
6.323259830474853516e+00 -4.705262660980224609e+00 -2.971663713455200195e+00
3.033938646316528320e+00 -5.017682075500488281e+00 -2.934895515441894531e+00
2.090762138366699219e+00 -5.932378292083740234e+00 -5.251331806182861328e+00
2.627567768096923828e+00 -5.810084819793701172e+00 -6.252723217010498047e+00
3.890642881393432617e+00 -5.143275260925292969e+00 -5.597312927246093750e+00
5.925172328948974609e+00 -4.827692985534667969e+00 -3.730793714523315430e+00
7.161020278930664062e+00 -4.983040809631347656e+00 -4.067964076995849609e+00
2.443433761596679688e+00 -5.622626781463623047e+00 -8.458245277404785156e+00
8.323918342590332031e+00 -4.995543956756591797e+00 -6.005974292755126953e+00
3.300477981567382812e+00 -5.333875179290771484e+00 -7.115236282348632812e+00
3.713102340698242188e+00 -4.725173473358154297e+00 -7.898329734802246094e+00
6.290662288665771484e+00 -5.081585884094238281e+00 -5.375852108001708984e+00
7.410114288330078125e+00 -4.941959381103515625e+00 -6.328308105468750000e+00
5.879315376281738281e+00 -4.185171127319335938e+00 -7.249156475067138672e+00
7.536717891693115234e+00 -4.041621685028076172e+00 -7.366199016571044922e+00
5.589836597442626953e+00 -3.868772983551025391e+00 -7.627477169036865234e+00
5.159907817840576172e+00 -2.843063354492187500e+00 -8.642787933349609375e+00
5.232582092285156250e+00 -2.084260702133178711e+00 -8.895520210266113281e+00
-3.349602699279785156e+00 -7.970835208892822266e+00 -1.205580043792724609e+01
-3.131268978118896484e+00 -8.215380668640136719e+00 -1.051667690277099609e+01
-3.961609601974487305e+00 -7.543615341186523438e+00 -1.315874767303466797e+01
-1.582120656967163086e+00 -6.563359260559082031e+00 -1.324208736419677734e+01
-3.556771516799926758e+00 -6.334942340850830078e+00 -1.446014595031738281e+01
-3.374686479568481445e+00 -5.281435966491699219e+00 -1.519275951385498047e+01
-6.631795883178710938e+00 -6.537599086761474609e+00 -1.317190742492675781e+01
-7.072825431823730469e+00 -6.213822841644287109e+00 -1.318979454040527344e+01
-7.759356021881103516e+00 -5.233064174652099609e+00 -1.367574882507324219e+01
-5.720072746276855469e+00 -7.132536411285400391e+00 -1.307802104949951172e+01
-8.474705696105957031e+00 -5.365633964538574219e+00 -1.256420230865478516e+01
-7.364904403686523438e+00 -4.565646648406982422e+00 -1.457324981689453125e+01
-4.150624275207519531e+00 -5.536669254302978516e+00 -1.503077602386474609e+01
-5.996105670928955078e+00 -4.383243083953857422e+00 -1.525663948059082031e+01
-2.711678743362426758e+00 -5.388005256652832031e+00 -1.501378822326660156e+01
-2.177273988723754883e+00 -4.296006679534912109e+00 -1.536978912353515625e+01
-3.722776651382446289e+00 -3.716200828552246094e+00 -1.575286579132080078e+01
-2.790520668029785156e+00 -3.187736034393310547e+00 -1.571621799468994141e+01
-4.989772319793701172e+00 -2.650556087493896484e+00 -1.594037437438964844e+01
-3.921231508255004883e+00 -1.504949092864990234e+00 -1.593512439727783203e+01
-9.302597045898437500e+00 -4.441452026367187500e+00 -1.222118377685546875e+01
-8.936810493469238281e+00 -4.001831054687500000e+00 -1.344447517395019531e+01
-9.912971496582031250e+00 -2.862824678421020508e+00 -1.234568786621093750e+01
-1.040181446075439453e+01 -1.438980698585510254e+00 -1.151873588562011719e+01
-8.550701141357421875e+00 -3.348800659179687500e+00 -1.435972976684570312e+01
-7.692761421203613281e+00 -2.966781616210937500e+00 -1.519734859466552734e+01
-9.822565078735351562e+00 -9.231574535369873047e-01 -1.328214454650878906e+01
-9.376159667968750000e+00 -3.276147246360778809e-01 -1.420405292510986328e+01
-8.488639831542968750e+00 -9.513853788375854492e-01 -1.507340335845947266e+01
-7.136278629302978516e+00 1.606644243001937866e-01 -1.576851654052734375e+01
-7.627998352050781250e+00 8.148897886276245117e-01 -1.553525733947753906e+01
-1.521687865257263184e+00 -7.556781768798828125e+00 -6.888739109039306641e+00
-4.209503233432769775e-01 -7.156955718994140625e+00 -8.631881713867187500e+00
7.385360449552536011e-02 -6.570038318634033203e+00 -5.590453624725341797e+00
6.194262504577636719e-01 -6.686305999755859375e+00 -6.757465362548828125e+00
-2.398887127637863159e-01 -6.930765628814697266e+00 -9.610915184020996094e+00
-5.090586096048355103e-02 -5.895441055297851562e+00 -1.240217018127441406e+01
1.352833271026611328e+00 -6.390268325805664062e+00 -6.419962406158447266e+00
2.021559476852416992e+00 -5.952951908111572266e+00 -8.191319465637207031e+00
-7.604786157608032227e-01 -5.087697505950927734e+00 -1.430408954620361328e+01
1.024716854095458984e+00 -4.963295936584472656e+00 -1.243822002410888672e+01
-1.230333685874938965e+00 -3.740631103515625000e+00 -1.520315074920654297e+01
-1.922917664051055908e-01 -3.007977008819580078e+00 -1.485978031158447266e+01
1.960531711578369141e+00 -5.053879261016845703e+00 -1.069812107086181641e+01
-1.087662577629089355e+00 -2.406235694885253906e+00 -1.528212547302246094e+01
-1.307496309280395508e+00 -1.698082804679870605e+00 -1.534118366241455078e+01
2.142333507537841797e+00 -3.536718606948852539e+00 -1.149294662475585938e+01
8.845483064651489258e-01 -1.870489120483398438e+00 -1.348693847656250000e+01
7.967184185981750488e-01 -1.144641041755676270e+00 -1.333415508270263672e+01
-2.606290340423583984e+00 -1.779580235481262207e+00 -1.569978141784667969e+01
-2.675864458084106445e+00 -8.101486563682556152e-01 -1.564196491241455078e+01
-5.085607051849365234e+00 4.533495306968688965e-01 -1.588793754577636719e+01
-2.887032032012939453e+00 1.006693124771118164e+00 -1.536720561981201172e+01
-2.164813995361328125e+00 1.173663616180419922e+00 -1.512448787689208984e+01
-4.980461895465850830e-01 1.148713111877441406e+00 -1.389013671875000000e+01
-2.882552146911621094e+00 2.079483270645141602e+00 -1.503558254241943359e+01
-2.466264247894287109e+00 2.787478685379028320e+00 -1.464627075195312500e+01
2.704516172409057617e+00 -3.968928098678588867e+00 -1.033809185028076172e+01
3.522458314895629883e+00 -2.613187551498413086e+00 -1.011341857910156250e+01
3.013790845870971680e+00 -1.849772930145263672e+00 -1.085372829437255859e+01
9.643502235412597656e-01 -2.823119759559631348e-01 -1.281332397460937500e+01
1.482826471328735352e+00 4.834067076444625854e-03 -1.211030864715576172e+01
2.348920345306396484e+00 -2.204196304082870483e-01 -1.122704696655273438e+01
1.081082224845886230e+00 4.150435626506805420e-01 -1.233613967895507812e+01
-1.051351547241210938e+01 -9.659327268600463867e-01 -1.099215412139892578e+01
-9.968735694885253906e+00 6.891850233078002930e-01 -1.292174053192138672e+01
-1.030447864532470703e+01 -1.506301015615463257e-02 -1.048550701141357422e+01
-1.007385921478271484e+01 -1.196099072694778442e-01 -9.023377418518066406e+00
-9.728206634521484375e+00 5.457215905189514160e-01 -1.002619361877441406e+01
-9.965347290039062500e+00 9.251183271408081055e-01 -1.155108070373535156e+01
-9.435460090637207031e+00 2.036212921142578125e+00 -1.278330039978027344e+01
-8.824767112731933594e+00 1.400687694549560547e+00 -9.339575767517089844e+00
-8.417101860046386719e+00 2.398515224456787109e+00 -1.037456321716308594e+01
-8.200015068054199219e+00 1.159539103507995605e+00 -6.068557739257812500e+00
-7.963631629943847656e+00 1.596235752105712891e+00 -7.148975849151611328e+00
-8.286539077758789062e+00 1.884137988090515137e+00 -8.734155654907226562e+00
-7.901926994323730469e+00 2.550576686859130859e+00 -9.730297088623046875e+00
-6.299408435821533203e+00 2.699888706207275391e+00 -7.677592277526855469e+00
-6.215470314025878906e+00 3.009011268615722656e+00 -8.160747528076171875e+00
-8.636178016662597656e+00 2.203562259674072266e+00 -1.429123020172119141e+01
-8.036865234375000000e+00 2.231220006942749023e+00 -1.473082733154296875e+01
-7.637846469879150391e+00 3.442136764526367188e+00 -1.351275730133056641e+01
-6.655949592590332031e+00 4.262943267822265625e+00 -1.313807106018066406e+01
-6.100957393646240234e+00 1.894811987876892090e+00 -1.547574043273925781e+01
-5.845238208770751953e+00 2.184083938598632812e+00 -1.532644462585449219e+01
-5.171172618865966797e+00 3.966197967529296875e+00 -1.412130641937255859e+01
-4.615451812744140625e+00 3.959160089492797852e+00 -1.424836158752441406e+01
-5.868043899536132812e+00 3.769890785217285156e+00 -1.412478733062744141e+01
-8.273546218872070312e+00 3.283255100250244141e+00 -1.224725532531738281e+01
-6.243710041046142578e+00 4.413362979888916016e+00 -1.238111305236816406e+01
-5.556602478027343750e+00 4.381223678588867188e+00 -1.074365901947021484e+01
-3.389024972915649414e+00 4.232085704803466797e+00 -1.348795986175537109e+01
-3.170685529708862305e+00 4.293963909149169922e+00 -1.287030506134033203e+01
-5.220342159271240234e+00 4.433147907257080078e+00 -1.221939468383789062e+01
-4.469094753265380859e+00 4.633780002593994141e+00 -1.232622814178466797e+01
-3.216619014739990234e+00 4.684523105621337891e+00 -1.144332218170166016e+01
-4.958014965057373047e+00 4.784629821777343750e+00 -1.084841251373291016e+01
-3.795641422271728516e+00 4.890718936920166016e+00 -1.117157649993896484e+01
-6.641098976135253906e+00 3.683808565139770508e+00 -1.050139808654785156e+01
-5.932174682617187500e+00 3.623301982879638672e+00 -9.034288406372070312e+00
3.057022809982299805e+00 -1.945217251777648926e-01 -1.030051994323730469e+01
-1.392948925495147705e-01 1.526545047760009766e+00 -1.287758064270019531e+01
-2.114287614822387695e+00 3.220058202743530273e+00 -1.359498310089111328e+01
9.952204227447509766e-01 7.988342046737670898e-01 -1.168847084045410156e+01
-1.054243326187133789e+00 2.882627010345458984e+00 -1.233854484558105469e+01
-2.713666677474975586e+00 3.844613075256347656e+00 -1.327038764953613281e+01
-1.649662256240844727e+00 3.645490884780883789e+00 -1.187537384033203125e+01
1.144302940368652344e+01 -6.547391891479492188e+00 -3.359481573104858398e+00
1.333129405975341797e+01 -6.801425457000732422e+00 -1.684098839759826660e+00
1.118021965026855469e+01 -6.463167667388916016e+00 -8.236005306243896484e-01
1.098652076721191406e+01 -6.483325958251953125e+00 -2.583296298980712891e+00
1.436061859130859375e+01 -6.986772537231445312e+00 -5.002676963806152344e+00
1.199676132202148438e+01 -6.611052513122558594e+00 -3.960287094116210938e+00
1.270493316650390625e+01 -6.592316150665283203e+00 -5.456345081329345703e+00
1.315603923797607422e+01 -6.917152404785156250e+00 -3.644792556762695312e+00
1.563563919067382812e+01 -7.075617790222167969e+00 -3.572718858718872070e+00
1.607602691650390625e+01 -5.997183799743652344e+00 -4.158930778503417969e+00
1.625053977966308594e+01 -6.555769443511962891e+00 -1.140479922294616699e+00
1.638133621215820312e+01 -5.754418849945068359e+00 -2.023029565811157227e+00
1.458633422851562500e+01 -6.690805912017822266e+00 9.416378289461135864e-02
1.482170677185058594e+01 -7.020152568817138672e+00 -1.519985795021057129e+00
1.537431812286376953e+01 -6.351016044616699219e+00 1.010139942169189453e+00
1.477896213531494141e+01 -4.259946346282958984e+00 2.042674541473388672e+00
1.513002872467041016e+01 -4.341912269592285156e+00 9.288481473922729492e-01
1.432147789001464844e+01 -3.458819150924682617e+00 1.060680150985717773e+00
1.582271099090576172e+01 -4.953805923461914062e+00 -3.330785036087036133e+00
1.524576568603515625e+01 -4.095121860504150391e+00 -2.552163362503051758e+00
1.521517086029052734e+01 -4.038501262664794922e+00 -9.848700165748596191e-01
1.498322391510009766e+01 -3.679909706115722656e+00 -1.491653442382812500e+00
1.434801197052001953e+01 -2.909924983978271484e+00 -8.641516566276550293e-01
1.381672191619873047e+01 -6.759826183319091797e+00 -6.222726345062255859e+00
1.526112651824951172e+01 -5.968289375305175781e+00 -6.521991252899169922e+00
1.237536716461181641e+01 -6.464503288269042969e+00 -6.641036033630371094e+00
1.291746807098388672e+01 -5.925599575042724609e+00 -7.424689292907714844e+00
1.593680381774902344e+01 -5.880685329437255859e+00 -5.616023063659667969e+00
1.563229274749755859e+01 -5.106304645538330078e+00 -5.915551185607910156e+00
1.505868911743164062e+01 -4.436585426330566406e+00 -5.522480964660644531e+00
1.326267337799072266e+01 -5.534558296203613281e+00 -7.280921459197998047e+00
1.263381290435791016e+01 -4.980949878692626953e+00 -6.591012954711914062e+00
1.350097274780273438e+01 -4.495685100555419922e+00 -6.073229312896728516e+00
1.363401317596435547e+01 -3.401950359344482422e+00 -4.924548625946044922e+00
1.501512527465820312e+01 -3.762611389160156250e+00 -2.797638416290283203e+00
1.494839096069335938e+01 -3.763982057571411133e+00 -4.484399318695068359e+00
1.439595508575439453e+01 -2.918991804122924805e+00 -3.734431266784667969e+00
1.016930294036865234e+01 -6.021335601806640625e+00 -2.737480878829956055e+00
6.993157386779785156e+00 -4.780757427215576172e+00 -2.370476245880126953e+00
7.280736446380615234e+00 -4.856666088104248047e+00 -1.945660829544067383e+00
6.846181392669677734e+00 -4.716430664062500000e+00 -2.932498216629028320e+00
1.049104595184326172e+01 -6.305601119995117188e+00 -2.333086729049682617e+00
9.018007278442382812e+00 -5.549707889556884766e+00 -1.940729141235351562e+00
7.952890396118164062e+00 -5.123236656188964844e+00 -1.577861785888671875e+00
9.603245735168457031e+00 -5.552004814147949219e+00 -3.429670095443725586e+00
9.959741592407226562e+00 -5.566380023956298828e+00 -4.653685569763183594e+00
8.334349632263183594e+00 -5.011621952056884766e+00 -3.955695152282714844e+00
1.356862354278564453e+01 -2.230242729187011719e+00 -1.061504241079092026e-02
1.220583057403564453e+01 -8.814151883125305176e-01 -1.032547235488891602e+00
1.097112178802490234e+01 -5.977997779846191406e+00 -5.483421325683593750e+00
1.103527069091796875e+01 -5.435072898864746094e+00 -6.015933513641357422e+00
9.600630760192871094e+00 -5.086423397064208984e+00 -5.191004276275634766e+00
1.172633266448974609e+01 -4.714822292327880859e+00 -6.151925563812255859e+00
9.187808036804199219e+00 -4.329199314117431641e+00 -6.405378341674804688e+00
1.040744304656982422e+01 -3.553055286407470703e+00 -5.848903656005859375e+00
1.248107051849365234e+01 -3.702090024948120117e+00 -5.428498744964599609e+00
1.065258884429931641e+01 -3.212448120117187500e+00 -5.642415046691894531e+00
1.067511081695556641e+01 -2.284080505371093750e+00 -5.223385810852050781e+00
8.546172142028808594e+00 -3.688481330871582031e+00 -7.020364284515380859e+00
9.054965019226074219e+00 -3.091443300247192383e+00 -6.552524566650390625e+00
8.056911468505859375e+00 -2.037009716033935547e+00 -6.897248744964599609e+00
1.040654754638671875e+01 -1.619447469711303711e+00 -5.085544109344482422e+00
8.257610321044921875e+00 -1.713542103767395020e+00 -6.628242969512939453e+00
8.748991966247558594e+00 -4.919019341468811035e-01 -5.826468944549560547e+00
7.280845165252685547e+00 -1.721386611461639404e-01 -6.905970573425292969e+00
1.329696750640869141e+01 -2.142361879348754883e+00 -4.042657375335693359e+00
1.347915935516357422e+01 -1.703751683235168457e+00 -1.918386578559875488e+00
1.323329544067382812e+01 -1.339037656784057617e+00 -3.133262157440185547e+00
1.241881847381591797e+01 -4.567278623580932617e-01 -2.219783782958984375e+00
1.206648254394531250e+01 -1.354633569717407227e-01 -2.824607133865356445e+00
1.242185211181640625e+01 -1.935884714126586914e+00 -4.335924148559570312e+00
1.121922397613525391e+01 -1.247946977615356445e+00 -4.460683822631835938e+00
1.150945281982421875e+01 -5.859338045120239258e-01 -3.849932432174682617e+00
1.018438243865966797e+01 1.552869319915771484e+00 -1.732922792434692383e+00
9.301857948303222656e+00 2.370923757553100586e+00 -2.876967430114746094e+00
9.335740089416503906e+00 2.294621467590332031e+00 -3.348353862762451172e+00
8.577836036682128906e+00 2.926547288894653320e+00 -2.364378690719604492e+00
1.021183013916015625e+01 -9.265509843826293945e-01 -4.980264663696289062e+00
1.065563201904296875e+01 2.871375381946563721e-01 -4.111087799072265625e+00
8.364293098449707031e+00 1.198046058416366577e-01 -5.841561794281005859e+00
7.011287689208984375e+00 9.747120141983032227e-01 -6.414597988128662109e+00
1.384824466705322266e+01 -3.555026054382324219e+00 2.602428197860717773e+00
1.243607711791992188e+01 -2.480304241180419922e+00 2.882440805435180664e+00
1.121937465667724609e+01 -9.148560166358947754e-01 1.375792145729064941e+00
1.142213344573974609e+01 -6.896306276321411133e-01 2.530460357666015625e-01
9.895684242248535156e+00 -5.332626104354858398e-01 2.979096412658691406e+00
8.791149139404296875e+00 8.236985802650451660e-01 2.508862018585205078e+00
9.363354682922363281e+00 5.393897294998168945e-01 1.994648814201354980e+00
7.274615764617919922e+00 1.874103069305419922e+00 2.876360416412353516e+00
7.135325908660888672e+00 2.611374139785766602e+00 1.791228055953979492e+00
9.778901100158691406e+00 8.426823019981384277e-01 3.104966282844543457e-01
1.005100154876708984e+01 1.287074089050292969e+00 -1.000371456146240234e+00
7.982914924621582031e+00 2.587402582168579102e+00 4.050064682960510254e-01
3.350438594818115234e+00 4.274974822998046875e+00 -3.466333746910095215e-01
6.217847347259521484e+00 3.536446332931518555e+00 2.724358439445495605e-01
5.479364871978759766e+00 4.039426326751708984e+00 -2.226123809814453125e+00
3.671308994293212891e+00 4.391052722930908203e+00 -6.841989755630493164e-01
2.847280025482177734e+00 3.819397687911987305e+00 -2.455760002136230469e+00
2.958780527114868164e+00 3.504082679748535156e+00 -3.326379299163818359e+00
-9.878184795379638672e-01 3.795950889587402344e+00 -7.639678716659545898e-01
2.145072937011718750e+00 3.135609865188598633e+00 -4.381577968597412109e+00
9.233500808477401733e-03 4.159227371215820312e+00 -3.143089056015014648e+00
3.058035671710968018e-01 3.706824302673339844e+00 -4.696490764617919922e+00
2.379713535308837891e+00 3.804063320159912109e+00 -2.565151214599609375e+00
5.100596904754638672e+00 -8.791167736053466797e-01 -8.890140533447265625e+00
2.940675258636474609e+00 3.024197518825531006e-01 -9.603969573974609375e+00
5.060524463653564453e+00 4.972239136695861816e-01 -8.104456901550292969e+00
3.639409542083740234e+00 5.538572072982788086e-01 -8.962670326232910156e+00
2.521443843841552734e+00 4.966417253017425537e-01 -9.797731399536132812e+00
1.544948935508728027e+00 1.845638990402221680e+00 -9.909684181213378906e+00
3.295013606548309326e-01 3.146430015563964844e+00 -9.155072212219238281e+00
1.114953532814979553e-01 3.000447988510131836e+00 -1.045649147033691406e+01
5.654949188232421875e+00 2.800685644149780273e+00 -4.852489471435546875e+00
6.158812999725341797e+00 1.876247286796569824e+00 -6.081228733062744141e+00
4.698110103607177734e+00 2.682571411132812500e+00 -5.239722728729248047e+00
4.792866706848144531e+00 2.370611667633056641e+00 -5.950052261352539062e+00
6.613519668579101562e+00 3.750027418136596680e+00 -2.718592405319213867e+00
6.581426620483398438e+00 1.272954702377319336e+00 -6.415916919708251953e+00
5.708823680877685547e+00 1.657503247261047363e+00 -6.591866016387939453e+00
4.855028152465820312e+00 1.764859318733215332e+00 -7.023663043975830078e+00
2.735360860824584961e+00 2.843948841094970703e+00 -5.057541370391845703e+00
2.812494993209838867e+00 2.080108642578125000e+00 -7.353667736053466797e+00
2.024923563003540039e+00 2.322142601013183594e+00 -6.807901859283447266e+00
9.316491335630416870e-02 3.299805164337158203e+00 -6.268888473510742188e+00
2.691919505596160889e-01 2.956004619598388672e+00 -7.755743503570556641e+00
3.007377684116363525e-01 3.027796030044555664e+00 -8.134840965270996094e+00
-3.297054290771484375e+00 3.399984598159790039e+00 -2.584350585937500000e+00
-5.634136199951171875e+00 3.067521095275878906e+00 -7.730843544006347656e+00
-4.809042453765869141e+00 3.484968900680541992e+00 -7.635244369506835938e+00
-4.259115695953369141e+00 3.353537321090698242e+00 -6.673682689666748047e+00
-2.167280435562133789e+00 3.286430120468139648e+00 -2.304220646619796753e-01
-1.890039205551147461e+00 3.752227067947387695e+00 -1.354168176651000977e+00
-1.528433918952941895e+00 4.096497058868408203e+00 -2.468571662902832031e+00
-1.354071378707885742e+00 4.393587112426757812e+00 -3.692937135696411133e+00
-1.183219671249389648e+00 4.401053905487060547e+00 -4.986491203308105469e+00
-4.800284862518310547e+00 4.079920291900634766e+00 -8.505307197570800781e+00
-4.505410671234130859e+00 4.556911468505859375e+00 -9.024510383605957031e+00
-1.981891632080078125e+00 4.462395668029785156e+00 -7.510252952575683594e+00
-3.350792407989501953e+00 4.458935737609863281e+00 -8.331249237060546875e+00
-1.540964722633361816e+00 3.653290510177612305e+00 -1.119829273223876953e+01
-1.228577017784118652e+00 3.507571220397949219e+00 -1.106251811981201172e+01
-3.828082084655761719e+00 4.853404045104980469e+00 -1.070460987091064453e+01
-2.048259496688842773e+00 4.181029319763183594e+00 -9.849535942077636719e+00
-3.117713332176208496e-01 3.480039358139038086e+00 -9.964995384216308594e+00
-2.160181999206542969e+00 4.560883045196533203e+00 -6.119927883148193359e+00
5.280715465545654297e+00 3.167791843414306641e+00 2.338538169860839844e+00
6.040993690490722656e+00 3.116107225418090820e+00 1.768908739089965820e+00
1.964187741279602051e+00 7.002986073493957520e-01 -1.028478240966796875e+01
-5.173896551132202148e-01 2.794687986373901367e+00 -1.161427497863769531e+01
4.405507147312164307e-01 2.522820711135864258e+00 -1.076741027832031250e+01
