1.565076708793640137e+00 -4.930149555206298828e+00 -2.720539808273315430e+00
2.284152746200561523e+00 -4.772624969482421875e+00 -1.937623381614685059e+00
1.520121216773986816e+00 -4.782522678375244141e+00 -2.318353652954101562e+00
-5.068940639495849609e+00 -8.108783721923828125e+00 -7.822524070739746094e+00
-4.999743938446044922e+00 -8.061404228210449219e+00 -1.156814193725585938e+01
-4.185165405273437500e+00 -8.321215629577636719e+00 -9.419714927673339844e+00
-7.270961761474609375e+00 -7.468633651733398438e+00 -7.059150218963623047e+00
-7.775154590606689453e+00 -7.351043701171875000e+00 -7.967437744140625000e+00
-5.692572116851806641e+00 -8.128792762756347656e+00 -9.824066162109375000e+00
-6.220829010009765625e+00 -7.997664928436279297e+00 -9.061955451965332031e+00
-6.481035709381103516e+00 -7.345011711120605469e+00 -1.205484771728515625e+01
-8.411233901977539062e+00 -6.367634773254394531e+00 -1.057583236694335938e+01
-8.333868980407714844e+00 -6.190594196319580078e+00 -1.129469776153564453e+01
-9.642402648925781250e+00 -5.266904830932617188e+00 -8.363366127014160156e+00
-1.005051040649414062e+01 -4.325197219848632812e+00 -8.716244697570800781e+00
-9.587015151977539062e+00 -4.642333507537841797e+00 -1.086835956573486328e+01
-8.220055580139160156e+00 -6.690405368804931641e+00 -5.445823192596435547e+00
-9.067399024963378906e+00 -6.091796875000000000e+00 -4.930953502655029297e+00
-7.967829227447509766e+00 -5.744762897491455078e+00 -3.405728816986083984e+00
-8.496393203735351562e+00 -5.228489875793457031e+00 -2.226841688156127930e+00
-6.958158969879150391e+00 -5.439552783966064453e+00 -3.113421678543090820e+00
-2.592256546020507812e+00 -5.024466991424560547e+00 -1.557267665863037109e+00
-3.372653961181640625e+00 -4.878729820251464844e+00 -5.900191068649291992e-01
-1.438278079032897949e+00 -4.976261615753173828e+00 -2.534278035163879395e-01
-7.378600597381591797e+00 -3.212817192077636719e+00 2.308972597122192383e+00
-5.354909896850585938e+00 -3.511286258697509766e+00 1.275090217590332031e+00
-3.859733581542968750e+00 -5.064534664154052734e+00 -2.141614675521850586e+00
-7.304290771484375000e+00 -4.796814918518066406e+00 -1.627270340919494629e+00
-6.307623863220214844e+00 -5.165016651153564453e+00 -2.788820505142211914e+00
-3.738790988922119141e+00 -4.413303375244140625e+00 1.290802210569381714e-01
-4.768022537231445312e+00 -7.278664112091064453e+00 -5.295421123504638672e+00
-4.545268058776855469e+00 -6.496382236480712891e+00 -4.093192100524902344e+00
-2.280019998550415039e+00 -7.655434608459472656e+00 -6.417554855346679688e+00
-2.884273529052734375e+00 -7.166935920715332031e+00 -5.068145275115966797e+00
-2.213862180709838867e+00 -7.176854133605957031e+00 -5.300158977508544922e+00
-1.355099916458129883e+00 -6.800899028778076172e+00 -5.046297550201416016e+00
-2.779024600982666016e+00 -6.775386810302734375e+00 -4.441754341125488281e+00
-5.267598628997802734e+00 -6.849939346313476562e+00 -4.679699897766113281e+00
-6.153801918029785156e+00 -7.666609764099121094e+00 -6.742530345916748047e+00
-8.704494476318359375e+00 -6.651181697845458984e+00 -6.455111503601074219e+00
-1.415551543235778809e+00 -4.972168922424316406e+00 -1.846504092216491699e+00
-9.326006770133972168e-01 -5.034319877624511719e+00 -2.286502361297607422e+00
-2.239998340606689453e+00 -5.117845535278320312e+00 -2.031635522842407227e+00
-3.483308553695678711e-01 -5.074669361114501953e+00 -1.210458159446716309e+00
6.363356113433837891e-01 -4.606934547424316406e+00 -1.609813809394836426e+00
-8.125538229942321777e-01 -5.401266574859619141e+00 -3.025409221649169922e+00
-5.499664228409528732e-03 -5.498603343963623047e+00 -3.348931550979614258e+00
6.116915941238403320e-01 -4.759185791015625000e+00 -2.134314775466918945e+00
-9.514304161071777344e+00 -4.811159133911132812e+00 -2.046262502670288086e+00
-9.940413475036621094e+00 -4.891396045684814453e+00 -4.680684089660644531e+00
-9.351603507995605469e+00 -5.581204891204833984e+00 -3.831875562667846680e+00
-1.019602298736572266e+01 -3.758903741836547852e+00 -3.289456605911254883e+00
-1.031996917724609375e+01 -3.586165666580200195e+00 -4.716395854949951172e+00
-9.120291709899902344e+00 -4.088288784027099609e+00 3.082672059535980225e-01
-9.779052734375000000e+00 -4.171000957489013672e+00 -1.411047458648681641e+00
-9.819024085998535156e+00 -3.230924844741821289e+00 -2.815851569175720215e-01
-9.598031997680664062e+00 -2.927170515060424805e+00 9.004759192466735840e-01
-9.111535072326660156e+00 -2.721321105957031250e+00 2.165365934371948242e+00
-9.278335571289062500e+00 -1.630632996559143066e+00 1.267345428466796875e+00
-1.017237663269042969e+01 -2.694183349609375000e+00 -2.524990081787109375e+00
-1.009691524505615234e+01 -1.608960390090942383e+00 -2.653302669525146484e+00
-9.464355468750000000e+00 -1.293338298797607422e+00 -8.897154331207275391e-01
-7.936381340026855469e+00 -4.177984297275543213e-01 -6.476015448570251465e-01
-1.006314373016357422e+01 -4.635549068450927734e+00 -5.546095848083496094e+00
-1.034792518615722656e+01 -3.652384996414184570e+00 -5.425395011901855469e+00
-1.053358745574951172e+01 -2.258186101913452148e+00 -5.302051067352294922e+00
-1.059086322784423828e+01 -2.099040508270263672e+00 -5.872241020202636719e+00
-1.008318805694580078e+01 -6.579079627990722656e-01 -5.354146480560302734e+00
-1.058950901031494141e+01 -2.843758106231689453e+00 -7.961834907531738281e+00
-1.071231651306152344e+01 -1.947666764259338379e+00 -8.887145996093750000e+00
-1.060069465637207031e+01 -8.122968077659606934e-01 -8.517310142517089844e+00
-9.951189994812011719e+00 -3.316396772861480713e-01 -6.706300258636474609e+00
-8.382870674133300781e+00 -2.020147740840911865e-01 -2.253928661346435547e+00
-6.926413536071777344e+00 1.699800014495849609e+00 -3.687360763549804688e+00
-9.016527175903320312e+00 3.851456046104431152e-01 -6.203647613525390625e+00
-7.577466487884521484e+00 1.438393115997314453e+00 -4.989072322845458984e+00
1.353361415863037109e+01 -4.738451480865478516e+00 3.955003738403320312e+00
1.364059925079345703e+01 -6.139601230621337891e+00 6.105546355247497559e-01
1.315231037139892578e+01 -5.845940589904785156e+00 1.248184084892272949e+00
1.511763763427734375e+01 -5.717005252838134766e+00 1.656332731246948242e+00
1.513136863708496094e+01 -4.592552661895751953e+00 2.569090127944946289e+00
1.212019157409667969e+01 -5.267170906066894531e+00 2.426347970962524414e+00
4.503157615661621094e+00 -1.060440897941589355e+00 4.715441226959228516e+00
5.432868003845214844e+00 -7.073417305946350098e-01 5.719818115234375000e+00
6.663930416107177734e+00 -4.831535816192626953e+00 -1.713329195976257324e+00
8.948186874389648438e+00 -6.219557762145996094e+00 -1.304498314857482910e+00
8.154176712036132812e+00 -6.147182464599609375e+00 -1.142414689064025879e+00
7.474495887756347656e+00 -6.229874134063720703e+00 -5.486469268798828125e-01
2.556657314300537109e+00 -5.422788143157958984e+00 3.934251368045806885e-01
4.304523944854736328e+00 -4.697998523712158203e+00 -1.521107673645019531e+00
5.180849075317382812e+00 -5.091128349304199219e+00 -1.201965451240539551e+00
2.315185308456420898e+00 -4.279430866241455078e+00 -1.279461860656738281e+00
4.123787879943847656e+00 -4.727350234985351562e+00 -1.300614237785339355e+00
5.115829467773437500e+00 -5.570353031158447266e+00 1.923580318689346313e-01
5.824250221252441406e+00 -5.968505859375000000e+00 -6.517715454101562500e-01
3.102795362472534180e+00 -5.490003585815429688e+00 -6.066997647285461426e-01
9.529259681701660156e+00 -5.012854099273681641e+00 2.922959089279174805e+00
1.025101184844970703e+01 -4.285641670227050781e+00 4.510653018951416016e+00
1.009474849700927734e+01 -4.619498252868652344e+00 4.025579929351806641e+00
8.921646118164062500e+00 -3.638731956481933594e+00 4.995985507965087891e+00
8.980287551879882812e+00 -4.846698284149169922e+00 3.041836500167846680e+00
9.057146072387695312e+00 -5.843578815460205078e+00 1.354880332946777344e+00
8.705355644226074219e+00 -6.057068347930908203e+00 8.848205804824829102e-01
5.585226535797119141e+00 -1.160830259323120117e+00 3.797573328018188477e+00
6.185781955718994141e+00 -3.637899875640869141e+00 2.316189289093017578e+00
5.604203701019287109e+00 -3.945459842681884766e+00 1.826305747032165527e+00
4.535522460937500000e+00 -1.860807180404663086e+00 2.981137514114379883e+00
4.657271862030029297e+00 -1.403387427330017090e+00 3.568366765975952148e+00
6.956541538238525391e+00 -2.291124105453491211e+00 4.116745471954345703e+00
6.833097934722900391e+00 -1.675543665885925293e+00 5.198008060455322266e+00
6.559152603149414062e+00 -5.437062740325927734e+00 8.908597826957702637e-01
1.249941635131835938e+01 -3.376805543899536133e+00 5.198090553283691406e+00
1.429799079895019531e+01 -3.753919601440429688e+00 3.880764961242675781e+00
1.313383960723876953e+01 -2.529818058013916016e+00 4.292242527008056641e+00
1.391948890686035156e+01 -2.684733390808105469e+00 2.701473474502563477e+00
8.141439437866210938e+00 -2.449447154998779297e+00 6.280178070068359375e+00
7.681529045104980469e+00 -2.062160253524780273e+00 6.232163429260253906e+00
4.431566715240478516e+00 -3.704752326011657715e-01 6.503477096557617188e+00
1.006855487823486328e+01 -3.410053253173828125e+00 5.924581527709960938e+00
1.084128665924072266e+01 -2.043633460998535156e+00 5.742905616760253906e+00
1.118579483032226562e+01 -1.645104765892028809e+00 4.907671451568603516e+00
8.970908164978027344e+00 -1.079792141914367676e+00 5.879081249237060547e+00
9.317708015441894531e+00 -6.956507563591003418e-01 4.993424892425537109e+00
1.150674247741699219e+01 -1.487762689590454102e+00 4.044270992279052734e+00
1.175061511993408203e+01 -1.381090164184570312e+00 3.093757152557373047e+00
6.855351924896240234e+00 -1.183390140533447266e+00 5.947627544403076172e+00
8.006040573120117188e+00 -6.348977088928222656e-01 5.813127994537353516e+00
7.216209411621093750e+00 2.307502627372741699e-01 5.318467617034912109e+00
6.451740741729736328e+00 -4.114646837115287781e-02 5.631715774536132812e+00
5.804467201232910156e+00 1.071139216423034668e+00 5.281486988067626953e+00
8.276100158691406250e+00 6.045151948928833008e-01 4.135477542877197266e+00
5.846160888671875000e+00 2.268860101699829102e+00 3.986950397491455078e+00
6.240686416625976562e+00 2.371818065643310547e+00 3.541778326034545898e+00
-2.127485036849975586e+00 -2.782405376434326172e+00 3.754364967346191406e+00
-1.520492434501647949e+00 -3.760786056518554688e+00 1.631662964820861816e+00
-1.473059296607971191e+00 -4.614807605743408203e+00 3.611347973346710205e-01
-1.614150881767272949e+00 -2.836047649383544922e+00 3.467631816864013672e+00
-2.382083386182785034e-01 -2.638272762298583984e+00 2.349234580993652344e+00
-5.071972370147705078e+00 -3.477640151977539062e+00 1.467068552970886230e+00
-4.358830451965332031e+00 -3.313951015472412109e+00 2.198845386505126953e+00
-5.803148746490478516e+00 -2.595619440078735352e+00 3.389260768890380859e+00
-5.277637958526611328e+00 -3.015929222106933594e+00 2.533154964447021484e+00
-4.091906070709228516e+00 -2.821618080139160156e+00 3.374284744262695312e+00
-2.754802703857421875e+00 -1.613228440284729004e+00 4.865107536315917969e+00
-5.651375770568847656e+00 -1.267219066619873047e+00 4.704669952392578125e+00
-5.347519397735595703e+00 -7.374968528747558594e-01 4.905884742736816406e+00
2.566262483596801758e+00 -1.673148393630981445e+00 3.573185205459594727e+00
1.389201045036315918e+00 -8.681558370590209961e-01 4.080222606658935547e+00
-5.619218945503234863e-02 -1.176518797874450684e+00 3.633896350860595703e+00
1.109832286834716797e+00 -2.984927296638488770e-01 4.619107246398925781e+00
2.591924905776977539e+00 -1.003548264503479004e+00 5.156191349029541016e+00
3.655666589736938477e+00 -5.222574472427368164e-01 6.447044372558593750e+00
1.154339551925659180e+00 7.880149483680725098e-01 5.341988086700439453e+00
-3.221161603927612305e+00 -1.386801600456237793e+00 5.003307819366455078e+00
-4.241798400878906250e+00 3.009052574634552002e-01 5.006368637084960938e+00
-2.744679212570190430e+00 5.692629218101501465e-01 5.131861686706542969e+00
-1.162562489509582520e+00 1.620185375213623047e+00 4.401422977447509766e+00
-3.885278463363647461e+00 1.020081281661987305e+00 4.046079158782958984e+00
-3.823378086090087891e+00 1.425719738006591797e+00 2.890017509460449219e+00
-1.770899146795272827e-01 -5.087006092071533203e+00 -9.608352184295654297e-02
3.015279471874237061e-01 -4.950199604034423828e+00 -1.292455792427062988e-01
8.202622532844543457e-01 -4.962077140808105469e+00 1.749670691788196564e-02
1.651243925094604492e+00 -3.791870832443237305e+00 1.390620589256286621e+00
1.485205531120300293e+00 -4.996475696563720703e+00 5.637777447700500488e-01
1.631877422332763672e+00 -3.751374244689941406e+00 -1.373500943183898926e+00
1.897848725318908691e+00 -2.605457305908203125e+00 2.307119131088256836e+00
2.365662574768066406e+00 1.532017827033996582e+00 5.453247070312500000e+00
2.919699430465698242e+00 2.520324468612670898e+00 4.139229774475097656e+00
2.615087747573852539e+00 2.985613346099853516e+00 2.972958564758300781e+00
-8.617529869079589844e-01 2.482029438018798828e+00 2.610979557037353516e+00
-6.552385091781616211e-01 1.955386519432067871e+00 4.164781570434570312e+00
5.790668725967407227e-01 2.560099124908447266e+00 3.227156162261962891e+00
-1.729788780212402344e+00 3.175944328308105469e+00 1.076278463006019592e-01
-7.584374427795410156e+00 -2.459463119506835938e+00 3.551755666732788086e+00
-7.326973438262939453e+00 -1.423774123191833496e+00 4.214471340179443359e+00
-7.958554267883300781e+00 -8.130826950073242188e-01 2.903253555297851562e+00
-6.809970855712890625e+00 -1.160700678825378418e+00 4.459947109222412109e+00
-7.015570640563964844e+00 -3.656610250473022461e-01 3.058325290679931641e+00
-6.419628143310546875e+00 1.896449774503707886e-01 1.419737577438354492e+00
-6.219299793243408203e+00 1.405179798603057861e-01 2.390912771224975586e+00
-6.923994541168212891e+00 2.278192490339279175e-01 -8.154198527336120605e-01
-3.744731426239013672e+00 1.650160312652587891e+00 1.846118927001953125e+00
-5.361131668090820312e+00 2.014662742614746094e+00 -1.994249701499938965e+00
-3.647871971130371094e+00 3.035885334014892578e+00 -1.668870925903320312e+00
3.512603282928466797e+00 7.443511486053466797e-01 6.256516933441162109e+00
3.066559553146362305e+00 1.823840260505676270e+00 5.220808982849121094e+00
3.916305303573608398e+00 2.213761329650878906e+00 4.621461391448974609e+00
4.585628509521484375e+00 2.754647970199584961e+00 3.620977878570556641e+00
3.895350217819213867e+00 3.215646266937255859e+00 2.890172481536865234e+00
7.773551464080810547e+00 -4.893320560455322266e+00 -4.012117862701416016e+00
2.381587743759155273e+00 -5.070359706878662109e+00 -3.061633825302124023e+00
5.504240036010742188e+00 -4.732901573181152344e+00 -2.550038576126098633e+00
6.331552028656005859e+00 -4.684943675994873047e+00 -3.007318496704101562e+00
3.038743972778320312e+00 -5.006162643432617188e+00 -2.947722911834716797e+00
2.092646598815917969e+00 -5.929786682128906250e+00 -5.255647659301757812e+00
2.627452135086059570e+00 -5.807450771331787109e+00 -6.257664680480957031e+00
3.892301559448242188e+00 -5.141482353210449219e+00 -5.606178283691406250e+00
5.931525230407714844e+00 -4.818096160888671875e+00 -3.755897283554077148e+00
7.169635295867919922e+00 -4.958069324493408203e+00 -4.107940196990966797e+00
2.442555665969848633e+00 -5.620834827423095703e+00 -8.461046218872070312e+00
8.323548316955566406e+00 -4.975650787353515625e+00 -6.059105396270751953e+00
3.300140857696533203e+00 -5.331056118011474609e+00 -7.121461391448974609e+00
3.711975812911987305e+00 -4.722697734832763672e+00 -7.904016494750976562e+00
6.292866706848144531e+00 -5.076197624206542969e+00 -5.400767803192138672e+00
7.408526897430419922e+00 -4.934378147125244141e+00 -6.362769603729248047e+00
5.877422332763671875e+00 -4.182602405548095703e+00 -7.269394874572753906e+00
7.530190467834472656e+00 -4.032524585723876953e+00 -7.398652553558349609e+00
5.586291313171386719e+00 -3.865396499633789062e+00 -7.639498710632324219e+00
5.155364990234375000e+00 -2.836462974548339844e+00 -8.646746635437011719e+00
5.230601310729980469e+00 -2.078312635421752930e+00 -8.897254943847656250e+00
-3.349626302719116211e+00 -7.970457553863525391e+00 -1.205595016479492188e+01
-3.131444692611694336e+00 -8.215096473693847656e+00 -1.051675987243652344e+01
-3.961673736572265625e+00 -7.543592929840087891e+00 -1.315921497344970703e+01
-1.582232475280761719e+00 -6.563265800476074219e+00 -1.324229145050048828e+01
-3.557361125946044922e+00 -6.334504127502441406e+00 -1.445988655090332031e+01
-3.375879049301147461e+00 -5.281467437744140625e+00 -1.519182872772216797e+01
-6.631906986236572266e+00 -6.535777568817138672e+00 -1.317166805267333984e+01
-7.072788238525390625e+00 -6.210966110229492188e+00 -1.318903350830078125e+01
-7.758270740509033203e+00 -5.230482101440429688e+00 -1.367477703094482422e+01
-5.720349788665771484e+00 -7.131846427917480469e+00 -1.307843303680419922e+01
-8.474570274353027344e+00 -5.365100383758544922e+00 -1.256396198272705078e+01
-7.364187240600585938e+00 -4.563443183898925781e+00 -1.457338237762451172e+01
-4.152259349822998047e+00 -5.534736633300781250e+00 -1.502840995788574219e+01
-5.996518135070800781e+00 -4.381621360778808594e+00 -1.525753593444824219e+01
-2.712003469467163086e+00 -5.388290405273437500e+00 -1.501381206512451172e+01
-2.177815198898315430e+00 -4.296104907989501953e+00 -1.536862468719482422e+01
-3.722949028015136719e+00 -3.716094017028808594e+00 -1.575183296203613281e+01
-2.791472196578979492e+00 -3.187542915344238281e+00 -1.571456432342529297e+01
-4.989907264709472656e+00 -2.649348974227905273e+00 -1.594047260284423828e+01
-3.921168327331542969e+00 -1.505019783973693848e+00 -1.593487548828125000e+01
-9.300687789916992188e+00 -4.440996170043945312e+00 -1.222193050384521484e+01
-8.935087203979492188e+00 -4.000483989715576172e+00 -1.344462490081787109e+01
-9.911964416503906250e+00 -2.862193346023559570e+00 -1.234653091430664062e+01
-1.040315532684326172e+01 -1.438805818557739258e+00 -1.151961612701416016e+01
-8.550314903259277344e+00 -3.348321676254272461e+00 -1.435867118835449219e+01
-7.692962646484375000e+00 -2.965082645416259766e+00 -1.519599914550781250e+01
-9.821170806884765625e+00 -9.244838356971740723e-01 -1.328373527526855469e+01
-9.374762535095214844e+00 -3.268113136291503906e-01 -1.420613002777099609e+01
-8.488276481628417969e+00 -9.500885009765625000e-01 -1.507345676422119141e+01
-7.135848045349121094e+00 1.608311533927917480e-01 -1.576985073089599609e+01
-7.626982212066650391e+00 8.159310221672058105e-01 -1.553676891326904297e+01
-1.521118879318237305e+00 -7.557207584381103516e+00 -6.889454364776611328e+00
-4.208307862281799316e-01 -7.157984256744384766e+00 -8.632697105407714844e+00
7.483250647783279419e-02 -6.569219589233398438e+00 -5.592604637145996094e+00
6.199308633804321289e-01 -6.686924457550048828e+00 -6.758893966674804688e+00
-2.398150265216827393e-01 -6.931938171386718750e+00 -9.611452102661132812e+00
-5.097275599837303162e-02 -5.895798206329345703e+00 -1.240237712860107422e+01
1.354138612747192383e+00 -6.389071464538574219e+00 -6.422192573547363281e+00
2.021331310272216797e+00 -5.952134132385253906e+00 -8.193343162536621094e+00
-7.606785893440246582e-01 -5.087991714477539062e+00 -1.430404281616210938e+01
1.023720741271972656e+00 -4.963179111480712891e+00 -1.243834304809570312e+01
-1.230839371681213379e+00 -3.740536689758300781e+00 -1.520257472991943359e+01
-1.927893161773681641e-01 -3.007606744766235352e+00 -1.485954475402832031e+01
1.959626555442810059e+00 -5.053115367889404297e+00 -1.069886779785156250e+01
-1.089108586311340332e+00 -2.405914306640625000e+00 -1.528073406219482422e+01
-1.309205532073974609e+00 -1.698139905929565430e+00 -1.533992862701416016e+01
2.141362428665161133e+00 -3.535955905914306641e+00 -1.149355888366699219e+01
8.840060830116271973e-01 -1.869910240173339844e+00 -1.348731422424316406e+01
7.967870831489562988e-01 -1.144213914871215820e+00 -1.333456230163574219e+01
-2.607894659042358398e+00 -1.778975844383239746e+00 -1.569776344299316406e+01
-2.677183628082275391e+00 -8.097581863403320312e-01 -1.563988685607910156e+01
-5.085029602050781250e+00 4.531024992465972900e-01 -1.588768196105957031e+01
-2.887176752090454102e+00 1.007204055786132812e+00 -1.536647224426269531e+01
-2.165025949478149414e+00 1.174714088439941406e+00 -1.512478828430175781e+01
-4.980378746986389160e-01 1.150161027908325195e+00 -1.389112472534179688e+01
-2.882560729980468750e+00 2.080047369003295898e+00 -1.503675460815429688e+01
-2.465939760208129883e+00 2.788996458053588867e+00 -1.464856719970703125e+01
2.703485488891601562e+00 -3.966857910156250000e+00 -1.033949470520019531e+01
3.519868373870849609e+00 -2.607944011688232422e+00 -1.011542129516601562e+01
3.012526035308837891e+00 -1.846553802490234375e+00 -1.085546779632568359e+01
9.642670750617980957e-01 -2.809629440307617188e-01 -1.281461238861083984e+01
1.483114957809448242e+00 7.655079010874032974e-03 -1.211261653900146484e+01
2.349152326583862305e+00 -2.165779620409011841e-01 -1.122972297668457031e+01
1.081523776054382324e+00 4.178196489810943604e-01 -1.233827114105224609e+01
-1.051400661468505859e+01 -9.661977887153625488e-01 -1.099299049377441406e+01
-9.966533660888671875e+00 6.855657696723937988e-01 -1.292292976379394531e+01
-1.030251407623291016e+01 -1.580248586833477020e-02 -1.048706531524658203e+01
-1.007186031341552734e+01 -1.215829700231552124e-01 -9.024918556213378906e+00
-9.725076675415039062e+00 5.434116721153259277e-01 -1.002851676940917969e+01
-9.962669372558593750e+00 9.231030941009521484e-01 -1.155323886871337891e+01
-9.432371139526367188e+00 2.033941268920898438e+00 -1.278651618957519531e+01
-8.819976806640625000e+00 1.396922588348388672e+00 -9.343905448913574219e+00
-8.414777755737304688e+00 2.399759769439697266e+00 -1.037662506103515625e+01
-8.198826789855957031e+00 1.156186580657958984e+00 -6.071521282196044922e+00
-7.961568832397460938e+00 1.593504667282104492e+00 -7.152604103088378906e+00
-8.283430099487304688e+00 1.880533814430236816e+00 -8.738394737243652344e+00
-7.899881362915039062e+00 2.548573493957519531e+00 -9.733026504516601562e+00
-6.297136783599853516e+00 2.697215318679809570e+00 -7.680354595184326172e+00
-6.213263988494873047e+00 3.007337331771850586e+00 -8.163534164428710938e+00
-8.634163856506347656e+00 2.203778028488159180e+00 -1.429345989227294922e+01
-8.036150932312011719e+00 2.232678413391113281e+00 -1.473317432403564453e+01
-7.636764526367187500e+00 3.446150541305541992e+00 -1.351615238189697266e+01
-6.653427124023437500e+00 4.264872074127197266e+00 -1.313965320587158203e+01
-6.100062370300292969e+00 1.894592523574829102e+00 -1.547590541839599609e+01
-5.843937397003173828e+00 2.182892799377441406e+00 -1.532618427276611328e+01
-5.169777870178222656e+00 3.966484308242797852e+00 -1.412268924713134766e+01
-4.615118980407714844e+00 3.960025787353515625e+00 -1.425045013427734375e+01
-5.866381645202636719e+00 3.770367622375488281e+00 -1.412584209442138672e+01
-8.272380828857421875e+00 3.284357070922851562e+00 -1.224919509887695312e+01
-6.242511272430419922e+00 4.414053440093994141e+00 -1.238288402557373047e+01
-5.555949687957763672e+00 4.381544589996337891e+00 -1.074495029449462891e+01
-3.389151334762573242e+00 4.233490467071533203e+00 -1.349040985107421875e+01
-3.170842170715332031e+00 4.295935630798339844e+00 -1.287237071990966797e+01
-5.219536304473876953e+00 4.434430122375488281e+00 -1.222107028961181641e+01
-4.468933105468750000e+00 4.635647296905517578e+00 -1.232791805267333984e+01
-3.216624259948730469e+00 4.687046527862548828e+00 -1.144543743133544922e+01
-4.958225727081298828e+00 4.786607265472412109e+00 -1.084970664978027344e+01
-3.795802116394042969e+00 4.893564224243164062e+00 -1.117313098907470703e+01
-6.639955997467041016e+00 3.683271646499633789e+00 -1.050273990631103516e+01
-5.931200504302978516e+00 3.624206542968750000e+00 -9.035500526428222656e+00
3.059218645095825195e+00 -1.863836050033569336e-01 -1.030545806884765625e+01
-1.383269131183624268e-01 1.529547214508056641e+00 -1.287986469268798828e+01
-2.114252328872680664e+00 3.221841812133789062e+00 -1.359710311889648438e+01
9.962374567985534668e-01 8.031631708145141602e-01 -1.169166278839111328e+01
-1.053710222244262695e+00 2.885195493698120117e+00 -1.234096145629882812e+01
-2.713859796524047852e+00 3.846314907073974609e+00 -1.327226543426513672e+01
-1.649662852287292480e+00 3.647523403167724609e+00 -1.187777519226074219e+01
1.146240901947021484e+01 -6.482288837432861328e+00 -3.465370655059814453e+00
1.337558746337890625e+01 -6.650542736053466797e+00 -1.855499505996704102e+00
1.119499206542968750e+01 -6.434027194976806641e+00 -8.900856375694274902e-01
1.101068305969238281e+01 -6.421020507812500000e+00 -2.676028251647949219e+00
1.436806392669677734e+01 -6.918803215026855469e+00 -5.149041175842285156e+00
1.200825500488281250e+01 -6.548489570617675781e+00 -4.076863288879394531e+00
1.270910549163818359e+01 -6.532835006713867188e+00 -5.582335948944091797e+00
1.317228984832763672e+01 -6.839990615844726562e+00 -3.781212091445922852e+00
1.565672111511230469e+01 -6.992600917816162109e+00 -3.732872247695922852e+00
1.608801269531250000e+01 -5.929541587829589844e+00 -4.334113597869873047e+00
1.631017303466796875e+01 -6.438158988952636719e+00 -1.319979190826416016e+00
1.641831588745117188e+01 -5.659722805023193359e+00 -2.218779087066650391e+00
1.465600109100341797e+01 -6.515190124511718750e+00 -9.755205363035202026e-02
1.486703968048095703e+01 -6.906815052032470703e+00 -1.682922005653381348e+00
1.547896862030029297e+01 -6.113431930541992188e+00 7.721151113510131836e-01
1.502288818359375000e+01 -3.790320634841918945e+00 1.590243220329284668e+00
1.527104187011718750e+01 -4.082682132720947266e+00 5.991108417510986328e-01
1.451739788055419922e+01 -3.132937431335449219e+00 7.075245380401611328e-01
1.582522201538085938e+01 -4.888416767120361328e+00 -3.522608280181884766e+00
1.526205825805664062e+01 -4.018196582794189453e+00 -2.768460273742675781e+00
1.528573226928710938e+01 -3.909893751144409180e+00 -1.237679243087768555e+00
1.501162624359130859e+01 -3.591019392013549805e+00 -1.723944067955017090e+00
1.436530208587646484e+01 -2.789402246475219727e+00 -1.108875036239624023e+00
1.381053256988525391e+01 -6.710787773132324219e+00 -6.362940788269042969e+00
1.525289630889892578e+01 -5.921751976013183594e+00 -6.681538581848144531e+00
1.236654090881347656e+01 -6.418315410614013672e+00 -6.766873359680175781e+00
1.290273284912109375e+01 -5.887512683868408203e+00 -7.563501358032226562e+00
1.593686676025390625e+01 -5.825047969818115234e+00 -5.785203456878662109e+00
1.561470222473144531e+01 -5.060123920440673828e+00 -6.083826541900634766e+00
1.503910923004150391e+01 -4.391995906829833984e+00 -5.693423271179199219e+00
1.324888038635253906e+01 -5.492813587188720703e+00 -7.434120178222656250e+00
1.262184524536132812e+01 -4.936007022857666016e+00 -6.740716934204101562e+00
1.348788738250732422e+01 -4.451115131378173828e+00 -6.235366821289062500e+00
1.361300659179687500e+01 -3.360241174697875977e+00 -5.091338157653808594e+00
1.500582504272460938e+01 -3.705131530761718750e+00 -3.004224061965942383e+00
1.492358398437500000e+01 -3.722867012023925781e+00 -4.663908958435058594e+00
1.435750770568847656e+01 -2.886803865432739258e+00 -3.915333032608032227e+00
1.019621181488037109e+01 -5.944819450378417969e+00 -2.820343732833862305e+00
7.004035949707031250e+00 -4.743726730346679688e+00 -2.418308973312377930e+00
7.294349670410156250e+00 -4.806579589843750000e+00 -1.995879054069519043e+00
6.855979442596435547e+00 -4.691445350646972656e+00 -2.976346015930175781e+00
1.052055740356445312e+01 -6.233386516571044922e+00 -2.418873786926269531e+00
9.043802261352539062e+00 -5.475804328918457031e+00 -2.009323835372924805e+00
7.970596790313720703e+00 -5.069904804229736328e+00 -1.633708119392395020e+00
9.621839523315429688e+00 -5.482653141021728516e+00 -3.509093523025512695e+00
9.972391128540039062e+00 -5.503427982330322266e+00 -4.744881153106689453e+00
8.346217155456542969e+00 -4.959391117095947266e+00 -4.022512912750244141e+00
1.357599067687988281e+01 -2.106539011001586914e+00 -2.546006441116333008e-01
1.224392414093017578e+01 -7.323620319366455078e-01 -1.201104283332824707e+00
1.097815895080566406e+01 -5.918092250823974609e+00 -5.588060379028320312e+00
1.102970218658447266e+01 -5.387961387634277344e+00 -6.129747867584228516e+00
9.605952262878417969e+00 -5.045495510101318359e+00 -5.270292282104492188e+00
1.171654701232910156e+01 -4.671100139617919922e+00 -6.288024425506591797e+00
9.182385444641113281e+00 -4.303306579589843750e+00 -6.476063251495361328e+00
1.040434837341308594e+01 -3.520126581192016602e+00 -5.950367450714111328e+00
1.247357082366943359e+01 -3.662197351455688477e+00 -5.578692913055419922e+00
1.065205192565917969e+01 -3.175389289855957031e+00 -5.760429382324218750e+00
1.067527389526367188e+01 -2.250592947006225586e+00 -5.339972496032714844e+00
8.536950111389160156e+00 -3.672455787658691406e+00 -7.068534851074218750e+00
9.049472808837890625e+00 -3.068787097930908203e+00 -6.618968963623046875e+00
8.052089691162109375e+00 -2.025878906250000000e+00 -6.920408725738525391e+00
1.040707015991210938e+01 -1.589429020881652832e+00 -5.178989887237548828e+00
8.255784988403320312e+00 -1.696398496627807617e+00 -6.665232181549072266e+00
8.746709823608398438e+00 -4.730780422687530518e-01 -5.871287822723388672e+00
7.284619331359863281e+00 -1.536429673433303833e-01 -6.929090976715087891e+00
1.325360012054443359e+01 -2.121712446212768555e+00 -4.198318958282470703e+00
1.346152687072753906e+01 -1.635378360748291016e+00 -2.118295431137084961e+00
1.316307258605957031e+01 -1.338928103446960449e+00 -3.282980203628540039e+00
1.239460372924804688e+01 -4.039064049720764160e-01 -2.377210617065429688e+00
1.200797653198242188e+01 -1.281695961952209473e-01 -2.937356233596801758e+00
1.239699840545654297e+01 -1.905098319053649902e+00 -4.475789546966552734e+00
1.119835758209228516e+01 -1.226046562194824219e+00 -4.571915626525878906e+00
1.146358776092529297e+01 -5.807583928108215332e-01 -3.949391603469848633e+00
1.017982864379882812e+01 1.605728626251220703e+00 -1.813737869262695312e+00
9.281310081481933594e+00 2.398614645004272461e+00 -2.935678482055664062e+00
9.322056770324707031e+00 2.308222770690917969e+00 -3.384729862213134766e+00
8.569819450378417969e+00 2.950929641723632812e+00 -2.401411771774291992e+00
1.020584297180175781e+01 -9.066439270973205566e-01 -5.048757076263427734e+00
1.062773513793945312e+01 2.943666577339172363e-01 -4.162595272064208984e+00
8.367862701416015625e+00 1.371092200279235840e-01 -5.871117115020751953e+00
7.021900177001953125e+00 9.957553744316101074e-01 -6.438875675201416016e+00
1.420304012298583984e+01 -2.970370292663574219e+00 2.160066604614257812e+00
1.274792671203613281e+01 -1.910358905792236328e+00 2.536890983581542969e+00
1.142175960540771484e+01 -4.969666898250579834e-01 1.145782232284545898e+00
1.154783439636230469e+01 -4.137694835662841797e-01 8.244861662387847900e-02
1.014861011505126953e+01 1.260505616664886475e-02 2.743992805480957031e+00
8.971320152282714844e+00 1.249768257141113281e+00 2.352451562881469727e+00
9.581114768981933594e+00 9.875655770301818848e-01 1.829984188079833984e+00
7.415231704711914062e+00 2.214953660964965820e+00 2.756210327148437500e+00
7.197444438934326172e+00 2.847139120101928711e+00 1.695391297340393066e+00
9.921475410461425781e+00 1.151179552078247070e+00 1.824775189161300659e-01
1.011715507507324219e+01 1.472411513328552246e+00 -1.134983301162719727e+00
8.022147178649902344e+00 2.742300510406494141e+00 3.306836485862731934e-01
3.348609447479248047e+00 4.279808044433593750e+00 -3.554401397705078125e-01
6.230022430419921875e+00 3.600295543670654297e+00 2.328675687313079834e-01
5.480326175689697266e+00 4.056341171264648438e+00 -2.240798711776733398e+00
3.669963359832763672e+00 4.398831367492675781e+00 -6.962886452674865723e-01
2.847440958023071289e+00 3.829070568084716797e+00 -2.463382005691528320e+00
2.964772224426269531e+00 3.523894309997558594e+00 -3.335062980651855469e+00
-9.876773357391357422e-01 3.796546220779418945e+00 -7.645647525787353516e-01
2.153490543365478516e+00 3.159152030944824219e+00 -4.391799449920654297e+00
1.002849359065294266e-02 4.163911342620849609e+00 -3.143859386444091797e+00
3.083982169628143311e-01 3.713604450225830078e+00 -4.699334621429443359e+00
2.381244897842407227e+00 3.814710855484008789e+00 -2.570826053619384766e+00
5.102950096130371094e+00 -8.677222132682800293e-01 -8.897060394287109375e+00
2.947274208068847656e+00 3.174348175525665283e-01 -9.611276626586914062e+00
5.071473598480224609e+00 5.244678854942321777e-01 -8.123711585998535156e+00
3.649283409118652344e+00 5.762000679969787598e-01 -8.974890708923339844e+00
2.526448726654052734e+00 5.082143545150756836e-01 -9.803224563598632812e+00
1.547613143920898438e+00 1.853809952735900879e+00 -9.914324760437011719e+00
3.318142592906951904e-01 3.153810977935791016e+00 -9.159622192382812500e+00
1.128614172339439392e-01 3.005667209625244141e+00 -1.045989322662353516e+01
5.665331363677978516e+00 2.828282117843627930e+00 -4.867045402526855469e+00
6.174726963043212891e+00 1.908642768859863281e+00 -6.101688385009765625e+00
4.710373401641845703e+00 2.712714910507202148e+00 -5.254676818847656250e+00
4.810364246368408203e+00 2.413998603820800781e+00 -5.971585750579833984e+00
6.615984916687011719e+00 3.770819902420043945e+00 -2.733683109283447266e+00
6.595619678497314453e+00 1.301057815551757812e+00 -6.438883304595947266e+00
5.727262973785400391e+00 1.695613741874694824e+00 -6.618310928344726562e+00
4.873711109161376953e+00 1.807333230972290039e+00 -7.049696445465087891e+00
2.745672464370727539e+00 2.870681524276733398e+00 -5.069365501403808594e+00
2.823932886123657227e+00 2.104382514953613281e+00 -7.365481376647949219e+00
2.035516500473022461e+00 2.342979192733764648e+00 -6.815866470336914062e+00
9.804092347621917725e-02 3.308826208114624023e+00 -6.273152351379394531e+00
2.755911648273468018e-01 2.967489480972290039e+00 -7.760696411132812500e+00
3.054994940757751465e-01 3.038061618804931641e+00 -8.139591217041015625e+00
-3.297079801559448242e+00 3.400455474853515625e+00 -2.584424257278442383e+00
-5.634003162384033203e+00 3.069391727447509766e+00 -7.731246948242187500e+00
-4.808450698852539062e+00 3.488437652587890625e+00 -7.636443614959716797e+00
-4.257733821868896484e+00 3.354704380035400391e+00 -6.675552368164062500e+00
-2.167390108108520508e+00 3.288841009140014648e+00 -2.300586700439453125e-01
-1.889287948608398438e+00 3.753885746002197266e+00 -1.354574203491210938e+00
-1.527846693992614746e+00 4.096689701080322266e+00 -2.469569444656372070e+00
-1.352586507797241211e+00 4.393782138824462891e+00 -3.694514989852905273e+00
-1.181591153144836426e+00 4.402604103088378906e+00 -4.988922595977783203e+00
-4.799677848815917969e+00 4.082900047302246094e+00 -8.506827354431152344e+00
-4.505059242248535156e+00 4.559652328491210938e+00 -9.025971412658691406e+00
-1.980301976203918457e+00 4.467348098754882812e+00 -7.513047218322753906e+00
-3.349333524703979492e+00 4.462560176849365234e+00 -8.333152770996093750e+00
-1.540791034698486328e+00 3.656086444854736328e+00 -1.120075988769531250e+01
-1.228082537651062012e+00 3.510931253433227539e+00 -1.106492042541503906e+01
-3.827954769134521484e+00 4.856641769409179688e+00 -1.070611095428466797e+01
-2.047137737274169922e+00 4.184863090515136719e+00 -9.852197647094726562e+00
-3.110587894916534424e-01 3.484310388565063477e+00 -9.968092918395996094e+00
-2.159074068069458008e+00 4.560750484466552734e+00 -6.122397422790527344e+00
5.308006763458251953e+00 3.275479793548583984e+00 2.262939453125000000e+00
6.072871685028076172e+00 3.248079061508178711e+00 1.702755808830261230e+00
1.966887235641479492e+00 7.086180448532104492e-01 -1.028926277160644531e+01
-5.162849426269531250e-01 2.798512220382690430e+00 -1.161742687225341797e+01
4.425368607044219971e-01 2.528768062591552734e+00 -1.077148151397705078e+01
