1.549200296401977539e+00 -4.931245803833007812e+00 -2.714381217956542969e+00
2.261465311050415039e+00 -4.777350425720214844e+00 -1.923907518386840820e+00
1.501339316368103027e+00 -4.786801815032958984e+00 -2.309221029281616211e+00
-5.068971633911132812e+00 -8.109073638916015625e+00 -7.822605609893798828e+00
-4.998761177062988281e+00 -8.062503814697265625e+00 -1.156872749328613281e+01
-4.184865474700927734e+00 -8.321434020996093750e+00 -9.420026779174804688e+00
-7.270922660827636719e+00 -7.468937397003173828e+00 -7.059225559234619141e+00
-7.774964809417724609e+00 -7.351283550262451172e+00 -7.967476367950439453e+00
-5.691867351531982422e+00 -8.129692077636718750e+00 -9.824326515197753906e+00
-6.220581054687500000e+00 -7.998327732086181641e+00 -9.062030792236328125e+00
-6.479785919189453125e+00 -7.345517635345458984e+00 -1.205507755279541016e+01
-8.410010337829589844e+00 -6.367084980010986328e+00 -1.057628822326660156e+01
-8.331477165222167969e+00 -6.189424991607666016e+00 -1.129458999633789062e+01
-9.643246650695800781e+00 -5.269030570983886719e+00 -8.363191604614257812e+00
-1.005216789245605469e+01 -4.326848983764648438e+00 -8.716156959533691406e+00
-9.587397575378417969e+00 -4.644430637359619141e+00 -1.086792182922363281e+01
-8.220135688781738281e+00 -6.690841674804687500e+00 -5.445695877075195312e+00
-9.067891120910644531e+00 -6.092287540435791016e+00 -4.930371284484863281e+00
-7.968863964080810547e+00 -5.745325565338134766e+00 -3.404874563217163086e+00
-8.497822761535644531e+00 -5.228397846221923828e+00 -2.226475715637207031e+00
-6.959232330322265625e+00 -5.440449237823486328e+00 -3.112535953521728516e+00
-2.596958160400390625e+00 -5.032340526580810547e+00 -1.548457026481628418e+00
-3.376154184341430664e+00 -4.882798671722412109e+00 -5.831940174102783203e-01
-1.444311738014221191e+00 -4.996000766754150391e+00 -2.378658950328826904e-01
-7.378698825836181641e+00 -3.210825204849243164e+00 2.310048580169677734e+00
-5.355389118194580078e+00 -3.512461900711059570e+00 1.277613162994384766e+00
-3.862630844116210938e+00 -5.068858623504638672e+00 -2.136938571929931641e+00
-7.305036067962646484e+00 -4.796313762664794922e+00 -1.626872897148132324e+00
-6.309091091156005859e+00 -5.167195320129394531e+00 -2.786691427230834961e+00
-3.739788532257080078e+00 -4.415100097656250000e+00 1.338240802288055420e-01
-4.768951892852783203e+00 -7.279391765594482422e+00 -5.294926166534423828e+00
-4.547107219696044922e+00 -6.498702526092529297e+00 -4.090991020202636719e+00
-2.281431913375854492e+00 -7.655148506164550781e+00 -6.417208671569824219e+00
-2.886413097381591797e+00 -7.167831897735595703e+00 -5.067101955413818359e+00
-2.216441392898559570e+00 -7.176496505737304688e+00 -5.299460411071777344e+00
-1.359870433807373047e+00 -6.800446987152099609e+00 -5.044841766357421875e+00
-2.782098293304443359e+00 -6.777400016784667969e+00 -4.439857482910156250e+00
-5.268414974212646484e+00 -6.850893020629882812e+00 -4.679005146026611328e+00
-6.154214382171630859e+00 -7.667226791381835938e+00 -6.742357254028320312e+00
-8.704557418823242188e+00 -6.651736736297607422e+00 -6.454876899719238281e+00
-1.422522425651550293e+00 -4.983024120330810547e+00 -1.836261510848999023e+00
-9.413070082664489746e-01 -5.044167518615722656e+00 -2.277223587036132812e+00
-2.245684146881103516e+00 -5.126028060913085938e+00 -2.023544549942016602e+00
-3.582924604415893555e-01 -5.089862346649169922e+00 -1.198793292045593262e+00
6.215105652809143066e-01 -4.620708465576171875e+00 -1.599283933639526367e+00
-8.199770450592041016e-01 -5.403526306152343750e+00 -3.021601915359497070e+00
-1.458049751818180084e-02 -5.499813556671142578e+00 -3.345906496047973633e+00
5.978491306304931641e-01 -4.765653610229492188e+00 -2.126252651214599609e+00
-9.516341209411621094e+00 -4.813554763793945312e+00 -2.044836282730102539e+00
-9.940536499023437500e+00 -4.891135692596435547e+00 -4.680238246917724609e+00
-9.352581024169921875e+00 -5.581622600555419922e+00 -3.831244468688964844e+00
-1.019652366638183594e+01 -3.759817600250244141e+00 -3.288529634475708008e+00
-1.031994247436523438e+01 -3.586188077926635742e+00 -4.716365814208984375e+00
-9.120108604431152344e+00 -4.086908340454101562e+00 3.089373409748077393e-01
-9.781538009643554688e+00 -4.173908233642578125e+00 -1.408729553222656250e+00
-9.820301055908203125e+00 -3.231067895889282227e+00 -2.804631888866424561e-01
-9.598841667175292969e+00 -2.925835609436035156e+00 9.016860723495483398e-01
-9.112174034118652344e+00 -2.720162868499755859e+00 2.166114330291748047e+00
-9.278985977172851562e+00 -1.628742456436157227e+00 1.268348455429077148e+00
-1.017329502105712891e+01 -2.694700002670288086e+00 -2.524280309677124023e+00
-1.009773540496826172e+01 -1.608521461486816406e+00 -2.653072595596313477e+00
-9.464669227600097656e+00 -1.292848944664001465e+00 -8.888395428657531738e-01
-7.936525344848632812e+00 -4.177736937999725342e-01 -6.474241614341735840e-01
-1.006303882598876953e+01 -4.635729789733886719e+00 -5.545702934265136719e+00
-1.034774112701416016e+01 -3.652559757232666016e+00 -5.425453186035156250e+00
-1.053346443176269531e+01 -2.258292913436889648e+00 -5.302151203155517578e+00
-1.059043693542480469e+01 -2.099738597869873047e+00 -5.872697830200195312e+00
-1.008342552185058594e+01 -6.581134796142578125e-01 -5.354160308837890625e+00
-1.058946514129638672e+01 -2.844851255416870117e+00 -7.962592124938964844e+00
-1.071171760559082031e+01 -1.948933482170104980e+00 -8.887943267822265625e+00
-1.060196113586425781e+01 -8.138439655303955078e-01 -8.517647743225097656e+00
-9.951778411865234375e+00 -3.329139351844787598e-01 -6.706473827362060547e+00
-8.382976531982421875e+00 -2.018253207206726074e-01 -2.253852844238281250e+00
-6.924315929412841797e+00 1.699074625968933105e+00 -3.688681840896606445e+00
-9.017507553100585938e+00 3.851974606513977051e-01 -6.202676773071289062e+00
-7.575397014617919922e+00 1.438741803169250488e+00 -4.987942695617675781e+00
1.321616363525390625e+01 -5.559581756591796875e+00 4.449532508850097656e+00
1.349860191345214844e+01 -6.064807415008544922e+00 7.197319269180297852e-01
1.302368450164794922e+01 -5.946554183959960938e+00 1.410960316658020020e+00
1.490149021148681641e+01 -5.804724693298339844e+00 1.868599891662597656e+00
1.473215389251708984e+01 -5.059275150299072266e+00 3.049466848373413086e+00
1.195156955718994141e+01 -5.647362232208251953e+00 2.682322978973388672e+00
4.432122230529785156e+00 -1.132048010826110840e+00 4.872570991516113281e+00
5.315167903900146484e+00 -7.772776484489440918e-01 5.999895572662353516e+00
6.609178066253662109e+00 -4.825056076049804688e+00 -1.662139177322387695e+00
8.862517356872558594e+00 -6.229323387145996094e+00 -1.250590801239013672e+00
8.083214759826660156e+00 -6.155944347381591797e+00 -1.093761563301086426e+00
7.422275543212890625e+00 -6.244387149810791016e+00 -5.088223218917846680e-01
2.546100616455078125e+00 -5.424793243408203125e+00 4.043681919574737549e-01
4.270492553710937500e+00 -4.698475360870361328e+00 -1.496913075447082520e+00
5.137914657592773438e+00 -5.090174198150634766e+00 -1.169277548789978027e+00
2.291297435760498047e+00 -4.285311222076416016e+00 -1.262350916862487793e+00
4.093540191650390625e+00 -4.729455471038818359e+00 -1.278426766395568848e+00
5.094544887542724609e+00 -5.568767547607421875e+00 2.106760293245315552e-01
5.780492782592773438e+00 -5.970613479614257812e+00 -6.190430521965026855e-01
3.081950426101684570e+00 -5.492382049560546875e+00 -5.905057787895202637e-01
9.443112373352050781e+00 -5.137819290161132812e+00 3.024677991867065430e+00
1.000932502746582031e+01 -4.694252490997314453e+00 4.776447772979736328e+00
9.944536209106445312e+00 -4.853491306304931641e+00 4.196153163909912109e+00
8.714952468872070312e+00 -3.948863506317138672e+00 5.211837768554687500e+00
8.921418190002441406e+00 -4.920898437500000000e+00 3.103470563888549805e+00
9.007371902465820312e+00 -5.887196063995361328e+00 1.400132179260253906e+00
8.655385971069335938e+00 -6.074102878570556641e+00 9.227856397628784180e-01
5.534055709838867188e+00 -1.237367987632751465e+00 3.976110696792602539e+00
6.164294242858886719e+00 -3.657807588577270508e+00 2.370651245117187500e+00
5.588164329528808594e+00 -3.951560497283935547e+00 1.857939481735229492e+00
4.517338275909423828e+00 -1.874241948127746582e+00 3.045558214187622070e+00
4.621255874633789062e+00 -1.449975013732910156e+00 3.681085109710693359e+00
6.907345294952392578e+00 -2.372306823730468750e+00 4.248892307281494141e+00
6.723074913024902344e+00 -1.813668131828308105e+00 5.439152240753173828e+00
6.525569438934326172e+00 -5.446273326873779297e+00 9.247910380363464355e-01
1.210184860229492188e+01 -4.224366664886474609e+00 5.803910255432128906e+00
1.377497768402099609e+01 -4.614997863769531250e+00 4.458258152008056641e+00
1.260095024108886719e+01 -3.423654794692993164e+00 4.793552875518798828e+00
1.345207309722900391e+01 -3.314121246337890625e+00 3.168138027191162109e+00
7.888250827789306641e+00 -2.758077621459960938e+00 6.542617797851562500e+00
7.463891983032226562e+00 -2.310303211212158203e+00 6.537204265594482422e+00
4.268368721008300781e+00 -4.352371394634246826e-01 6.715514183044433594e+00
9.709950447082519531e+00 -4.008856773376464844e+00 6.336903572082519531e+00
1.048685169219970703e+01 -2.713389396667480469e+00 6.374908447265625000e+00
1.081028270721435547e+01 -2.362438678741455078e+00 5.414922714233398438e+00
8.752166748046875000e+00 -1.365468144416809082e+00 6.364524841308593750e+00
9.074813842773437500e+00 -1.085602164268493652e+00 5.408527374267578125e+00
1.113719272613525391e+01 -2.127332925796508789e+00 4.476541042327880859e+00
1.147699356079101562e+01 -1.799182534217834473e+00 3.510753870010375977e+00
6.690887928009033203e+00 -1.317630767822265625e+00 6.311950206756591797e+00
7.832581043243408203e+00 -7.740828990936279297e-01 6.311887264251708984e+00
7.108050346374511719e+00 1.729140579700469971e-01 5.779909610748291016e+00
6.327318191528320312e+00 -7.504613697528839111e-02 6.079387187957763672e+00
5.728767871856689453e+00 1.015267491340637207e+00 5.580584049224853516e+00
8.155437469482421875e+00 3.965516090393066406e-01 4.491639137268066406e+00
5.788305759429931641e+00 2.151406049728393555e+00 4.174856185913085938e+00
6.201951026916503906e+00 2.291369915008544922e+00 3.734389781951904297e+00
-2.132911682128906250e+00 -2.800309419631958008e+00 3.776968002319335938e+00
-1.524522542953491211e+00 -3.802457332611083984e+00 1.664758563041687012e+00
-1.479396343231201172e+00 -4.652175426483154297e+00 3.906432390213012695e-01
-1.619336247444152832e+00 -2.863634347915649414e+00 3.496452808380126953e+00
-2.493628114461898804e-01 -2.660789728164672852e+00 2.371381521224975586e+00
-5.071676254272460938e+00 -3.477481126785278320e+00 1.469727993011474609e+00
-4.359403133392333984e+00 -3.315752267837524414e+00 2.204325675964355469e+00
-5.803981781005859375e+00 -2.593656778335571289e+00 3.389738082885742188e+00
-5.278300762176513672e+00 -3.017224073410034180e+00 2.536356210708618164e+00
-4.094598770141601562e+00 -2.827651023864746094e+00 3.383057594299316406e+00
-2.757908821105957031e+00 -1.624820113182067871e+00 4.886703491210937500e+00
-5.651725292205810547e+00 -1.262094855308532715e+00 4.698385238647460938e+00
-5.346909046173095703e+00 -7.342897057533264160e-01 4.896411418914794922e+00
2.532587766647338867e+00 -1.712053775787353516e+00 3.629837512969970703e+00
1.366016268730163574e+00 -8.929393291473388672e-01 4.112397193908691406e+00
-6.783411651849746704e-02 -1.190783977508544922e+00 3.650938510894775391e+00
1.083979725837707520e+00 -3.264353871345520020e-01 4.648051261901855469e+00
2.520098447799682617e+00 -1.070944190025329590e+00 5.228362560272216797e+00
3.542951583862304688e+00 -6.012038588523864746e-01 6.541987419128417969e+00
1.116512060165405273e+00 7.563142180442810059e-01 5.372632980346679688e+00
-3.225158452987670898e+00 -1.393173098564147949e+00 5.011098384857177734e+00
-4.241242885589599609e+00 2.986110150814056396e-01 4.998514175415039062e+00
-2.749066829681396484e+00 5.628758072853088379e-01 5.131788730621337891e+00
-1.169611811637878418e+00 1.612531542778015137e+00 4.400966644287109375e+00
-3.885510921478271484e+00 1.017006993293762207e+00 4.042386054992675781e+00
-3.823056459426879883e+00 1.422988295555114746e+00 2.885542631149291992e+00
-1.825619339942932129e-01 -5.104207992553710938e+00 -8.139456808567047119e-02
2.907601892948150635e-01 -4.962056159973144531e+00 -1.172721683979034424e-01
8.060720562934875488e-01 -4.969626903533935547e+00 3.055567294359207153e-02
1.640275239944458008e+00 -3.803825616836547852e+00 1.409342765808105469e+00
1.474563956260681152e+00 -5.003751754760742188e+00 5.771779417991638184e-01
1.612478971481323242e+00 -3.767124652862548828e+00 -1.362845778465270996e+00
1.883547067642211914e+00 -2.624454498291015625e+00 2.336122989654541016e+00
2.309806823730468750e+00 1.449510216712951660e+00 5.470023632049560547e+00
2.882471561431884766e+00 2.432533979415893555e+00 4.163205146789550781e+00
2.602190732955932617e+00 2.941720008850097656e+00 2.984004020690917969e+00
-8.645758032798767090e-01 2.481110334396362305e+00 2.612953424453735352e+00
-6.654940843582153320e-01 1.946315765380859375e+00 4.169747829437255859e+00
5.687541961669921875e-01 2.551634788513183594e+00 3.234673261642456055e+00
-1.729219198226928711e+00 3.173511981964111328e+00 1.075283810496330261e-01
-7.584453582763671875e+00 -2.456742286682128906e+00 3.552094221115112305e+00
-7.326846122741699219e+00 -1.420117855072021484e+00 4.212565898895263672e+00
-7.960409641265869141e+00 -8.111121654510498047e-01 2.904506921768188477e+00
-6.809348583221435547e+00 -1.156102061271667480e+00 4.455319404602050781e+00
-7.016112804412841797e+00 -3.640593588352203369e-01 3.055534601211547852e+00
-6.419921398162841797e+00 1.895714551210403442e-01 1.418563246726989746e+00
-6.219229221343994141e+00 1.406477391719818115e-01 2.388571739196777344e+00
-6.925006866455078125e+00 2.296753674745559692e-01 -8.146256208419799805e-01
-3.744424819946289062e+00 1.650172710418701172e+00 1.844795584678649902e+00
-5.360409259796142578e+00 2.012992858886718750e+00 -1.994327783584594727e+00
-3.645438194274902344e+00 3.032407999038696289e+00 -1.670889496803283691e+00
3.416121006011962891e+00 6.326216459274291992e-01 6.292878150939941406e+00
2.999561786651611328e+00 1.696641206741333008e+00 5.243979454040527344e+00
3.847853660583496094e+00 2.053932666778564453e+00 4.694281101226806641e+00
4.539349079132080078e+00 2.573554992675781250e+00 3.671262979507446289e+00
3.876837730407714844e+00 3.089175701141357422e+00 2.904124736785888672e+00
7.701105594635009766e+00 -4.864766120910644531e+00 -3.960737705230712891e+00
2.363981962203979492e+00 -5.071574211120605469e+00 -3.053241014480590820e+00
5.463494300842285156e+00 -4.722721099853515625e+00 -2.518781423568725586e+00
6.279016971588134766e+00 -4.663072586059570312e+00 -2.965483665466308594e+00
3.014834642410278320e+00 -5.008930206298828125e+00 -2.933377265930175781e+00
2.081590652465820312e+00 -5.929547786712646484e+00 -5.250940322875976562e+00
2.614402294158935547e+00 -5.803924083709716797e+00 -6.252508640289306641e+00
3.871603250503540039e+00 -5.135564327239990234e+00 -5.595945835113525391e+00
5.887522697448730469e+00 -4.802896976470947266e+00 -3.727756738662719727e+00
7.109933376312255859e+00 -4.937375545501708984e+00 -4.066584587097167969e+00
2.437739849090576172e+00 -5.620460510253906250e+00 -8.458636283874511719e+00
8.254427909851074219e+00 -4.972464561462402344e+00 -6.009725093841552734e+00
3.285278797149658203e+00 -5.326116085052490234e+00 -7.114673614501953125e+00
3.699149847030639648e+00 -4.718872547149658203e+00 -7.898433685302734375e+00
6.252100467681884766e+00 -5.064544200897216797e+00 -5.375319957733154297e+00
7.357773303985595703e+00 -4.930238723754882812e+00 -6.332080841064453125e+00
5.844096183776855469e+00 -4.173851490020751953e+00 -7.251073360443115234e+00
7.490278244018554688e+00 -4.033424854278564453e+00 -7.372780799865722656e+00
5.565361499786376953e+00 -3.859098672866821289e+00 -7.628593444824218750e+00
5.146689891815185547e+00 -2.834898471832275391e+00 -8.644995689392089844e+00
5.229235172271728516e+00 -2.078695535659790039e+00 -8.899868965148925781e+00
-3.348848819732666016e+00 -7.971034526824951172e+00 -1.205657577514648438e+01
-3.130993604660034180e+00 -8.215360641479492188e+00 -1.051719379425048828e+01
-3.960489034652709961e+00 -7.544543743133544922e+00 -1.316007995605468750e+01
-1.581065058708190918e+00 -6.564013481140136719e+00 -1.324281501770019531e+01
-3.555958509445190430e+00 -6.335398197174072266e+00 -1.446086788177490234e+01
-3.374146938323974609e+00 -5.282834529876708984e+00 -1.519446468353271484e+01
-6.629925727844238281e+00 -6.537344455718994141e+00 -1.317195796966552734e+01
-7.070006847381591797e+00 -6.212645530700683594e+00 -1.318979930877685547e+01
-7.754930019378662109e+00 -5.232465744018554688e+00 -1.367696380615234375e+01
-5.718699455261230469e+00 -7.133437156677246094e+00 -1.307920646667480469e+01
-8.470595359802246094e+00 -5.365791320800781250e+00 -1.256550693511962891e+01
-7.361725807189941406e+00 -4.565288543701171875e+00 -1.457549476623535156e+01
-4.150704383850097656e+00 -5.536681652069091797e+00 -1.503056049346923828e+01
-5.994330883026123047e+00 -4.383222579956054688e+00 -1.525885868072509766e+01
-2.710612773895263672e+00 -5.389559268951416016e+00 -1.501548385620117188e+01
-2.175835371017456055e+00 -4.298960685729980469e+00 -1.537284374237060547e+01
-3.721898078918457031e+00 -3.718235492706298828e+00 -1.575459861755371094e+01
-2.789807796478271484e+00 -3.191430091857910156e+00 -1.571907520294189453e+01
-4.987404346466064453e+00 -2.650727272033691406e+00 -1.594465923309326172e+01
-3.919958829879760742e+00 -1.506112933158874512e+00 -1.593853664398193359e+01
-9.298757553100585938e+00 -4.443988323211669922e+00 -1.222362232208251953e+01
-8.931762695312500000e+00 -4.003866195678710938e+00 -1.344743156433105469e+01
-9.909757614135742188e+00 -2.866200923919677734e+00 -1.234859943389892578e+01
-1.040031337738037109e+01 -1.442371010780334473e+00 -1.152070617675781250e+01
-8.546689987182617188e+00 -3.351576328277587891e+00 -1.436304664611816406e+01
-7.689676284790039062e+00 -2.968590259552001953e+00 -1.520059204101562500e+01
-9.820237159729003906e+00 -9.285818338394165039e-01 -1.328526973724365234e+01
-9.374289512634277344e+00 -3.324195742607116699e-01 -1.420609569549560547e+01
-8.486439704895019531e+00 -9.551325440406799316e-01 -1.507599735260009766e+01
-7.133817672729492188e+00 1.574394404888153076e-01 -1.577228736877441406e+01
-7.626273155212402344e+00 8.102238178253173828e-01 -1.553879451751708984e+01
-1.523179769515991211e+00 -7.555849075317382812e+00 -6.888940334320068359e+00
-4.221578538417816162e-01 -7.157408714294433594e+00 -8.632151603698730469e+00
7.016053050756454468e-02 -6.569249629974365234e+00 -5.590486049652099609e+00
6.169386506080627441e-01 -6.686617374420166016e+00 -6.757566452026367188e+00
-2.402505576610565186e-01 -6.931084632873535156e+00 -9.611129760742187500e+00
-5.061211064457893372e-02 -5.895707130432128906e+00 -1.240246391296386719e+01
1.347898602485656738e+00 -6.389708042144775391e+00 -6.419777393341064453e+00
2.017048835754394531e+00 -5.951533794403076172e+00 -8.191435813903808594e+00
-7.599351406097412109e-01 -5.088900089263916016e+00 -1.430502700805664062e+01
1.024699211120605469e+00 -4.963550090789794922e+00 -1.243894290924072266e+01
-1.229348897933959961e+00 -3.742875576019287109e+00 -1.520531558990478516e+01
-1.921528875827789307e-01 -3.009065628051757812e+00 -1.486044216156005859e+01
1.959658861160278320e+00 -5.053414344787597656e+00 -1.069869709014892578e+01
-1.087846636772155762e+00 -2.408299207687377930e+00 -1.528314781188964844e+01
-1.307332515716552734e+00 -1.700734734535217285e+00 -1.534244346618652344e+01
2.140889883041381836e+00 -3.536087512969970703e+00 -1.149385929107666016e+01
8.841888904571533203e-01 -1.870737075805664062e+00 -1.348780250549316406e+01
7.964585423469543457e-01 -1.145105242729187012e+00 -1.333504676818847656e+01
-2.605774402618408203e+00 -1.782051920890808105e+00 -1.570280456542968750e+01
-2.675450563430786133e+00 -8.108769059181213379e-01 -1.564328670501708984e+01
-5.083299636840820312e+00 4.527559876441955566e-01 -1.589170742034912109e+01
-2.886446237564086914e+00 1.005884289741516113e+00 -1.536889362335205078e+01
-2.164893627166748047e+00 1.173524618148803711e+00 -1.512559986114501953e+01
-4.988417625427246094e-01 1.148741722106933594e+00 -1.389150714874267578e+01
-2.882612466812133789e+00 2.078383207321166992e+00 -1.503697681427001953e+01
-2.467111110687255859e+00 2.786947250366210938e+00 -1.464808177947998047e+01
2.700544834136962891e+00 -3.966130018234252930e+00 -1.033819961547851562e+01
3.515500545501708984e+00 -2.607765197753906250e+00 -1.011474037170410156e+01
3.011387586593627930e+00 -1.846791863441467285e+00 -1.085598754882812500e+01
9.634730815887451172e-01 -2.820765972137451172e-01 -1.281565380096435547e+01
1.481918334960937500e+00 7.081676274538040161e-03 -1.211352252960205078e+01
2.347888231277465820e+00 -2.171878963708877563e-01 -1.123040962219238281e+01
1.080059051513671875e+00 4.166698455810546875e-01 -1.233906173706054688e+01
-1.051241779327392578e+01 -9.693670272827148438e-01 -1.099415683746337891e+01
-9.966631889343261719e+00 6.818583011627197266e-01 -1.292373847961425781e+01
-1.030369663238525391e+01 -1.796771772205829620e-02 -1.048770141601562500e+01
-1.007304382324218750e+01 -1.235358342528343201e-01 -9.025265693664550781e+00
-9.726714134216308594e+00 5.396223068237304688e-01 -1.002811050415039062e+01
-9.963840484619140625e+00 9.193124771118164062e-01 -1.155337047576904297e+01
-9.432304382324218750e+00 2.027004241943359375e+00 -1.278655624389648438e+01
-8.822279930114746094e+00 1.392080545425415039e+00 -9.342323303222656250e+00
-8.418004989624023438e+00 2.392650127410888672e+00 -1.037588119506835938e+01
-8.198491096496582031e+00 1.155885815620422363e+00 -6.069897174835205078e+00
-7.959983825683593750e+00 1.588712930679321289e+00 -7.151749134063720703e+00
-8.281969070434570312e+00 1.874096393585205078e+00 -8.738387107849121094e+00
-7.900367736816406250e+00 2.542354583740234375e+00 -9.733044624328613281e+00
-6.298128604888916016e+00 2.698363065719604492e+00 -7.678338527679443359e+00
-6.214533805847167969e+00 3.004263401031494141e+00 -8.162831306457519531e+00
-8.633231163024902344e+00 2.194941043853759766e+00 -1.429387187957763672e+01
-8.035236358642578125e+00 2.224158525466918945e+00 -1.473403072357177734e+01
-7.636709213256835938e+00 3.433421611785888672e+00 -1.351467323303222656e+01
-6.656208515167236328e+00 4.255508899688720703e+00 -1.314023303985595703e+01
-6.099407672882080078e+00 1.891218781471252441e+00 -1.547832584381103516e+01
-5.844785690307617188e+00 2.180274963378906250e+00 -1.532781887054443359e+01
-5.171698570251464844e+00 3.963008642196655273e+00 -1.412338924407958984e+01
-4.616418361663818359e+00 3.957569360733032227e+00 -1.425113201141357422e+01
-5.868157863616943359e+00 3.764291763305664062e+00 -1.412629795074462891e+01
-8.274469375610351562e+00 3.276175498962402344e+00 -1.224907302856445312e+01
-6.244860649108886719e+00 4.408864021301269531e+00 -1.238335323333740234e+01
-5.557475090026855469e+00 4.375497817993164062e+00 -1.074580383300781250e+01
-3.390202760696411133e+00 4.231259346008300781e+00 -1.349063682556152344e+01
-3.172077655792236328e+00 4.293624877929687500e+00 -1.287273406982421875e+01
-5.221629619598388672e+00 4.430469512939453125e+00 -1.222164535522460938e+01
-4.470572471618652344e+00 4.632298946380615234e+00 -1.232842540740966797e+01
-3.218316078186035156e+00 4.683614730834960938e+00 -1.144536304473876953e+01
-4.959823608398437500e+00 4.781082153320312500e+00 -1.085008525848388672e+01
-3.797312021255493164e+00 4.889314174652099609e+00 -1.117336559295654297e+01
-6.641349792480468750e+00 3.676895380020141602e+00 -1.050360107421875000e+01
-5.932701587677001953e+00 3.618408203125000000e+00 -9.036160469055175781e+00
3.056996345520019531e+00 -1.884753853082656860e-01 -1.030615520477294922e+01
-1.399832963943481445e-01 1.527692675590515137e+00 -1.288054370880126953e+01
-2.115485906600952148e+00 3.219986677169799805e+00 -1.359741020202636719e+01
9.949694871902465820e-01 8.015474677085876465e-01 -1.169261741638183594e+01
-1.055234670639038086e+00 2.883399009704589844e+00 -1.234143638610839844e+01
-2.714924573898315430e+00 3.844278335571289062e+00 -1.327280998229980469e+01
-1.651012778282165527e+00 3.645634412765502930e+00 -1.187795448303222656e+01
1.132573509216308594e+01 -6.476119518280029297e+00 -3.379927873611450195e+00
1.323628997802734375e+01 -6.521237850189208984e+00 -1.770073413848876953e+00
1.113171386718750000e+01 -6.407643318176269531e+00 -8.464789390563964844e-01
1.089088058471679688e+01 -6.406742572784423828e+00 -2.596858978271484375e+00
1.417938423156738281e+01 -6.897574901580810547e+00 -5.046337604522705078e+00
1.185664176940917969e+01 -6.547193050384521484e+00 -3.990303516387939453e+00
1.254043102264404297e+01 -6.541738986968994141e+00 -5.496735095977783203e+00
1.301534748077392578e+01 -6.810726642608642578e+00 -3.679434537887573242e+00
1.548189640045166016e+01 -6.868233680725097656e+00 -3.629397869110107422e+00
1.586267375946044922e+01 -5.833093643188476562e+00 -4.220905780792236328e+00
1.615187263488769531e+01 -6.249062538146972656e+00 -1.232206583023071289e+00
1.624681091308593750e+01 -5.481166839599609375e+00 -2.109777450561523438e+00
1.450670909881591797e+01 -6.281054019927978516e+00 -1.777621358633041382e-02
1.471586513519287109e+01 -6.705739974975585938e+00 -1.599421858787536621e+00
1.528858852386474609e+01 -5.957365512847900391e+00 8.980273008346557617e-01
1.472916889190673828e+01 -3.954114675521850586e+00 2.004829883575439453e+00
1.511842346191406250e+01 -4.000199794769287109e+00 8.665446639060974121e-01
1.432452011108398438e+01 -3.152594804763793945e+00 1.052904248237609863e+00
1.561855888366699219e+01 -4.807802677154541016e+00 -3.386341094970703125e+00
1.507188034057617188e+01 -3.948705434799194336e+00 -2.594944477081298828e+00
1.514830207824707031e+01 -3.780668497085571289e+00 -1.038366913795471191e+00
1.482688522338867188e+01 -3.538748264312744141e+00 -1.532937765121459961e+00
1.416991138458251953e+01 -2.815776109695434570e+00 -8.770651817321777344e-01
1.361748409271240234e+01 -6.726192951202392578e+00 -6.277343273162841797e+00
1.502749538421630859e+01 -5.917342185974121094e+00 -6.580042362213134766e+00
1.218904972076416016e+01 -6.438545227050781250e+00 -6.687105178833007812e+00
1.271319198608398438e+01 -5.904086112976074219e+00 -7.489031791687011719e+00
1.562775611877441406e+01 -5.750699520111083984e+00 -5.657969951629638672e+00
1.525632762908935547e+01 -5.063706874847412109e+00 -5.934150695800781250e+00
1.467369842529296875e+01 -4.460947990417480469e+00 -5.520669937133789062e+00
1.304271984100341797e+01 -5.502969741821289062e+00 -7.351748943328857422e+00
1.242266941070556641e+01 -4.959573745727539062e+00 -6.655583858489990234e+00
1.324485683441162109e+01 -4.496102809906005859e+00 -6.114523410797119141e+00
1.335834217071533203e+01 -3.426462650299072266e+00 -4.940721988677978516e+00
1.473857593536376953e+01 -3.753846406936645508e+00 -2.809369564056396484e+00
1.456362724304199219e+01 -3.818590879440307617e+00 -4.484942436218261719e+00
1.404901790618896484e+01 -3.007749080657958984e+00 -3.726299285888671875e+00
1.007721900939941406e+01 -5.955461978912353516e+00 -2.740920543670654297e+00
6.942589759826660156e+00 -4.718978881835937500e+00 -2.361809492111206055e+00
7.230105876922607422e+00 -4.803022861480712891e+00 -1.936000108718872070e+00
6.793907642364501953e+00 -4.662387847900390625e+00 -2.926032543182373047e+00
1.040585613250732422e+01 -6.232230663299560547e+00 -2.337707042694091797e+00
8.947293281555175781e+00 -5.490787982940673828e+00 -1.937911152839660645e+00
7.897029399871826172e+00 -5.070739269256591797e+00 -1.571720480918884277e+00
9.518610954284667969e+00 -5.479400157928466797e+00 -3.435553550720214844e+00
9.850982666015625000e+00 -5.502367496490478516e+00 -4.668062210083007812e+00
8.259404182434082031e+00 -4.937679767608642578e+00 -3.959233045578002930e+00
1.342799854278564453e+01 -2.153509140014648438e+00 -1.700630411505699158e-02
1.213222217559814453e+01 -8.065341711044311523e-01 -1.026404380798339844e+00
1.083334350585937500e+01 -5.925931453704833984e+00 -5.505771636962890625e+00
1.087740802764892578e+01 -5.399937629699707031e+00 -6.049134731292724609e+00
9.496276855468750000e+00 -5.038542270660400391e+00 -5.195913791656494141e+00
1.155574512481689453e+01 -4.692343235015869141e+00 -6.201499462127685547e+00
9.091701507568359375e+00 -4.307565689086914062e+00 -6.415197372436523438e+00
1.028052902221679688e+01 -3.527494430541992188e+00 -5.866574287414550781e+00
1.228476619720458984e+01 -3.698246717453002930e+00 -5.462180137634277344e+00
1.051684379577636719e+01 -3.192844390869140625e+00 -5.664274692535400391e+00
1.056392383575439453e+01 -2.266580820083618164e+00 -5.258167743682861328e+00
8.486907958984375000e+00 -3.678564548492431641e+00 -7.032061100006103516e+00
8.976791381835937500e+00 -3.073297977447509766e+00 -6.565782546997070312e+00
8.031117439270019531e+00 -2.023562669754028320e+00 -6.906173706054687500e+00
1.033777713775634766e+01 -1.590145468711853027e+00 -5.122368335723876953e+00
8.224863052368164062e+00 -1.693373441696166992e+00 -6.641736030578613281e+00
8.721301078796386719e+00 -4.686458110809326172e-01 -5.848978996276855469e+00
7.270925998687744141e+00 -1.570045500993728638e-01 -6.918164253234863281e+00
1.304862117767333984e+01 -2.201916217803955078e+00 -4.036044597625732422e+00
1.329900932312011719e+01 -1.683961272239685059e+00 -1.932526230812072754e+00
1.310145187377929688e+01 -1.356372117996215820e+00 -3.171553134918212891e+00
1.226429462432861328e+01 -5.242310166358947754e-01 -2.244867324829101562e+00
1.199744319915771484e+01 -1.507429778575897217e-01 -2.855200767517089844e+00
1.227572727203369141e+01 -1.944563031196594238e+00 -4.361478805541992188e+00
1.112776470184326172e+01 -1.226405382156372070e+00 -4.506464958190917969e+00
1.144182300567626953e+01 -5.643007755279541016e-01 -3.902616977691650391e+00
1.013487625122070312e+01 1.519390106201171875e+00 -1.746806025505065918e+00
9.278146743774414062e+00 2.360664844512939453e+00 -2.886831998825073242e+00
9.333125114440917969e+00 2.307925224304199219e+00 -3.361159801483154297e+00
8.573488235473632812e+00 2.927769422531127930e+00 -2.369065761566162109e+00
1.017655658721923828e+01 -8.961815834045410156e-01 -5.019197940826416016e+00
1.063133430480957031e+01 3.102547526359558105e-01 -4.143650054931640625e+00
8.351034164428710938e+00 1.356076151132583618e-01 -5.854918479919433594e+00
7.009526252746582031e+00 9.908655881881713867e-01 -6.429120540618896484e+00
1.384592628479003906e+01 -3.303255319595336914e+00 2.595017671585083008e+00
1.245890808105468750e+01 -2.284577846527099609e+00 2.911918401718139648e+00
1.127929782867431641e+01 -6.922690868377685547e-01 1.439669370651245117e+00
1.142518806457519531e+01 -5.538303256034851074e-01 2.888292372226715088e-01
9.970543861389160156e+00 -3.262703418731689453e-01 3.072577714920043945e+00
8.882266044616699219e+00 1.042718172073364258e+00 2.612818717956542969e+00
9.440270423889160156e+00 7.479240894317626953e-01 2.075935363769531250e+00
7.375716209411621094e+00 2.122818946838378906e+00 2.984496593475341797e+00
7.188029289245605469e+00 2.762239933013916016e+00 1.840700626373291016e+00
9.807055473327636719e+00 9.712670445442199707e-01 3.530480861663818359e-01
1.000845050811767578e+01 1.306373953819274902e+00 -1.003091573715209961e+00
8.018939971923828125e+00 2.696720361709594727e+00 4.335517883300781250e-01
3.348070621490478516e+00 4.267818450927734375e+00 -3.487983942031860352e-01
6.217212677001953125e+00 3.524960517883300781e+00 2.705798745155334473e-01
5.471666812896728516e+00 4.014817714691162109e+00 -2.227455854415893555e+00
3.666932106018066406e+00 4.375792980194091797e+00 -6.870335936546325684e-01
2.843103647232055664e+00 3.807141780853271484e+00 -2.456402301788330078e+00
2.956827640533447266e+00 3.500885486602783203e+00 -3.328948497772216797e+00
-9.871693253517150879e-01 3.792267799377441406e+00 -7.661356329917907715e-01
2.146249055862426758e+00 3.135716676712036133e+00 -4.386729240417480469e+00
9.475985541939735413e-03 4.156749248504638672e+00 -3.144071817398071289e+00
3.066997230052947998e-01 3.706885337829589844e+00 -4.699400901794433594e+00
2.377404928207397461e+00 3.797813892364501953e+00 -2.566524505615234375e+00
5.100227832794189453e+00 -8.709668517112731934e-01 -8.897632598876953125e+00
2.944132566452026367e+00 3.130070865154266357e-01 -9.612255096435546875e+00
5.062413692474365234e+00 5.131039023399353027e-01 -8.117961883544921875e+00
3.643642425537109375e+00 5.675520300865173340e-01 -8.972818374633789062e+00
2.524667739868164062e+00 5.054110288619995117e-01 -9.805075645446777344e+00
1.546683907508850098e+00 1.851814508438110352e+00 -9.915307044982910156e+00
3.307805061340332031e-01 3.150938749313354492e+00 -9.159674644470214844e+00
1.115329414606094360e-01 3.003473281860351562e+00 -1.046064949035644531e+01
5.655871391296386719e+00 2.808298826217651367e+00 -4.858900547027587891e+00
6.162213325500488281e+00 1.891489148139953613e+00 -6.092097282409667969e+00
4.700888156890869141e+00 2.693207025527954102e+00 -5.248568534851074219e+00
4.798570156097412109e+00 2.390421628952026367e+00 -5.963284492492675781e+00
6.606442928314208984e+00 3.732499361038208008e+00 -2.719937562942504883e+00
6.583358764648437500e+00 1.290813922882080078e+00 -6.430539131164550781e+00
5.713385105133056641e+00 1.677007436752319336e+00 -6.607388496398925781e+00
4.861429214477539062e+00 1.787201881408691406e+00 -7.041199684143066406e+00
2.736660718917846680e+00 2.847405433654785156e+00 -5.063223361968994141e+00
2.817085266113281250e+00 2.093055486679077148e+00 -7.362474918365478516e+00
2.028795242309570312e+00 2.330780506134033203e+00 -6.814274311065673828e+00
9.527766704559326172e-02 3.302397727966308594e+00 -6.273031711578369141e+00
2.722822427749633789e-01 2.960909843444824219e+00 -7.760925769805908203e+00
3.031151592731475830e-01 3.033298730850219727e+00 -8.139724731445312500e+00
-3.296026706695556641e+00 3.397855281829833984e+00 -2.585790872573852539e+00
-5.633802890777587891e+00 3.063433408737182617e+00 -7.732365131378173828e+00
-4.807874679565429688e+00 3.479622840881347656e+00 -7.637277603149414062e+00
-4.258447170257568359e+00 3.350505828857421875e+00 -6.674462318420410156e+00
-2.166085720062255859e+00 3.283736228942871094e+00 -2.328127175569534302e-01
-1.888772010803222656e+00 3.748874187469482422e+00 -1.356598496437072754e+00
-1.527383089065551758e+00 4.092478752136230469e+00 -2.470336198806762695e+00
-1.353632330894470215e+00 4.390080928802490234e+00 -3.694607257843017578e+00
-1.182806849479675293e+00 4.399234771728515625e+00 -4.988401412963867188e+00
-4.800546169281005859e+00 4.075374126434326172e+00 -8.507151603698730469e+00
-4.506785869598388672e+00 4.553327560424804688e+00 -9.026473999023437500e+00
-1.982027411460876465e+00 4.461554050445556641e+00 -7.513140678405761719e+00
-3.351238489151000977e+00 4.457134246826171875e+00 -8.333577156066894531e+00
-1.542263746261596680e+00 3.653030395507812500e+00 -1.120096397399902344e+01
-1.229546666145324707e+00 3.508250236511230469e+00 -1.106541538238525391e+01
-3.829808712005615234e+00 4.851224899291992188e+00 -1.070615196228027344e+01
-2.048959255218505859e+00 4.180430889129638672e+00 -9.852326393127441406e+00
-3.123363852500915527e-01 3.481493711471557617e+00 -9.968400001525878906e+00
-2.159975051879882812e+00 4.557675838470458984e+00 -6.122055053710937500e+00
5.283382415771484375e+00 3.135514974594116211e+00 2.310098886489868164e+00
6.058341503143310547e+00 3.156854867935180664e+00 1.779264450073242188e+00
1.966083645820617676e+00 7.071347832679748535e-01 -1.029113864898681641e+01
-5.176578760147094727e-01 2.796477794647216797e+00 -1.161807918548583984e+01
4.414071738719940186e-01 2.526864528656005859e+00 -1.077242469787597656e+01
