1.563781738281250000e+00 -4.934342384338378906e+00 -2.716608047485351562e+00
2.282257318496704102e+00 -4.782386302947998047e+00 -1.929048061370849609e+00
1.517898678779602051e+00 -4.790015697479248047e+00 -2.312434673309326172e+00
-5.068770408630371094e+00 -8.108705520629882812e+00 -7.822627067565917969e+00
-4.999410152435302734e+00 -8.062541961669921875e+00 -1.156823635101318359e+01
-4.185049057006835938e+00 -8.321349143981933594e+00 -9.419859886169433594e+00
-7.270619869232177734e+00 -7.468742847442626953e+00 -7.059370040893554688e+00
-7.774905204772949219e+00 -7.351110935211181641e+00 -7.967463493347167969e+00
-5.692521095275878906e+00 -8.129475593566894531e+00 -9.824079513549804688e+00
-6.220629692077636719e+00 -7.997636318206787109e+00 -9.062047004699707031e+00
-6.480732440948486328e+00 -7.346189498901367188e+00 -1.205455684661865234e+01
-8.411964416503906250e+00 -6.369552135467529297e+00 -1.057596874237060547e+01
-8.334274291992187500e+00 -6.191937446594238281e+00 -1.129440879821777344e+01
-9.642324447631835938e+00 -5.267509460449218750e+00 -8.363171577453613281e+00
-1.005145931243896484e+01 -4.326177120208740234e+00 -8.715986251831054688e+00
-9.587146759033203125e+00 -4.643876075744628906e+00 -1.086754322052001953e+01
-8.219714164733886719e+00 -6.690674781799316406e+00 -5.446274280548095703e+00
-9.066947937011718750e+00 -6.092335224151611328e+00 -4.931352138519287109e+00
-7.967212200164794922e+00 -5.745702743530273438e+00 -3.406118154525756836e+00
-8.495971679687500000e+00 -5.229045867919921875e+00 -2.227872371673583984e+00
-6.957643508911132812e+00 -5.440543174743652344e+00 -3.113703727722167969e+00
-2.593583822250366211e+00 -5.030117511749267578e+00 -1.551245808601379395e+00
-3.373508930206298828e+00 -4.884610176086425781e+00 -5.850530862808227539e-01
-1.440155744552612305e+00 -4.991484165191650391e+00 -2.436028420925140381e-01
-7.378623008728027344e+00 -3.215002775192260742e+00 2.311418294906616211e+00
-5.355350494384765625e+00 -3.517181158065795898e+00 1.279373645782470703e+00
-3.860195398330688477e+00 -5.067943096160888672e+00 -2.138082027435302734e+00
-7.304015636444091797e+00 -4.796704292297363281e+00 -1.627458214759826660e+00
-6.307206153869628906e+00 -5.166790008544921875e+00 -2.787769556045532227e+00
-3.740053415298461914e+00 -4.420382022857666016e+00 1.343896687030792236e-01
-4.768074512481689453e+00 -7.278863430023193359e+00 -5.295296192169189453e+00
-4.545496463775634766e+00 -6.497972965240478516e+00 -4.091745853424072266e+00
-2.280485630035400391e+00 -7.655752658843994141e+00 -6.417241096496582031e+00
-2.884781360626220703e+00 -7.167686462402343750e+00 -5.067613124847412109e+00
-2.214564085006713867e+00 -7.177556037902832031e+00 -5.299600601196289062e+00
-1.356067061424255371e+00 -6.802268028259277344e+00 -5.045211791992187500e+00
-2.779567480087280273e+00 -6.776649951934814453e+00 -4.440736770629882812e+00
-5.267625331878662109e+00 -6.850382328033447266e+00 -4.679473876953125000e+00
-6.153709888458251953e+00 -7.666792392730712891e+00 -6.742547035217285156e+00
-8.704299926757812500e+00 -6.651400089263916016e+00 -6.455342292785644531e+00
-1.416729331016540527e+00 -4.979308128356933594e+00 -1.839930295944213867e+00
-9.336747527122497559e-01 -5.041323661804199219e+00 -2.280520677566528320e+00
-2.241224527359008789e+00 -5.123093605041503906e+00 -2.026367187500000000e+00
-3.498160839080810547e-01 -5.086535453796386719e+00 -1.202772021293640137e+00
6.354584693908691406e-01 -4.622253417968750000e+00 -1.602207660675048828e+00
-8.138933777809143066e-01 -5.403853416442871094e+00 -3.022762537002563477e+00
-6.745602935552597046e-03 -5.501133918762207031e+00 -3.347215890884399414e+00
6.093831062316894531e-01 -4.765887260437011719e+00 -2.129294395446777344e+00
-9.513960838317871094e+00 -4.815289020538330078e+00 -2.046936750411987305e+00
-9.939037322998046875e+00 -4.891271114349365234e+00 -4.681234836578369141e+00
-9.350502967834472656e+00 -5.581826210021972656e+00 -3.832808732986450195e+00
-1.019429969787597656e+01 -3.760742664337158203e+00 -3.289414882659912109e+00
-1.031868839263916016e+01 -3.586679220199584961e+00 -4.716674804687500000e+00
-9.119885444641113281e+00 -4.088213443756103516e+00 3.082973659038543701e-01
-9.778867721557617188e+00 -4.175535678863525391e+00 -1.412028312683105469e+00
-9.819350242614746094e+00 -3.233834505081176758e+00 -2.817820608615875244e-01
-9.598475456237792969e+00 -2.928339719772338867e+00 9.004334211349487305e-01
-9.112467765808105469e+00 -2.723050832748413086e+00 2.166505336761474609e+00
-9.278771400451660156e+00 -1.630787491798400879e+00 1.268951416015625000e+00
-1.017136573791503906e+01 -2.696356534957885742e+00 -2.525597572326660156e+00
-1.009667968750000000e+01 -1.610341548919677734e+00 -2.653710603713989258e+00
-9.463937759399414062e+00 -1.294875264167785645e+00 -8.898276090621948242e-01
-7.936753273010253906e+00 -4.186409413814544678e-01 -6.470022201538085938e-01
-1.006263256072998047e+01 -4.635732173919677734e+00 -5.546089649200439453e+00
-1.034759998321533203e+01 -3.652958154678344727e+00 -5.425179481506347656e+00
-1.053342437744140625e+01 -2.258743524551391602e+00 -5.302054405212402344e+00
-1.059159851074218750e+01 -2.100024938583374023e+00 -5.871925354003906250e+00
-1.008346366882324219e+01 -6.581034660339355469e-01 -5.354031085968017578e+00
-1.059105300903320312e+01 -2.846228837966918945e+00 -7.961437225341796875e+00
-1.071277904510498047e+01 -1.949583649635314941e+00 -8.887354850769042969e+00
-1.060067653656005859e+01 -8.138677477836608887e-01 -8.516920089721679688e+00
-9.951441764831542969e+00 -3.320764601230621338e-01 -6.705738067626953125e+00
-8.383183479309082031e+00 -2.024793028831481934e-01 -2.253878831863403320e+00
-6.925770759582519531e+00 1.700166225433349609e+00 -3.687246322631835938e+00
-9.017456054687500000e+00 3.860750496387481689e-01 -6.202984333038330078e+00
-7.576238155364990234e+00 1.439032673835754395e+00 -4.988901138305664062e+00
1.347886848449707031e+01 -4.768267631530761719e+00 4.047205924987792969e+00
1.361671257019042969e+01 -6.226052761077880859e+00 6.662139296531677246e-01
1.313152599334716797e+01 -5.946731090545654297e+00 1.318680405616760254e+00
1.507440090179443359e+01 -5.773313999176025391e+00 1.724584221839904785e+00
1.502239131927490234e+01 -4.653028011322021484e+00 2.667268276214599609e+00
1.208643436431884766e+01 -5.369045257568359375e+00 2.505597591400146484e+00
4.474272251129150391e+00 -1.087810277938842773e+00 4.740455627441406250e+00
5.391275405883789062e+00 -7.488620281219482422e-01 5.753735542297363281e+00
6.662129402160644531e+00 -4.853046894073486328e+00 -1.702048063278198242e+00
8.930183410644531250e+00 -6.272175312042236328e+00 -1.289483547210693359e+00
8.137253761291503906e+00 -6.185188770294189453e+00 -1.125019073486328125e+00
7.464937686920166016e+00 -6.255301952362060547e+00 -5.351134538650512695e-01
2.554127216339111328e+00 -5.428941726684570312e+00 4.022853076457977295e-01
4.301131725311279297e+00 -4.708683967590332031e+00 -1.509647130966186523e+00
5.176454544067382812e+00 -5.099013805389404297e+00 -1.189861893653869629e+00
2.309437513351440430e+00 -4.293273448944091797e+00 -1.265379905700683594e+00
4.119580268859863281e+00 -4.739168643951416016e+00 -1.288313865661621094e+00
5.112006664276123047e+00 -5.577156066894531250e+00 1.993298232555389404e-01
5.818251609802246094e+00 -5.981515407562255859e+00 -6.421793699264526367e-01
3.098006010055541992e+00 -5.500786781311035156e+00 -5.933166742324829102e-01
9.511932373046875000e+00 -5.045176982879638672e+00 2.945707559585571289e+00
1.021171379089355469e+01 -4.300384998321533203e+00 4.524917125701904297e+00
1.006778335571289062e+01 -4.645038604736328125e+00 4.049443721771240234e+00
8.893232345581054688e+00 -3.651197195053100586e+00 4.976638793945312500e+00
8.972089767456054688e+00 -4.858985424041748047e+00 3.046368598937988281e+00
9.049262046813964844e+00 -5.862805366516113281e+00 1.367131829261779785e+00
8.697222709655761719e+00 -6.080710887908935547e+00 8.965533971786499023e-01
5.558640480041503906e+00 -1.178767561912536621e+00 3.814654350280761719e+00
6.175326824188232422e+00 -3.647474050521850586e+00 2.323376893997192383e+00
5.597522258758544922e+00 -3.952401876449584961e+00 1.830468773841857910e+00
4.524031639099121094e+00 -1.867787480354309082e+00 2.988671541213989258e+00
4.637428760528564453e+00 -1.416780352592468262e+00 3.584326267242431641e+00
6.935208320617675781e+00 -2.307780265808105469e+00 4.125439643859863281e+00
6.794335842132568359e+00 -1.705511808395385742e+00 5.215057373046875000e+00
6.552185058593750000e+00 -5.452644824981689453e+00 9.021912217140197754e-01
1.242414855957031250e+01 -3.408045291900634766e+00 5.272633075714111328e+00
1.416234493255615234e+01 -3.787224292755126953e+00 3.960741519927978516e+00
1.298072338104248047e+01 -2.640160083770751953e+00 4.359753608703613281e+00
1.378882503509521484e+01 -2.775564432144165039e+00 2.754092931747436523e+00
8.106464385986328125e+00 -2.441783189773559570e+00 6.276356697082519531e+00
7.638418674468994141e+00 -2.085506677627563477e+00 6.243428707122802734e+00
4.393147945404052734e+00 -3.983325660228729248e-01 6.532073020935058594e+00
1.000225830078125000e+01 -3.401436090469360352e+00 5.910921573638916016e+00
1.074209690093994141e+01 -2.094481706619262695e+00 5.817867755889892578e+00
1.107537841796875000e+01 -1.737043142318725586e+00 4.982312679290771484e+00
8.909556388854980469e+00 -1.103962779045104980e+00 5.922313690185546875e+00
9.231389045715332031e+00 -7.824238538742065430e-01 5.025669574737548828e+00
1.136578750610351562e+01 -1.655184507369995117e+00 4.087051868438720703e+00
1.164239883422851562e+01 -1.485085368156433105e+00 3.142514705657958984e+00
6.804225921630859375e+00 -1.222053647041320801e+00 5.989100456237792969e+00
7.935599327087402344e+00 -6.989814639091491699e-01 5.839580535888671875e+00
7.152383804321289062e+00 1.629938781261444092e-01 5.341449260711669922e+00
6.400374412536621094e+00 -1.113387644290924072e-01 5.651426315307617188e+00
5.774162292480468750e+00 1.037435531616210938e+00 5.316487312316894531e+00
8.210153579711914062e+00 5.276588201522827148e-01 4.156015872955322266e+00
5.825988769531250000e+00 2.246302604675292969e+00 4.019479751586914062e+00
6.219987392425537109e+00 2.347602128982543945e+00 3.567713499069213867e+00
-2.130952596664428711e+00 -2.790766954421997070e+00 3.768403530120849609e+00
-1.522060990333557129e+00 -3.793848752975463867e+00 1.655853748321533203e+00
-1.476466655731201172e+00 -4.642731666564941406e+00 3.812651038169860840e-01
-1.616232037544250488e+00 -2.854481458663940430e+00 3.488404989242553711e+00
-2.418185621500015259e-01 -2.656204462051391602e+00 2.368050575256347656e+00
-5.072239398956298828e+00 -3.483932971954345703e+00 1.471838712692260742e+00
-4.360267639160156250e+00 -3.321340084075927734e+00 2.206294059753417969e+00
-5.804332733154296875e+00 -2.598165273666381836e+00 3.393331766128540039e+00
-5.278432846069335938e+00 -3.020469427108764648e+00 2.537377834320068359e+00
-4.093767642974853516e+00 -2.825956821441650391e+00 3.380666017532348633e+00
-2.756916761398315430e+00 -1.617154240608215332e+00 4.876006126403808594e+00
-5.652949810028076172e+00 -1.269408464431762695e+00 4.707856178283691406e+00
-5.349228382110595703e+00 -7.393454313278198242e-01 4.908539772033691406e+00
2.550350904464721680e+00 -1.688645124435424805e+00 3.589508771896362305e+00
1.380094289779663086e+00 -8.759754300117492676e-01 4.097282886505126953e+00
-5.994420126080513000e-02 -1.179667711257934570e+00 3.643342733383178711e+00
1.097392559051513672e+00 -3.111218214035034180e-01 4.647270679473876953e+00
2.566523790359497070e+00 -1.026754498481750488e+00 5.184023380279541016e+00
3.626073122024536133e+00 -5.435264110565185547e-01 6.475222587585449219e+00
1.134648084640502930e+00 7.757568359375000000e-01 5.386393070220947266e+00
-3.223797559738159180e+00 -1.389576435089111328e+00 5.008574485778808594e+00
-4.243410110473632812e+00 2.990710437297821045e-01 5.009289741516113281e+00
-2.747214555740356445e+00 5.665910243988037109e-01 5.134649276733398438e+00
-1.166930675506591797e+00 1.617412328720092773e+00 4.406476020812988281e+00
-3.886849641799926758e+00 1.016955852508544922e+00 4.047773838043212891e+00
-3.823346138000488281e+00 1.422546863555908203e+00 2.890004634857177734e+00
-1.777515113353729248e-01 -5.097402095794677734e+00 -8.847094327211380005e-02
2.975794076919555664e-01 -4.959168910980224609e+00 -1.214370504021644592e-01
8.152040839195251465e-01 -4.970886230468750000e+00 2.798283472657203674e-02
1.646739363670349121e+00 -3.801919698715209961e+00 1.401946783065795898e+00
1.481585502624511719e+00 -5.005779266357421875e+00 5.754610300064086914e-01
1.628912687301635742e+00 -3.771307945251464844e+00 -1.361597180366516113e+00
1.891050934791564941e+00 -2.615659236907958984e+00 2.318471670150756836e+00
2.347110748291015625e+00 1.514395713806152344e+00 5.473336696624755859e+00
2.906361579895019531e+00 2.504205226898193359e+00 4.154284477233886719e+00
2.609566688537597656e+00 2.979831933975219727e+00 2.981276273727416992e+00
-8.628739714622497559e-01 2.482479095458984375e+00 2.616014957427978516e+00
-6.601744890213012695e-01 1.954964399337768555e+00 4.176097393035888672e+00
5.746353268623352051e-01 2.558007001876831055e+00 3.235423803329467773e+00
-1.729589104652404785e+00 3.173931598663330078e+00 1.078543812036514282e-01
-7.584961891174316406e+00 -2.460760116577148438e+00 3.554393529891967773e+00
-7.328650474548339844e+00 -1.426150679588317871e+00 4.218538284301757812e+00
-7.960629463195800781e+00 -8.157528042793273926e-01 2.907461643218994141e+00
-6.811338424682617188e+00 -1.162292838096618652e+00 4.463045597076416016e+00
-7.016649246215820312e+00 -3.690108954906463623e-01 3.061305761337280273e+00
-6.419667720794677734e+00 1.881902664899826050e-01 1.420217275619506836e+00
-6.219346046447753906e+00 1.394705325365066528e-01 2.391604185104370117e+00
-6.924240589141845703e+00 2.270720005035400391e-01 -8.147277832031250000e-01
-3.744930028915405273e+00 1.650120735168457031e+00 1.846270084381103516e+00
-5.361895561218261719e+00 2.013376235961914062e+00 -1.993586540222167969e+00
-3.648181676864624023e+00 3.034059286117553711e+00 -1.669288158416748047e+00
3.487490653991699219e+00 7.223216295242309570e-01 6.285486698150634766e+00
3.046542167663574219e+00 1.803607940673828125e+00 5.244251728057861328e+00
3.896030664443969727e+00 2.195057630538940430e+00 4.648380279541015625e+00
4.571256160736083984e+00 2.742485284805297852e+00 3.644388675689697266e+00
3.888151645660400391e+00 3.206794023513793945e+00 2.902308940887451172e+00
7.769874095916748047e+00 -4.922914981842041016e+00 -3.994797468185424805e+00
2.380630016326904297e+00 -5.076080799102783203e+00 -3.056153297424316406e+00
5.502570152282714844e+00 -4.744144439697265625e+00 -2.538504600524902344e+00
6.329628467559814453e+00 -4.698187351226806641e+00 -2.992712736129760742e+00
3.037825822830200195e+00 -5.014863967895507812e+00 -2.939650058746337891e+00
2.091897249221801758e+00 -5.932520866394042969e+00 -5.253075599670410156e+00
2.626382827758789062e+00 -5.809948921203613281e+00 -6.255566596984863281e+00
3.890799999237060547e+00 -5.143574237823486328e+00 -5.602618217468261719e+00
5.928400039672851562e+00 -4.826063156127929688e+00 -3.745966196060180664e+00
7.164913177490234375e+00 -4.977223396301269531e+00 -4.093841075897216797e+00
2.442173242568969727e+00 -5.622034072875976562e+00 -8.460383415222167969e+00
8.319503784179687500e+00 -4.992901325225830078e+00 -6.043354988098144531e+00
3.298854827880859375e+00 -5.333302021026611328e+00 -7.118871688842773438e+00
3.710477113723754883e+00 -4.724294185638427734e+00 -7.901775836944580078e+00
6.290196418762207031e+00 -5.081557750701904297e+00 -5.392572402954101562e+00
7.405245780944824219e+00 -4.941939830780029297e+00 -6.351844310760498047e+00
5.875205993652343750e+00 -4.183565616607666016e+00 -7.262346267700195312e+00
7.527607917785644531e+00 -4.037538528442382812e+00 -7.386073589324951172e+00
5.584535598754882812e+00 -3.866888523101806641e+00 -7.634731769561767578e+00
5.155046939849853516e+00 -2.839947938919067383e+00 -8.644851684570312500e+00
5.230290412902832031e+00 -2.081457853317260742e+00 -8.896765708923339844e+00
-3.349231004714965820e+00 -7.971515655517578125e+00 -1.205636787414550781e+01
-3.131047248840332031e+00 -8.216040611267089844e+00 -1.051687908172607422e+01
-3.961338520050048828e+00 -7.544430255889892578e+00 -1.315952682495117188e+01
-1.581921219825744629e+00 -6.563405990600585938e+00 -1.324223327636718750e+01
-3.557095289230346680e+00 -6.334556102752685547e+00 -1.445978260040283203e+01
-3.375981330871582031e+00 -5.280702114105224609e+00 -1.519111537933349609e+01
-6.631024360656738281e+00 -6.537668704986572266e+00 -1.317057132720947266e+01
-7.071720123291015625e+00 -6.213546276092529297e+00 -1.318793678283691406e+01
-7.757451057434082031e+00 -5.234596729278564453e+00 -1.367463397979736328e+01
-5.719742298126220703e+00 -7.133144378662109375e+00 -1.307813262939453125e+01
-8.474365234375000000e+00 -5.368189334869384766e+00 -1.256401252746582031e+01
-7.364108562469482422e+00 -4.567729949951171875e+00 -1.457341575622558594e+01
-4.151548385620117188e+00 -5.535511493682861328e+00 -1.502805805206298828e+01
-5.996048450469970703e+00 -4.383819103240966797e+00 -1.525692653656005859e+01
-2.712095737457275391e+00 -5.387636184692382812e+00 -1.501268482208251953e+01
-2.177539825439453125e+00 -4.295585632324218750e+00 -1.536875534057617188e+01
-3.723393440246582031e+00 -3.715118885040283203e+00 -1.575086498260498047e+01
-2.790748596191406250e+00 -3.188305377960205078e+00 -1.571500301361083984e+01
-4.990732669830322266e+00 -2.650582551956176758e+00 -1.593945503234863281e+01
-3.921509742736816406e+00 -1.505494594573974609e+00 -1.593410873413085938e+01
-9.301276206970214844e+00 -4.444064617156982422e+00 -1.222189235687255859e+01
-8.935125350952148438e+00 -4.005564689636230469e+00 -1.344597339630126953e+01
-9.911297798156738281e+00 -2.865727901458740234e+00 -1.234717178344726562e+01
-1.040223121643066406e+01 -1.441112518310546875e+00 -1.151968479156494141e+01
-8.548344612121582031e+00 -3.352160692214965820e+00 -1.436314392089843750e+01
-7.693088531494140625e+00 -2.969944238662719727e+00 -1.519825267791748047e+01
-9.821868896484375000e+00 -9.263942837715148926e-01 -1.328343009948730469e+01
-9.376617431640625000e+00 -3.302761018276214600e-01 -1.420504188537597656e+01
-8.488539695739746094e+00 -9.537363052368164062e-01 -1.507436847686767578e+01
-7.136524200439453125e+00 1.577465534210205078e-01 -1.576974201202392578e+01
-7.628812313079833984e+00 8.117640018463134766e-01 -1.553728771209716797e+01
-1.521916627883911133e+00 -7.556810855865478516e+00 -6.889229774475097656e+00
-4.211322069168090820e-01 -7.157875537872314453e+00 -8.632349014282226562e+00
7.400789856910705566e-02 -6.570110797882080078e+00 -5.591632366180419922e+00
6.193606257438659668e-01 -6.686993122100830078e+00 -6.758272171020507812e+00
-2.399123162031173706e-01 -6.931332111358642578e+00 -9.611202239990234375e+00
-5.090315267443656921e-02 -5.895548820495605469e+00 -1.240224552154541016e+01
1.353487014770507812e+00 -6.390961170196533203e+00 -6.421081066131591797e+00
2.020769357681274414e+00 -5.953242778778076172e+00 -8.192740440368652344e+00
-7.605559825897216797e-01 -5.087491989135742188e+00 -1.430391216278076172e+01
1.024152636528015137e+00 -4.963049888610839844e+00 -1.243821239471435547e+01
-1.230026602745056152e+00 -3.740501165390014648e+00 -1.520353794097900391e+01
-1.919713467359542847e-01 -3.008041381835937500e+00 -1.486021232604980469e+01
1.959610700607299805e+00 -5.053593158721923828e+00 -1.069867897033691406e+01
-1.087646961212158203e+00 -2.406554460525512695e+00 -1.528282451629638672e+01
-1.307416558265686035e+00 -1.698540806770324707e+00 -1.534161186218261719e+01
2.141100645065307617e+00 -3.536406040191650391e+00 -1.149314785003662109e+01
8.842126727104187012e-01 -1.870631456375122070e+00 -1.348717403411865234e+01
7.972434759140014648e-01 -1.144859552383422852e+00 -1.333506870269775391e+01
-2.606854915618896484e+00 -1.780286550521850586e+00 -1.569899368286132812e+01
-2.677055597305297852e+00 -8.114367127418518066e-01 -1.564024162292480469e+01
-5.085734844207763672e+00 4.520881474018096924e-01 -1.588760375976562500e+01
-2.886589288711547852e+00 1.005787253379821777e+00 -1.536764621734619141e+01
-2.164711952209472656e+00 1.173941373825073242e+00 -1.512558555603027344e+01
-4.982050955295562744e-01 1.149128556251525879e+00 -1.389115524291992188e+01
-2.882628440856933594e+00 2.078770399093627930e+00 -1.503660964965820312e+01
-2.466288089752197266e+00 2.787224054336547852e+00 -1.464799213409423828e+01
2.703469753265380859e+00 -3.968120098114013672e+00 -1.033894062042236328e+01
3.518489599227905273e+00 -2.610918521881103516e+00 -1.011370468139648438e+01
3.011576890945434570e+00 -1.848097920417785645e+00 -1.085392951965332031e+01
9.638352990150451660e-01 -2.820545732975006104e-01 -1.281427860260009766e+01
1.482066035270690918e+00 5.697627551853656769e-03 -1.211176013946533203e+01
2.348036527633666992e+00 -2.191783189773559570e-01 -1.122837066650390625e+01
1.080341458320617676e+00 4.162074625492095947e-01 -1.233722877502441406e+01
-1.051404857635498047e+01 -9.685571789741516113e-01 -1.099319553375244141e+01
-9.968935012817382812e+00 6.832453608512878418e-01 -1.292121696472167969e+01
-1.030324840545654297e+01 -1.826116815209388733e-02 -1.048656558990478516e+01
-1.007163047790527344e+01 -1.234557926654815674e-01 -9.024733543395996094e+00
-9.725913047790527344e+00 5.404613614082336426e-01 -1.002794456481933594e+01
-9.964311599731445312e+00 9.206282496452331543e-01 -1.155238342285156250e+01
-9.433855056762695312e+00 2.029708623886108398e+00 -1.278535556793212891e+01
-8.820591926574707031e+00 1.393502354621887207e+00 -9.343214035034179688e+00
-8.416185379028320312e+00 2.393554687500000000e+00 -1.037684154510498047e+01
-8.199249267578125000e+00 1.157481431961059570e+00 -6.070564746856689453e+00
-7.962501525878906250e+00 1.593603610992431641e+00 -7.151631355285644531e+00
-8.283607482910156250e+00 1.878616213798522949e+00 -8.738570213317871094e+00
-7.899758338928222656e+00 2.544288635253906250e+00 -9.734169006347656250e+00
-6.297132015228271484e+00 2.695312261581420898e+00 -7.680659770965576172e+00
-6.213160037994384766e+00 3.004423141479492188e+00 -8.164247512817382812e+00
-8.635899543762207031e+00 2.198195219039916992e+00 -1.429368209838867188e+01
-8.037569046020507812e+00 2.227349042892456055e+00 -1.473388004302978516e+01
-7.637702465057373047e+00 3.437848091125488281e+00 -1.351485824584960938e+01
-6.655646800994873047e+00 4.259513378143310547e+00 -1.313907527923583984e+01
-6.100983619689941406e+00 1.892925858497619629e+00 -1.547722148895263672e+01
-5.844906806945800781e+00 2.181395530700683594e+00 -1.532692813873291016e+01
-5.171124458312988281e+00 3.963903427124023438e+00 -1.412240409851074219e+01
-4.615482330322265625e+00 3.958168983459472656e+00 -1.425025844573974609e+01
-5.868254184722900391e+00 3.765594005584716797e+00 -1.412507247924804688e+01
-8.273127555847167969e+00 3.278338432312011719e+00 -1.224879455566406250e+01
-6.243135929107666016e+00 4.410189628601074219e+00 -1.238333988189697266e+01
-5.556131362915039062e+00 4.378848075866699219e+00 -1.074573993682861328e+01
-3.389049291610717773e+00 4.231549263000488281e+00 -1.349012851715087891e+01
-3.170910596847534180e+00 4.293813705444335938e+00 -1.287230205535888672e+01
-5.220011711120605469e+00 4.431899070739746094e+00 -1.222152328491210938e+01
-4.469096183776855469e+00 4.633465766906738281e+00 -1.232829380035400391e+01
-3.216982841491699219e+00 4.684184074401855469e+00 -1.144480133056640625e+01
-4.958303451538085938e+00 4.783785343170166016e+00 -1.085019874572753906e+01
-3.795843601226806641e+00 4.890828132629394531e+00 -1.117312240600585938e+01
-6.639901638031005859e+00 3.679314613342285156e+00 -1.050422286987304688e+01
-5.931359767913818359e+00 3.621020793914794922e+00 -9.036497116088867188e+00
3.056944608688354492e+00 -1.913737356662750244e-01 -1.030364799499511719e+01
-1.392573267221450806e-01 1.527399063110351562e+00 -1.287892627716064453e+01
-2.114593029022216797e+00 3.219978570938110352e+00 -1.359649944305419922e+01
9.951676726341247559e-01 8.001671433448791504e-01 -1.169033622741699219e+01
-1.054031133651733398e+00 2.883301258087158203e+00 -1.234002494812011719e+01
-2.713954687118530273e+00 3.844276428222656250e+00 -1.327213478088378906e+01
-1.649982213973999023e+00 3.645512580871582031e+00 -1.187693786621093750e+01
1.145350360870361328e+01 -6.530691146850585938e+00 -3.439141035079956055e+00
1.336427307128906250e+01 -6.694271087646484375e+00 -1.814482450485229492e+00
1.119234466552734375e+01 -6.438455104827880859e+00 -8.778560757637023926e-01
1.100050544738769531e+01 -6.474015712738037109e+00 -2.649052619934082031e+00
1.436069202423095703e+01 -6.946925163269042969e+00 -5.115030765533447266e+00
1.200200080871582031e+01 -6.590354442596435547e+00 -4.049082279205322266e+00
1.270296859741210938e+01 -6.570173263549804688e+00 -5.552938938140869141e+00
1.316588687896728516e+01 -6.873677253723144531e+00 -3.747957468032836914e+00
1.564863204956054688e+01 -7.016611099243164062e+00 -3.695802927017211914e+00
1.607707405090332031e+01 -5.949867725372314453e+00 -4.298854827880859375e+00
1.629613685607910156e+01 -6.462512016296386719e+00 -1.279179453849792480e+00
1.640950012207031250e+01 -5.678187370300292969e+00 -2.182456493377685547e+00
1.464056777954101562e+01 -6.554826259613037109e+00 -5.179499834775924683e-02
1.485541915893554688e+01 -6.936526775360107422e+00 -1.643971085548400879e+00
1.545749664306640625e+01 -6.147044181823730469e+00 8.211835026741027832e-01
1.495925807952880859e+01 -3.843578338623046875e+00 1.651346683502197266e+00
1.524439048767089844e+01 -4.115344524383544922e+00 6.504185199737548828e-01
1.447152137756347656e+01 -3.186540603637695312e+00 7.564547657966613770e-01
1.582129764556884766e+01 -4.905296325683593750e+00 -3.487788915634155273e+00
1.525892829895019531e+01 -4.030567169189453125e+00 -2.733451604843139648e+00
1.527339267730712891e+01 -3.924718618392944336e+00 -1.197770714759826660e+00
1.500746726989746094e+01 -3.601156711578369141e+00 -1.687559247016906738e+00
1.436066436767578125e+01 -2.803540706634521484e+00 -1.074758648872375488e+00
1.380331325531005859e+01 -6.738604545593261719e+00 -6.331564426422119141e+00
1.523996257781982422e+01 -5.943826675415039062e+00 -6.643395423889160156e+00
1.236029148101806641e+01 -6.447766780853271484e+00 -6.735363960266113281e+00
1.289568614959716797e+01 -5.910203456878662109e+00 -7.529195308685302734e+00
1.593060970306396484e+01 -5.845883369445800781e+00 -5.750910758972167969e+00
1.560602569580078125e+01 -5.083446025848388672e+00 -6.049716472625732422e+00
1.503582096099853516e+01 -4.408539772033691406e+00 -5.663175106048583984e+00
1.323960304260253906e+01 -5.514960289001464844e+00 -7.398444175720214844e+00
1.261475753784179688e+01 -4.959684848785400391e+00 -6.703301429748535156e+00
1.348314476013183594e+01 -4.466497421264648438e+00 -6.203238487243652344e+00
1.361480712890625000e+01 -3.370265245437622070e+00 -5.064383029937744141e+00
1.501073646545410156e+01 -3.710906505584716797e+00 -2.971811532974243164e+00
1.492383861541748047e+01 -3.733953237533569336e+00 -4.634019851684570312e+00
1.436775493621826172e+01 -2.886108636856079102e+00 -3.891641139984130859e+00
1.017879295349121094e+01 -6.017953395843505859e+00 -2.794929504394531250e+00
7.002071857452392578e+00 -4.768197536468505859e+00 -2.402054309844970703e+00
7.290812492370605469e+00 -4.843227386474609375e+00 -1.980989813804626465e+00
6.853076457977294922e+00 -4.709481716156005859e+00 -2.959846496582031250e+00
1.050568962097167969e+01 -6.297235012054443359e+00 -2.390556573867797852e+00
9.027959823608398438e+00 -5.537168979644775391e+00 -1.989221096038818359e+00
7.964941978454589844e+00 -5.104265213012695312e+00 -1.619491815567016602e+00
9.608006477355957031e+00 -5.547999858856201172e+00 -3.485045671463012695e+00
9.962713241577148438e+00 -5.555929183959960938e+00 -4.719918251037597656e+00
8.340731620788574219e+00 -5.002794742584228516e+00 -4.001303672790527344e+00
1.357325744628906250e+01 -2.113998889923095703e+00 -2.215266823768615723e-01
1.223764610290527344e+01 -7.477498054504394531e-01 -1.173879623413085938e+00
1.096944808959960938e+01 -5.963380813598632812e+00 -5.561302185058593750e+00
1.102358341217041016e+01 -5.421977519989013672e+00 -6.099094867706298828e+00
9.599341392517089844e+00 -5.079916477203369141e+00 -5.246442794799804688e+00
1.171149730682373047e+01 -4.697240352630615234e+00 -6.253124713897705078e+00
9.177320480346679688e+00 -4.321938037872314453e+00 -6.453542709350585938e+00
1.039693069458007812e+01 -3.541544198989868164e+00 -5.919414520263671875e+00
1.246820831298828125e+01 -3.680271625518798828e+00 -5.545271396636962891e+00
1.064425563812255859e+01 -3.196996212005615234e+00 -5.725966930389404297e+00
1.066563320159912109e+01 -2.269632577896118164e+00 -5.308101654052734375e+00
8.535453796386718750e+00 -3.682748317718505859e+00 -7.052325248718261719e+00
9.045099258422851562e+00 -3.082006454467773438e+00 -6.596216201782226562e+00
8.050794601440429688e+00 -2.030410051345825195e+00 -6.912120819091796875e+00
1.039935302734375000e+01 -1.605281710624694824e+00 -5.151160717010498047e+00
8.251519203186035156e+00 -1.705541014671325684e+00 -6.651345252990722656e+00
8.741619110107421875e+00 -4.829302728176116943e-01 -5.857081890106201172e+00
7.279939651489257812e+00 -1.625684201717376709e-01 -6.920315265655517578e+00
1.326481151580810547e+01 -2.120042800903320312e+00 -4.179918289184570312e+00
1.346213150024414062e+01 -1.645489335060119629e+00 -2.089560508728027344e+00
1.317240047454833984e+01 -1.339492082595825195e+00 -3.262029170989990234e+00
1.239706993103027344e+01 -4.100255370140075684e-01 -2.356201171875000000e+00
1.201254653930664062e+01 -1.319625526666641235e-01 -2.921502113342285156e+00
1.239778804779052734e+01 -1.914785623550415039e+00 -4.451633930206298828e+00
1.119354057312011719e+01 -1.238253355026245117e+00 -4.545677661895751953e+00
1.146696472167968750e+01 -5.847593545913696289e-01 -3.933715581893920898e+00
1.018229675292968750e+01 1.600069999694824219e+00 -1.805367112159729004e+00
9.283597946166992188e+00 2.395665645599365234e+00 -2.929283142089843750e+00
9.324881553649902344e+00 2.307539701461791992e+00 -3.380992174148559570e+00
8.571116447448730469e+00 2.950270175933837891e+00 -2.397268533706665039e+00
1.019929504394531250e+01 -9.183461666107177734e-01 -5.029238700866699219e+00
1.063064193725585938e+01 2.907795608043670654e-01 -4.154935359954833984e+00
8.363155364990234375e+00 1.288650929927825928e-01 -5.861465930938720703e+00
7.016308784484863281e+00 9.862868785858154297e-01 -6.431195259094238281e+00
1.409669589996337891e+01 -3.060040950775146484e+00 2.217052936553955078e+00
1.263393402099609375e+01 -2.011831045150756836e+00 2.576394796371459961e+00
1.136264514923095703e+01 -5.662113428115844727e-01 1.178902268409729004e+00
1.153034019470214844e+01 -4.376996457576751709e-01 1.079881340265274048e-01
1.007359313964843750e+01 -8.053176105022430420e-02 2.766997098922729492e+00
8.933021545410156250e+00 1.201277256011962891e+00 2.377259731292724609e+00
9.532987594604492188e+00 9.269092679023742676e-01 1.857813119888305664e+00
7.387053012847900391e+00 2.185830116271972656e+00 2.779849767684936523e+00
7.183878421783447266e+00 2.826181888580322266e+00 1.712160587310791016e+00
9.906466484069824219e+00 1.129773139953613281e+00 2.050556242465972900e-01
1.011804771423339844e+01 1.465573906898498535e+00 -1.116816282272338867e+00
8.012413978576660156e+00 2.730471849441528320e+00 3.421440720558166504e-01
3.347605943679809570e+00 4.276804924011230469e+00 -3.545147478580474854e-01
6.227972507476806641e+00 3.600139141082763672e+00 2.407774031162261963e-01
5.478277206420898438e+00 4.054432868957519531e+00 -2.239202260971069336e+00
3.668745040893554688e+00 4.395713806152343750e+00 -6.949010491371154785e-01
2.845663547515869141e+00 3.821805000305175781e+00 -2.461451053619384766e+00
2.958816289901733398e+00 3.507661104202270508e+00 -3.330336332321166992e+00
-9.868521690368652344e-01 3.793167591094970703e+00 -7.657017111778259277e-01
2.146656990051269531e+00 3.138396263122558594e+00 -4.385669708251953125e+00
9.627418592572212219e-03 4.159754276275634766e+00 -3.143643617630004883e+00
3.068332076072692871e-01 3.708445310592651367e+00 -4.698197364807128906e+00
2.378410100936889648e+00 3.804876804351806641e+00 -2.567618846893310547e+00
5.100105762481689453e+00 -8.744565248489379883e-01 -8.894002914428710938e+00
2.942421197891235352e+00 3.087718784809112549e-01 -9.608407974243164062e+00
5.063255310058593750e+00 5.090268850326538086e-01 -8.114153861999511719e+00
3.642794609069824219e+00 5.631116032600402832e-01 -8.969596862792968750e+00
2.522677421569824219e+00 5.014103055000305176e-01 -9.801284790039062500e+00
1.545948028564453125e+00 1.849366426467895508e+00 -9.912566184997558594e+00
3.304359018802642822e-01 3.149260282516479492e+00 -9.157680511474609375e+00
1.120019704103469849e-01 3.002415657043457031e+00 -1.045864486694335938e+01
5.659506320953369141e+00 2.817673683166503906e+00 -4.862154483795166016e+00
6.165824890136718750e+00 1.892265677452087402e+00 -6.092059612274169922e+00
4.702796936035156250e+00 2.693217277526855469e+00 -5.246062755584716797e+00
4.799409389495849609e+00 2.387844085693359375e+00 -5.959280490875244141e+00
6.615265369415283203e+00 3.770697593688964844e+00 -2.732415676116943359e+00
6.587220668792724609e+00 1.287078499794006348e+00 -6.429194450378417969e+00
5.713544845581054688e+00 1.672596693038940430e+00 -6.603217601776123047e+00
4.860067844390869141e+00 1.781481862068176270e+00 -7.035377979278564453e+00
2.736847400665283203e+00 2.847358703613281250e+00 -5.061231136322021484e+00
2.816344738006591797e+00 2.089910745620727539e+00 -7.358892917633056641e+00
2.028053045272827148e+00 2.329327344894409180e+00 -6.810983657836914062e+00
9.461326897144317627e-02 3.301650524139404297e+00 -6.271372318267822266e+00
2.713476121425628662e-01 2.959298372268676758e+00 -7.758949279785156250e+00
3.023814558982849121e-01 3.031364440917968750e+00 -8.137614250183105469e+00
-3.297442436218261719e+00 3.401339292526245117e+00 -2.585014343261718750e+00
-5.633505821228027344e+00 3.066003084182739258e+00 -7.731859683990478516e+00
-4.808564186096191406e+00 3.484399557113647461e+00 -7.636604309082031250e+00
-4.258612632751464844e+00 3.352874279022216797e+00 -6.674549579620361328e+00
-2.167100191116333008e+00 3.283420801162719727e+00 -2.323896288871765137e-01
-1.889494895935058594e+00 3.750175237655639648e+00 -1.355704784393310547e+00
-1.527434945106506348e+00 4.094073772430419922e+00 -2.469969749450683594e+00
-1.352871894836425781e+00 4.391982078552246094e+00 -3.694407463073730469e+00
-1.182263135910034180e+00 4.400236606597900391e+00 -4.987800598144531250e+00
-4.800669670104980469e+00 4.079889774322509766e+00 -8.506196975708007812e+00
-4.505890369415283203e+00 4.557237625122070312e+00 -9.025602340698242188e+00
-1.981209516525268555e+00 4.463698863983154297e+00 -7.512069225311279297e+00
-3.350247144699096680e+00 4.459345340728759766e+00 -8.332821846008300781e+00
-1.541247129440307617e+00 3.653062105178833008e+00 -1.119987678527832031e+01
-1.228669404983520508e+00 3.507842302322387695e+00 -1.106409263610839844e+01
-3.828296184539794922e+00 4.853949069976806641e+00 -1.070586299896240234e+01
-2.048123359680175781e+00 4.181091785430908203e+00 -9.851357460021972656e+00
-3.116854131221771240e-01 3.481142044067382812e+00 -9.966935157775878906e+00
-2.159245491027832031e+00 4.559140205383300781e+00 -6.121519088745117188e+00
5.300035476684570312e+00 3.268571853637695312e+00 2.278034210205078125e+00
6.065458297729492188e+00 3.240164995193481445e+00 1.715758562088012695e+00
1.964540839195251465e+00 7.038247585296630859e-01 -1.028764152526855469e+01
-5.170450806617736816e-01 2.795806407928466797e+00 -1.161626148223876953e+01
4.412885904312133789e-01 2.525261402130126953e+00 -1.077000522613525391e+01
