1.562043309211730957e+00 -4.924892425537109375e+00 -2.718738317489624023e+00
2.280382871627807617e+00 -4.762590408325195312e+00 -1.934533596038818359e+00
1.515936017036437988e+00 -4.777440071105957031e+00 -2.315229415893554688e+00
-5.068769454956054688e+00 -8.108824729919433594e+00 -7.822127342224121094e+00
-4.999510765075683594e+00 -8.061629295349121094e+00 -1.156800842285156250e+01
-4.185050487518310547e+00 -8.321323394775390625e+00 -9.419464111328125000e+00
-7.270876407623291016e+00 -7.468895435333251953e+00 -7.058926582336425781e+00
-7.775026798248291016e+00 -7.350903511047363281e+00 -7.967382907867431641e+00
-5.692372798919677734e+00 -8.128854751586914062e+00 -9.823857307434082031e+00
-6.220616817474365234e+00 -7.997460365295410156e+00 -9.061686515808105469e+00
-6.480320930480957031e+00 -7.344755649566650391e+00 -1.205463409423828125e+01
-8.410343170166015625e+00 -6.366512298583984375e+00 -1.057632827758789062e+01
-8.332362174987792969e+00 -6.188879966735839844e+00 -1.129476833343505859e+01
-9.642170906066894531e+00 -5.266379356384277344e+00 -8.363464355468750000e+00
-1.005044364929199219e+01 -4.324469566345214844e+00 -8.716582298278808594e+00
-9.586957931518554688e+00 -4.642419338226318359e+00 -1.086808967590332031e+01
-8.220001220703125000e+00 -6.690428256988525391e+00 -5.445852756500244141e+00
-9.067489624023437500e+00 -6.091628074645996094e+00 -4.930842399597167969e+00
-7.968089580535888672e+00 -5.745662212371826172e+00 -3.404829740524291992e+00
-8.496822357177734375e+00 -5.229218006134033203e+00 -2.226143360137939453e+00
-6.958168506622314453e+00 -5.440707683563232422e+00 -3.112561941146850586e+00
-2.592282772064208984e+00 -5.028038501739501953e+00 -1.550297856330871582e+00
-3.372208356857299805e+00 -4.879061698913574219e+00 -5.848640203475952148e-01
-1.438348770141601562e+00 -4.988759040832519531e+00 -2.409470826387405396e-01
-7.377893447875976562e+00 -3.208064556121826172e+00 2.307749748229980469e+00
-5.354671955108642578e+00 -3.510778188705444336e+00 1.276779651641845703e+00
-3.859694957733154297e+00 -5.066465854644775391e+00 -2.137816429138183594e+00
-7.304381847381591797e+00 -4.796419620513916016e+00 -1.627073049545288086e+00
-6.307433128356933594e+00 -5.166417121887207031e+00 -2.786844253540039062e+00
-3.737882852554321289e+00 -4.412592411041259766e+00 1.326950192451477051e-01
-4.767968177795410156e+00 -7.278248786926269531e+00 -5.294861316680908203e+00
-4.545432090759277344e+00 -6.497116565704345703e+00 -4.091392993927001953e+00
-2.280447006225585938e+00 -7.654353141784667969e+00 -6.417383193969726562e+00
-2.884115457534790039e+00 -7.165952205657958984e+00 -5.067922115325927734e+00
-2.213713645935058594e+00 -7.175501346588134766e+00 -5.299801349639892578e+00
-1.355694174766540527e+00 -6.799495220184326172e+00 -5.045229434967041016e+00
-2.778941392898559570e+00 -6.775636672973632812e+00 -4.439872741699218750e+00
-5.267533779144287109e+00 -6.850151062011718750e+00 -4.678979873657226562e+00
-6.153719425201416016e+00 -7.666530132293701172e+00 -6.742085933685302734e+00
-8.704721450805664062e+00 -6.650668621063232422e+00 -6.455347537994384766e+00
-1.416455388069152832e+00 -4.975844383239746094e+00 -1.839819550514221191e+00
-9.341272115707397461e-01 -5.035546302795410156e+00 -2.280662298202514648e+00
-2.240532159805297852e+00 -5.121619224548339844e+00 -2.025386095046997070e+00
-3.500960171222686768e-01 -5.080224990844726562e+00 -1.201425671577453613e+00
6.332412362098693848e-01 -4.611700534820556641e+00 -1.602244138717651367e+00
-8.139060735702514648e-01 -5.399696350097656250e+00 -3.023070335388183594e+00
-7.111928891390562057e-03 -5.496237754821777344e+00 -3.347286462783813477e+00
6.085524559020996094e-01 -4.757776737213134766e+00 -2.129901647567749023e+00
-9.515444755554199219e+00 -4.813706398010253906e+00 -2.044667720794677734e+00
-9.939268112182617188e+00 -4.890254974365234375e+00 -4.680944442749023438e+00
-9.351648330688476562e+00 -5.581193447113037109e+00 -3.831491470336914062e+00
-1.019505310058593750e+01 -3.758951663970947266e+00 -3.288714408874511719e+00
-1.031895732879638672e+01 -3.585066795349121094e+00 -4.716369628906250000e+00
-9.119882583618164062e+00 -4.084278583526611328e+00 3.076936304569244385e-01
-9.780817031860351562e+00 -4.173024654388427734e+00 -1.409114360809326172e+00
-9.820788383483886719e+00 -3.229180574417114258e+00 -2.804802656173706055e-01
-9.599126815795898438e+00 -2.924610137939453125e+00 9.007146954536437988e-01
-9.112122535705566406e+00 -2.719100713729858398e+00 2.165206432342529297e+00
-9.278084754943847656e+00 -1.628625512123107910e+00 1.267838358879089355e+00
-1.017294120788574219e+01 -2.693773984909057617e+00 -2.524603843688964844e+00
-1.009855079650878906e+01 -1.607015252113342285e+00 -2.653219461441040039e+00
-9.464659690856933594e+00 -1.291849374771118164e+00 -8.889291882514953613e-01
-7.936246871948242188e+00 -4.173414707183837891e-01 -6.476888656616210938e-01
-1.006321811676025391e+01 -4.634691715240478516e+00 -5.546118736267089844e+00
-1.034782028198242188e+01 -3.651276111602783203e+00 -5.425698757171630859e+00
-1.053290843963623047e+01 -2.256776332855224609e+00 -5.302212238311767578e+00
-1.059040355682373047e+01 -2.097543239593505859e+00 -5.872850418090820312e+00
-1.008251667022705078e+01 -6.566243767738342285e-01 -5.354794979095458984e+00
-1.058925247192382812e+01 -2.842597007751464844e+00 -7.962556362152099609e+00
-1.071100139617919922e+01 -1.946182608604431152e+00 -8.888419151306152344e+00
-1.060105133056640625e+01 -8.096659183502197266e-01 -8.518699645996093750e+00
-9.950981140136718750e+00 -3.294142186641693115e-01 -6.707498073577880859e+00
-8.383400917053222656e+00 -2.010715007781982422e-01 -2.253916263580322266e+00
-6.926273345947265625e+00 1.701903700828552246e+00 -3.687237501144409180e+00
-9.014575958251953125e+00 3.859993219375610352e-01 -6.205064773559570312e+00
-7.574864387512207031e+00 1.439558982849121094e+00 -4.989990711212158203e+00
1.335676002502441406e+01 -5.080696105957031250e+00 4.277183055877685547e+00
1.358249950408935547e+01 -6.128387451171875000e+00 6.913391947746276855e-01
1.308378219604492188e+01 -5.888583183288574219e+00 1.355123758316040039e+00
1.497414493560791016e+01 -5.771207332611083984e+00 1.821949005126953125e+00
1.486395263671875000e+01 -4.810517787933349609e+00 2.882121801376342773e+00
1.202278900146484375e+01 -5.496254444122314453e+00 2.609116792678833008e+00
4.478395462036132812e+00 -9.764938354492187500e-01 4.839927673339843750e+00
5.388721466064453125e+00 -5.244549512863159180e-01 5.942226886749267578e+00
6.663792133331298828e+00 -4.789000034332275391e+00 -1.708586931228637695e+00
8.925385475158691406e+00 -6.222755432128906250e+00 -1.287852883338928223e+00
8.141139030456542969e+00 -6.122096061706542969e+00 -1.134046554565429688e+00
7.469234943389892578e+00 -6.191010951995849609e+00 -5.472711920738220215e-01
2.557924747467041016e+00 -5.414044380187988281e+00 3.967207372188568115e-01
4.299877166748046875e+00 -4.672708988189697266e+00 -1.518990874290466309e+00
5.177266120910644531e+00 -5.048526763916015625e+00 -1.201457262039184570e+00
2.307251930236816406e+00 -4.271071434020996094e+00 -1.273602128028869629e+00
4.118717670440673828e+00 -4.706563949584960938e+00 -1.297410011291503906e+00
5.117923736572265625e+00 -5.537237167358398438e+00 1.897978782653808594e-01
5.827331066131591797e+00 -5.909945964813232422e+00 -6.585054993629455566e-01
3.104117155075073242e+00 -5.473964214324951172e+00 -6.052184700965881348e-01
9.487320899963378906e+00 -5.036074638366699219e+00 2.967845201492309570e+00
1.019750881195068359e+01 -4.155878543853759766e+00 4.483485221862792969e+00
1.005222988128662109e+01 -4.554320335388183594e+00 4.039908885955810547e+00
8.876631736755371094e+00 -3.557923316955566406e+00 5.004075050354003906e+00
8.957529067993164062e+00 -4.828099727630615234e+00 3.056076765060424805e+00
9.036838531494140625e+00 -5.842496395111083984e+00 1.372885823249816895e+00
8.691219329833984375e+00 -6.041858196258544922e+00 8.952116966247558594e-01
5.558405399322509766e+00 -1.107896208763122559e+00 3.902539014816284180e+00
6.173855304718017578e+00 -3.612571716308593750e+00 2.350788116455078125e+00
5.597815990447998047e+00 -3.921118021011352539e+00 1.843573212623596191e+00
4.528219699859619141e+00 -1.834248185157775879e+00 3.030432939529418945e+00
4.643052101135253906e+00 -1.371501684188842773e+00 3.646431922912597656e+00
6.926816463470458984e+00 -2.250484943389892578e+00 4.175162792205810547e+00
6.796516418457031250e+00 -1.577187776565551758e+00 5.322332859039306641e+00
6.557384967803955078e+00 -5.397908210754394531e+00 8.916662335395812988e-01
1.234174060821533203e+01 -3.521324634552001953e+00 5.447131156921386719e+00
1.400601768493652344e+01 -4.114174365997314453e+00 4.245070934295654297e+00
1.291409587860107422e+01 -2.775685071945190430e+00 4.531787395477294922e+00
1.370437049865722656e+01 -2.917879581451416016e+00 2.940828323364257812e+00
8.074754714965820312e+00 -2.373087406158447266e+00 6.376509189605712891e+00
7.630280494689941406e+00 -1.956108093261718750e+00 6.378873825073242188e+00
4.358262062072753906e+00 -1.969843655824661255e-01 6.726321220397949219e+00
9.971776008605957031e+00 -3.274871110916137695e+00 5.908483028411865234e+00
1.073124790191650391e+01 -2.073746681213378906e+00 6.031887054443359375e+00
1.107698535919189453e+01 -1.697487831115722656e+00 5.143719673156738281e+00
8.920791625976562500e+00 -9.655686616897583008e-01 6.185486793518066406e+00
9.235932350158691406e+00 -6.480779647827148438e-01 5.246465206146240234e+00
1.137347030639648438e+01 -1.615019083023071289e+00 4.225081920623779297e+00
1.163324546813964844e+01 -1.479528903961181641e+00 3.270062923431396484e+00
6.814710140228271484e+00 -1.021010160446166992e+00 6.185306549072265625e+00
7.962366104125976562e+00 -4.424088299274444580e-01 6.167401790618896484e+00
7.197179794311523438e+00 4.682366549968719482e-01 5.686820030212402344e+00
6.406837940216064453e+00 1.947433799505233765e-01 5.998378753662109375e+00
5.776672363281250000e+00 1.279863595962524414e+00 5.551429748535156250e+00
8.237790107727050781e+00 7.071225643157958984e-01 4.376676559448242188e+00
5.825808048248291016e+00 2.406143188476562500e+00 4.163814544677734375e+00
6.217992782592773438e+00 2.471498250961303711e+00 3.683682441711425781e+00
-2.128332614898681641e+00 -2.785814523696899414e+00 3.768128156661987305e+00
-1.519741177558898926e+00 -3.791968584060668945e+00 1.660568952560424805e+00
-1.474489688873291016e+00 -4.644263744354248047e+00 3.876929283142089844e-01
-1.612012624740600586e+00 -2.847363471984863281e+00 3.489686727523803711e+00
-2.385637313127517700e-01 -2.643892049789428711e+00 2.367159128189086914e+00
-5.070869922637939453e+00 -3.475991487503051758e+00 1.469026327133178711e+00
-4.357999801635742188e+00 -3.313092947006225586e+00 2.202816247940063477e+00
-5.803367614746093750e+00 -2.593571186065673828e+00 3.390878438949584961e+00
-5.277449607849121094e+00 -3.014646768569946289e+00 2.535007476806640625e+00
-4.092536926269531250e+00 -2.821017980575561523e+00 3.378905057907104492e+00
-2.755829572677612305e+00 -1.616033911705017090e+00 4.875672340393066406e+00
-5.652046203613281250e+00 -1.266213178634643555e+00 4.706696033477783203e+00
-5.348293304443359375e+00 -7.362645864486694336e-01 4.906645298004150391e+00
2.565347909927368164e+00 -1.650004863739013672e+00 3.629610538482666016e+00
1.388563036918640137e+00 -8.516170382499694824e-01 4.117570400238037109e+00
-5.301003903150558472e-02 -1.173519492149353027e+00 3.653638362884521484e+00
1.104568362236022949e+00 -2.784807682037353516e-01 4.652616024017333984e+00
2.575858592987060547e+00 -9.446768760681152344e-01 5.233852386474609375e+00
3.609944581985473633e+00 -4.170277714729309082e-01 6.564445972442626953e+00
1.136881828308105469e+00 8.119319677352905273e-01 5.373877525329589844e+00
-3.222691297531127930e+00 -1.387399792671203613e+00 5.007513523101806641e+00
-4.242053985595703125e+00 3.005077540874481201e-01 5.004960536956787109e+00
-2.746900558471679688e+00 5.687508583068847656e-01 5.132472991943359375e+00
-1.166335225105285645e+00 1.622654676437377930e+00 4.402969837188720703e+00
-3.885573625564575195e+00 1.017982363700866699e+00 4.043782234191894531e+00
-3.823455095291137695e+00 1.423050403594970703e+00 2.887003183364868164e+00
-1.764641553163528442e-01 -5.094949722290039062e+00 -8.311430364847183228e-02
3.000268042087554932e-01 -4.952723979949951172e+00 -1.179667636752128601e-01
8.184343576431274414e-01 -4.956847190856933594e+00 2.774171903729438782e-02
1.652517437934875488e+00 -3.785198688507080078e+00 1.409386157989501953e+00
1.486058235168457031e+00 -4.989204883575439453e+00 5.749396681785583496e-01
1.623832941055297852e+00 -3.755586624145507812e+00 -1.367837429046630859e+00
1.899941921234130859e+00 -2.597339868545532227e+00 2.337466001510620117e+00
2.323308706283569336e+00 1.610915780067443848e+00 5.518587112426757812e+00
2.895632505416870117e+00 2.609539747238159180e+00 4.215738296508789062e+00
2.610838174819946289e+00 3.005199909210205078e+00 2.999737024307250977e+00
-8.623187541961669922e-01 2.489705801010131836e+00 2.615118026733398438e+00
-6.596758961677551270e-01 1.961444377899169922e+00 4.169253349304199219e+00
5.754358768463134766e-01 2.572686433792114258e+00 3.237055540084838867e+00
-1.729559779167175293e+00 3.176427841186523438e+00 1.072200983762741089e-01
-7.584018707275390625e+00 -2.456549644470214844e+00 3.551917076110839844e+00
-7.327002525329589844e+00 -1.421933770179748535e+00 4.215059757232666016e+00
-7.960190773010253906e+00 -8.109254240989685059e-01 2.905004501342773438e+00
-6.809832096099853516e+00 -1.159607410430908203e+00 4.460361957550048828e+00
-7.015779972076416016e+00 -3.660840690135955811e-01 3.058249950408935547e+00
-6.419437408447265625e+00 1.891992837190628052e-01 1.419373869895935059e+00
-6.218531608581542969e+00 1.396947056055068970e-01 2.390116691589355469e+00
-6.923788547515869141e+00 2.279859036207199097e-01 -8.153220415115356445e-01
-3.744947671890258789e+00 1.650333046913146973e+00 1.845304727554321289e+00
-5.362038612365722656e+00 2.015682458877563477e+00 -1.993213176727294922e+00
-3.646146059036254883e+00 3.032959699630737305e+00 -1.670546889305114746e+00
3.449908494949340820e+00 8.635734319686889648e-01 6.384711265563964844e+00
3.020353555679321289e+00 1.936785817146301270e+00 5.331851959228515625e+00
3.882353067398071289e+00 2.355454683303833008e+00 4.771070957183837891e+00
4.566752433776855469e+00 2.860044717788696289e+00 3.732789278030395508e+00
3.884749889373779297e+00 3.262981176376342773e+00 2.938613176345825195e+00
7.767998218536376953e+00 -4.887135505676269531e+00 -3.996260404586791992e+00
2.378435611724853516e+00 -5.062522411346435547e+00 -3.059700489044189453e+00
5.500639438629150391e+00 -4.712653636932373047e+00 -2.546393394470214844e+00
6.327477455139160156e+00 -4.669532775878906250e+00 -3.000099897384643555e+00
3.036176204681396484e+00 -4.995923995971679688e+00 -2.945283174514770508e+00
2.091417551040649414e+00 -5.926012516021728516e+00 -5.253801822662353516e+00
2.627424478530883789e+00 -5.806095123291015625e+00 -6.256016731262207031e+00
3.892811775207519531e+00 -5.140411853790283203e+00 -5.603919982910156250e+00
5.927784442901611328e+00 -4.809944152832031250e+00 -3.750260353088378906e+00
7.164785385131835938e+00 -4.951347827911376953e+00 -4.096063137054443359e+00
2.443737745285034180e+00 -5.621285915374755859e+00 -8.460618019104003906e+00
8.324324607849121094e+00 -4.971017360687255859e+00 -6.039835929870605469e+00
3.301245927810668945e+00 -5.330835819244384766e+00 -7.120087146759033203e+00
3.713533163070678711e+00 -4.722499370574951172e+00 -7.903015613555908203e+00
6.292435646057128906e+00 -5.070289611816406250e+00 -5.393943786621093750e+00
7.409990310668945312e+00 -4.926731586456298828e+00 -6.351781845092773438e+00
5.878904819488525391e+00 -4.176399707794189453e+00 -7.263705253601074219e+00
7.534289360046386719e+00 -4.028233528137207031e+00 -7.388685703277587891e+00
5.588034152984619141e+00 -3.862565517425537109e+00 -7.636361122131347656e+00
5.157918453216552734e+00 -2.837289571762084961e+00 -8.647220611572265625e+00
5.232269287109375000e+00 -2.078547954559326172e+00 -8.897880554199218750e+00
-3.349462509155273438e+00 -7.970598697662353516e+00 -1.205599880218505859e+01
-3.131302118301391602e+00 -8.215153694152832031e+00 -1.051681232452392578e+01
-3.961320877075195312e+00 -7.543677330017089844e+00 -1.315912342071533203e+01
-1.581514120101928711e+00 -6.563617706298828125e+00 -1.324229335784912109e+01
-3.556725978851318359e+00 -6.334516048431396484e+00 -1.445989513397216797e+01
-3.374917984008789062e+00 -5.281595230102539062e+00 -1.519235992431640625e+01
-6.630819320678710938e+00 -6.536480903625488281e+00 -1.317150402069091797e+01
-7.071405887603759766e+00 -6.212484359741210938e+00 -1.318944168090820312e+01
-7.757290840148925781e+00 -5.232441425323486328e+00 -1.367640018463134766e+01
-5.719487667083740234e+00 -7.132007122039794922e+00 -1.307820796966552734e+01
-8.472510337829589844e+00 -5.365011692047119141e+00 -1.256499671936035156e+01
-7.363639354705810547e+00 -4.565177917480468750e+00 -1.457456874847412109e+01
-4.151053428649902344e+00 -5.535101890563964844e+00 -1.502909183502197266e+01
-5.995442867279052734e+00 -4.382495403289794922e+00 -1.525775337219238281e+01
-2.711018800735473633e+00 -5.388381004333496094e+00 -1.501411914825439453e+01
-2.176657676696777344e+00 -4.295988559722900391e+00 -1.536948871612548828e+01
-3.722153425216674805e+00 -3.715858221054077148e+00 -1.575271034240722656e+01
-2.790152788162231445e+00 -3.187486648559570312e+00 -1.571654891967773438e+01
-4.989320278167724609e+00 -2.649287462234497070e+00 -1.594038200378417969e+01
-3.920338869094848633e+00 -1.504126667976379395e+00 -1.593671321868896484e+01
-9.300724029541015625e+00 -4.441901206970214844e+00 -1.222254371643066406e+01
-8.934319496154785156e+00 -4.001485824584960938e+00 -1.344655990600585938e+01
-9.910910606384277344e+00 -2.862792730331420898e+00 -1.234800243377685547e+01
-1.040018653869628906e+01 -1.438262462615966797e+00 -1.152059650421142578e+01
-8.549174308776855469e+00 -3.349371194839477539e+00 -1.436187934875488281e+01
-7.692104816436767578e+00 -2.967043399810791016e+00 -1.519939517974853516e+01
-9.820051193237304688e+00 -9.234018921852111816e-01 -1.328517150878906250e+01
-9.373815536499023438e+00 -3.261131346225738525e-01 -1.420615577697753906e+01
-8.486769676208496094e+00 -9.508596062660217285e-01 -1.507514381408691406e+01
-7.134578227996826172e+00 1.606776714324951172e-01 -1.577144908905029297e+01
-7.625793933868408203e+00 8.159599304199218750e-01 -1.553875637054443359e+01
-1.521503329277038574e+00 -7.555290222167968750e+00 -6.889039039611816406e+00
-4.207989573478698730e-01 -7.156453132629394531e+00 -8.632284164428710938e+00
7.435902953147888184e-02 -6.567659854888916016e+00 -5.591062068939208984e+00
6.198011040687561035e-01 -6.685069084167480469e+00 -6.757909297943115234e+00
-2.396561652421951294e-01 -6.931046962738037109e+00 -9.611166000366210938e+00
-5.045198649168014526e-02 -5.895755290985107422e+00 -1.240226364135742188e+01
1.353868365287780762e+00 -6.387242317199707031e+00 -6.420933723449707031e+00
2.021866321563720703e+00 -5.951673507690429688e+00 -8.192590713500976562e+00
-7.600673437118530273e-01 -5.087915420532226562e+00 -1.430401039123535156e+01
1.024580478668212891e+00 -4.963223934173583984e+00 -1.243833732604980469e+01
-1.230108857154846191e+00 -3.740287065505981445e+00 -1.520273685455322266e+01
-1.924443095922470093e-01 -3.007708072662353516e+00 -1.485927009582519531e+01
1.960512399673461914e+00 -5.053474903106689453e+00 -1.069876956939697266e+01
-1.087584018707275391e+00 -2.405773639678955078e+00 -1.528216743469238281e+01
-1.306848287582397461e+00 -1.697816133499145508e+00 -1.534194278717041016e+01
2.141835689544677734e+00 -3.536003589630126953e+00 -1.149343299865722656e+01
8.841874003410339355e-01 -1.870118498802185059e+00 -1.348714065551757812e+01
7.969596385955810547e-01 -1.144324779510498047e+00 -1.333491134643554688e+01
-2.605898857116699219e+00 -1.778764128684997559e+00 -1.570057773590087891e+01
-2.675462007522583008e+00 -8.101472854614257812e-01 -1.564230155944824219e+01
-5.083855628967285156e+00 4.548898041248321533e-01 -1.589040279388427734e+01
-2.886389732360839844e+00 1.006820917129516602e+00 -1.536796474456787109e+01
-2.163696289062500000e+00 1.174998521804809570e+00 -1.512580680847167969e+01
-4.970839619636535645e-01 1.150169491767883301e+00 -1.389162254333496094e+01
-2.881330728530883789e+00 2.080530881881713867e+00 -1.503702926635742188e+01
-2.464485168457031250e+00 2.789068937301635742e+00 -1.464839553833007812e+01
2.704049348831176758e+00 -3.966943502426147461e+00 -1.033917808532714844e+01
3.520179033279418945e+00 -2.608343601226806641e+00 -1.011445140838623047e+01
3.012797594070434570e+00 -1.846215844154357910e+00 -1.085471248626708984e+01
9.648823738098144531e-01 -2.805667817592620850e-01 -1.281503295898437500e+01
1.484244585037231445e+00 8.358166553080081940e-03 -1.211309242248535156e+01
2.350453138351440430e+00 -2.159137874841690063e-01 -1.123005580902099609e+01
1.082703948020935059e+00 4.187120199203491211e-01 -1.233873367309570312e+01
-1.051127624511718750e+01 -9.652591943740844727e-01 -1.099486064910888672e+01
-9.965197563171386719e+00 6.871523857116699219e-01 -1.292431831359863281e+01
-1.030167007446289062e+01 -1.405837200582027435e-02 -1.048898315429687500e+01
-1.007140731811523438e+01 -1.188983768224716187e-01 -9.026453018188476562e+00
-9.724085807800292969e+00 5.453236699104309082e-01 -1.002988719940185547e+01
-9.961388587951660156e+00 9.242805242538452148e-01 -1.155482006072998047e+01
-9.430624008178710938e+00 2.034007787704467773e+00 -1.278787708282470703e+01
-8.819290161132812500e+00 1.398446202278137207e+00 -9.344778060913085938e+00
-8.413971900939941406e+00 2.399127244949340820e+00 -1.037886333465576172e+01
-8.196087837219238281e+00 1.156838178634643555e+00 -6.072989463806152344e+00
-7.959318637847900391e+00 1.594239234924316406e+00 -7.153722286224365234e+00
-8.280934333801269531e+00 1.882174253463745117e+00 -8.740479469299316406e+00
-7.896404743194580078e+00 2.548579216003417969e+00 -9.735519409179687500e+00
-6.294690608978271484e+00 2.697636604309082031e+00 -7.681650161743164062e+00
-6.210909843444824219e+00 3.008064270019531250e+00 -8.164864540100097656e+00
-8.632730484008789062e+00 2.205850362777709961e+00 -1.429612350463867188e+01
-8.033978462219238281e+00 2.232959747314453125e+00 -1.473675251007080078e+01
-7.634546279907226562e+00 3.442978382110595703e+00 -1.351772689819335938e+01
-6.652750492095947266e+00 4.264941692352294922e+00 -1.314242839813232422e+01
-6.098293304443359375e+00 1.895617723464965820e+00 -1.547884845733642578e+01
-5.842901229858398438e+00 2.186114788055419922e+00 -1.533016490936279297e+01
-5.168285369873046875e+00 3.968931913375854492e+00 -1.412579154968261719e+01
-4.612951755523681641e+00 3.961566448211669922e+00 -1.425208759307861328e+01
-5.865721225738525391e+00 3.771770238876342773e+00 -1.413018035888671875e+01
-8.270574569702148438e+00 3.283735752105712891e+00 -1.225161170959472656e+01
-6.239956855773925781e+00 4.414586067199707031e+00 -1.238514804840087891e+01
-5.553081989288330078e+00 4.382320404052734375e+00 -1.074723911285400391e+01
-3.386550664901733398e+00 4.234728813171386719e+00 -1.349150085449218750e+01
-3.168476104736328125e+00 4.296896934509277344e+00 -1.287363052368164062e+01
-5.217243671417236328e+00 4.435481071472167969e+00 -1.222332668304443359e+01
-4.466545581817626953e+00 4.636456012725830078e+00 -1.232981204986572266e+01
-3.214864730834960938e+00 4.688355445861816406e+00 -1.144635295867919922e+01
-4.956048011779785156e+00 4.787536144256591797e+00 -1.085154151916503906e+01
-3.793764591217041016e+00 4.894471168518066406e+00 -1.117471027374267578e+01
-6.636550903320312500e+00 3.683203697204589844e+00 -1.050547409057617188e+01
-5.928546905517578125e+00 3.624841690063476562e+00 -9.037628173828125000e+00
3.061118841171264648e+00 -1.854861676692962646e-01 -1.030626201629638672e+01
-1.371514648199081421e-01 1.530263900756835938e+00 -1.288039016723632812e+01
-2.112656593322753906e+00 3.222318649291992188e+00 -1.359762954711914062e+01
9.978364109992980957e-01 8.045231699943542480e-01 -1.169213962554931641e+01
-1.052287220954895020e+00 2.886287927627563477e+00 -1.234149169921875000e+01
-2.711873292922973633e+00 3.847004890441894531e+00 -1.327345180511474609e+01
-1.647994756698608398e+00 3.649114370346069336e+00 -1.187848758697509766e+01
1.144674301147460938e+01 -6.487287521362304688e+00 -3.418905735015869141e+00
1.334478282928466797e+01 -6.647643089294433594e+00 -1.780455112457275391e+00
1.118153476715087891e+01 -6.429583549499511719e+00 -8.632608652114868164e-01
1.099112510681152344e+01 -6.434526443481445312e+00 -2.635203599929809570e+00
1.435653781890869141e+01 -6.923093795776367188e+00 -5.075580120086669922e+00
1.199646949768066406e+01 -6.554193973541259766e+00 -4.024890422821044922e+00
1.270106887817382812e+01 -6.542530536651611328e+00 -5.523509979248046875e+00
1.315695953369140625e+01 -6.842757225036621094e+00 -3.715031623840332031e+00
1.563711357116699219e+01 -6.992777347564697266e+00 -3.648116350173950195e+00
1.606769180297851562e+01 -5.928873538970947266e+00 -4.240818500518798828e+00
1.626770401000976562e+01 -6.440924644470214844e+00 -1.220989823341369629e+00
1.638626289367675781e+01 -5.659340381622314453e+00 -2.114005804061889648e+00
1.460781002044677734e+01 -6.507973670959472656e+00 -6.278760731220245361e-03
1.483279705047607422e+01 -6.901312351226806641e+00 -1.599843025207519531e+00
1.540954875946044922e+01 -6.135777950286865234e+00 9.018077850341796875e-01
1.488768577575683594e+01 -3.890615940093994141e+00 1.816838860511779785e+00
1.519523715972900391e+01 -4.110608100891113281e+00 7.658508419990539551e-01
1.442253112792968750e+01 -3.195166826248168945e+00 8.849837779998779297e-01
1.580124759674072266e+01 -4.891047954559326172e+00 -3.420865535736083984e+00
1.523157215118408203e+01 -4.020320415496826172e+00 -2.656521081924438477e+00
1.523913383483886719e+01 -3.916577100753784180e+00 -1.108238339424133301e+00
1.497866439819335938e+01 -3.590360403060913086e+00 -1.604134440422058105e+00
1.434345912933349609e+01 -2.788683414459228516e+00 -9.870353341102600098e-01
1.380642986297607422e+01 -6.713536739349365234e+00 -6.296810150146484375e+00
1.524674701690673828e+01 -5.921761512756347656e+00 -6.601630210876464844e+00
1.236638832092285156e+01 -6.419782161712646484e+00 -6.710916042327880859e+00
1.290570449829101562e+01 -5.884771823883056641e+00 -7.500435352325439453e+00
1.592340850830078125e+01 -5.824646949768066406e+00 -5.697445869445800781e+00
1.559926319122314453e+01 -5.065688133239746094e+00 -5.990683555603027344e+00
1.502478694915771484e+01 -4.397408962249755859e+00 -5.599950313568115234e+00
1.324760055541992188e+01 -5.491816520690917969e+00 -7.362198352813720703e+00
1.261976718902587891e+01 -4.937057971954345703e+00 -6.672033786773681641e+00
1.348129844665527344e+01 -4.451134681701660156e+00 -6.156989574432373047e+00
1.360354328155517578e+01 -3.361808061599731445e+00 -5.007122039794921875e+00
1.498671340942382812e+01 -3.703286886215209961e+00 -2.895907402038574219e+00
1.490732574462890625e+01 -3.725533246994018555e+00 -4.566119670867919922e+00
1.434396934509277344e+01 -2.885941982269287109e+00 -3.818141460418701172e+00
1.017643547058105469e+01 -5.965245246887207031e+00 -2.786691427230834961e+00
7.002087116241455078e+00 -4.723462104797363281e+00 -2.407918691635131836e+00
7.294468402862548828e+00 -4.775932312011718750e+00 -1.983538389205932617e+00
6.850412368774414062e+00 -4.677708148956298828e+00 -2.965622186660766602e+00
1.049665260314941406e+01 -6.255213260650634766e+00 -2.381937742233276367e+00
9.029470443725585938e+00 -5.481417179107666016e+00 -1.985876441001892090e+00
7.969400405883789062e+00 -5.042972564697265625e+00 -1.620885133743286133e+00
9.609088897705078125e+00 -5.493987083435058594e+00 -3.478040218353271484e+00
9.963311195373535156e+00 -5.512891769409179688e+00 -4.707838058471679688e+00
8.339209556579589844e+00 -4.959167003631591797e+00 -3.999037504196166992e+00
1.356357002258300781e+01 -2.102234601974487305e+00 -1.365612894296646118e-01
1.222301769256591797e+01 -7.318512201309204102e-01 -1.106385946273803711e+00
1.097017765045166016e+01 -5.925956726074218750e+00 -5.542263984680175781e+00
1.102761745452880859e+01 -5.391079902648925781e+00 -6.080679893493652344e+00
9.601392745971679688e+00 -5.043715000152587891e+00 -5.238474845886230469e+00
1.171708774566650391e+01 -4.671463966369628906e+00 -6.228518009185791016e+00
9.185060501098632812e+00 -4.299569129943847656e+00 -6.450473308563232422e+00
1.040424919128417969e+01 -3.519571542739868164e+00 -5.909811496734619141e+00
1.246758842468261719e+01 -3.662450790405273438e+00 -5.510182380676269531e+00
1.065133094787597656e+01 -3.176136016845703125e+00 -5.713007926940917969e+00
1.067344570159912109e+01 -2.250087022781372070e+00 -5.295563697814941406e+00
8.543095588684082031e+00 -3.670025110244750977e+00 -7.053477287292480469e+00
9.053884506225585938e+00 -3.066653728485107422e+00 -6.595143318176269531e+00
8.055314064025878906e+00 -2.023056268692016602e+00 -6.913055419921875000e+00
1.040980911254882812e+01 -1.585741043090820312e+00 -5.147171497344970703e+00
8.258608818054199219e+00 -1.693670272827148438e+00 -6.653272151947021484e+00
8.750733375549316406e+00 -4.702930450439453125e-01 -5.860136985778808594e+00
7.287647724151611328e+00 -1.517662405967712402e-01 -6.926576137542724609e+00
1.324745559692382812e+01 -2.118360042572021484e+00 -4.114278793334960938e+00
1.344655609130859375e+01 -1.630104780197143555e+00 -2.015429019927978516e+00
1.317109489440917969e+01 -1.319450497627258301e+00 -3.205355882644653320e+00
1.237838363647460938e+01 -4.064244925975799561e-01 -2.296903133392333984e+00
1.200871181488037109e+01 -1.240575686097145081e-01 -2.879185199737548828e+00
1.239709663391113281e+01 -1.903277873992919922e+00 -4.410844802856445312e+00
1.119984626770019531e+01 -1.221127033233642578e+00 -4.525629997253417969e+00
1.147005653381347656e+01 -5.707274675369262695e-01 -3.902693986892700195e+00
1.016986370086669922e+01 1.596553802490234375e+00 -1.778940320014953613e+00
9.278778076171875000e+00 2.393081188201904297e+00 -2.910873174667358398e+00
9.326052665710449219e+00 2.311833620071411133e+00 -3.370843648910522461e+00
8.569279670715332031e+00 2.952191114425659180e+00 -2.384989023208618164e+00
1.021143627166748047e+01 -9.016207456588745117e-01 -5.027590751647949219e+00
1.063559341430664062e+01 3.019240200519561768e-01 -4.141318798065185547e+00
8.371137619018554688e+00 1.393368542194366455e-01 -5.866134166717529297e+00
7.024031639099121094e+00 9.966272711753845215e-01 -6.436872959136962891e+00
1.402538204193115234e+01 -3.125306606292724609e+00 2.381509780883789062e+00
1.259473896026611328e+01 -2.060764789581298828e+00 2.700844049453735352e+00
1.134465312957763672e+01 -5.465461611747741699e-01 1.279356122016906738e+00
1.151082897186279297e+01 -4.250768423080444336e-01 1.859442293643951416e-01
1.008386993408203125e+01 1.029613614082336426e-02 2.918715715408325195e+00
8.925343513488769531e+00 1.277400255203247070e+00 2.499353885650634766e+00
9.525037765502929688e+00 9.732783436775207520e-01 1.959046125411987305e+00
7.381051540374755859e+00 2.281403303146362305e+00 2.890129804611206055e+00
7.183141708374023438e+00 2.885593414306640625e+00 1.776295065879821777e+00
9.880368232727050781e+00 1.129966259002685547e+00 2.712978124618530273e-01
1.008718776702880859e+01 1.455317258834838867e+00 -1.064043283462524414e+00
8.005602836608886719e+00 2.754366397857666016e+00 3.841159343719482422e-01
3.349749326705932617e+00 4.275809764862060547e+00 -3.521413803100585938e-01
6.224518775939941406e+00 3.613394260406494141e+00 2.617393732070922852e-01
5.480453014373779297e+00 4.053833961486816406e+00 -2.234496116638183594e+00
3.670886754989624023e+00 4.393103122711181641e+00 -6.923286914825439453e-01
2.848774909973144531e+00 3.827402591705322266e+00 -2.462494850158691406e+00
2.966003656387329102e+00 3.525444984436035156e+00 -3.335500717163085938e+00
-9.868332743644714355e-01 3.795537233352661133e+00 -7.660003900527954102e-01
2.155235767364501953e+00 3.160045623779296875e+00 -4.392307281494140625e+00
1.208342518657445908e-02 4.166300773620605469e+00 -3.144901037216186523e+00
3.108476102352142334e-01 3.718090295791625977e+00 -4.700541973114013672e+00
2.382280349731445312e+00 3.814327478408813477e+00 -2.570404052734375000e+00
5.105382442474365234e+00 -8.674079179763793945e-01 -8.897420883178710938e+00
2.950044393539428711e+00 3.188997805118560791e-01 -9.612275123596191406e+00
5.075808525085449219e+00 5.257641077041625977e-01 -8.124144554138183594e+00
3.651995182037353516e+00 5.768817067146301270e-01 -8.975431442260742188e+00
2.529128789901733398e+00 5.103787779808044434e-01 -9.804600715637207031e+00
1.549534440040588379e+00 1.855918526649475098e+00 -9.915203094482421875e+00
3.334509730339050293e-01 3.155691623687744141e+00 -9.160555839538574219e+00
1.141804158687591553e-01 3.007411718368530273e+00 -1.046082115173339844e+01
5.665052890777587891e+00 2.826400041580200195e+00 -4.864463329315185547e+00
6.173565864562988281e+00 1.904226779937744141e+00 -6.097836971282958984e+00
4.711239337921142578e+00 2.712823867797851562e+00 -5.254055023193359375e+00
4.812399387359619141e+00 2.414868116378784180e+00 -5.970884799957275391e+00
6.615534782409667969e+00 3.771164178848266602e+00 -2.727556467056274414e+00
6.596362590789794922e+00 1.299935102462768555e+00 -6.437531948089599609e+00
5.729551792144775391e+00 1.695286750793457031e+00 -6.616489410400390625e+00
4.877638339996337891e+00 1.809884786605834961e+00 -7.051065444946289062e+00
2.747399806976318359e+00 2.873067378997802734e+00 -5.069707393646240234e+00
2.826914072036743164e+00 2.107217311859130859e+00 -7.366497516632080078e+00
2.039099216461181641e+00 2.350039482116699219e+00 -6.818497180938720703e+00
1.006230190396308899e-01 3.313039541244506836e+00 -6.274225711822509766e+00
2.779287695884704590e-01 2.971086740493774414e+00 -7.761751651763916016e+00
3.070888817310333252e-01 3.041304588317871094e+00 -8.140497207641601562e+00
-3.295270204544067383e+00 3.398842334747314453e+00 -2.585791587829589844e+00
-5.631877422332763672e+00 3.070375919342041016e+00 -7.732333660125732422e+00
-4.807164192199707031e+00 3.489498853683471680e+00 -7.636366844177246094e+00
-4.258370876312255859e+00 3.356823444366455078e+00 -6.674478530883789062e+00
-2.165917396545410156e+00 3.286387205123901367e+00 -2.335724532604217529e-01
-1.887979745864868164e+00 3.753028392791748047e+00 -1.356875300407409668e+00
-1.526374578475952148e+00 4.099156856536865234e+00 -2.471025228500366211e+00
-1.352297425270080566e+00 4.397246837615966797e+00 -3.695767879486083984e+00
-1.180401802062988281e+00 4.407631874084472656e+00 -4.989028453826904297e+00
-4.798594474792480469e+00 4.084735393524169922e+00 -8.506532669067382812e+00
-4.503614902496337891e+00 4.561296939849853516e+00 -9.026696205139160156e+00
-1.979828834533691406e+00 4.467932701110839844e+00 -7.513206958770751953e+00
-3.348492860794067383e+00 4.464007854461669922e+00 -8.333594322204589844e+00
-1.539365649223327637e+00 3.657350778579711914e+00 -1.120129585266113281e+01
-1.226940155029296875e+00 3.512247085571289062e+00 -1.106554985046386719e+01
-3.826346874237060547e+00 4.857383251190185547e+00 -1.070732212066650391e+01
-2.046295642852783203e+00 4.185914039611816406e+00 -9.852745056152343750e+00
-3.098571896553039551e-01 3.486032247543334961e+00 -9.968865394592285156e+00
-2.157859086990356445e+00 4.565263271331787109e+00 -6.122249126434326172e+00
5.301363945007324219e+00 3.347075939178466797e+00 2.332675218582153320e+00
6.069218635559082031e+00 3.310677528381347656e+00 1.766908049583435059e+00
1.969380497932434082e+00 7.109184265136718750e-01 -1.029046440124511719e+01
-5.148529410362243652e-01 2.800002336502075195e+00 -1.161798095703125000e+01
4.442224204540252686e-01 2.530643463134765625e+00 -1.077250480651855469e+01
