1.560562729835510254e+00 -4.932331562042236328e+00 -2.714453458786010742e+00
2.276935338973999023e+00 -4.777609825134277344e+00 -1.923870682716369629e+00
1.514032602310180664e+00 -4.787555217742919922e+00 -2.308861494064331055e+00
-5.068892955780029297e+00 -8.108427047729492188e+00 -7.822125434875488281e+00
-4.999183177947998047e+00 -8.061332702636718750e+00 -1.156823921203613281e+01
-4.184991836547851562e+00 -8.320589065551757812e+00 -9.419756889343261719e+00
-7.271118164062500000e+00 -7.468455314636230469e+00 -7.058879852294921875e+00
-7.775313377380371094e+00 -7.350698947906494141e+00 -7.967273235321044922e+00
-5.692078590393066406e+00 -8.128471374511718750e+00 -9.823889732360839844e+00
-6.220625400543212891e+00 -7.997249603271484375e+00 -9.061549186706542969e+00
-6.480374813079833984e+00 -7.344433307647705078e+00 -1.205434513092041016e+01
-8.410626411437988281e+00 -6.365989685058593750e+00 -1.057602119445800781e+01
-8.332990646362304688e+00 -6.188039779663085938e+00 -1.129406642913818359e+01
-9.642814636230468750e+00 -5.266985416412353516e+00 -8.362785339355468750e+00
-1.005136108398437500e+01 -4.325490951538085938e+00 -8.715640068054199219e+00
-9.587498664855957031e+00 -4.641344070434570312e+00 -1.086696529388427734e+01
-8.220145225524902344e+00 -6.690308570861816406e+00 -5.445547580718994141e+00
-9.067610740661621094e+00 -6.091565132141113281e+00 -4.930209636688232422e+00
-7.968067169189453125e+00 -5.745351791381835938e+00 -3.404677152633666992e+00
-8.496855735778808594e+00 -5.228529453277587891e+00 -2.226345062255859375e+00
-6.958120346069335938e+00 -5.440631866455078125e+00 -3.112313032150268555e+00
-2.593741178512573242e+00 -5.030958175659179688e+00 -1.547826409339904785e+00
-3.373984575271606445e+00 -4.881377220153808594e+00 -5.828433036804199219e-01
-1.441002249717712402e+00 -4.993515491485595703e+00 -2.370751649141311646e-01
-7.379179477691650391e+00 -3.211654424667358398e+00 2.311657428741455078e+00
-5.355627536773681641e+00 -3.512305736541748047e+00 1.278901934623718262e+00
-3.860231876373291016e+00 -5.067977905273437500e+00 -2.136534929275512695e+00
-7.304370403289794922e+00 -4.796293735504150391e+00 -1.626840233802795410e+00
-6.307417392730712891e+00 -5.166913032531738281e+00 -2.786470651626586914e+00
-3.739006996154785156e+00 -4.413969993591308594e+00 1.344822943210601807e-01
-4.768186092376708984e+00 -7.278968334197998047e+00 -5.294320583343505859e+00
-4.545559883117675781e+00 -6.498101711273193359e+00 -4.090548515319824219e+00
-2.280414819717407227e+00 -7.655263423919677734e+00 -6.416952133178710938e+00
-2.884758949279785156e+00 -7.167520999908447266e+00 -5.066754341125488281e+00
-2.214575767517089844e+00 -7.177128314971923828e+00 -5.298907279968261719e+00
-1.356568813323974609e+00 -6.801308631896972656e+00 -5.044103622436523438e+00
-2.779724121093750000e+00 -6.776787757873535156e+00 -4.439462661743164062e+00
-5.267671585083007812e+00 -6.850611209869384766e+00 -4.678582668304443359e+00
-6.154039859771728516e+00 -7.666738033294677734e+00 -6.741771697998046875e+00
-8.704858779907226562e+00 -6.650726318359375000e+00 -6.454804897308349609e+00
-1.417464613914489746e+00 -4.981745719909667969e+00 -1.835796356201171875e+00
-9.351983070373535156e-01 -5.043308734893798828e+00 -2.276946783065795898e+00
-2.241571903228759766e+00 -5.125014781951904297e+00 -2.023071765899658203e+00
-3.516552150249481201e-01 -5.087529182434082031e+00 -1.197678089141845703e+00
6.309069395065307617e-01 -4.619238376617431641e+00 -1.598498463630676270e+00
-8.148563504219055176e-01 -5.403934478759765625e+00 -3.020761251449584961e+00
-8.268861100077629089e-03 -5.500167846679687500e+00 -3.345310449600219727e+00
6.067596077919006348e-01 -4.766382694244384766e+00 -2.125633955001831055e+00
-9.515526771545410156e+00 -4.813690185546875000e+00 -2.044693231582641602e+00
-9.940052986145019531e+00 -4.890409946441650391e+00 -4.679911613464355469e+00
-9.351741790771484375e+00 -5.581120491027832031e+00 -3.831182479858398438e+00
-1.019596862792968750e+01 -3.759485960006713867e+00 -3.288151264190673828e+00
-1.031949710845947266e+01 -3.585319995880126953e+00 -4.715715885162353516e+00
-9.119895935058593750e+00 -4.087136268615722656e+00 3.092549145221710205e-01
-9.780877113342285156e+00 -4.173932075500488281e+00 -1.408307909965515137e+00
-9.819890022277832031e+00 -3.231199979782104492e+00 -2.799501419067382812e-01
-9.599056243896484375e+00 -2.926511526107788086e+00 9.024852514266967773e-01
-9.112956047058105469e+00 -2.721438884735107422e+00 2.167418003082275391e+00
-9.279188156127929688e+00 -1.629402279853820801e+00 1.269652605056762695e+00
-1.017283821105957031e+01 -2.694618701934814453e+00 -2.523750782012939453e+00
-1.009732151031494141e+01 -1.608595013618469238e+00 -2.652602672576904297e+00
-9.464761734008789062e+00 -1.292905807495117188e+00 -8.879812955856323242e-01
-7.936850070953369141e+00 -4.183802306652069092e-01 -6.468317508697509766e-01
-1.006301498413085938e+01 -4.634957790374755859e+00 -5.545192241668701172e+00
-1.034739208221435547e+01 -3.651592493057250977e+00 -5.425067424774169922e+00
-1.053290939331054688e+01 -2.257121086120605469e+00 -5.301827430725097656e+00
-1.059025001525878906e+01 -2.098318576812744141e+00 -5.872104644775390625e+00
-1.008320903778076172e+01 -6.564227938652038574e-01 -5.353470802307128906e+00
-1.058977127075195312e+01 -2.843382596969604492e+00 -7.962286949157714844e+00
-1.071080017089843750e+01 -1.946932315826416016e+00 -8.886910438537597656e+00
-1.060092258453369141e+01 -8.097237944602966309e-01 -8.515906333923339844e+00
-9.951507568359375000e+00 -3.289465308189392090e-01 -6.704766273498535156e+00
-8.382887840270996094e+00 -2.019182294607162476e-01 -2.253447771072387695e+00
-6.927708148956298828e+00 1.704931735992431641e+00 -3.686261892318725586e+00
-9.016922950744628906e+00 3.884561359882354736e-01 -6.202040195465087891e+00
-7.577193737030029297e+00 1.444692492485046387e+00 -4.987768650054931641e+00
1.315554714202880859e+01 -5.573027133941650391e+00 4.621247768402099609e+00
1.353727245330810547e+01 -6.358784198760986328e+00 8.504806756973266602e-01
1.301722908020019531e+01 -6.321410179138183594e+00 1.583503246307373047e+00
1.489045047760009766e+01 -6.088304996490478516e+00 2.041384935379028320e+00
1.469414234161376953e+01 -5.175175189971923828e+00 3.167083501815795898e+00
1.192310810089111328e+01 -6.122314453125000000e+00 2.935690402984619141e+00
4.401965618133544922e+00 -1.158007383346557617e+00 4.930501937866210938e+00
5.269502162933349609e+00 -8.397911787033081055e-01 6.047240257263183594e+00
6.646905899047851562e+00 -4.838468551635742188e+00 -1.668280720710754395e+00
8.913250923156738281e+00 -6.247396945953369141e+00 -1.240604162216186523e+00
8.125728607177734375e+00 -6.159621715545654297e+00 -1.084820032119750977e+00
7.451949596405029297e+00 -6.239659309387207031e+00 -5.005218386650085449e-01
2.553601741790771484e+00 -5.422247886657714844e+00 4.043435454368591309e-01
4.293488025665283203e+00 -4.701422691345214844e+00 -1.499218583106994629e+00
5.164701938629150391e+00 -5.094415664672851562e+00 -1.171488046646118164e+00
2.305295467376708984e+00 -4.283990383148193359e+00 -1.262446403503417969e+00
4.113742351531982422e+00 -4.731842517852783203e+00 -1.281379699707031250e+00
5.107050895690917969e+00 -5.568560600280761719e+00 2.141823917627334595e-01
5.805732250213623047e+00 -5.972075462341308594e+00 -6.138567328453063965e-01
3.094995498657226562e+00 -5.490585803985595703e+00 -5.902335643768310547e-01
9.445284843444824219e+00 -5.266408443450927734e+00 3.121998548507690430e+00
9.979280471801757812e+00 -4.770849704742431641e+00 4.921593666076660156e+00
9.933864593505859375e+00 -4.964526176452636719e+00 4.314567565917968750e+00
8.656839370727539062e+00 -4.065279960632324219e+00 5.323693752288818359e+00
8.916738510131835938e+00 -4.980701446533203125e+00 3.163393020629882812e+00
9.019313812255859375e+00 -5.920515060424804688e+00 1.437798023223876953e+00
8.680388450622558594e+00 -6.075132369995117188e+00 9.357973337173461914e-01
5.510875225067138672e+00 -1.281211853027343750e+00 4.023131370544433594e+00
6.164883136749267578e+00 -3.670818567276000977e+00 2.388263940811157227e+00
5.591005325317382812e+00 -3.956739902496337891e+00 1.869709730148315430e+00
4.512258529663085938e+00 -1.884198665618896484e+00 3.068825721740722656e+00
4.605877399444580078e+00 -1.470320343971252441e+00 3.720946788787841797e+00
6.892783641815185547e+00 -2.417462110519409180e+00 4.292820453643798828e+00
6.675079822540283203e+00 -1.901791572570800781e+00 5.488163948059082031e+00
6.541767597198486328e+00 -5.447296619415283203e+00 9.322898983955383301e-01
1.204024600982666016e+01 -4.226746559143066406e+00 6.059488296508789062e+00
1.374303054809570312e+01 -4.571929454803466797e+00 4.631421566009521484e+00
1.259867763519287109e+01 -3.311060905456542969e+00 4.958369731903076172e+00
1.346033477783203125e+01 -3.314643144607543945e+00 3.265376091003417969e+00
7.796368598937988281e+00 -2.884472608566284180e+00 6.669403076171875000e+00
7.369113922119140625e+00 -2.423055887222290039e+00 6.593386173248291016e+00
4.244157791137695312e+00 -4.620696306228637695e-01 6.825498580932617188e+00
9.626908302307128906e+00 -4.094599723815917969e+00 6.512081146240234375e+00
1.038021373748779297e+01 -2.771704673767089844e+00 6.455491065979003906e+00
1.076547336578369141e+01 -2.317924737930297852e+00 5.519707679748535156e+00
8.660113334655761719e+00 -1.478868484497070312e+00 6.308340549468994141e+00
9.015957832336425781e+00 -1.146941781044006348e+00 5.393246173858642578e+00
1.110957241058349609e+01 -2.128931522369384766e+00 4.525465488433837891e+00
1.142926788330078125e+01 -1.903370976448059082e+00 3.526411294937133789e+00
6.612883567810058594e+00 -1.435321569442749023e+00 6.316872596740722656e+00
7.742912292480468750e+00 -9.335821866989135742e-01 6.211189270019531250e+00
7.020050525665283203e+00 -9.856119751930236816e-03 5.642666339874267578e+00
6.266351699829101562e+00 -2.233556360006332397e-01 5.975378513336181641e+00
5.663867473602294922e+00 8.696436285972595215e-01 5.487043380737304688e+00
8.081127166748046875e+00 2.744784355163574219e-01 4.426675319671630859e+00
5.742548465728759766e+00 2.083862781524658203e+00 4.151163578033447266e+00
6.135419845581054688e+00 2.180256843566894531e+00 3.683301448822021484e+00
-2.133484601974487305e+00 -2.793977260589599609e+00 3.777648210525512695e+00
-1.523777723312377930e+00 -3.798932790756225586e+00 1.666513204574584961e+00
-1.477153539657592773e+00 -4.649365901947021484e+00 3.915182054042816162e-01
-1.619117021560668945e+00 -2.858890056610107422e+00 3.500304937362670898e+00
-2.480841279029846191e-01 -2.656395912170410156e+00 2.377859115600585938e+00
-5.071895599365234375e+00 -3.477257966995239258e+00 1.471185445785522461e+00
-4.359840393066406250e+00 -3.314837932586669922e+00 2.206315517425537109e+00
-5.805476188659667969e+00 -2.596064805984497070e+00 3.394536733627319336e+00
-5.279315471649169922e+00 -3.017418384552001953e+00 2.538540363311767578e+00
-4.095996856689453125e+00 -2.824676752090454102e+00 3.385068893432617188e+00
-2.760058879852294922e+00 -1.617355704307556152e+00 4.884898185729980469e+00
-5.654919147491455078e+00 -1.267915964126586914e+00 4.710025787353515625e+00
-5.352679729461669922e+00 -7.379103302955627441e-01 4.911848068237304688e+00
2.521266222000122070e+00 -1.714865684509277344e+00 3.668034553527832031e+00
1.364726066589355469e+00 -8.817626237869262695e-01 4.140268325805664062e+00
-6.519362330436706543e-02 -1.184098243713378906e+00 3.662102699279785156e+00
1.082213997840881348e+00 -3.060381412506103516e-01 4.681336879730224609e+00
2.500247955322265625e+00 -1.053350448608398438e+00 5.295671939849853516e+00
3.508740425109863281e+00 -5.903455018997192383e-01 6.648625850677490234e+00
1.102704524993896484e+00 7.838160395622253418e-01 5.425453186035156250e+00
-3.227182626724243164e+00 -1.388092279434204102e+00 5.015779018402099609e+00
-4.247534751892089844e+00 3.015734255313873291e-01 5.015505790710449219e+00
-2.753053188323974609e+00 5.692795515060424805e-01 5.149043560028076172e+00
-1.176120400428771973e+00 1.624461054801940918e+00 4.418504238128662109e+00
-3.890784025192260742e+00 1.024845838546752930e+00 4.054091453552246094e+00
-3.827184915542602539e+00 1.431275844573974609e+00 2.896634578704833984e+00
-1.791822314262390137e-01 -5.101256847381591797e+00 -7.986427098512649536e-02
2.963537573814392090e-01 -4.959516048431396484e+00 -1.155944466590881348e-01
8.143644928932189941e-01 -4.967477321624755859e+00 3.221394494175910950e-02
1.642910957336425781e+00 -3.801840305328369141e+00 1.418272972106933594e+00
1.480965614318847656e+00 -5.000650405883789062e+00 5.799756646156311035e-01
1.621991515159606934e+00 -3.762867450714111328e+00 -1.361026763916015625e+00
1.881407737731933594e+00 -2.624902725219726562e+00 2.354945182800292969e+00
2.284861564636230469e+00 1.495420098304748535e+00 5.576040267944335938e+00
2.867571353912353516e+00 2.468654394149780273e+00 4.223715782165527344e+00
2.597787141799926758e+00 2.970364332199096680e+00 3.016185998916625977e+00
-8.675585389137268066e-01 2.490314960479736328e+00 2.626373291015625000e+00
-6.774561405181884766e-01 1.982858896255493164e+00 4.210731506347656250e+00
5.621389150619506836e-01 2.570444822311401367e+00 3.261010408401489258e+00
-1.730673551559448242e+00 3.175607681274414062e+00 1.107040867209434509e-01
-7.585762500762939453e+00 -2.459239959716796875e+00 3.555160522460937500e+00
-7.328926086425781250e+00 -1.424184799194335938e+00 4.217354774475097656e+00
-7.960950851440429688e+00 -8.137167096138000488e-01 2.907429933547973633e+00
-6.812333106994628906e+00 -1.161234736442565918e+00 4.463074684143066406e+00
-7.016279220581054688e+00 -3.680875301361083984e-01 3.060178756713867188e+00
-6.419510364532470703e+00 1.880927234888076782e-01 1.420743703842163086e+00
-6.219764709472656250e+00 1.396386325359344482e-01 2.392283916473388672e+00
-6.923489093780517578e+00 2.268139421939849854e-01 -8.161631226539611816e-01
-3.746036529541015625e+00 1.652635097503662109e+00 1.848899483680725098e+00
-5.362683296203613281e+00 2.017612934112548828e+00 -1.992037773132324219e+00
-3.648190736770629883e+00 3.035390615463256836e+00 -1.668534994125366211e+00
3.382713317871093750e+00 6.791066527366638184e-01 6.452172756195068359e+00
2.977917671203613281e+00 1.751754760742187500e+00 5.355610847473144531e+00
3.822719812393188477e+00 2.090169906616210938e+00 4.759133815765380859e+00
4.522941589355468750e+00 2.651168823242187500e+00 3.735807657241821289e+00
3.871501684188842773e+00 3.171463966369628906e+00 2.956884145736694336e+00
7.761241436004638672e+00 -4.901498794555664062e+00 -3.956213474273681641e+00
2.376735448837280273e+00 -5.072699069976806641e+00 -3.053570508956909180e+00
5.493519306182861328e+00 -4.734314918518066406e+00 -2.522578477859497070e+00
6.319266319274902344e+00 -4.684435844421386719e+00 -2.969081878662109375e+00
3.032783031463623047e+00 -5.010361671447753906e+00 -2.934195756912231445e+00
2.090374231338500977e+00 -5.929915904998779297e+00 -5.250803470611572266e+00
2.626328945159912109e+00 -5.807474613189697266e+00 -6.252246379852294922e+00
3.890569925308227539e+00 -5.142075538635253906e+00 -5.596940994262695312e+00
5.922904014587402344e+00 -4.818679332733154297e+00 -3.729075908660888672e+00
7.158956050872802734e+00 -4.962219715118408203e+00 -4.064816951751708984e+00
2.443172216415405273e+00 -5.621486186981201172e+00 -8.457779884338378906e+00
8.323078155517578125e+00 -4.981219768524169922e+00 -6.002281665802001953e+00
3.300341367721557617e+00 -5.332507133483886719e+00 -7.115060806274414062e+00
3.712849855422973633e+00 -4.723720550537109375e+00 -7.897975921630859375e+00
6.290283679962158203e+00 -5.074749946594238281e+00 -5.374471187591552734e+00
7.410043239593505859e+00 -4.933272838592529297e+00 -6.325444698333740234e+00
5.877921104431152344e+00 -4.181021690368652344e+00 -7.247567176818847656e+00
7.535301208496093750e+00 -4.033787727355957031e+00 -7.364128589630126953e+00
5.588575839996337891e+00 -3.866046667098999023e+00 -7.626281261444091797e+00
5.159290790557861328e+00 -2.841320991516113281e+00 -8.642758369445800781e+00
5.233224391937255859e+00 -2.082895755767822266e+00 -8.897180557250976562e+00
-3.349313020706176758e+00 -7.970208168029785156e+00 -1.205638217926025391e+01
-3.131153821945190430e+00 -8.214706420898437500e+00 -1.051713562011718750e+01
-3.961454153060913086e+00 -7.543076992034912109e+00 -1.315941429138183594e+01
-1.581727623939514160e+00 -6.562916278839111328e+00 -1.324242210388183594e+01
-3.557208061218261719e+00 -6.332986831665039062e+00 -1.445940685272216797e+01
-3.375491619110107422e+00 -5.279556751251220703e+00 -1.519271183013916016e+01
-6.631619453430175781e+00 -6.536506175994873047e+00 -1.317158794403076172e+01
-7.072805404663085938e+00 -6.212454319000244141e+00 -1.318938255310058594e+01
-7.758861541748046875e+00 -5.231699943542480469e+00 -1.367514896392822266e+01
-5.719784259796142578e+00 -7.131820678710937500e+00 -1.307811260223388672e+01
-8.473628997802734375e+00 -5.363416671752929688e+00 -1.256365013122558594e+01
-7.364864826202392578e+00 -4.562977313995361328e+00 -1.457328224182128906e+01
-4.152021408081054688e+00 -5.532676219940185547e+00 -1.502774333953857422e+01
-5.995757102966308594e+00 -4.380009651184082031e+00 -1.525600719451904297e+01
-2.711404800415039062e+00 -5.387214183807373047e+00 -1.501481246948242188e+01
-2.177501440048217773e+00 -4.294466495513916016e+00 -1.536949539184570312e+01
-3.723322629928588867e+00 -3.713734626770019531e+00 -1.575188636779785156e+01
-2.791058778762817383e+00 -3.185916423797607422e+00 -1.571486186981201172e+01
-4.989913940429687500e+00 -2.647970438003540039e+00 -1.593934440612792969e+01
-3.921488523483276367e+00 -1.502988100051879883e+00 -1.593499946594238281e+01
-9.300533294677734375e+00 -4.438792228698730469e+00 -1.222156333923339844e+01
-8.935335159301757812e+00 -3.999970436096191406e+00 -1.344515132904052734e+01
-9.911401748657226562e+00 -2.860890865325927734e+00 -1.234617424011230469e+01
-1.040102672576904297e+01 -1.436778783798217773e+00 -1.151913452148437500e+01
-8.550858497619628906e+00 -3.346780061721801758e+00 -1.435988903045654297e+01
-7.693019866943359375e+00 -2.964633464813232422e+00 -1.519697093963623047e+01
-9.821742057800292969e+00 -9.212002754211425781e-01 -1.328207111358642578e+01
-9.375679969787597656e+00 -3.234890699386596680e-01 -1.420199966430664062e+01
-8.488561630249023438e+00 -9.488033652305603027e-01 -1.507195472717285156e+01
-7.136353492736816406e+00 1.622619330883026123e-01 -1.576746082305908203e+01
-7.628076553344726562e+00 8.174020051956176758e-01 -1.553347778320312500e+01
-1.522052168846130371e+00 -7.554834842681884766e+00 -6.888691902160644531e+00
-4.211752414703369141e-01 -7.156375885009765625e+00 -8.631840705871582031e+00
7.353665679693222046e-02 -6.568982601165771484e+00 -5.590077877044677734e+00
6.190087795257568359e-01 -6.685550689697265625e+00 -6.757172107696533203e+00
-2.397867441177368164e-01 -6.930975437164306641e+00 -9.610910415649414062e+00
-5.055365711450576782e-02 -5.895547866821289062e+00 -1.240245723724365234e+01
1.352507352828979492e+00 -6.388901233673095703e+00 -6.419245719909667969e+00
2.021107435226440430e+00 -5.952372550964355469e+00 -8.190828323364257812e+00
-7.602753043174743652e-01 -5.087019920349121094e+00 -1.430431747436523438e+01
1.024730205535888672e+00 -4.963354587554931641e+00 -1.243794727325439453e+01
-1.230205178260803223e+00 -3.739226341247558594e+00 -1.520318317413330078e+01
-1.921430379152297974e-01 -3.007205009460449219e+00 -1.485991764068603516e+01
1.960463762283325195e+00 -5.053751468658447266e+00 -1.069747734069824219e+01
-1.087755560874938965e+00 -2.404846668243408203e+00 -1.528219699859619141e+01
-1.306918144226074219e+00 -1.696949481964111328e+00 -1.534149360656738281e+01
2.142034292221069336e+00 -3.536691665649414062e+00 -1.149269199371337891e+01
8.849036693572998047e-01 -1.870106101036071777e+00 -1.348731708526611328e+01
7.973267436027526855e-01 -1.144229769706726074e+00 -1.333460712432861328e+01
-2.606746912002563477e+00 -1.777689456939697266e+00 -1.569791984558105469e+01
-2.676370143890380859e+00 -8.082867860794067383e-01 -1.564043903350830078e+01
-5.085795879364013672e+00 4.556051790714263916e-01 -1.588730239868164062e+01
-2.887021541595458984e+00 1.009506106376647949e+00 -1.536628532409667969e+01
-2.164350509643554688e+00 1.176545739173889160e+00 -1.512399101257324219e+01
-4.978455901145935059e-01 1.150725722312927246e+00 -1.388963794708251953e+01
-2.882053136825561523e+00 2.082660198211669922e+00 -1.503491401672363281e+01
-2.466095685958862305e+00 2.790383100509643555e+00 -1.464492130279541016e+01
2.704521656036376953e+00 -3.968238353729248047e+00 -1.033761596679687500e+01
3.522009134292602539e+00 -2.612030982971191406e+00 -1.011320209503173828e+01
3.012274742126464844e+00 -1.849360227584838867e+00 -1.085302066802978516e+01
9.637217521667480469e-01 -2.811102569103240967e-01 -1.281250762939453125e+01
1.481999754905700684e+00 6.205531302839517593e-03 -1.210952091217041016e+01
2.347936153411865234e+00 -2.191423475742340088e-01 -1.122609806060791016e+01
1.080299973487854004e+00 4.168152511119842529e-01 -1.233495140075683594e+01
-1.051275157928466797e+01 -9.641434550285339355e-01 -1.099149417877197266e+01
-9.968370437622070312e+00 6.909573078155517578e-01 -1.291955947875976562e+01
-1.030351448059082031e+01 -1.224918477237224579e-02 -1.048451423645019531e+01
-1.007296085357666016e+01 -1.181919649243354797e-01 -9.023084640502929688e+00
-9.727190017700195312e+00 5.478891730308532715e-01 -1.002517700195312500e+01
-9.964776039123535156e+00 9.274696707725524902e-01 -1.154993915557861328e+01
-9.434946060180664062e+00 2.041352987289428711e+00 -1.278210258483886719e+01
-8.824353218078613281e+00 1.402187824249267578e+00 -9.339848518371582031e+00
-8.418107986450195312e+00 2.403177261352539062e+00 -1.037334442138671875e+01
-8.199210166931152344e+00 1.160663485527038574e+00 -6.069727897644042969e+00
-7.962779998779296875e+00 1.597522974014282227e+00 -7.150042533874511719e+00
-8.285244941711425781e+00 1.883813261985778809e+00 -8.735409736633300781e+00
-7.901603221893310547e+00 2.554413318634033203e+00 -9.729797363281250000e+00
-6.298703670501708984e+00 2.703114032745361328e+00 -7.677984237670898438e+00
-6.215350627899169922e+00 3.014759540557861328e+00 -8.160117149353027344e+00
-8.636061668395996094e+00 2.208212852478027344e+00 -1.429048824310302734e+01
-8.037280082702636719e+00 2.234662532806396484e+00 -1.473025512695312500e+01
-7.637961387634277344e+00 3.447604656219482422e+00 -1.351143550872802734e+01
-6.655602455139160156e+00 4.269875526428222656e+00 -1.313665866851806641e+01
-6.100976943969726562e+00 1.897464156150817871e+00 -1.547483062744140625e+01
-5.845345020294189453e+00 2.187391281127929688e+00 -1.532579326629638672e+01
-5.170933246612548828e+00 3.970093727111816406e+00 -1.412026405334472656e+01
-4.615448951721191406e+00 3.962436914443969727e+00 -1.424753093719482422e+01
-5.868077754974365234e+00 3.774383544921875000e+00 -1.412412452697753906e+01
-8.274895668029785156e+00 3.288146495819091797e+00 -1.224505710601806641e+01
-6.244432449340820312e+00 4.419703960418701172e+00 -1.237954330444335938e+01
-5.557661533355712891e+00 4.388355731964111328e+00 -1.074142932891845703e+01
-3.389001607894897461e+00 4.235104560852050781e+00 -1.348683166503906250e+01
-3.170559406280517578e+00 4.297523021697998047e+00 -1.286920642852783203e+01
-5.220900535583496094e+00 4.439516067504882812e+00 -1.221767807006835938e+01
-4.469124317169189453e+00 4.638204574584960938e+00 -1.232497978210449219e+01
-3.216561317443847656e+00 4.687582969665527344e+00 -1.144217395782470703e+01
-4.957958698272705078e+00 4.791019439697265625e+00 -1.084663772583007812e+01
-3.795224666595458984e+00 4.895244598388671875e+00 -1.117035865783691406e+01
-6.641886234283447266e+00 3.689805030822753906e+00 -1.049981021881103516e+01
-5.933197975158691406e+00 3.630153417587280273e+00 -9.032594680786132812e+00
3.056059837341308594e+00 -1.918561011552810669e-01 -1.029960155487060547e+01
-1.395645439624786377e-01 1.528545618057250977e+00 -1.287643623352050781e+01
-2.114358663558959961e+00 3.222340106964111328e+00 -1.359390544891357422e+01
9.947109222412109375e-01 8.008276224136352539e-01 -1.168789482116699219e+01
-1.054312467575073242e+00 2.884920835494995117e+00 -1.233717536926269531e+01
-2.713603496551513672e+00 3.847305774688720703e+00 -1.326919746398925781e+01
-1.649716615676879883e+00 3.648134708404541016e+00 -1.187423896789550781e+01
1.143743801116943359e+01 -6.513309001922607422e+00 -3.350915431976318359e+00
1.332260131835937500e+01 -6.742462635040283203e+00 -1.671042442321777344e+00
1.117633724212646484e+01 -6.435822963714599609e+00 -8.189465403556823730e-01
1.098108863830566406e+01 -6.446220397949218750e+00 -2.576138496398925781e+00
1.435453510284423828e+01 -6.962445259094238281e+00 -4.989868164062500000e+00
1.198955249786376953e+01 -6.582633495330810547e+00 -3.951862573623657227e+00
1.270059299468994141e+01 -6.567899703979492188e+00 -5.446405410766601562e+00
1.315006542205810547e+01 -6.886244773864746094e+00 -3.633835554122924805e+00
1.562627887725830078e+01 -7.051877021789550781e+00 -3.554955959320068359e+00
1.606282997131347656e+01 -5.980249881744384766e+00 -4.142065525054931641e+00
1.623890495300292969e+01 -6.523351192474365234e+00 -1.118621230125427246e+00
1.636958122253417969e+01 -5.730363845825195312e+00 -2.007335186004638672e+00
1.457307815551757812e+01 -6.627745628356933594e+00 1.119505241513252258e-01
1.481035137176513672e+01 -6.981051445007324219e+00 -1.501222252845764160e+00
1.535978221893310547e+01 -6.287496566772460938e+00 1.033901453018188477e+00
1.476347923278808594e+01 -4.174093723297119141e+00 2.058550596237182617e+00
1.511419296264648438e+01 -4.284965991973876953e+00 9.459785223007202148e-01
1.431927585601806641e+01 -3.392415285110473633e+00 1.089990019798278809e+00
1.580647277832031250e+01 -4.938726902008056641e+00 -3.313303470611572266e+00
1.523312950134277344e+01 -4.078425407409667969e+00 -2.537545204162597656e+00
1.520508003234863281e+01 -4.007987022399902344e+00 -9.679766893386840820e-01
1.496706008911132812e+01 -3.663176774978637695e+00 -1.474754929542541504e+00
1.432926368713378906e+01 -2.891173124313354492e+00 -8.517853021621704102e-01
1.381199169158935547e+01 -6.741427421569824219e+00 -6.211890220642089844e+00
1.525578689575195312e+01 -5.950390815734863281e+00 -6.510155677795410156e+00
1.237129688262939453e+01 -6.443094730377197266e+00 -6.633333206176757812e+00
1.291586208343505859e+01 -5.907735824584960938e+00 -7.416234970092773438e+00
1.593538570404052734e+01 -5.863594055175781250e+00 -5.600853443145751953e+00
1.562234306335449219e+01 -5.094358921051025391e+00 -5.898989677429199219e+00
1.505234527587890625e+01 -4.425409317016601562e+00 -5.504403114318847656e+00
1.326009464263916016e+01 -5.516867160797119141e+00 -7.273091316223144531e+00
1.263286113739013672e+01 -4.960825920104980469e+00 -6.587147712707519531e+00
1.349686241149902344e+01 -4.482130527496337891e+00 -6.063313007354736328e+00
1.362658405303955078e+01 -3.391990423202514648e+00 -4.910337924957275391e+00
1.500156211853027344e+01 -3.752822160720825195e+00 -2.781285047531127930e+00
1.493801116943359375e+01 -3.754106521606445312e+00 -4.467187404632568359e+00
1.438137722015380859e+01 -2.914706468582153320e+00 -3.716394424438476562e+00
1.016731548309326172e+01 -5.978602886199951172e+00 -2.728374242782592773e+00
6.989669799804687500e+00 -4.750458717346191406e+00 -2.366102695465087891e+00
7.275796413421630859e+00 -4.819629669189453125e+00 -1.938338279724121094e+00
6.841871261596679688e+00 -4.692180633544921875e+00 -2.929014682769775391e+00
1.048750591278076172e+01 -6.266853332519531250e+00 -2.326587438583374023e+00
9.013455390930175781e+00 -5.506571292877197266e+00 -1.932858228683471680e+00
7.948339939117431641e+00 -5.080025196075439453e+00 -1.567036509513854980e+00
9.600979804992675781e+00 -5.508686065673828125e+00 -3.420184850692749023e+00
9.956831932067871094e+00 -5.529650211334228516e+00 -4.646525859832763672e+00
8.332258224487304688e+00 -4.974502086639404297e+00 -3.949934005737304688e+00
1.354698371887207031e+01 -2.213360786437988281e+00 9.661004878580570221e-04
1.219720840454101562e+01 -8.603451251983642578e-01 -1.015391111373901367e+00
1.096493721008300781e+01 -5.950271606445312500e+00 -5.474119663238525391e+00
1.103049278259277344e+01 -5.411785602569580078e+00 -6.010842800140380859e+00
9.596958160400390625e+00 -5.061356067657470703e+00 -5.185798168182373047e+00
1.172442913055419922e+01 -4.695026397705078125e+00 -6.149318218231201172e+00
9.186573982238769531e+00 -4.315824031829833984e+00 -6.404691696166992188e+00
1.040757274627685547e+01 -3.537096977233886719e+00 -5.850794315338134766e+00
1.247981071472167969e+01 -3.686275243759155273e+00 -5.426021099090576172e+00
1.065357208251953125e+01 -3.197266817092895508e+00 -5.644226551055908203e+00
1.067568492889404297e+01 -2.270913600921630859e+00 -5.227183341979980469e+00
8.544636726379394531e+00 -3.678493022918701172e+00 -7.019908428192138672e+00
9.055788993835449219e+00 -3.081557750701904297e+00 -6.554602146148681641e+00
8.056590080261230469e+00 -2.032283544540405273e+00 -6.897416114807128906e+00
1.040872001647949219e+01 -1.606135964393615723e+00 -5.088292121887207031e+00
8.256664276123046875e+00 -1.707799315452575684e+00 -6.628005027770996094e+00
8.748847961425781250e+00 -4.852551519870758057e-01 -5.828407764434814453e+00
7.279999732971191406e+00 -1.674746125936508179e-01 -6.906914234161376953e+00
1.328697395324707031e+01 -2.138365983963012695e+00 -4.027706146240234375e+00
1.346147155761718750e+01 -1.697945237159729004e+00 -1.905049562454223633e+00
1.322666740417480469e+01 -1.333474874496459961e+00 -3.123035192489624023e+00
1.240770912170410156e+01 -4.520274698734283447e-01 -2.210595607757568359e+00
1.206142616271972656e+01 -1.316571831703186035e-01 -2.819472312927246094e+00
1.241935157775878906e+01 -1.926070570945739746e+00 -4.330149650573730469e+00
1.121808242797851562e+01 -1.237540721893310547e+00 -4.460264682769775391e+00
1.150795555114746094e+01 -5.785509347915649414e-01 -3.846919775009155273e+00
1.017679500579833984e+01 1.550495862960815430e+00 -1.731181144714355469e+00
9.295778274536132812e+00 2.369454145431518555e+00 -2.875726461410522461e+00
9.332907676696777344e+00 2.295866489410400391e+00 -3.347223997116088867e+00
8.575264930725097656e+00 2.927126646041870117e+00 -2.363662719726562500e+00
1.021186828613281250e+01 -9.194036722183227539e-01 -4.981478214263916016e+00
1.065302371978759766e+01 2.909841537475585938e-01 -4.109352588653564453e+00
8.363626480102539062e+00 1.243436262011528015e-01 -5.843759536743164062e+00
7.011871814727783203e+00 9.785455465316772461e-01 -6.416535377502441406e+00
1.384207534790039062e+01 -3.451239347457885742e+00 2.642102241516113281e+00
1.243124485015869141e+01 -2.363175868988037109e+00 2.931982517242431641e+00
1.122469711303710938e+01 -8.364976048469543457e-01 1.419898748397827148e+00
1.142016887664794922e+01 -6.535049676895141602e-01 2.778422534465789795e-01
9.913899421691894531e+00 -4.091997742652893066e-01 3.055034399032592773e+00
8.794193267822265625e+00 9.018713235855102539e-01 2.547698497772216797e+00
9.371482849121093750e+00 6.138094663619995117e-01 2.035752058029174805e+00
7.276560783386230469e+00 1.951801419258117676e+00 2.906313419342041016e+00
7.136525154113769531e+00 2.662098407745361328e+00 1.806089758872985840e+00
9.777560234069824219e+00 8.798021674156188965e-01 3.327189683914184570e-01
1.004105854034423828e+01 1.295639991760253906e+00 -9.932857155799865723e-01
7.979180335998535156e+00 2.611920595169067383e+00 4.110464453697204590e-01
3.351198911666870117e+00 4.278532505035400391e+00 -3.451289236545562744e-01
6.216581344604492188e+00 3.550211191177368164e+00 2.758971750736236572e-01
5.480047225952148438e+00 4.043896675109863281e+00 -2.226477861404418945e+00
3.672222852706909180e+00 4.395097255706787109e+00 -6.837263107299804688e-01
2.847816705703735352e+00 3.826562166213989258e+00 -2.455369949340820312e+00
2.959927082061767578e+00 3.515877008438110352e+00 -3.326923131942749023e+00
-9.878855943679809570e-01 3.796301841735839844e+00 -7.631205320358276367e-01
2.148549079895019531e+00 3.147467851638793945e+00 -4.384246826171875000e+00
1.003853231668472290e-02 4.164199829101562500e+00 -3.141960620880126953e+00
3.073068559169769287e-01 3.712911605834960938e+00 -4.696491718292236328e+00
2.380450963973999023e+00 3.811885118484497070e+00 -2.565485954284667969e+00
5.100749015808105469e+00 -8.750305175781250000e-01 -8.889925956726074219e+00
2.940958261489868164e+00 3.081291615962982178e-01 -9.602976799011230469e+00
5.060895442962646484e+00 5.048256516456604004e-01 -8.105147361755371094e+00
3.640781879425048828e+00 5.614312291145324707e-01 -8.963205337524414062e+00
2.520737409591674805e+00 5.006066560745239258e-01 -9.796920776367187500e+00
1.545121073722839355e+00 1.849889755249023438e+00 -9.909779548645019531e+00
3.303525745868682861e-01 3.151517629623413086e+00 -9.155622482299804688e+00
1.115750595927238464e-01 3.003278017044067383e+00 -1.045624351501464844e+01
5.655615329742431641e+00 2.808218240737915039e+00 -4.852985382080078125e+00
6.160619258880615234e+00 1.883906126022338867e+00 -6.083256244659423828e+00
4.701810836791992188e+00 2.693111658096313477e+00 -5.241677284240722656e+00
4.796940803527832031e+00 2.384735822677612305e+00 -5.953369140625000000e+00
6.613531112670898438e+00 3.752232551574707031e+00 -2.718948841094970703e+00
6.582483768463134766e+00 1.278510332107543945e+00 -6.418478012084960938e+00
5.710914134979248047e+00 1.665761470794677734e+00 -6.594642639160156250e+00
4.858664512634277344e+00 1.779076337814331055e+00 -7.029756069183349609e+00
2.738261461257934570e+00 2.855130910873413086e+00 -5.058712959289550781e+00
2.815416574478149414e+00 2.090146303176879883e+00 -7.355157375335693359e+00
2.028381347656250000e+00 2.333684206008911133e+00 -6.808918476104736328e+00
9.544212371110916138e-02 3.306219100952148438e+00 -6.269510746002197266e+00
2.719628512859344482e-01 2.963947057723999023e+00 -7.757013797760009766e+00
3.025968074798583984e-01 3.034844398498535156e+00 -8.135818481445312500e+00
-3.296935319900512695e+00 3.399757385253906250e+00 -2.584166526794433594e+00
-5.634494781494140625e+00 3.070955753326416016e+00 -7.730153083801269531e+00
-4.809059143066406250e+00 3.488562345504760742e+00 -7.634656906127929688e+00
-4.258921146392822266e+00 3.355010747909545898e+00 -6.673538208007812500e+00
-2.167887926101684570e+00 3.286454916000366211e+00 -2.299444228410720825e-01
-1.889885783195495605e+00 3.753324031829833984e+00 -1.353423476219177246e+00
-1.528080582618713379e+00 4.098466396331787109e+00 -2.467560052871704102e+00
-1.353009939193725586e+00 4.397179603576660156e+00 -3.693037509918212891e+00
-1.182416081428527832e+00 4.403857707977294922e+00 -4.986559867858886719e+00
-4.801070213317871094e+00 4.086204528808593750e+00 -8.503094673156738281e+00
-4.505361080169677734e+00 4.563292503356933594e+00 -9.022775650024414062e+00
-1.981047272682189941e+00 4.465854644775390625e+00 -7.510502815246582031e+00
-3.350060462951660156e+00 4.463394165039062500e+00 -8.330544471740722656e+00
-1.541209697723388672e+00 3.655550241470336914e+00 -1.119746494293212891e+01
-1.228631496429443359e+00 3.509964942932128906e+00 -1.106180953979492188e+01
-3.827728748321533203e+00 4.858434677124023438e+00 -1.070329666137695312e+01
-2.047868013381958008e+00 4.184418201446533203e+00 -9.849293708801269531e+00
-3.116699159145355225e-01 3.483381986618041992e+00 -9.964999198913574219e+00
-2.159259080886840820e+00 4.562342643737792969e+00 -6.120096683502197266e+00
5.278884410858154297e+00 3.213332414627075195e+00 2.348260879516601562e+00
6.040748119354248047e+00 3.155602931976318359e+00 1.779253602027893066e+00
1.963713407516479492e+00 7.037758827209472656e-01 -1.028441715240478516e+01
-5.173789262771606445e-01 2.796862363815307617e+00 -1.161353015899658203e+01
4.407370686531066895e-01 2.525871753692626953e+00 -1.076750469207763672e+01
