1.560120701789855957e+00 -4.930820941925048828e+00 -2.714134216308593750e+00
2.276535987854003906e+00 -4.775279998779296875e+00 -1.923527240753173828e+00
1.513723134994506836e+00 -4.785304069519042969e+00 -2.308637857437133789e+00
-5.068877220153808594e+00 -8.108591079711914062e+00 -7.822329521179199219e+00
-4.999555587768554688e+00 -8.061454772949218750e+00 -1.156790161132812500e+01
-4.185101985931396484e+00 -8.321048736572265625e+00 -9.419754028320312500e+00
-7.270782470703125000e+00 -7.468382835388183594e+00 -7.058935165405273438e+00
-7.775113105773925781e+00 -7.350623130798339844e+00 -7.967168331146240234e+00
-5.692596912384033203e+00 -8.128765106201171875e+00 -9.823720932006835938e+00
-6.221018314361572266e+00 -7.997519016265869141e+00 -9.061570167541503906e+00
-6.480545997619628906e+00 -7.344339847564697266e+00 -1.205454826354980469e+01
-8.410231590270996094e+00 -6.365513324737548828e+00 -1.057583904266357422e+01
-8.332468032836914062e+00 -6.187711715698242188e+00 -1.129432201385498047e+01
-9.642113685607910156e+00 -5.265963554382324219e+00 -8.362735748291015625e+00
-1.005115604400634766e+01 -4.323801517486572266e+00 -8.715805053710937500e+00
-9.586723327636718750e+00 -4.641658306121826172e+00 -1.086730575561523438e+01
-8.219989776611328125e+00 -6.690150737762451172e+00 -5.445804595947265625e+00
-9.067405700683593750e+00 -6.091753959655761719e+00 -4.930219173431396484e+00
-7.968036651611328125e+00 -5.744861125946044922e+00 -3.404807567596435547e+00
-8.496870994567871094e+00 -5.228061676025390625e+00 -2.226378679275512695e+00
-6.958373069763183594e+00 -5.440115928649902344e+00 -3.112293243408203125e+00
-2.593423843383789062e+00 -5.030093193054199219e+00 -1.547556877136230469e+00
-3.373496055603027344e+00 -4.880859851837158203e+00 -5.822848081588745117e-01
-1.440119147300720215e+00 -4.992487907409667969e+00 -2.368713915348052979e-01
-7.379079341888427734e+00 -3.211838960647583008e+00 2.311742305755615234e+00
-5.355577468872070312e+00 -3.511987686157226562e+00 1.278937339782714844e+00
-3.860265016555786133e+00 -5.067551612854003906e+00 -2.136384963989257812e+00
-7.304466247558593750e+00 -4.796174049377441406e+00 -1.626777291297912598e+00
-6.307852268218994141e+00 -5.166597843170166016e+00 -2.786343812942504883e+00
-3.738595724105834961e+00 -4.413479804992675781e+00 1.346818804740905762e-01
-4.768065452575683594e+00 -7.278873920440673828e+00 -5.294630050659179688e+00
-4.545614242553710938e+00 -6.497809410095214844e+00 -4.090621471405029297e+00
-2.280540704727172852e+00 -7.655379295349121094e+00 -6.416924953460693359e+00
-2.884805440902709961e+00 -7.167498588562011719e+00 -5.066856861114501953e+00
-2.214636564254760742e+00 -7.177032947540283203e+00 -5.298992633819580078e+00
-1.356442451477050781e+00 -6.801070213317871094e+00 -5.044214725494384766e+00
-2.779732465744018555e+00 -6.776619434356689453e+00 -4.439498424530029297e+00
-5.267736911773681641e+00 -6.850445270538330078e+00 -4.678605079650878906e+00
-6.153915405273437500e+00 -7.666731834411621094e+00 -6.741992950439453125e+00
-8.704491615295410156e+00 -6.650684833526611328e+00 -6.454766273498535156e+00
-1.417403578758239746e+00 -4.980890750885009766e+00 -1.835651874542236328e+00
-9.350079894065856934e-01 -5.042379856109619141e+00 -2.276499271392822266e+00
-2.241487741470336914e+00 -5.124152660369873047e+00 -2.023019790649414062e+00
-3.514976203441619873e-01 -5.085299491882324219e+00 -1.197358250617980957e+00
6.308429837226867676e-01 -4.615579128265380859e+00 -1.598509788513183594e+00
-8.147375583648681641e-01 -5.403461456298828125e+00 -3.020634651184082031e+00
-8.280266076326370239e-03 -5.499479293823242188e+00 -3.345293283462524414e+00
6.067612767219543457e-01 -4.764090061187744141e+00 -2.125317096710205078e+00
-9.515473365783691406e+00 -4.813266277313232422e+00 -2.044703006744384766e+00
-9.939813613891601562e+00 -4.890636920928955078e+00 -4.680088043212890625e+00
-9.351561546325683594e+00 -5.580861568450927734e+00 -3.831180334091186523e+00
-1.019564533233642578e+01 -3.759283542633056641e+00 -3.288270950317382812e+00
-1.031887054443359375e+01 -3.585393667221069336e+00 -4.716157436370849609e+00
-9.120004653930664062e+00 -4.087504386901855469e+00 3.093579709529876709e-01
-9.781121253967285156e+00 -4.174160480499267578e+00 -1.408274769783020020e+00
-9.820116043090820312e+00 -3.231415033340454102e+00 -2.798984646797180176e-01
-9.598887443542480469e+00 -2.926616191864013672e+00 9.024024009704589844e-01
-9.112783432006835938e+00 -2.721843242645263672e+00 2.167271137237548828e+00
-9.278966903686523438e+00 -1.629578471183776855e+00 1.269666194915771484e+00
-1.017298316955566406e+01 -2.694973945617675781e+00 -2.523659944534301758e+00
-1.009732055664062500e+01 -1.608771920204162598e+00 -2.652442693710327148e+00
-9.464496612548828125e+00 -1.293188929557800293e+00 -8.880248665809631348e-01
-7.936769008636474609e+00 -4.179091155529022217e-01 -6.466165184974670410e-01
-1.006322956085205078e+01 -4.635773181915283203e+00 -5.545252323150634766e+00
-1.034754657745361328e+01 -3.651654481887817383e+00 -5.424937248229980469e+00
-1.053286266326904297e+01 -2.256947040557861328e+00 -5.301618576049804688e+00
-1.059071063995361328e+01 -2.097244501113891602e+00 -5.871657848358154297e+00
-1.008360671997070312e+01 -6.569787263870239258e-01 -5.353399276733398438e+00
-1.058988761901855469e+01 -2.841640233993530273e+00 -7.961403369903564453e+00
-1.071180629730224609e+01 -1.943922400474548340e+00 -8.886898994445800781e+00
-1.060172653198242188e+01 -8.076274991035461426e-01 -8.516397476196289062e+00
-9.952358245849609375e+00 -3.276130557060241699e-01 -6.704921722412109375e+00
-8.382885932922363281e+00 -2.018917500972747803e-01 -2.253418922424316406e+00
-6.925529479980468750e+00 1.701768279075622559e+00 -3.686947107315063477e+00
-9.018215179443359375e+00 3.897164165973663330e-01 -6.201127529144287109e+00
-7.576979160308837891e+00 1.441525101661682129e+00 -4.987971782684326172e+00
1.316759777069091797e+01 -5.431468486785888672e+00 4.615809917449951172e+00
1.353829479217529297e+01 -6.246243953704833984e+00 8.369124531745910645e-01
1.302313613891601562e+01 -6.114811897277832031e+00 1.537099599838256836e+00
1.488437652587890625e+01 -5.925904750823974609e+00 2.038672208786010742e+00
1.469700241088867188e+01 -4.988585948944091797e+00 3.172388315200805664e+00
1.193953704833984375e+01 -5.880268096923828125e+00 2.848228454589843750e+00
4.408545494079589844e+00 -1.093961834907531738e+00 4.962217807769775391e+00
5.276629447937011719e+00 -6.997558474540710449e-01 6.104059219360351562e+00
6.648663997650146484e+00 -4.830859661102294922e+00 -1.666231632232666016e+00
8.910240173339843750e+00 -6.253105163574218750e+00 -1.235078454017639160e+00
8.123127937316894531e+00 -6.162618637084960938e+00 -1.082218885421752930e+00
7.450699329376220703e+00 -6.239884853363037109e+00 -4.961794018745422363e-01
2.553407669067382812e+00 -5.418407917022705078e+00 4.051985740661621094e-01
4.293511867523193359e+00 -4.698801517486572266e+00 -1.497860074043273926e+00
5.165778160095214844e+00 -5.089235305786132812e+00 -1.168970108032226562e+00
2.305467367172241211e+00 -4.281248569488525391e+00 -1.261643528938293457e+00
4.113610744476318359e+00 -4.727527618408203125e+00 -1.278679251670837402e+00
5.107780456542968750e+00 -5.562131404876708984e+00 2.179763913154602051e-01
5.806847095489501953e+00 -5.965237617492675781e+00 -6.097129583358764648e-01
3.095589399337768555e+00 -5.487753391265869141e+00 -5.884496569633483887e-01
9.441672325134277344e+00 -5.191053390502929688e+00 3.107868194580078125e+00
9.954837799072265625e+00 -4.730475425720214844e+00 4.947014331817626953e+00
9.921842575073242188e+00 -4.903246879577636719e+00 4.312105655670166016e+00
8.657441139221191406e+00 -3.978763818740844727e+00 5.374563694000244141e+00
8.916166305541992188e+00 -4.939790248870849609e+00 3.166431665420532227e+00
9.018539428710937500e+00 -5.897571086883544922e+00 1.436434626579284668e+00
8.679360389709472656e+00 -6.074753761291503906e+00 9.422407746315002441e-01
5.512759685516357422e+00 -1.239545464515686035e+00 4.058293342590332031e+00
6.163354396820068359e+00 -3.654347896575927734e+00 2.403568744659423828e+00
5.590642929077148438e+00 -3.946791648864746094e+00 1.877726435661315918e+00
4.515401840209960938e+00 -1.867142438888549805e+00 3.084636688232421875e+00
4.610383510589599609e+00 -1.445211768150329590e+00 3.741745233535766602e+00
6.888085842132568359e+00 -2.379771232604980469e+00 4.326494216918945312e+00
6.675838470458984375e+00 -1.819283962249755859e+00 5.551803112030029297e+00
6.541038036346435547e+00 -5.439556121826171875e+00 9.392462968826293945e-01
1.201217651367187500e+01 -4.084088325500488281e+00 6.029997825622558594e+00
1.373559474945068359e+01 -4.378035068511962891e+00 4.670369148254394531e+00
1.256488513946533203e+01 -3.193210840225219727e+00 5.014210224151611328e+00
1.345851802825927734e+01 -3.179945230484008789e+00 3.299804687500000000e+00
7.793581962585449219e+00 -2.784286022186279297e+00 6.742361068725585938e+00
7.371427059173583984e+00 -2.314467668533325195e+00 6.686726570129394531e+00
4.246276378631591797e+00 -3.473039865493774414e-01 6.880236625671386719e+00
9.598984718322753906e+00 -4.081910610198974609e+00 6.614154338836669922e+00
1.037881851196289062e+01 -2.754014730453491211e+00 6.839093208312988281e+00
1.076690959930419922e+01 -2.224447727203369141e+00 5.762077331542968750e+00
8.663444519042968750e+00 -1.358057618141174316e+00 6.585236549377441406e+00
9.028832435607910156e+00 -1.029120683670043945e+00 5.579258918762207031e+00
1.109389305114746094e+01 -1.997129917144775391e+00 4.693007946014404297e+00
1.143483066558837891e+01 -1.788811683654785156e+00 3.615101575851440430e+00
6.630340576171875000e+00 -1.288727283477783203e+00 6.417308330535888672e+00
7.757973194122314453e+00 -7.917170524597167969e-01 6.364069461822509766e+00
7.047884464263916016e+00 1.614421308040618896e-01 5.782667636871337891e+00
6.286241054534912109e+00 -4.096764698624610901e-02 6.105738162994384766e+00
5.682713985443115234e+00 1.028822898864746094e+00 5.583990097045898438e+00
8.102830886840820312e+00 4.005047678947448730e-01 4.549708366394042969e+00
5.753630161285400391e+00 2.190206527709960938e+00 4.207551479339599609e+00
6.140168666839599609e+00 2.262897968292236328e+00 3.733821630477905273e+00
-2.133057117462158203e+00 -2.795373678207397461e+00 3.778651475906372070e+00
-1.522422671318054199e+00 -3.798602581024169922e+00 1.668162822723388672e+00
-1.476331114768981934e+00 -4.648287773132324219e+00 3.922798037528991699e-01
-1.616784811019897461e+00 -2.859403371810913086e+00 3.502664566040039062e+00
-2.449752986431121826e-01 -2.655984163284301758e+00 2.382717132568359375e+00
-5.071714401245117188e+00 -3.476671457290649414e+00 1.471291780471801758e+00
-4.359258651733398438e+00 -3.314426898956298828e+00 2.205806493759155273e+00
-5.805185317993164062e+00 -2.596535205841064453e+00 3.394452333450317383e+00
-5.279047489166259766e+00 -3.017433881759643555e+00 2.538583040237426758e+00
-4.095121860504150391e+00 -2.825587511062622070e+00 3.384678363800048828e+00
-2.759440183639526367e+00 -1.619160413742065430e+00 4.883419036865234375e+00
-5.654292583465576172e+00 -1.268025875091552734e+00 4.709398269653320312e+00
-5.351066112518310547e+00 -7.378017306327819824e-01 4.910529136657714844e+00
2.530453920364379883e+00 -1.698004484176635742e+00 3.683457851409912109e+00
1.368644833564758301e+00 -8.752294778823852539e-01 4.151749610900878906e+00
-6.198979541659355164e-02 -1.183108329772949219e+00 3.667505979537963867e+00
1.083883523941040039e+00 -3.005402684211730957e-01 4.690706729888916016e+00
2.509150266647338867e+00 -1.019187927246093750e+00 5.315347671508789062e+00
3.513816356658935547e+00 -5.264776945114135742e-01 6.674347877502441406e+00
1.103404521942138672e+00 7.908989191055297852e-01 5.428059101104736328e+00
-3.226178646087646484e+00 -1.389231801033020020e+00 5.012254714965820312e+00
-4.245774745941162109e+00 3.002955615520477295e-01 5.011216163635253906e+00
-2.751870393753051758e+00 5.667297840118408203e-01 5.136920452117919922e+00
-1.173367857933044434e+00 1.620646715164184570e+00 4.410221099853515625e+00
-3.889403104782104492e+00 1.021170139312744141e+00 4.048522472381591797e+00
-3.825148344039916992e+00 1.423375248908996582e+00 2.888816595077514648e+00
-1.780251264572143555e-01 -5.098640441894531250e+00 -7.994187623262405396e-02
2.971521317958831787e-01 -4.956070899963378906e+00 -1.151857227087020874e-01
8.149933218955993652e-01 -4.961977005004882812e+00 3.395547345280647278e-02
1.645893454551696777e+00 -3.796814918518066406e+00 1.423171520233154297e+00
1.482455611228942871e+00 -4.995276451110839844e+00 5.820443630218505859e-01
1.622176170349121094e+00 -3.758018255233764648e+00 -1.358789205551147461e+00
1.886349320411682129e+00 -2.618535757064819336e+00 2.363593816757202148e+00
2.279977798461914062e+00 1.539785742759704590e+00 5.588626861572265625e+00
2.865242004394531250e+00 2.522664785385131836e+00 4.245761871337890625e+00
2.598453044891357422e+00 2.985369443893432617e+00 3.021790981292724609e+00
-8.657259941101074219e-01 2.487128496170043945e+00 2.620622873306274414e+00
-6.690786480903625488e-01 1.959981441497802734e+00 4.185054302215576172e+00
5.668020248413085938e-01 2.566657304763793945e+00 3.252540111541748047e+00
-1.730022668838500977e+00 3.177374839782714844e+00 1.092161759734153748e-01
-7.585631370544433594e+00 -2.459597587585449219e+00 3.555284976959228516e+00
-7.328710079193115234e+00 -1.424522280693054199e+00 4.217731952667236328e+00
-7.960736274719238281e+00 -8.140106201171875000e-01 2.907425642013549805e+00
-6.811830043792724609e+00 -1.161325931549072266e+00 4.463234424591064453e+00
-7.016438484191894531e+00 -3.675823807716369629e-01 3.060353994369506836e+00
-6.420206069946289062e+00 1.885851025581359863e-01 1.420281410217285156e+00
-6.219772338867187500e+00 1.396588832139968872e-01 2.391622304916381836e+00
-6.924123287200927734e+00 2.276094704866409302e-01 -8.151839375495910645e-01
-3.745153188705444336e+00 1.650085091590881348e+00 1.845410346984863281e+00
-5.360763072967529297e+00 2.015222549438476562e+00 -1.993977427482604980e+00
-3.645703315734863281e+00 3.037978887557983398e+00 -1.669582486152648926e+00
3.374850749969482422e+00 7.514534592628479004e-01 6.481795787811279297e+00
2.971412181854248047e+00 1.821016907691955566e+00 5.385938167572021484e+00
3.824134349822998047e+00 2.191509485244750977e+00 4.810167312622070312e+00
4.525864124298095703e+00 2.731720685958862305e+00 3.774855852127075195e+00
3.869991540908813477e+00 3.208548069000244141e+00 2.972422361373901367e+00
7.762064933776855469e+00 -4.904179573059082031e+00 -3.954437017440795898e+00
2.376509666442871094e+00 -5.072402954101562500e+00 -3.052684068679809570e+00
5.494281291961669922e+00 -4.733343124389648438e+00 -2.520993471145629883e+00
6.320477008819580078e+00 -4.684204578399658203e+00 -2.968068838119506836e+00
3.032718420028686523e+00 -5.009786605834960938e+00 -2.933500766754150391e+00
2.090338230133056641e+00 -5.930276870727539062e+00 -5.250425815582275391e+00
2.626592874526977539e+00 -5.808587074279785156e+00 -6.251901149749755859e+00
3.890406847000122070e+00 -5.142727375030517578e+00 -5.596484661102294922e+00
5.923045635223388672e+00 -4.818356037139892578e+00 -3.727677106857299805e+00
7.159509658813476562e+00 -4.963636398315429688e+00 -4.063132286071777344e+00
2.443541049957275391e+00 -5.621949672698974609e+00 -8.457631111145019531e+00
8.322847366333007812e+00 -4.979346275329589844e+00 -5.999604225158691406e+00
3.300722360610961914e+00 -5.332750320434570312e+00 -7.114498138427734375e+00
3.713956832885742188e+00 -4.724375247955322266e+00 -7.897815704345703125e+00
6.290373325347900391e+00 -5.074219226837158203e+00 -5.372681617736816406e+00
7.409583091735839844e+00 -4.932001590728759766e+00 -6.324018001556396484e+00
5.878501892089843750e+00 -4.180428981781005859e+00 -7.247621059417724609e+00
7.535010814666748047e+00 -4.034085273742675781e+00 -7.364468097686767578e+00
5.589909076690673828e+00 -3.865703821182250977e+00 -7.626156806945800781e+00
5.159685134887695312e+00 -2.840459346771240234e+00 -8.641582489013671875e+00
5.232891559600830078e+00 -2.082208395004272461e+00 -8.896533966064453125e+00
-3.349433660507202148e+00 -7.970486164093017578e+00 -1.205588245391845703e+01
-3.131226539611816406e+00 -8.215143203735351562e+00 -1.051675796508789062e+01
-3.961442708969116211e+00 -7.543340206146240234e+00 -1.315908145904541016e+01
-1.581856012344360352e+00 -6.563024997711181641e+00 -1.324197101593017578e+01
-3.557019472122192383e+00 -6.333866119384765625e+00 -1.445959568023681641e+01
-3.375331401824951172e+00 -5.280394077301025391e+00 -1.519235610961914062e+01
-6.631749153137207031e+00 -6.536059379577636719e+00 -1.317175388336181641e+01
-7.072730541229248047e+00 -6.211649894714355469e+00 -1.318978500366210938e+01
-7.758475780487060547e+00 -5.231936454772949219e+00 -1.367601871490478516e+01
-5.719859123229980469e+00 -7.131854057312011719e+00 -1.307822418212890625e+01
-8.473263740539550781e+00 -5.363892078399658203e+00 -1.256407737731933594e+01
-7.364651679992675781e+00 -4.563477516174316406e+00 -1.457397651672363281e+01
-4.151766300201416016e+00 -5.534411907196044922e+00 -1.502838993072509766e+01
-5.996183395385742188e+00 -4.380747318267822266e+00 -1.525656986236572266e+01
-2.711617231369018555e+00 -5.387805938720703125e+00 -1.501380920410156250e+01
-2.177111148834228516e+00 -4.295637130737304688e+00 -1.536940574645996094e+01
-3.722871303558349609e+00 -3.715193033218383789e+00 -1.575245094299316406e+01
-2.790325164794921875e+00 -3.186580896377563477e+00 -1.571561622619628906e+01
-4.989834785461425781e+00 -2.648337602615356445e+00 -1.593979263305664062e+01
-3.921088695526123047e+00 -1.503227591514587402e+00 -1.593515682220458984e+01
-9.300923347473144531e+00 -4.439985752105712891e+00 -1.222167587280273438e+01
-8.935039520263671875e+00 -4.000914573669433594e+00 -1.344499683380126953e+01
-9.911561965942382812e+00 -2.860489130020141602e+00 -1.234530067443847656e+01
-1.040181827545166016e+01 -1.435157060623168945e+00 -1.151844310760498047e+01
-8.549984931945800781e+00 -3.348588943481445312e+00 -1.436011219024658203e+01
-7.692423820495605469e+00 -2.965850591659545898e+00 -1.519750404357910156e+01
-9.821769714355468750e+00 -9.214087724685668945e-01 -1.328163909912109375e+01
-9.375170707702636719e+00 -3.263525962829589844e-01 -1.420240497589111328e+01
-8.488395690917968750e+00 -9.507722258567810059e-01 -1.507255840301513672e+01
-7.136385917663574219e+00 1.604649573564529419e-01 -1.576934051513671875e+01
-7.628765106201171875e+00 8.142292499542236328e-01 -1.553465366363525391e+01
-1.521917581558227539e+00 -7.556141376495361328e+00 -6.888498783111572266e+00
-4.209558963775634766e-01 -7.157082557678222656e+00 -8.631638526916503906e+00
7.380352914333343506e-02 -6.569302082061767578e+00 -5.590021610260009766e+00
6.195059418678283691e-01 -6.686120986938476562e+00 -6.757056236267089844e+00
-2.397304773330688477e-01 -6.931156635284423828e+00 -9.610545158386230469e+00
-5.067125707864761353e-02 -5.895550727844238281e+00 -1.240182876586914062e+01
1.353011846542358398e+00 -6.389323234558105469e+00 -6.419105529785156250e+00
2.021521568298339844e+00 -5.952690124511718750e+00 -8.190641403198242188e+00
-7.605953216552734375e-01 -5.087856292724609375e+00 -1.430362415313720703e+01
1.024523854255676270e+00 -4.963394165039062500e+00 -1.243772983551025391e+01
-1.230476379394531250e+00 -3.740316629409790039e+00 -1.520280361175537109e+01
-1.925839632749557495e-01 -3.007715940475463867e+00 -1.485940170288085938e+01
1.960312724113464355e+00 -5.053819656372070312e+00 -1.069731521606445312e+01
-1.087781190872192383e+00 -2.405716657638549805e+00 -1.528233528137207031e+01
-1.306942820549011230e+00 -1.697629690170288086e+00 -1.534184551239013672e+01
2.141813993453979492e+00 -3.536616802215576172e+00 -1.149250507354736328e+01
8.847706317901611328e-01 -1.870231509208679199e+00 -1.348728847503662109e+01
7.974523901939392090e-01 -1.144514799118041992e+00 -1.333490657806396484e+01
-2.605771780014038086e+00 -1.778053998947143555e+00 -1.570029354095458984e+01
-2.675960302352905273e+00 -8.091875314712524414e-01 -1.564114284515380859e+01
-5.085356235504150391e+00 4.545242190361022949e-01 -1.588808155059814453e+01
-2.886597871780395508e+00 1.008348584175109863e+00 -1.536731052398681641e+01
-2.164716958999633789e+00 1.174842357635498047e+00 -1.512375068664550781e+01
-4.983901083469390869e-01 1.149390578269958496e+00 -1.388926696777343750e+01
-2.882369518280029297e+00 2.080358505249023438e+00 -1.503521728515625000e+01
-2.466343879699707031e+00 2.788569450378417969e+00 -1.464564514160156250e+01
2.704158067703247070e+00 -3.968486547470092773e+00 -1.033748435974121094e+01
3.521926164627075195e+00 -2.612083196640014648e+00 -1.011331176757812500e+01
3.012172222137451172e+00 -1.849144339561462402e+00 -1.085312366485595703e+01
9.637476801872253418e-01 -2.820317745208740234e-01 -1.281277084350585938e+01
1.481663346290588379e+00 5.689850077033042908e-03 -1.210940647125244141e+01
2.347438335418701172e+00 -2.194891571998596191e-01 -1.122603416442871094e+01
1.080231070518493652e+00 4.159575998783111572e-01 -1.233512592315673828e+01
-1.051265811920166016e+01 -9.604829549789428711e-01 -1.099274826049804688e+01
-9.968272209167480469e+00 6.890429854393005371e-01 -1.292046642303466797e+01
-1.030503749847412109e+01 -7.379256188869476318e-03 -1.048482990264892578e+01
-1.007382202148437500e+01 -1.150209158658981323e-01 -9.023049354553222656e+00
-9.728597640991210938e+00 5.521250963211059570e-01 -1.002474689483642578e+01
-9.966164588928222656e+00 9.311888813972473145e-01 -1.154988861083984375e+01
-9.434897422790527344e+00 2.037720203399658203e+00 -1.278328704833984375e+01
-8.824007987976074219e+00 1.403898835182189941e+00 -9.338858604431152344e+00
-8.417298316955566406e+00 2.402974128723144531e+00 -1.037393665313720703e+01
-8.199442863464355469e+00 1.160030126571655273e+00 -6.068947792053222656e+00
-7.963593482971191406e+00 1.597442626953125000e+00 -7.148924350738525391e+00
-8.285951614379882812e+00 1.886290669441223145e+00 -8.734183311462402344e+00
-7.901278972625732422e+00 2.552202939987182617e+00 -9.730071067810058594e+00
-6.298292160034179688e+00 2.699946403503417969e+00 -7.677812099456787109e+00
-6.214728832244873047e+00 3.010539770126342773e+00 -8.161102294921875000e+00
-8.635728836059570312e+00 2.203900337219238281e+00 -1.429160594940185547e+01
-8.037276268005371094e+00 2.229838609695434570e+00 -1.473084926605224609e+01
-7.637215614318847656e+00 3.442797660827636719e+00 -1.351307010650634766e+01
-6.655594348907470703e+00 4.265499114990234375e+00 -1.313813591003417969e+01
-6.100878238677978516e+00 1.895407438278198242e+00 -1.547601890563964844e+01
-5.844934940338134766e+00 2.185004234313964844e+00 -1.532744693756103516e+01
-5.170766830444335938e+00 3.966341733932495117e+00 -1.412119197845458984e+01
-4.615458011627197266e+00 3.959920883178710938e+00 -1.424874305725097656e+01
-5.867896556854248047e+00 3.770376682281494141e+00 -1.412532138824462891e+01
-8.273923873901367188e+00 3.286288738250732422e+00 -1.224692344665527344e+01
-6.243493080139160156e+00 4.415584564208984375e+00 -1.238110160827636719e+01
-5.556933879852294922e+00 4.384463310241699219e+00 -1.074309825897216797e+01
-3.389252185821533203e+00 4.233197212219238281e+00 -1.348799419403076172e+01
-3.171588182449340820e+00 4.294969558715820312e+00 -1.286999988555908203e+01
-5.220558166503906250e+00 4.436125278472900391e+00 -1.221922206878662109e+01
-4.469336032867431641e+00 4.635432720184326172e+00 -1.232593154907226562e+01
-3.217487335205078125e+00 4.685860633850097656e+00 -1.144291973114013672e+01
-4.958350658416748047e+00 4.787744522094726562e+00 -1.084765052795410156e+01
-3.796113729476928711e+00 4.892873287200927734e+00 -1.117125034332275391e+01
-6.640350341796875000e+00 3.685467243194580078e+00 -1.050114345550537109e+01
-5.932469844818115234e+00 3.626056909561157227e+00 -9.033829689025878906e+00
3.056129932403564453e+00 -1.924494057893753052e-01 -1.029976272583007812e+01
-1.400696039199829102e-01 1.527081847190856934e+00 -1.287681579589843750e+01
-2.115590333938598633e+00 3.220139503479003906e+00 -1.359400081634521484e+01
9.941290020942687988e-01 7.997304201126098633e-01 -1.168783283233642578e+01
-1.055016875267028809e+00 2.883249521255493164e+00 -1.233776950836181641e+01
-2.714776277542114258e+00 3.845105409622192383e+00 -1.326971817016601562e+01
-1.650787830352783203e+00 3.646306514739990234e+00 -1.187476539611816406e+01
1.143504524230957031e+01 -6.517153263092041016e+00 -3.343720197677612305e+00
1.332161712646484375e+01 -6.700695037841796875e+00 -1.667458653450012207e+00
1.117442035675048828e+01 -6.438437938690185547e+00 -8.165323734283447266e-01
1.097756195068359375e+01 -6.455910682678222656e+00 -2.569055795669555664e+00
1.435103988647460938e+01 -6.950334548950195312e+00 -4.979824066162109375e+00
1.198759365081787109e+01 -6.590710163116455078e+00 -3.944670915603637695e+00
1.269897556304931641e+01 -6.573918819427490234e+00 -5.438910007476806641e+00
1.314758872985839844e+01 -6.875586986541748047e+00 -3.623775720596313477e+00
1.562141895294189453e+01 -7.026083469390869141e+00 -3.543748140335083008e+00
1.605778694152832031e+01 -5.958972454071044922e+00 -4.129771709442138672e+00
1.623430824279785156e+01 -6.487161159515380859e+00 -1.106324315071105957e+00
1.636129951477050781e+01 -5.701832294464111328e+00 -1.994224786758422852e+00
1.457140731811523438e+01 -6.576828479766845703e+00 1.207860261201858521e-01
1.480719947814941406e+01 -6.943491458892822266e+00 -1.491799235343933105e+00
1.535743522644042969e+01 -6.216921329498291016e+00 1.048675775527954102e+00
1.474954700469970703e+01 -4.046653270721435547e+00 2.059728622436523438e+00
1.510679054260253906e+01 -4.208464622497558594e+00 9.565012454986572266e-01
1.429818725585937500e+01 -3.328189611434936523e+00 1.105263948440551758e+00
1.579390048980712891e+01 -4.919208526611328125e+00 -3.301339387893676758e+00
1.521831512451171875e+01 -4.055101871490478516e+00 -2.522973537445068359e+00
1.519402122497558594e+01 -3.971496343612670898e+00 -9.558225870132446289e-01
1.495567417144775391e+01 -3.636598348617553711e+00 -1.462267160415649414e+00
1.429928302764892578e+01 -2.874566078186035156e+00 -8.368584513664245605e-01
1.380828189849853516e+01 -6.736510753631591797e+00 -6.204334735870361328e+00
1.525156974792480469e+01 -5.940354347229003906e+00 -6.500496387481689453e+00
1.236896419525146484e+01 -6.439976215362548828e+00 -6.628081321716308594e+00
1.291147518157958984e+01 -5.900614738464355469e+00 -7.410121917724609375e+00
1.592342376708984375e+01 -5.849813461303710938e+00 -5.590197086334228516e+00
1.561365795135498047e+01 -5.080859661102294922e+00 -5.887490272521972656e+00
1.503449344635009766e+01 -4.415030956268310547e+00 -5.491269111633300781e+00
1.325611782073974609e+01 -5.508389949798583984e+00 -7.264602184295654297e+00
1.262665748596191406e+01 -4.954068183898925781e+00 -6.578779697418212891e+00
1.348779582977294922e+01 -4.473206043243408203e+00 -6.055371761322021484e+00
1.360997104644775391e+01 -3.383469104766845703e+00 -4.900336742401123047e+00
1.498156929016113281e+01 -3.736421346664428711e+00 -2.767572641372680664e+00
1.491474342346191406e+01 -3.746763467788696289e+00 -4.452657222747802734e+00
1.435454654693603516e+01 -2.909207105636596680e+00 -3.700750827789306641e+00
1.016200160980224609e+01 -5.990854263305664062e+00 -2.725431680679321289e+00
6.990530967712402344e+00 -4.753064632415771484e+00 -2.365000724792480469e+00
7.277175903320312500e+00 -4.815215587615966797e+00 -1.937526822090148926e+00
6.843566417694091797e+00 -4.692204475402832031e+00 -2.927868366241455078e+00
1.048236656188964844e+01 -6.278536796569824219e+00 -2.321549892425537109e+00
9.010484695434570312e+00 -5.513957977294921875e+00 -1.927946567535400391e+00
7.949408531188964844e+00 -5.079096794128417969e+00 -1.567500233650207520e+00
9.599328994750976562e+00 -5.518197059631347656e+00 -3.417996644973754883e+00
9.954912185668945312e+00 -5.535622119903564453e+00 -4.643975257873535156e+00
8.332193374633789062e+00 -4.979021549224853516e+00 -3.950293779373168945e+00
1.351587963104248047e+01 -2.190594673156738281e+00 1.477511506527662277e-02
1.216621971130371094e+01 -8.448231220245361328e-01 -9.948262572288513184e-01
1.096605014801025391e+01 -5.950598239898681641e+00 -5.471001148223876953e+00
1.102810382843017578e+01 -5.408920764923095703e+00 -6.005728244781494141e+00
9.597059249877929688e+00 -5.062066078186035156e+00 -5.183715343475341797e+00
1.171885967254638672e+01 -4.688073158264160156e+00 -6.143429756164550781e+00
9.184154510498046875e+00 -4.310634613037109375e+00 -6.399566173553466797e+00
1.040289020538330078e+01 -3.532555103302001953e+00 -5.844898700714111328e+00
1.246937847137451172e+01 -3.679540395736694336e+00 -5.417647838592529297e+00
1.064851474761962891e+01 -3.191547870635986328e+00 -5.639076232910156250e+00
1.066889667510986328e+01 -2.266142845153808594e+00 -5.221648216247558594e+00
8.544072151184082031e+00 -3.677258968353271484e+00 -7.018675327301025391e+00
9.051926612854003906e+00 -3.076680898666381836e+00 -6.549847126007080078e+00
8.054558753967285156e+00 -2.029882192611694336e+00 -6.896081447601318359e+00
1.040250110626220703e+01 -1.600454211235046387e+00 -5.082511901855468750e+00
8.255593299865722656e+00 -1.703664064407348633e+00 -6.626467227935791016e+00
8.745480537414550781e+00 -4.807578921318054199e-01 -5.827075481414794922e+00
7.279573440551757812e+00 -1.652096211910247803e-01 -6.907567024230957031e+00
1.326715660095214844e+01 -2.131351232528686523e+00 -4.013974189758300781e+00
1.343471717834472656e+01 -1.683388471603393555e+00 -1.889541268348693848e+00
1.320802974700927734e+01 -1.324052572250366211e+00 -3.108910322189331055e+00
1.238612079620361328e+01 -4.468033909797668457e-01 -2.197743415832519531e+00
1.204977893829345703e+01 -1.245673596858978271e-01 -2.809948205947875977e+00
1.240906524658203125e+01 -1.916249990463256836e+00 -4.322177410125732422e+00
1.120974731445312500e+01 -1.230781793594360352e+00 -4.453110694885253906e+00
1.150123023986816406e+01 -5.679574012756347656e-01 -3.842068672180175781e+00
1.016686630249023438e+01 1.548829078674316406e+00 -1.723783373832702637e+00
9.289243698120117188e+00 2.368928670883178711e+00 -2.871571540832519531e+00
9.329896926879882812e+00 2.296875953674316406e+00 -3.344240188598632812e+00
8.571685791015625000e+00 2.927718162536621094e+00 -2.360667705535888672e+00
1.020724105834960938e+01 -9.139245748519897461e-01 -4.977576732635498047e+00
1.064910888671875000e+01 2.964149117469787598e-01 -4.106079101562500000e+00
8.363369941711425781e+00 1.274493038654327393e-01 -5.843443393707275391e+00
7.011935234069824219e+00 9.817152023315429688e-01 -6.417695522308349609e+00
1.382662963867187500e+01 -3.339167356491088867e+00 2.663832664489746094e+00
1.242329025268554688e+01 -2.260035514831542969e+00 2.986476182937622070e+00
1.121137714385986328e+01 -7.736512422561645508e-01 1.479450702667236328e+00
1.139445114135742188e+01 -6.251825094223022461e-01 3.162498772144317627e-01
9.914662361145019531e+00 -3.245515525341033936e-01 3.157229423522949219e+00
8.801056861877441406e+00 9.812796115875244141e-01 2.617278099060058594e+00
9.370385169982910156e+00 6.837872266769409180e-01 2.101152658462524414e+00
7.284119606018066406e+00 2.035392522811889648e+00 2.966264247894287109e+00
7.136069774627685547e+00 2.713632822036743164e+00 1.838649034500122070e+00
9.770912170410156250e+00 9.182157516479492188e-01 3.721189200878143311e-01
1.002178573608398438e+01 1.309347152709960938e+00 -9.719290733337402344e-01
7.974140644073486328e+00 2.640262603759765625e+00 4.313488900661468506e-01
3.350378513336181641e+00 4.275936126708984375e+00 -3.450956940650939941e-01
6.215456962585449219e+00 3.566964149475097656e+00 2.850793004035949707e-01
5.478978633880615234e+00 4.043719768524169922e+00 -2.224658250808715820e+00
3.671359062194824219e+00 4.391940116882324219e+00 -6.834681630134582520e-01
2.847193241119384766e+00 3.824802160263061523e+00 -2.455039978027343750e+00
2.959264993667602539e+00 3.515505075454711914e+00 -3.325046777725219727e+00
-9.879680871963500977e-01 3.799295902252197266e+00 -7.633107900619506836e-01
2.147620916366577148e+00 3.149103164672851562e+00 -4.383157253265380859e+00
9.742315858602523804e-03 4.167059421539306641e+00 -3.141479969024658203e+00
3.059646487236022949e-01 3.714346885681152344e+00 -4.696107864379882812e+00
2.379846096038818359e+00 3.812120199203491211e+00 -2.563911676406860352e+00
5.101024627685546875e+00 -8.752702474594116211e-01 -8.890464782714843750e+00
2.940943717956542969e+00 3.070639967918395996e-01 -9.603190422058105469e+00
5.059626102447509766e+00 5.037289857864379883e-01 -8.104335784912109375e+00
3.639784574508666992e+00 5.614553689956665039e-01 -8.962505340576171875e+00
2.520776987075805664e+00 4.994212388992309570e-01 -9.796866416931152344e+00
1.544435024261474609e+00 1.848270416259765625e+00 -9.908641815185546875e+00
3.287076950073242188e-01 3.148763179779052734e+00 -9.154911041259765625e+00
1.106805652379989624e-01 3.002186059951782227e+00 -1.045579338073730469e+01
5.654236793518066406e+00 2.805674076080322266e+00 -4.851827621459960938e+00
6.159083366394042969e+00 1.883903264999389648e+00 -6.081716537475585938e+00
4.699777126312255859e+00 2.693010330200195312e+00 -5.241150856018066406e+00
4.796114921569824219e+00 2.385316133499145508e+00 -5.952416896820068359e+00
6.612548828125000000e+00 3.752831459045410156e+00 -2.716640233993530273e+00
6.581834316253662109e+00 1.279892086982727051e+00 -6.418323516845703125e+00
5.709429264068603516e+00 1.665984869003295898e+00 -6.593327999114990234e+00
4.855924129486083984e+00 1.776973128318786621e+00 -7.026168346405029297e+00
2.736572742462158203e+00 2.856582880020141602e+00 -5.057552337646484375e+00
2.813041925430297852e+00 2.088246583938598633e+00 -7.353258132934570312e+00
2.027008771896362305e+00 2.333719491958618164e+00 -6.807281017303466797e+00
9.309028834104537964e-02 3.305075883865356445e+00 -6.268181324005126953e+00
2.693298459053039551e-01 2.961473464965820312e+00 -7.755209445953369141e+00
3.007424771785736084e-01 3.032769203186035156e+00 -8.134380340576171875e+00
-3.295374631881713867e+00 3.402115821838378906e+00 -2.584814548492431641e+00
-5.634359359741210938e+00 3.068240165710449219e+00 -7.730771541595458984e+00
-4.809496402740478516e+00 3.486670017242431641e+00 -7.634818553924560547e+00
-4.258967399597167969e+00 3.354573488235473633e+00 -6.673945903778076172e+00
-2.168056011199951172e+00 3.290836572647094727e+00 -2.302862852811813354e-01
-1.890122771263122559e+00 3.758535623550415039e+00 -1.354072213172912598e+00
-1.528206229209899902e+00 4.105815887451171875e+00 -2.467675209045410156e+00
-1.354267239570617676e+00 4.401643276214599609e+00 -3.692202568054199219e+00
-1.183617591857910156e+00 4.406001567840576172e+00 -4.985759735107421875e+00
-4.801185607910156250e+00 4.082666873931884766e+00 -8.504172325134277344e+00
-4.506057262420654297e+00 4.559810161590576172e+00 -9.023568153381347656e+00
-1.982137322425842285e+00 4.466249942779541016e+00 -7.510116100311279297e+00
-3.350867033004760742e+00 4.461935997009277344e+00 -8.330832481384277344e+00
-1.541924476623535156e+00 3.654193401336669922e+00 -1.119781780242919922e+01
-1.229732155799865723e+00 3.508693218231201172e+00 -1.106176185607910156e+01
-3.828659534454345703e+00 4.855821609497070312e+00 -1.070400333404541016e+01
-2.048569202423095703e+00 4.183310508728027344e+00 -9.849421501159667969e+00
-3.126611411571502686e-01 3.481561660766601562e+00 -9.964773178100585938e+00
-2.160464525222778320e+00 4.563904762268066406e+00 -6.119576930999755859e+00
5.278544425964355469e+00 3.257286310195922852e+00 2.367626905441284180e+00
6.039825439453125000e+00 3.195449113845825195e+00 1.798847436904907227e+00
1.963317394256591797e+00 7.026519179344177246e-01 -1.028415679931640625e+01
-5.182382464408874512e-01 2.795477867126464844e+00 -1.161360359191894531e+01
4.395423531532287598e-01 2.524341821670532227e+00 -1.076669311523437500e+01
