1.565210342407226562e+00 -4.928786754608154297e+00 -2.721984386444091797e+00
2.284930706024169922e+00 -4.773156642913818359e+00 -1.939031481742858887e+00
1.520054697990417480e+00 -4.783498764038085938e+00 -2.320190906524658203e+00
-5.068804264068603516e+00 -8.108569145202636719e+00 -7.822408676147460938e+00
-4.999248981475830078e+00 -8.061642646789550781e+00 -1.156808280944824219e+01
-4.185008525848388672e+00 -8.321022987365722656e+00 -9.419699668884277344e+00
-7.270962238311767578e+00 -7.468403339385986328e+00 -7.059108734130859375e+00
-7.775157451629638672e+00 -7.350697994232177734e+00 -7.967374801635742188e+00
-5.692156314849853516e+00 -8.128749847412109375e+00 -9.823896408081054688e+00
-6.220694541931152344e+00 -7.997328281402587891e+00 -9.061801910400390625e+00
-6.480732917785644531e+00 -7.345143318176269531e+00 -1.205450344085693359e+01
-8.411093711853027344e+00 -6.366868019104003906e+00 -1.057599544525146484e+01
-8.334037780761718750e+00 -6.190113544464111328e+00 -1.129379940032958984e+01
-9.642360687255859375e+00 -5.266098022460937500e+00 -8.363067626953125000e+00
-1.005077075958251953e+01 -4.324690818786621094e+00 -8.716162681579589844e+00
-9.587310791015625000e+00 -4.642474651336669922e+00 -1.086734390258789062e+01
-8.220004081726074219e+00 -6.690250396728515625e+00 -5.445935249328613281e+00
-9.067107200622558594e+00 -6.091291427612304688e+00 -4.931129932403564453e+00
-7.967160224914550781e+00 -5.745204925537109375e+00 -3.405800104141235352e+00
-8.495931625366210938e+00 -5.228786468505859375e+00 -2.227767467498779297e+00
-6.957467555999755859e+00 -5.439834117889404297e+00 -3.113686800003051758e+00
-2.591439485549926758e+00 -5.027364730834960938e+00 -1.553599596023559570e+00
-3.371669530868530273e+00 -4.878696441650390625e+00 -5.879622697830200195e-01
-1.437512993812561035e+00 -4.988371849060058594e+00 -2.461784780025482178e-01
-7.377471923828125000e+00 -3.211645841598510742e+00 2.308509588241577148e+00
-5.354098796844482422e+00 -3.510724306106567383e+00 1.274406313896179199e+00
-3.859103202819824219e+00 -5.065606594085693359e+00 -2.139866828918457031e+00
-7.304160118103027344e+00 -4.796275615692138672e+00 -1.627347588539123535e+00
-6.306950569152832031e+00 -5.165755271911621094e+00 -2.787929773330688477e+00
-3.737478494644165039e+00 -4.411879062652587891e+00 1.292672902345657349e-01
-4.767663955688476562e+00 -7.278605461120605469e+00 -5.295228958129882812e+00
-4.544760704040527344e+00 -6.496812820434570312e+00 -4.092396736145019531e+00
-2.279514074325561523e+00 -7.655023574829101562e+00 -6.417490482330322266e+00
-2.883773803710937500e+00 -7.166782855987548828e+00 -5.067863464355468750e+00
-2.213290691375732422e+00 -7.176388263702392578e+00 -5.299929141998291016e+00
-1.355017542839050293e+00 -6.798518180847167969e+00 -5.046911239624023438e+00
-2.778575658798217773e+00 -6.775455474853515625e+00 -4.441213130950927734e+00
-5.267170906066894531e+00 -6.850152015686035156e+00 -4.679437637329101562e+00
-6.153769969940185547e+00 -7.666578769683837891e+00 -6.742287635803222656e+00
-8.704761505126953125e+00 -6.650631427764892578e+00 -6.455238819122314453e+00
-1.414243698120117188e+00 -4.976677417755126953e+00 -1.842573046684265137e+00
-9.319747686386108398e-01 -5.037865161895751953e+00 -2.283737421035766602e+00
-2.239069700241088867e+00 -5.120589733123779297e+00 -2.028377771377563477e+00
-3.472638726234436035e-01 -5.082014560699462891e+00 -1.207665324211120605e+00
6.367942094802856445e-01 -4.613296985626220703e+00 -1.609349370002746582e+00
-8.124789595603942871e-01 -5.400114536285400391e+00 -3.025179862976074219e+00
-5.632980260998010635e-03 -5.496404170989990234e+00 -3.350212335586547852e+00
6.108931303024291992e-01 -4.761556148529052734e+00 -2.134013414382934570e+00
-9.513439178466796875e+00 -4.813400268554687500e+00 -2.047018289566040039e+00
-9.938978195190429688e+00 -4.890601634979248047e+00 -4.681277751922607422e+00
-9.350403785705566406e+00 -5.581311225891113281e+00 -3.832591056823730469e+00
-1.019565391540527344e+01 -3.760456562042236328e+00 -3.289196491241455078e+00
-1.031938552856445312e+01 -3.586113691329956055e+00 -4.715803146362304688e+00
-9.119223594665527344e+00 -4.087721824645996094e+00 3.074855208396911621e-01
-9.776489257812500000e+00 -4.174583911895751953e+00 -1.413565278053283691e+00
-9.819029808044433594e+00 -3.232067108154296875e+00 -2.837155759334564209e-01
-9.597078323364257812e+00 -2.925788640975952148e+00 8.993846774101257324e-01
-9.111304283142089844e+00 -2.721273899078369141e+00 2.165648698806762695e+00
-9.276265144348144531e+00 -1.631177425384521484e+00 1.266819953918457031e+00
-1.017205524444580078e+01 -2.695010185241699219e+00 -2.525532722473144531e+00
-1.009609889984130859e+01 -1.608723640441894531e+00 -2.654055356979370117e+00
-9.463583946228027344e+00 -1.293503165245056152e+00 -8.895257711410522461e-01
-7.935883522033691406e+00 -4.180451929569244385e-01 -6.475436091423034668e-01
-1.006293964385986328e+01 -4.634727954864501953e+00 -5.545869827270507812e+00
-1.034835720062255859e+01 -3.651387214660644531e+00 -5.424930095672607422e+00
-1.053318691253662109e+01 -2.257473707199096680e+00 -5.302161693572998047e+00
-1.059104251861572266e+01 -2.098561763763427734e+00 -5.872782707214355469e+00
-1.008314704895019531e+01 -6.572563052177429199e-01 -5.354520320892333984e+00
-1.058955955505371094e+01 -2.843618154525756836e+00 -7.962411403656005859e+00
-1.071072769165039062e+01 -1.947072029113769531e+00 -8.888201713562011719e+00
-1.060045242309570312e+01 -8.116577267646789551e-01 -8.518548011779785156e+00
-9.951149940490722656e+00 -3.309537470340728760e-01 -6.707234859466552734e+00
-8.382763862609863281e+00 -2.018009275197982788e-01 -2.254132509231567383e+00
-6.925979614257812500e+00 1.701128959655761719e+00 -3.687270402908325195e+00
-9.016770362854003906e+00 3.866873085498809814e-01 -6.204413414001464844e+00
-7.575932025909423828e+00 1.438771009445190430e+00 -4.989219188690185547e+00
1.352301692962646484e+01 -4.770972251892089844e+00 3.998353004455566406e+00
1.363876724243164062e+01 -6.165405273437500000e+00 6.189220547676086426e-01
1.315793037414550781e+01 -5.951858043670654297e+00 1.285382747650146484e+00
1.509556865692138672e+01 -5.736049652099609375e+00 1.672599911689758301e+00
1.506676483154296875e+01 -4.645740509033203125e+00 2.603413581848144531e+00
1.211414241790771484e+01 -5.317060947418212891e+00 2.452479839324951172e+00
4.502279758453369141e+00 -1.049764752388000488e+00 4.720074176788330078e+00
5.430542469024658203e+00 -6.810361742973327637e-01 5.732161521911621094e+00
6.670703887939453125e+00 -4.803134441375732422e+00 -1.716735243797302246e+00
8.945635795593261719e+00 -6.224092483520507812e+00 -1.317061662673950195e+00
8.154713630676269531e+00 -6.129039287567138672e+00 -1.151625871658325195e+00
7.476453304290771484e+00 -6.210958003997802734e+00 -5.583981275558471680e-01
2.558876991271972656e+00 -5.421773910522460938e+00 3.927612602710723877e-01
4.304714679718017578e+00 -4.687456130981445312e+00 -1.524357676506042480e+00
5.183726787567138672e+00 -5.065894126892089844e+00 -1.205826759338378906e+00
2.309832096099853516e+00 -4.279871463775634766e+00 -1.280594348907470703e+00
4.123975276947021484e+00 -4.722623348236083984e+00 -1.306232810020446777e+00
5.119089603424072266e+00 -5.560405254364013672e+00 1.853951066732406616e-01
5.829696178436279297e+00 -5.942685127258300781e+00 -6.649110317230224609e-01
3.104690074920654297e+00 -5.487217426300048828e+00 -6.092947125434875488e-01
9.528605461120605469e+00 -5.016605377197265625e+00 2.924729585647583008e+00
1.025277900695800781e+01 -4.262015819549560547e+00 4.498002052307128906e+00
1.009579658508300781e+01 -4.608237743377685547e+00 4.021478176116943359e+00
8.934842109680175781e+00 -3.607097148895263672e+00 4.948316097259521484e+00
8.980873107910156250e+00 -4.844617843627929688e+00 3.035892009735107422e+00
9.057523727416992188e+00 -5.844624042510986328e+00 1.351024150848388672e+00
8.705801963806152344e+00 -6.049854755401611328e+00 8.763490319252014160e-01
5.585514545440673828e+00 -1.147299408912658691e+00 3.797974348068237305e+00
6.185291767120361328e+00 -3.632659196853637695e+00 2.317796707153320312e+00
5.603606224060058594e+00 -3.940754890441894531e+00 1.823559761047363281e+00
4.536053657531738281e+00 -1.857465505599975586e+00 2.983220338821411133e+00
4.657426834106445312e+00 -1.395289182662963867e+00 3.570047855377197266e+00
6.959392547607421875e+00 -2.277210474014282227e+00 4.108855724334716797e+00
6.840793132781982422e+00 -1.651062846183776855e+00 5.196077823638916016e+00
6.559676170349121094e+00 -5.428772449493408203e+00 8.871188759803771973e-01
1.249454498291015625e+01 -3.358580112457275391e+00 5.218376636505126953e+00
1.424295330047607422e+01 -3.789033889770507812e+00 3.901829957962036133e+00
1.310064315795898438e+01 -2.568023681640625000e+00 4.288704872131347656e+00
1.386851692199707031e+01 -2.739900112152099609e+00 2.714375734329223633e+00
8.138359069824218750e+00 -2.422971963882446289e+00 6.280515670776367188e+00
7.679430961608886719e+00 -2.037478685379028320e+00 6.244276523590087891e+00
4.426452636718750000e+00 -3.532669544219970703e-01 6.518028736114501953e+00
1.005053329467773438e+01 -3.383551597595214844e+00 5.907477855682373047e+00
1.081203651428222656e+01 -2.041666746139526367e+00 5.737908840179443359e+00
1.119122791290283203e+01 -1.596819639205932617e+00 4.934680461883544922e+00
8.968354225158691406e+00 -1.059516429901123047e+00 5.935157299041748047e+00
9.314396858215332031e+00 -6.749037504196166992e-01 5.033489704132080078e+00
1.150576114654541016e+01 -1.476409912109375000e+00 4.058324813842773438e+00
1.173073768615722656e+01 -1.391573905944824219e+00 3.106200456619262695e+00
6.855003833770751953e+00 -1.154488801956176758e+00 5.969206333160400391e+00
7.996812820434570312e+00 -6.043390035629272461e-01 5.870179653167724609e+00
7.217608928680419922e+00 2.715880274772644043e-01 5.371889114379882812e+00
6.452292442321777344e+00 -1.069677993655204773e-02 5.674132823944091797e+00
5.811303138732910156e+00 1.108959794044494629e+00 5.314691066741943359e+00
8.276869773864746094e+00 6.266489028930664062e-01 4.167351245880126953e+00
5.852065086364746094e+00 2.292681694030761719e+00 4.001577377319335938e+00
6.245066642761230469e+00 2.387658834457397461e+00 3.553789377212524414e+00
-2.125658750534057617e+00 -2.784343242645263672e+00 3.757495880126953125e+00
-1.517960071563720703e+00 -3.779117345809936523e+00 1.641454935073852539e+00
-1.473827242851257324e+00 -4.638643264770507812e+00 3.773349821567535400e-01
-1.611192584037780762e+00 -2.844840526580810547e+00 3.473613262176513672e+00
-2.408805489540100098e-01 -2.641197443008422852e+00 2.347687959671020508e+00
-5.070423603057861328e+00 -3.473413467407226562e+00 1.465167164802551270e+00
-4.357319355010986328e+00 -3.310794591903686523e+00 2.197958946228027344e+00
-5.802258968353271484e+00 -2.595073699951171875e+00 3.388791322708129883e+00
-5.276453971862792969e+00 -3.015134572982788086e+00 2.532286882400512695e+00
-4.091179370880126953e+00 -2.821595907211303711e+00 3.374145030975341797e+00
-2.754328250885009766e+00 -1.615369558334350586e+00 4.866305351257324219e+00
-5.650945186614990234e+00 -1.267231702804565430e+00 4.705246925354003906e+00
-5.347133159637451172e+00 -7.376076579093933105e-01 4.906070232391357422e+00
2.567355155944824219e+00 -1.670236587524414062e+00 3.572155714035034180e+00
1.390226125717163086e+00 -8.664069175720214844e-01 4.077662467956542969e+00
-5.513099208474159241e-02 -1.170917987823486328e+00 3.629771471023559570e+00
1.110091686248779297e+00 -3.002353906631469727e-01 4.613927364349365234e+00
2.593594551086425781e+00 -1.001451730728149414e+00 5.153503417968750000e+00
3.652615070343017578e+00 -5.185757875442504883e-01 6.454627513885498047e+00
1.156152963638305664e+00 7.823488116264343262e-01 5.329488277435302734e+00
-3.220927953720092773e+00 -1.387686610221862793e+00 5.003873348236083984e+00
-4.241095542907714844e+00 3.010367453098297119e-01 5.007162094116210938e+00
-2.743511199951171875e+00 5.688686966896057129e-01 5.131422042846679688e+00
-1.161508321762084961e+00 1.618758082389831543e+00 4.399685859680175781e+00
-3.885738849639892578e+00 1.023448586463928223e+00 4.046732902526855469e+00
-3.821903228759765625e+00 1.420478343963623047e+00 2.888427495956420898e+00
-1.747452467679977417e-01 -5.095394611358642578e+00 -9.058520942926406860e-02
3.015865087509155273e-01 -4.954683303833007812e+00 -1.270129233598709106e-01
8.202866315841674805e-01 -4.962717056274414062e+00 1.798371225595474243e-02
1.651606559753417969e+00 -3.791177749633789062e+00 1.390586972236633301e+00
1.486426830291748047e+00 -4.995780944824218750e+00 5.642037987709045410e-01
1.630216956138610840e+00 -3.759886264801025391e+00 -1.376564979553222656e+00
1.897947430610656738e+00 -2.604597806930541992e+00 2.307197332382202148e+00
2.364777088165283203e+00 1.528182864189147949e+00 5.442341804504394531e+00
2.918914794921875000e+00 2.518802881240844727e+00 4.136484622955322266e+00
2.614956378936767578e+00 2.973655939102172852e+00 2.966016530990600586e+00
-8.609690070152282715e-01 2.484295606613159180e+00 2.610663414001464844e+00
-6.542229056358337402e-01 1.956563830375671387e+00 4.163746356964111328e+00
5.797622203826904297e-01 2.564479589462280273e+00 3.225568294525146484e+00
-1.728870749473571777e+00 3.175159454345703125e+00 1.064451262354850769e-01
-7.582655429840087891e+00 -2.459000349044799805e+00 3.551174640655517578e+00
-7.326516628265380859e+00 -1.424503922462463379e+00 4.214147090911865234e+00
-7.959505558013916016e+00 -8.144371509552001953e-01 2.903071641921997070e+00
-6.809888839721679688e+00 -1.161097764968872070e+00 4.459818840026855469e+00
-7.015018463134765625e+00 -3.674427568912506104e-01 3.057446479797363281e+00
-6.419574260711669922e+00 1.896952390670776367e-01 1.419538617134094238e+00
-6.217922687530517578e+00 1.402015089988708496e-01 2.390222311019897461e+00
-6.924089908599853516e+00 2.278005480766296387e-01 -8.148466944694519043e-01
-3.743830680847167969e+00 1.648748040199279785e+00 1.845955014228820801e+00
-5.361766815185546875e+00 2.014088153839111328e+00 -1.993637084960937500e+00
-3.645843267440795898e+00 3.034600734710693359e+00 -1.670887351036071777e+00
3.508566379547119141e+00 7.521865963935852051e-01 6.262350559234619141e+00
3.064043998718261719e+00 1.824584126472473145e+00 5.219286918640136719e+00
3.915395259857177734e+00 2.225584506988525391e+00 4.628149986267089844e+00
4.585481643676757812e+00 2.757691860198974609e+00 3.622196674346923828e+00
3.894838571548461914e+00 3.195671081542968750e+00 2.878774166107177734e+00
7.776566028594970703e+00 -4.883529186248779297e+00 -4.014911651611328125e+00
2.381710767745971680e+00 -5.068429470062255859e+00 -3.062512159347534180e+00
5.505982398986816406e+00 -4.724205970764160156e+00 -2.551973342895507812e+00
6.334389686584472656e+00 -4.678437709808349609e+00 -3.009023427963256836e+00
3.039844512939453125e+00 -5.004267692565917969e+00 -2.948272228240966797e+00
2.093339920043945312e+00 -5.927843570709228516e+00 -5.256671428680419922e+00
2.629254341125488281e+00 -5.806786537170410156e+00 -6.258813858032226562e+00
3.894733428955078125e+00 -5.140757083892822266e+00 -5.607598781585693359e+00
5.933718681335449219e+00 -4.812365055084228516e+00 -3.757704734802246094e+00
7.172779083251953125e+00 -4.952057361602783203e+00 -4.109638214111328125e+00
2.444489002227783203e+00 -5.621415615081787109e+00 -8.462774276733398438e+00
8.329210281372070312e+00 -4.968802452087402344e+00 -6.063249588012695312e+00
3.302485466003417969e+00 -5.331021785736083984e+00 -7.123425960540771484e+00
3.713739871978759766e+00 -4.721992015838623047e+00 -7.905995368957519531e+00
6.295958518981933594e+00 -5.069430351257324219e+00 -5.402557849884033203e+00
7.412089824676513672e+00 -4.928201198577880859e+00 -6.365248680114746094e+00
5.878817558288574219e+00 -4.176296234130859375e+00 -7.271459579467773438e+00
7.532141208648681641e+00 -4.028532505035400391e+00 -7.400470733642578125e+00
5.587035655975341797e+00 -3.862136363983154297e+00 -7.640686035156250000e+00
5.156686782836914062e+00 -2.835194110870361328e+00 -8.649126052856445312e+00
5.230719089508056641e+00 -2.077677488327026367e+00 -8.897425651550292969e+00
-3.349263191223144531e+00 -7.970690727233886719e+00 -1.205607414245605469e+01
-3.130942106246948242e+00 -8.215454101562500000e+00 -1.051694679260253906e+01
-3.961253166198730469e+00 -7.543848514556884766e+00 -1.315938472747802734e+01
-1.581772804260253906e+00 -6.563278198242187500e+00 -1.324233150482177734e+01
-3.556792974472045898e+00 -6.334260940551757812e+00 -1.445962715148925781e+01
-3.375403165817260742e+00 -5.280630111694335938e+00 -1.519120407104492188e+01
-6.631770133972167969e+00 -6.537375926971435547e+00 -1.317132568359375000e+01
-7.073067188262939453e+00 -6.213625431060791016e+00 -1.318906021118164062e+01
-7.759032249450683594e+00 -5.234006404876708984e+00 -1.367553043365478516e+01
-5.719871520996093750e+00 -7.132432937622070312e+00 -1.307818698883056641e+01
-8.475258827209472656e+00 -5.367336750030517578e+00 -1.256371021270751953e+01
-7.364876270294189453e+00 -4.566096782684326172e+00 -1.457423496246337891e+01
-4.151143550872802734e+00 -5.535237312316894531e+00 -1.502873420715332031e+01
-5.996129035949707031e+00 -4.383235931396484375e+00 -1.525735187530517578e+01
-2.711568355560302734e+00 -5.387412548065185547e+00 -1.501366233825683594e+01
-2.176561832427978516e+00 -4.295751094818115234e+00 -1.537058448791503906e+01
-3.721966028213500977e+00 -3.716831207275390625e+00 -1.575314712524414062e+01
-2.789483547210693359e+00 -3.187040328979492188e+00 -1.571660614013671875e+01
-4.989869594573974609e+00 -2.650085687637329102e+00 -1.593978404998779297e+01
-3.920916795730590820e+00 -1.504654526710510254e+00 -1.593584632873535156e+01
-9.301706314086914062e+00 -4.442571163177490234e+00 -1.222099590301513672e+01
-8.936070442199707031e+00 -4.003369808197021484e+00 -1.344510078430175781e+01
-9.911732673645019531e+00 -2.863132715225219727e+00 -1.234632778167724609e+01
-1.040009784698486328e+01 -1.437937498092651367e+00 -1.152026653289794922e+01
-8.549704551696777344e+00 -3.351483583450317383e+00 -1.436089324951171875e+01
-7.692698001861572266e+00 -2.967127561569213867e+00 -1.519874382019042969e+01
-9.820281028747558594e+00 -9.234582781791687012e-01 -1.328438568115234375e+01
-9.372583389282226562e+00 -3.250351548194885254e-01 -1.420641899108886719e+01
-8.486228942871093750e+00 -9.499735832214355469e-01 -1.507536315917968750e+01
-7.133992671966552734e+00 1.623200327157974243e-01 -1.577163124084472656e+01
-7.625255107879638672e+00 8.185635209083557129e-01 -1.553979492187500000e+01
-1.521192431449890137e+00 -7.554426193237304688e+00 -6.890012741088867188e+00
-4.205280244350433350e-01 -7.155775070190429688e+00 -8.632991790771484375e+00
7.521251589059829712e-02 -6.566802024841308594e+00 -5.593107223510742188e+00
6.204220652580261230e-01 -6.684264183044433594e+00 -6.759427547454833984e+00
-2.396535426378250122e-01 -6.930574893951416016e+00 -9.611536026000976562e+00
-5.079500377178192139e-02 -5.895403385162353516e+00 -1.240241050720214844e+01
1.354957222938537598e+00 -6.387298583984375000e+00 -6.423322677612304688e+00
2.022509574890136719e+00 -5.951591968536376953e+00 -8.194380760192871094e+00
-7.602697610855102539e-01 -5.087557792663574219e+00 -1.430441951751708984e+01
1.024738192558288574e+00 -4.963594436645507812e+00 -1.243890190124511719e+01
-1.229738950729370117e+00 -3.740438222885131836e+00 -1.520354175567626953e+01
-1.920268684625625610e-01 -3.007665634155273438e+00 -1.486005973815917969e+01
1.960896611213684082e+00 -5.053951740264892578e+00 -1.069994926452636719e+01
-1.087429761886596680e+00 -2.405831336975097656e+00 -1.528244209289550781e+01
-1.307518959045410156e+00 -1.697541475296020508e+00 -1.534131526947021484e+01
2.141278028488159180e+00 -3.535992383956909180e+00 -1.149384403228759766e+01
8.836919665336608887e-01 -1.869928002357482910e+00 -1.348701190948486328e+01
7.963053584098815918e-01 -1.144229888916015625e+00 -1.333450317382812500e+01
-2.606165170669555664e+00 -1.778741598129272461e+00 -1.569951057434082031e+01
-2.675967693328857422e+00 -8.098423480987548828e-01 -1.564190673828125000e+01
-5.083440303802490234e+00 4.551027119159698486e-01 -1.589075756072998047e+01
-2.886743068695068359e+00 1.007161974906921387e+00 -1.536762619018554688e+01
-2.164323329925537109e+00 1.174976229667663574e+00 -1.512582588195800781e+01
-4.975069761276245117e-01 1.150685310363769531e+00 -1.389172363281250000e+01
-2.881703376770019531e+00 2.080315589904785156e+00 -1.503625774383544922e+01
-2.464965581893920898e+00 2.789643049240112305e+00 -1.464850997924804688e+01
2.704614877700805664e+00 -3.967014312744140625e+00 -1.034081554412841797e+01
3.520302772521972656e+00 -2.607550144195556641e+00 -1.011678218841552734e+01
3.012225151062011719e+00 -1.845685958862304688e+00 -1.085512351989746094e+01
9.646837115287780762e-01 -2.801586389541625977e-01 -1.281523132324218750e+01
1.484107255935668945e+00 8.746507577598094940e-03 -1.211333751678466797e+01
2.350634813308715820e+00 -2.154430299997329712e-01 -1.123086166381835938e+01
1.082400798797607422e+00 4.191002547740936279e-01 -1.233876323699951172e+01
-1.051055908203125000e+01 -9.652179479598999023e-01 -1.099466800689697266e+01
-9.964843750000000000e+00 6.889084577560424805e-01 -1.292355918884277344e+01
-1.030068588256835938e+01 -1.488509494811296463e-02 -1.048885345458984375e+01
-1.007083606719970703e+01 -1.206761896610260010e-01 -9.026437759399414062e+00
-9.723356246948242188e+00 5.445541739463806152e-01 -1.002998828887939453e+01
-9.960684776306152344e+00 9.249080419540405273e-01 -1.155465030670166016e+01
-9.429600715637207031e+00 2.036547899246215820e+00 -1.278789710998535156e+01
-8.819119453430175781e+00 1.397472620010375977e+00 -9.344594001770019531e+00
-8.413989067077636719e+00 2.399649143218994141e+00 -1.037836742401123047e+01
-8.198983192443847656e+00 1.157393693923950195e+00 -6.071892738342285156e+00
-7.960534572601318359e+00 1.593319296836853027e+00 -7.153592109680175781e+00
-8.281978607177734375e+00 1.880983829498291016e+00 -8.739811897277832031e+00
-7.897694587707519531e+00 2.548779726028442383e+00 -9.734884262084960938e+00
-6.296574115753173828e+00 2.697529554367065430e+00 -7.680881977081298828e+00
-6.212470054626464844e+00 3.007368564605712891e+00 -8.164371490478515625e+00
-8.632502555847167969e+00 2.206412315368652344e+00 -1.429638004302978516e+01
-8.033106803894042969e+00 2.237537384033203125e+00 -1.473756408691406250e+01
-7.634148120880126953e+00 3.447302579879760742e+00 -1.351805210113525391e+01
-6.652457237243652344e+00 4.268265247344970703e+00 -1.314173889160156250e+01
-6.097796440124511719e+00 1.897264242172241211e+00 -1.547936248779296875e+01
-5.842946529388427734e+00 2.187522649765014648e+00 -1.533039760589599609e+01
-5.168219089508056641e+00 3.969881057739257812e+00 -1.412466430664062500e+01
-4.613075733184814453e+00 3.962512016296386719e+00 -1.425186538696289062e+01
-5.865073204040527344e+00 3.773667335510253906e+00 -1.412879467010498047e+01
-8.270576477050781250e+00 3.285861015319824219e+00 -1.225101089477539062e+01
-6.240942478179931641e+00 4.416139125823974609e+00 -1.238394927978515625e+01
-5.554459095001220703e+00 4.382999897003173828e+00 -1.074626064300537109e+01
-3.387193441390991211e+00 4.235036849975585938e+00 -1.349080085754394531e+01
-3.169125556945800781e+00 4.297922134399414062e+00 -1.287333488464355469e+01
-5.217965602874755859e+00 4.436910629272460938e+00 -1.222216606140136719e+01
-4.467220783233642578e+00 4.637737274169921875e+00 -1.232908248901367188e+01
-3.215519428253173828e+00 4.688181400299072266e+00 -1.144598197937011719e+01
-4.956841945648193359e+00 4.788234233856201172e+00 -1.085072135925292969e+01
-3.794414520263671875e+00 4.894723415374755859e+00 -1.117373371124267578e+01
-6.637887954711914062e+00 3.684336423873901367e+00 -1.050445842742919922e+01
-5.930087566375732422e+00 3.625305414199829102e+00 -9.036286354064941406e+00
3.061434984207153320e+00 -1.847802847623825073e-01 -1.030794143676757812e+01
-1.374606490135192871e-01 1.530790448188781738e+00 -1.288054370880126953e+01
-2.113393545150756836e+00 3.222883462905883789e+00 -1.359755516052246094e+01
9.975697994232177734e-01 8.046626448631286621e-01 -1.169257450103759766e+01
-1.052737593650817871e+00 2.886635541915893555e+00 -1.234148883819580078e+01
-2.712455511093139648e+00 3.847876310348510742e+00 -1.327325725555419922e+01
-1.648537039756774902e+00 3.649285793304443359e+00 -1.187839317321777344e+01
1.146465015411376953e+01 -6.478308677673339844e+00 -3.467467069625854492e+00
1.337453651428222656e+01 -6.654822349548339844e+00 -1.851110458374023438e+00
1.119877815246582031e+01 -6.424001693725585938e+00 -8.948814868927001953e-01
1.101489353179931641e+01 -6.410084724426269531e+00 -2.680050134658813477e+00
1.436823940277099609e+01 -6.923136711120605469e+00 -5.144467353820800781e+00
1.201054954528808594e+01 -6.551017761230468750e+00 -4.077752590179443359e+00
1.271071624755859375e+01 -6.538242340087890625e+00 -5.583067417144775391e+00
1.317252159118652344e+01 -6.843039512634277344e+00 -3.778188467025756836e+00
1.565527725219726562e+01 -6.997620105743408203e+00 -3.725966215133666992e+00
1.608687973022460938e+01 -5.936500549316406250e+00 -4.326255798339843750e+00
1.630761528015136719e+01 -6.445956707000732422e+00 -1.309794902801513672e+00
1.641953086853027344e+01 -5.666786670684814453e+00 -2.209213018417358398e+00
1.465281772613525391e+01 -6.520321846008300781e+00 -9.150538593530654907e-02
1.486436748504638672e+01 -6.910414218902587891e+00 -1.676913261413574219e+00
1.547367572784423828e+01 -6.133341312408447266e+00 7.864795923233032227e-01
1.498938560485839844e+01 -3.817242383956909180e+00 1.611815810203552246e+00
1.525311374664306641e+01 -4.101687908172607422e+00 6.157767176628112793e-01
1.448570632934570312e+01 -3.168378353118896484e+00 7.262152433395385742e-01
1.582629776000976562e+01 -4.893913269042968750e+00 -3.513930797576904297e+00
1.526085186004638672e+01 -4.024408340454101562e+00 -2.759378194808959961e+00
1.528054714202880859e+01 -3.916743040084838867e+00 -1.224082231521606445e+00
1.501038837432861328e+01 -3.590049028396606445e+00 -1.711593151092529297e+00
1.436837673187255859e+01 -2.789908647537231445e+00 -1.096401214599609375e+00
1.381184864044189453e+01 -6.714437961578369141e+00 -6.361323833465576172e+00
1.525063705444335938e+01 -5.925693035125732422e+00 -6.675785541534423828e+00
1.236889934539794922e+01 -6.419265270233154297e+00 -6.767118453979492188e+00
1.290305709838867188e+01 -5.888157844543457031e+00 -7.561288356781005859e+00
1.593590545654296875e+01 -5.831616878509521484e+00 -5.780910015106201172e+00
1.561142158508300781e+01 -5.069537162780761719e+00 -6.075161933898925781e+00
1.503313827514648438e+01 -4.400654792785644531e+00 -5.684419631958007812e+00
1.324893474578857422e+01 -5.494266986846923828e+00 -7.431810855865478516e+00
1.262271118164062500e+01 -4.937174797058105469e+00 -6.738752365112304688e+00
1.348776435852050781e+01 -4.450901508331298828e+00 -6.232789993286132812e+00
1.361373996734619141e+01 -3.361350536346435547e+00 -5.087339878082275391e+00
1.500768756866455078e+01 -3.706628561019897461e+00 -2.996026992797851562e+00
1.492084693908691406e+01 -3.729762792587280273e+00 -4.655574798583984375e+00
1.435802459716796875e+01 -2.886908054351806641e+00 -3.909929037094116211e+00
1.019687652587890625e+01 -5.947061538696289062e+00 -2.823695421218872070e+00
7.009333133697509766e+00 -4.726813316345214844e+00 -2.420325279235839844e+00
7.301044940948486328e+00 -4.787631988525390625e+00 -1.997571349143981934e+00
6.858544349670410156e+00 -4.683084964752197266e+00 -2.978656053543090820e+00
1.052266693115234375e+01 -6.228682518005371094e+00 -2.422286033630371094e+00
9.042742729187011719e+00 -5.478141307830810547e+00 -2.012398719787597656e+00
7.979181766510009766e+00 -5.047310352325439453e+00 -1.639969348907470703e+00
9.621211051940917969e+00 -5.483096599578857422e+00 -3.510502576828002930e+00
9.972740173339843750e+00 -5.500522613525390625e+00 -4.745564937591552734e+00
8.349356651306152344e+00 -4.949919223785400391e+00 -4.024459838867187500e+00
1.358400630950927734e+01 -2.100788593292236328e+00 -2.428390979766845703e-01
1.225160884857177734e+01 -7.274280190467834473e-01 -1.193586230278015137e+00
1.097871589660644531e+01 -5.917439937591552734e+00 -5.587950229644775391e+00
1.103284358978271484e+01 -5.387620925903320312e+00 -6.131042480468750000e+00
9.610788345336914062e+00 -5.036298751831054688e+00 -5.274067878723144531e+00
1.171944522857666016e+01 -4.670177936553955078e+00 -6.287075996398925781e+00
9.189156532287597656e+00 -4.297093391418457031e+00 -6.484174728393554688e+00
1.040798187255859375e+01 -3.517682790756225586e+00 -5.953281879425048828e+00
1.247507190704345703e+01 -3.662159204483032227e+00 -5.577930450439453125e+00
1.065743350982666016e+01 -3.174690008163452148e+00 -5.764642238616943359e+00
1.067786979675292969e+01 -2.251884460449218750e+00 -5.341971874237060547e+00
8.543022155761718750e+00 -3.667447805404663086e+00 -7.076249599456787109e+00
9.056571960449218750e+00 -3.065725564956665039e+00 -6.624917984008789062e+00
8.053841590881347656e+00 -2.024616241455078125e+00 -6.921684741973876953e+00
1.040945720672607422e+01 -1.591056108474731445e+00 -5.179945945739746094e+00
8.257113456726074219e+00 -1.695985555648803711e+00 -6.666234970092773438e+00
8.746931076049804688e+00 -4.736903011798858643e-01 -5.872204780578613281e+00
7.284783363342285156e+00 -1.531586796045303345e-01 -6.930218696594238281e+00
1.325641918182373047e+01 -2.119016408920288086e+00 -4.195230484008789062e+00
1.346506690979003906e+01 -1.633527040481567383e+00 -2.108186244964599609e+00
1.316390037536621094e+01 -1.340967893600463867e+00 -3.277948379516601562e+00
1.239402008056640625e+01 -4.051597714424133301e-01 -2.372802734375000000e+00
1.200549030303955078e+01 -1.319153606891632080e-01 -2.933553934097290039e+00
1.239880752563476562e+01 -1.906992912292480469e+00 -4.472681045532226562e+00
1.120072746276855469e+01 -1.225189924240112305e+00 -4.573550224304199219e+00
1.146546459197998047e+01 -5.801076889038085938e-01 -3.949786424636840820e+00
1.017852115631103516e+01 1.601971983909606934e+00 -1.813046574592590332e+00
9.279528617858886719e+00 2.396548986434936523e+00 -2.935945510864257812e+00
9.323635101318359375e+00 2.308426380157470703e+00 -3.384987115859985352e+00
8.569557189941406250e+00 2.951005697250366211e+00 -2.401738166809082031e+00
1.020494461059570312e+01 -9.083231687545776367e-01 -5.048579692840576172e+00
1.062732410430908203e+01 2.925013899803161621e-01 -4.161991119384765625e+00
8.367662429809570312e+00 1.373867690563201904e-01 -5.870548725128173828e+00
7.021286964416503906e+00 9.953544735908508301e-01 -6.437845230102539062e+00
1.414749050140380859e+01 -3.026099443435668945e+00 2.176273822784423828e+00
1.270592689514160156e+01 -1.961103439331054688e+00 2.543718576431274414e+00
1.141551685333251953e+01 -4.968371093273162842e-01 1.153924942016601562e+00
1.155445671081542969e+01 -4.090604782104492188e-01 8.658015727996826172e-02
1.013822460174560547e+01 1.390831172466278076e-02 2.757489681243896484e+00
8.973244667053222656e+00 1.262353301048278809e+00 2.365532875061035156e+00
9.578839302062988281e+00 9.891152977943420410e-01 1.842046618461608887e+00
7.418721199035644531e+00 2.234332561492919922e+00 2.768294334411621094e+00
7.197962760925292969e+00 2.849096775054931641e+00 1.697221994400024414e+00
9.929250717163085938e+00 1.159984946250915527e+00 1.884724944829940796e-01
1.012068462371826172e+01 1.474498510360717773e+00 -1.132505297660827637e+00
8.022403717041015625e+00 2.744036436080932617e+00 3.321177363395690918e-01
3.348155736923217773e+00 4.280936241149902344e+00 -3.550595343112945557e-01
6.231520175933837891e+00 3.601893424987792969e+00 2.341895550489425659e-01
5.480825424194335938e+00 4.057342529296875000e+00 -2.241378307342529297e+00
3.669970989227294922e+00 4.399810791015625000e+00 -6.956442594528198242e-01
2.848122835159301758e+00 3.828896045684814453e+00 -2.464060783386230469e+00
2.965332508087158203e+00 3.523827552795410156e+00 -3.336154222488403320e+00
-9.857736825942993164e-01 3.795394182205200195e+00 -7.665939331054687500e-01
2.154386520385742188e+00 3.157298326492309570e+00 -4.393117427825927734e+00
1.122674997895956039e-02 4.163470268249511719e+00 -3.145564079284667969e+00
3.095802962779998779e-01 3.714703559875488281e+00 -4.700891494750976562e+00
2.381450891494750977e+00 3.814117908477783203e+00 -2.570904016494750977e+00
5.103717327117919922e+00 -8.673883676528930664e-01 -8.897873878479003906e+00
2.948814392089843750e+00 3.184932470321655273e-01 -9.613079071044921875e+00
5.074078559875488281e+00 5.268108248710632324e-01 -8.126132965087890625e+00
3.650561332702636719e+00 5.773375034332275391e-01 -8.975964546203613281e+00
2.528187513351440430e+00 5.098335742950439453e-01 -9.805012702941894531e+00
1.549014806747436523e+00 1.855508804321289062e+00 -9.915498733520507812e+00
3.334719240665435791e-01 3.155673742294311523e+00 -9.160419464111328125e+00
1.142564117908477783e-01 3.007229804992675781e+00 -1.046070575714111328e+01
5.666732788085937500e+00 2.828226804733276367e+00 -4.868356227874755859e+00
6.175005435943603516e+00 1.907504677772521973e+00 -6.102910518646240234e+00
4.711398124694824219e+00 2.713792324066162109e+00 -5.256814002990722656e+00
4.812308311462402344e+00 2.415884494781494141e+00 -5.973274707794189453e+00
6.615568161010742188e+00 3.770542144775390625e+00 -2.733895778656005859e+00
6.595274448394775391e+00 1.300123572349548340e+00 -6.439500808715820312e+00
5.729272842407226562e+00 1.698291540145874023e+00 -6.620304107666015625e+00
4.875231742858886719e+00 1.809599637985229492e+00 -7.051842689514160156e+00
2.746595144271850586e+00 2.870008468627929688e+00 -5.069747924804687500e+00
2.825528621673583984e+00 2.106089591979980469e+00 -7.366732120513916016e+00
2.037261962890625000e+00 2.346677064895629883e+00 -6.817851543426513672e+00
9.886994212865829468e-02 3.309980630874633789e+00 -6.273745059967041016e+00
2.761242091655731201e-01 2.968225955963134766e+00 -7.761872768402099609e+00
3.063351213932037354e-01 3.039565086364746094e+00 -8.140598297119140625e+00
-3.295822381973266602e+00 3.401660203933715820e+00 -2.585457801818847656e+00
-5.633335590362548828e+00 3.069041967391967773e+00 -7.732021808624267578e+00
-4.809442520141601562e+00 3.491927146911621094e+00 -7.634430885314941406e+00
-4.257740020751953125e+00 3.357053995132446289e+00 -6.674655437469482422e+00
-2.164976358413696289e+00 3.286968946456909180e+00 -2.339396327733993530e-01
-1.886459827423095703e+00 3.753558635711669922e+00 -1.356956362724304199e+00
-1.525839090347290039e+00 4.098169326782226562e+00 -2.471188545227050781e+00
-1.351852178573608398e+00 4.395655155181884766e+00 -3.695382356643676758e+00
-1.180920004844665527e+00 4.405394554138183594e+00 -4.989157676696777344e+00
-4.799708843231201172e+00 4.084757804870605469e+00 -8.506297111511230469e+00
-4.504127979278564453e+00 4.561246871948242188e+00 -9.026480674743652344e+00
-1.979938864707946777e+00 4.467575550079345703e+00 -7.512965679168701172e+00
-3.349308013916015625e+00 4.463536739349365234e+00 -8.333412170410156250e+00
-1.539581894874572754e+00 3.657483100891113281e+00 -1.120137405395507812e+01
-1.226827144622802734e+00 3.512449264526367188e+00 -1.106563186645507812e+01
-3.826639413833618164e+00 4.857701301574707031e+00 -1.070651149749755859e+01
-2.046701192855834961e+00 4.185430526733398438e+00 -9.852417945861816406e+00
-3.098696470260620117e-01 3.485915422439575195e+00 -9.968698501586914062e+00
-2.157872200012207031e+00 4.564660072326660156e+00 -6.122209072113037109e+00
5.309213161468505859e+00 3.276156902313232422e+00 2.263123035430908203e+00
6.076223373413085938e+00 3.254549980163574219e+00 1.705058455467224121e+00
1.968684673309326172e+00 7.105687856674194336e-01 -1.029098320007324219e+01
-5.151512622833251953e-01 2.800112724304199219e+00 -1.161805725097656250e+01
4.438844025135040283e-01 2.530482530593872070e+00 -1.077241134643554688e+01
