1.561478495597839355e+00 -4.934454441070556641e+00 -2.714763164520263672e+00
2.278823852539062500e+00 -4.781971931457519531e+00 -1.926123619079589844e+00
1.515434145927429199e+00 -4.789837360382080078e+00 -2.309757947921752930e+00
-5.068862915039062500e+00 -8.108624458312988281e+00 -7.822403430938720703e+00
-4.999244689941406250e+00 -8.062046051025390625e+00 -1.156803512573242188e+01
-4.185004234313964844e+00 -8.321126937866210938e+00 -9.419717788696289062e+00
-7.270841598510742188e+00 -7.468634605407714844e+00 -7.058957576751708984e+00
-7.775069713592529297e+00 -7.350777626037597656e+00 -7.967387199401855469e+00
-5.692271709442138672e+00 -8.129205703735351562e+00 -9.823766708374023438e+00
-6.220657825469970703e+00 -7.997601509094238281e+00 -9.061625480651855469e+00
-6.480462074279785156e+00 -7.345401763916015625e+00 -1.205453777313232422e+01
-8.410724639892578125e+00 -6.366574287414550781e+00 -1.057614898681640625e+01
-8.333135604858398438e+00 -6.189423561096191406e+00 -1.129442691802978516e+01
-9.642569541931152344e+00 -5.266780853271484375e+00 -8.362835884094238281e+00
-1.005104064941406250e+01 -4.325687408447265625e+00 -8.715598106384277344e+00
-9.587634086608886719e+00 -4.643113136291503906e+00 -1.086715126037597656e+01
-8.220125198364257812e+00 -6.690295219421386719e+00 -5.445616245269775391e+00
-9.067589759826660156e+00 -6.091660976409912109e+00 -4.930146694183349609e+00
-7.968147754669189453e+00 -5.745236873626708984e+00 -3.404657125473022461e+00
-8.496923446655273438e+00 -5.228482723236083984e+00 -2.226327657699584961e+00
-6.958292484283447266e+00 -5.440219402313232422e+00 -3.112516164779663086e+00
-2.593288421630859375e+00 -5.031277179718017578e+00 -1.548469901084899902e+00
-3.373579740524291992e+00 -4.881752490997314453e+00 -5.833838582038879395e-01
-1.440229415893554688e+00 -4.994428157806396484e+00 -2.378930747509002686e-01
-7.379037380218505859e+00 -3.212596654891967773e+00 2.311565637588500977e+00
-5.355341911315917969e+00 -3.512659072875976562e+00 1.278630137443542480e+00
-3.860059738159179688e+00 -5.068030834197998047e+00 -2.137035846710205078e+00
-7.304447174072265625e+00 -4.796459197998046875e+00 -1.626823425292968750e+00
-6.307444572448730469e+00 -5.166732311248779297e+00 -2.786768436431884766e+00
-3.738596200942993164e+00 -4.414237022399902344e+00 1.339789032936096191e-01
-4.768191814422607422e+00 -7.278812885284423828e+00 -5.294830322265625000e+00
-4.545545101165771484e+00 -6.497859477996826172e+00 -4.091140747070312500e+00
-2.280581951141357422e+00 -7.655514717102050781e+00 -6.416855812072753906e+00
-2.884931087493896484e+00 -7.167348861694335938e+00 -5.067106723785400391e+00
-2.214783430099487305e+00 -7.177484989166259766e+00 -5.299057483673095703e+00
-1.356219291687011719e+00 -6.802217006683349609e+00 -5.044310092926025391e+00
-2.779770135879516602e+00 -6.776763439178466797e+00 -4.439884185791015625e+00
-5.267671108245849609e+00 -6.850308418273925781e+00 -4.679019451141357422e+00
-6.153901100158691406e+00 -7.666771411895751953e+00 -6.742068290710449219e+00
-8.704694747924804688e+00 -6.650746822357177734e+00 -6.455010890960693359e+00
-1.416713118553161621e+00 -4.982313156127929688e+00 -1.836269259452819824e+00
-9.343056082725524902e-01 -5.043909549713134766e+00 -2.277184009552001953e+00
-2.241045713424682617e+00 -5.125275135040283203e+00 -2.023579597473144531e+00
-3.505280613899230957e-01 -5.089006900787353516e+00 -1.198131203651428223e+00
6.331019997596740723e-01 -4.621695518493652344e+00 -1.598684668540954590e+00
-8.143320679664611816e-01 -5.404407501220703125e+00 -3.021157264709472656e+00
-7.695034146308898926e-03 -5.501042366027832031e+00 -3.345636367797851562e+00
6.078910827636718750e-01 -4.766853809356689453e+00 -2.126262903213500977e+00
-9.515492439270019531e+00 -4.813507556915283203e+00 -2.044615268707275391e+00
-9.939851760864257812e+00 -4.890555858612060547e+00 -4.679955959320068359e+00
-9.351759910583496094e+00 -5.581322193145751953e+00 -3.830909967422485352e+00
-1.019524669647216797e+01 -3.759387731552124023e+00 -3.288037061691284180e+00
-1.031911754608154297e+01 -3.585701704025268555e+00 -4.715808868408203125e+00
-9.119914054870605469e+00 -4.087337970733642578e+00 3.090773522853851318e-01
-9.780817031860351562e+00 -4.173934459686279297e+00 -1.408548355102539062e+00
-9.820095062255859375e+00 -3.231509923934936523e+00 -2.799948453903198242e-01
-9.598937988281250000e+00 -2.926811456680297852e+00 9.022282958030700684e-01
-9.112871170043945312e+00 -2.722346067428588867e+00 2.167170286178588867e+00
-9.278958320617675781e+00 -1.629673242568969727e+00 1.269335031509399414e+00
-1.017242240905761719e+01 -2.694800615310668945e+00 -2.523528814315795898e+00
-1.009702873229980469e+01 -1.608838438987731934e+00 -2.652242422103881836e+00
-9.464232444763183594e+00 -1.293318152427673340e+00 -8.881642222404479980e-01
-7.936416149139404297e+00 -4.180243313312530518e-01 -6.472334265708923340e-01
-1.006305885314941406e+01 -4.635008811950683594e+00 -5.545415878295898438e+00
-1.034789466857910156e+01 -3.651841402053833008e+00 -5.424787044525146484e+00
-1.053344440460205078e+01 -2.258191347122192383e+00 -5.301173210144042969e+00
-1.059120178222656250e+01 -2.099185705184936523e+00 -5.871821403503417969e+00
-1.008259677886962891e+01 -6.581731438636779785e-01 -5.353898525238037109e+00
-1.059004306793212891e+01 -2.844205856323242188e+00 -7.961987972259521484e+00
-1.071231651306152344e+01 -1.947675228118896484e+00 -8.886830329895019531e+00
-1.060263538360595703e+01 -8.117372989654541016e-01 -8.516322135925292969e+00
-9.951622962951660156e+00 -3.316879868507385254e-01 -6.705319881439208984e+00
-8.382748603820800781e+00 -2.023367732763290405e-01 -2.254036903381347656e+00
-6.931549549102783203e+00 1.708758234977722168e+00 -3.685140848159790039e+00
-9.014285087585449219e+00 3.849017322063446045e-01 -6.202922344207763672e+00
-7.580021858215332031e+00 1.444249749183654785e+00 -4.986647605895996094e+00
1.316369533538818359e+01 -5.416882991790771484e+00 4.383947372436523438e+00
1.355195999145507812e+01 -6.322537899017333984e+00 7.834879159927368164e-01
1.303818225860595703e+01 -6.131589412689208984e+00 1.457029104232788086e+00
1.491986942291259766e+01 -5.968332290649414062e+00 1.932643532752990723e+00
1.477993488311767578e+01 -5.092437744140625000e+00 3.039920330047607422e+00
1.193635272979736328e+01 -5.701071739196777344e+00 2.692696332931518555e+00
4.407070636749267578e+00 -1.161934018135070801e+00 4.929794311523437500e+00
5.278206825256347656e+00 -8.372209072113037109e-01 6.028518199920654297e+00
6.653573513031005859e+00 -4.859779357910156250e+00 -1.680646538734436035e+00
8.911839485168457031e+00 -6.294123649597167969e+00 -1.253722429275512695e+00
8.123935699462890625e+00 -6.201707839965820312e+00 -1.096817970275878906e+00
7.451704978942871094e+00 -6.261630058288574219e+00 -5.120366215705871582e-01
2.554882287979125977e+00 -5.424676895141601562e+00 4.029059410095214844e-01
4.296440124511718750e+00 -4.711140155792236328e+00 -1.505118250846862793e+00
5.168778896331787109e+00 -5.103773593902587891e+00 -1.180391669273376465e+00
2.308444976806640625e+00 -4.292205333709716797e+00 -1.265171885490417480e+00
4.116634368896484375e+00 -4.737946033477783203e+00 -1.284839749336242676e+00
5.111297607421875000e+00 -5.568720340728759766e+00 2.085064500570297241e-01
5.807332515716552734e+00 -5.978741168975830078e+00 -6.248528361320495605e-01
3.097968816757202148e+00 -5.496047973632812500e+00 -5.931698679924011230e-01
9.435426712036132812e+00 -5.166713237762451172e+00 3.052071332931518555e+00
9.974177360534667969e+00 -4.786125659942626953e+00 4.875299453735351562e+00
9.921971321105957031e+00 -4.900967121124267578e+00 4.247894763946533203e+00
8.655406951904296875e+00 -4.089214801788330078e+00 5.347561836242675781e+00
8.916587829589843750e+00 -4.946297168731689453e+00 3.133557796478271484e+00
9.014472961425781250e+00 -5.903773307800292969e+00 1.410231351852416992e+00
8.677859306335449219e+00 -6.096350193023681641e+00 9.247035980224609375e-01
5.515353202819824219e+00 -1.301902770996093750e+00 4.047792434692382812e+00
6.164685249328613281e+00 -3.669716119766235352e+00 2.390846252441406250e+00
5.593697071075439453e+00 -3.952515602111816406e+00 1.862821102142333984e+00
4.515174388885498047e+00 -1.882844567298889160e+00 3.071386098861694336e+00
4.610921859741210938e+00 -1.477759122848510742e+00 3.728273391723632812e+00
6.890742778778076172e+00 -2.433190584182739258e+00 4.321483135223388672e+00
6.660163402557373047e+00 -1.958069562911987305e+00 5.545207023620605469e+00
6.551015377044677734e+00 -5.430851936340332031e+00 9.070911407470703125e-01
1.208227348327636719e+01 -4.284072875976562500e+00 5.889150619506835938e+00
1.390152072906494141e+01 -4.503651618957519531e+00 4.524031639099121094e+00
1.267452526092529297e+01 -3.284950256347656250e+00 4.841149330139160156e+00
1.355195903778076172e+01 -3.270599842071533203e+00 3.175490617752075195e+00
7.762337684631347656e+00 -2.989630937576293945e+00 6.751333713531494141e+00
7.325592994689941406e+00 -2.517735481262207031e+00 6.688393115997314453e+00
4.253170967102050781e+00 -4.504781961441040039e-01 6.816337585449218750e+00
9.625704765319824219e+00 -4.244950294494628906e+00 6.565625190734863281e+00
1.036013221740722656e+01 -2.994163990020751953e+00 6.563793659210205078e+00
1.073120880126953125e+01 -2.442858457565307617e+00 5.614019393920898438e+00
8.628680229187011719e+00 -1.654799461364746094e+00 6.636005878448486328e+00
9.018699645996093750e+00 -1.211177349090576172e+00 5.538799285888671875e+00
1.111682891845703125e+01 -2.152246952056884766e+00 4.563621997833251953e+00
1.145857048034667969e+01 -1.883428573608398438e+00 3.523455619812011719e+00
6.600717067718505859e+00 -1.478537678718566895e+00 6.373830318450927734e+00
7.747016906738281250e+00 -9.952177405357360840e-01 6.386063098907470703e+00
7.067096233367919922e+00 2.730512619018554688e-02 5.796667098999023438e+00
6.303841590881347656e+00 -2.038841992616653442e-01 6.010652542114257812e+00
5.727468490600585938e+00 1.025784730911254883e+00 5.710554122924804688e+00
8.124453544616699219e+00 3.149691820144653320e-01 4.570959568023681641e+00
5.807027816772460938e+00 2.261394500732421875e+00 4.338635921478271484e+00
6.190135002136230469e+00 2.326049566268920898e+00 3.822841882705688477e+00
-2.133160829544067383e+00 -2.797869205474853516e+00 3.777156352996826172e+00
-1.523018956184387207e+00 -3.800985574722290039e+00 1.666073799133300781e+00
-1.476565480232238770e+00 -4.650604724884033203e+00 3.909469246864318848e-01
-1.618243575096130371e+00 -2.862322807312011719e+00 3.499413967132568359e+00
-2.472749799489974976e-01 -2.659277915954589844e+00 2.377707958221435547e+00
-5.071749210357666016e+00 -3.477438688278198242e+00 1.470828294754028320e+00
-4.359285354614257812e+00 -3.315682411193847656e+00 2.205394744873046875e+00
-5.804989814758300781e+00 -2.597742319107055664e+00 3.394355773925781250e+00
-5.278830528259277344e+00 -3.018451690673828125e+00 2.538252353668212891e+00
-4.095105648040771484e+00 -2.827291965484619141e+00 3.384203433990478516e+00
-2.758838891983032227e+00 -1.621807575225830078e+00 4.882830619812011719e+00
-5.654215812683105469e+00 -1.269460558891296387e+00 4.709856033325195312e+00
-5.351057052612304688e+00 -7.391188740730285645e-01 4.910645484924316406e+00
2.525257587432861328e+00 -1.719292163848876953e+00 3.667961359024047852e+00
1.367141485214233398e+00 -8.912914395332336426e-01 4.141695976257324219e+00
-6.383972615003585815e-02 -1.188754320144653320e+00 3.662273883819580078e+00
1.087703466415405273e+00 -3.163380920886993408e-01 4.677025794982910156e+00
2.507885694503784180e+00 -1.055848121643066406e+00 5.294684410095214844e+00
3.516222476959228516e+00 -5.881066322326660156e-01 6.647655487060546875e+00
1.112942457199096680e+00 7.688316702842712402e-01 5.408716678619384766e+00
-3.225711822509765625e+00 -1.391597390174865723e+00 5.012552738189697266e+00
-4.244367599487304688e+00 2.978051602840423584e-01 5.010434150695800781e+00
-2.750324964523315430e+00 5.629800558090209961e-01 5.136422157287597656e+00
-1.170835733413696289e+00 1.614715337753295898e+00 4.409285545349121094e+00
-3.887065172195434570e+00 1.015438318252563477e+00 4.046703338623046875e+00
-3.824344873428344727e+00 1.419984579086303711e+00 2.887957811355590820e+00
-1.781178861856460571e-01 -5.102327346801757812e+00 -8.052364736795425415e-02
2.975295782089233398e-01 -4.960813999176025391e+00 -1.157447621226310730e-01
8.155006766319274902e-01 -4.968964576721191406e+00 3.163808211684226990e-02
1.644266843795776367e+00 -3.803636550903320312e+00 1.417013525962829590e+00
1.482446670532226562e+00 -5.002090454101562500e+00 5.783293843269348145e-01
1.626101016998291016e+00 -3.769067525863647461e+00 -1.362687110900878906e+00
1.882906913757324219e+00 -2.627651214599609375e+00 2.354210615158081055e+00
2.292189121246337891e+00 1.499885439872741699e+00 5.593906402587890625e+00
2.884752750396728516e+00 2.508359909057617188e+00 4.270145893096923828e+00
2.612078428268432617e+00 2.975089311599731445e+00 3.031457185745239258e+00
-8.617034554481506348e-01 2.476224899291992188e+00 2.617693901062011719e+00
-6.647533774375915527e-01 1.948716878890991211e+00 4.183366298675537109e+00
5.737929940223693848e-01 2.548840761184692383e+00 3.249276638031005859e+00
-1.727741122245788574e+00 3.170452356338500977e+00 1.078902930021286011e-01
-7.585464000701904297e+00 -2.460461378097534180e+00 3.555091381072998047e+00
-7.328735828399658203e+00 -1.425604701042175293e+00 4.217882633209228516e+00
-7.960804939270019531e+00 -8.143939375877380371e-01 2.907564640045166016e+00
-6.812009334564208984e+00 -1.162515878677368164e+00 4.463501453399658203e+00
-7.016733646392822266e+00 -3.675343096256256104e-01 3.060746669769287109e+00
-6.420120239257812500e+00 1.884145587682723999e-01 1.420848250389099121e+00
-6.219310283660888672e+00 1.390944123268127441e-01 2.391746997833251953e+00
-6.923840999603271484e+00 2.279522418975830078e-01 -8.147440552711486816e-01
-3.743727922439575195e+00 1.647577404975891113e+00 1.845106840133666992e+00
-5.366404056549072266e+00 2.019687652587890625e+00 -1.991177082061767578e+00
-3.647248268127441406e+00 3.032244920730590820e+00 -1.670609474182128906e+00
3.385196208953857422e+00 6.910455822944641113e-01 6.491748332977294922e+00
2.990053176879882812e+00 1.789467573165893555e+00 5.415951728820800781e+00
3.855855464935302734e+00 2.196607351303100586e+00 4.881789207458496094e+00
4.557242870330810547e+00 2.758472442626953125e+00 3.841449975967407227e+00
3.888449668884277344e+00 3.218722820281982422e+00 3.002622604370117188e+00
7.763231277465820312e+00 -4.934879302978515625e+00 -3.967292785644531250e+00
2.377603054046630859e+00 -5.076427936553955078e+00 -3.054288625717163086e+00
5.497595310211181641e+00 -4.751742839813232422e+00 -2.528656482696533203e+00
6.323576927185058594e+00 -4.710296154022216797e+00 -2.976911306381225586e+00
3.034115314483642578e+00 -5.016390323638916016e+00 -2.936672687530517578e+00
2.090593576431274414e+00 -5.932751178741455078e+00 -5.251585006713867188e+00
2.626835346221923828e+00 -5.810670852661132812e+00 -6.253578662872314453e+00
3.890573263168334961e+00 -5.145263671875000000e+00 -5.599263191223144531e+00
5.924936771392822266e+00 -4.830991744995117188e+00 -3.735152959823608398e+00
7.160140514373779297e+00 -4.986197948455810547e+00 -4.074210643768310547e+00
2.443114042282104492e+00 -5.622988224029541016e+00 -8.459068298339843750e+00
8.320634841918945312e+00 -4.998109817504882812e+00 -6.012806892395019531e+00
3.299961090087890625e+00 -5.334581851959228516e+00 -7.116844177246093750e+00
3.713093757629394531e+00 -4.726673603057861328e+00 -7.900252819061279297e+00
6.289715766906738281e+00 -5.084067821502685547e+00 -5.380747795104980469e+00
7.407521247863769531e+00 -4.943794727325439453e+00 -6.333673954010009766e+00
5.877780437469482422e+00 -4.186599731445312500e+00 -7.253111839294433594e+00
7.533859252929687500e+00 -4.040416717529296875e+00 -7.369479656219482422e+00
5.588825225830078125e+00 -3.869616985321044922e+00 -7.630157947540283203e+00
5.159781932830810547e+00 -2.843109130859375000e+00 -8.644958496093750000e+00
5.233463287353515625e+00 -2.083264827728271484e+00 -8.897377014160156250e+00
-3.349108219146728516e+00 -7.970877170562744141e+00 -1.205618095397949219e+01
-3.131095170974731445e+00 -8.215146064758300781e+00 -1.051689815521240234e+01
-3.961145401000976562e+00 -7.544115066528320312e+00 -1.315940475463867188e+01
-1.581542253494262695e+00 -6.563343048095703125e+00 -1.324241828918457031e+01
-3.556522369384765625e+00 -6.334778785705566406e+00 -1.446010875701904297e+01
-3.374734401702880859e+00 -5.281150817871093750e+00 -1.519255352020263672e+01
-6.631283760070800781e+00 -6.537401676177978516e+00 -1.317162322998046875e+01
-7.072536468505859375e+00 -6.213544368743896484e+00 -1.318948745727539062e+01
-7.758594512939453125e+00 -5.234480857849121094e+00 -1.367597198486328125e+01
-5.719646453857421875e+00 -7.132722854614257812e+00 -1.307829856872558594e+01
-8.474124908447265625e+00 -5.367038249969482422e+00 -1.256494522094726562e+01
-7.364102363586425781e+00 -4.566280364990234375e+00 -1.457427215576171875e+01
-4.150939464569091797e+00 -5.535493373870849609e+00 -1.502890205383300781e+01
-5.996080398559570312e+00 -4.382628440856933594e+00 -1.525740242004394531e+01
-2.711055278778076172e+00 -5.388106822967529297e+00 -1.501428508758544922e+01
-2.176949262619018555e+00 -4.295452594757080078e+00 -1.536947631835937500e+01
-3.722919702529907227e+00 -3.715606927871704102e+00 -1.575112152099609375e+01
-2.790565252304077148e+00 -3.187113761901855469e+00 -1.571518516540527344e+01
-4.990275859832763672e+00 -2.649951219558715820e+00 -1.593863296508789062e+01
-3.921781778335571289e+00 -1.504733443260192871e+00 -1.593481063842773438e+01
-9.301330566406250000e+00 -4.443131446838378906e+00 -1.222210884094238281e+01
-8.934801101684570312e+00 -4.003558635711669922e+00 -1.344547557830810547e+01
-9.911888122558593750e+00 -2.864477157592773438e+00 -1.234651374816894531e+01
-1.040178585052490234e+01 -1.439503192901611328e+00 -1.151873874664306641e+01
-8.549429893493652344e+00 -3.350917577743530273e+00 -1.436086368560791016e+01
-7.692564487457275391e+00 -2.967691421508789062e+00 -1.519834518432617188e+01
-9.822727203369140625e+00 -9.254569411277770996e-01 -1.328228378295898438e+01
-9.376441001892089844e+00 -3.283008933067321777e-01 -1.420300292968750000e+01
-8.487964630126953125e+00 -9.525390863418579102e-01 -1.507377815246582031e+01
-7.136026859283447266e+00 1.595756858587265015e-01 -1.576908493041992188e+01
-7.628423690795898438e+00 8.136878013610839844e-01 -1.553471088409423828e+01
-1.521702766418457031e+00 -7.557370662689208984e+00 -6.888402462005615234e+00
-4.210886657238006592e-01 -7.157850265502929688e+00 -8.631907463073730469e+00
7.392240315675735474e-02 -6.570177078247070312e+00 -5.590310573577880859e+00
6.195836663246154785e-01 -6.687432289123535156e+00 -6.757368087768554688e+00
-2.398425340652465820e-01 -6.931215286254882812e+00 -9.610944747924804688e+00
-5.064203590154647827e-02 -5.895337581634521484e+00 -1.240219020843505859e+01
1.353143334388732910e+00 -6.391252040863037109e+00 -6.419971466064453125e+00
2.021433830261230469e+00 -5.953577995300292969e+00 -8.191563606262207031e+00
-7.601544260978698730e-01 -5.087235450744628906e+00 -1.430405998229980469e+01
1.024561524391174316e+00 -4.963375091552734375e+00 -1.243807888031005859e+01
-1.229925513267517090e+00 -3.740129947662353516e+00 -1.520348453521728516e+01
-1.922119408845901489e-01 -3.007511377334594727e+00 -1.485964870452880859e+01
1.960369229316711426e+00 -5.054135799407958984e+00 -1.069803142547607422e+01
-1.087909102439880371e+00 -2.405778408050537109e+00 -1.528198432922363281e+01
-1.307253241539001465e+00 -1.697914242744445801e+00 -1.534130001068115234e+01
2.141910552978515625e+00 -3.536866903305053711e+00 -1.149296283721923828e+01
8.843728899955749512e-01 -1.870311021804809570e+00 -1.348683929443359375e+01
7.971499562263488770e-01 -1.144786715507507324e+00 -1.333459949493408203e+01
-2.606573581695556641e+00 -1.779055833816528320e+00 -1.569890308380126953e+01
-2.676669836044311523e+00 -8.106659054756164551e-01 -1.564066791534423828e+01
-5.085721969604492188e+00 4.533746540546417236e-01 -1.588771247863769531e+01
-2.887501001358032227e+00 1.006724715232849121e+00 -1.536618137359619141e+01
-2.164985418319702148e+00 1.173804521560668945e+00 -1.512410259246826172e+01
-4.981869161128997803e-01 1.148736715316772461e+00 -1.388987541198730469e+01
-2.882588624954223633e+00 2.079118013381958008e+00 -1.503560447692871094e+01
-2.466450452804565430e+00 2.787254571914672852e+00 -1.464599609375000000e+01
2.704172849655151367e+00 -3.968848228454589844e+00 -1.033814716339111328e+01
3.521147966384887695e+00 -2.612553119659423828e+00 -1.011354160308837891e+01
3.012419462203979492e+00 -1.849623203277587891e+00 -1.085321617126464844e+01
9.637695550918579102e-01 -2.825067639350891113e-01 -1.281297111511230469e+01
1.482072472572326660e+00 5.192485637962818146e-03 -1.210977935791015625e+01
2.347881793975830078e+00 -2.201914787292480469e-01 -1.122647094726562500e+01
1.080447077751159668e+00 4.155124425888061523e-01 -1.233551311492919922e+01
-1.051324272155761719e+01 -9.665941596031188965e-01 -1.099261665344238281e+01
-9.970377922058105469e+00 6.847991347312927246e-01 -1.291944599151611328e+01
-1.030565547943115234e+01 -1.551843434572219849e-02 -1.048506450653076172e+01
-1.007444000244140625e+01 -1.212031617760658264e-01 -9.023191452026367188e+00
-9.728404998779296875e+00 5.435718894004821777e-01 -1.002556324005126953e+01
-9.966260910034179688e+00 9.229616522789001465e-01 -1.155043888092041016e+01
-9.437119483947753906e+00 2.032846450805664062e+00 -1.278200435638427734e+01
-8.824677467346191406e+00 1.397668242454528809e+00 -9.339776992797851562e+00
-8.418291091918945312e+00 2.396596908569335938e+00 -1.037417888641357422e+01
-8.198730468750000000e+00 1.158253788948059082e+00 -6.070019721984863281e+00
-7.961139678955078125e+00 1.592072963714599609e+00 -7.150512695312500000e+00
-8.285911560058593750e+00 1.880022168159484863e+00 -8.734928131103515625e+00
-7.901741504669189453e+00 2.545631408691406250e+00 -9.731120109558105469e+00
-6.296195030212402344e+00 2.690880060195922852e+00 -7.680951118469238281e+00
-6.212839603424072266e+00 3.000259637832641602e+00 -8.163875579833984375e+00
-8.637889862060546875e+00 2.200923442840576172e+00 -1.429091358184814453e+01
-8.037838935852050781e+00 2.229106187820434570e+00 -1.473063182830810547e+01
-7.638147830963134766e+00 3.439556121826171875e+00 -1.351225948333740234e+01
-6.655779361724853516e+00 4.261545658111572266e+00 -1.313709259033203125e+01
-6.101325511932373047e+00 1.893561840057373047e+00 -1.547538375854492188e+01
-5.845331668853759766e+00 2.182663917541503906e+00 -1.532622623443603516e+01
-5.171183586120605469e+00 3.964912414550781250e+00 -1.412128925323486328e+01
-4.615817070007324219e+00 3.958457708358764648e+00 -1.424874305725097656e+01
-5.868211269378662109e+00 3.767562389373779297e+00 -1.412394428253173828e+01
-8.274383544921875000e+00 3.280755758285522461e+00 -1.224686813354492188e+01
-6.243206977844238281e+00 4.409955978393554688e+00 -1.238162708282470703e+01
-5.556703090667724609e+00 4.376084327697753906e+00 -1.074437046051025391e+01
-3.389537096023559570e+00 4.230954647064208984e+00 -1.348801231384277344e+01
-3.171517610549926758e+00 4.292675971984863281e+00 -1.287046241760253906e+01
-5.220257282257080078e+00 4.430538177490234375e+00 -1.221991443634033203e+01
-4.469617366790771484e+00 4.632125377655029297e+00 -1.232643699645996094e+01
-3.217987537384033203e+00 4.682388305664062500e+00 -1.144332599639892578e+01
-4.959156513214111328e+00 4.781958103179931641e+00 -1.084902191162109375e+01
-3.796645164489746094e+00 4.888881206512451172e+00 -1.117176532745361328e+01
-6.640488624572753906e+00 3.677779436111450195e+00 -1.050252437591552734e+01
-5.931702613830566406e+00 3.617563724517822266e+00 -9.035547256469726562e+00
3.056317090988159180e+00 -1.934852153062820435e-01 -1.030063629150390625e+01
-1.396008431911468506e-01 1.526470065116882324e+00 -1.287728691101074219e+01
-2.115057229995727539e+00 3.219172239303588867e+00 -1.359465789794921875e+01
9.946011304855346680e-01 7.987169027328491211e-01 -1.168859672546386719e+01
-1.054947495460510254e+00 2.881849050521850586e+00 -1.233817100524902344e+01
-2.714508056640625000e+00 3.843402385711669922e+00 -1.327017402648925781e+01
-1.650989174842834473e+00 3.643843889236450195e+00 -1.187500000000000000e+01
1.143558311462402344e+01 -6.551653385162353516e+00 -3.373531579971313477e+00
1.332690238952636719e+01 -6.749625205993652344e+00 -1.715781450271606445e+00
1.117166423797607422e+01 -6.478112220764160156e+00 -8.323249816894531250e-01
1.097765922546386719e+01 -6.496703147888183594e+00 -2.593574285507202148e+00
1.435278415679931641e+01 -6.972894668579101562e+00 -5.020097255706787109e+00
1.198948383331298828e+01 -6.608497619628906250e+00 -3.976073980331420898e+00
1.269953823089599609e+01 -6.589099884033203125e+00 -5.471739292144775391e+00
1.314907455444335938e+01 -6.902657508850097656e+00 -3.663105487823486328e+00
1.562631702423095703e+01 -7.048038005828857422e+00 -3.590524196624755859e+00
1.606017303466796875e+01 -5.974942207336425781e+00 -4.177525043487548828e+00
1.624864387512207031e+01 -6.510986328125000000e+00 -1.160497069358825684e+00
1.637261390686035156e+01 -5.716440200805664062e+00 -2.045297622680664062e+00
1.458580684661865234e+01 -6.624001502990722656e+00 6.438454240560531616e-02
1.481722068786621094e+01 -6.978364467620849609e+00 -1.541111946105957031e+00
1.537911224365234375e+01 -6.248487949371337891e+00 9.772421717643737793e-01
1.482209873199462891e+01 -4.084521770477294922e+00 1.966729998588562012e+00
1.514908027648925781e+01 -4.233094215393066406e+00 8.793479204177856445e-01
1.436104011535644531e+01 -3.346319675445556641e+00 1.027376174926757812e+00
1.579979991912841797e+01 -4.934070587158203125e+00 -3.349175691604614258e+00
1.523067283630371094e+01 -4.068761348724365234e+00 -2.574509143829345703e+00
1.522202301025390625e+01 -3.983541965484619141e+00 -1.017984390258789062e+00
1.497640419006347656e+01 -3.644495725631713867e+00 -1.515931010246276855e+00
1.432077121734619141e+01 -2.883813619613647461e+00 -8.826942443847656250e-01
1.380823993682861328e+01 -6.754156589508056641e+00 -6.240806102752685547e+00
1.524796390533447266e+01 -5.957848072052001953e+00 -6.539552688598632812e+00
1.236771774291992188e+01 -6.461472511291503906e+00 -6.657111644744873047e+00
1.290958404541015625e+01 -5.921587467193603516e+00 -7.441399574279785156e+00
1.592176723480224609e+01 -5.863714218139648438e+00 -5.633504867553710938e+00
1.560883998870849609e+01 -5.097380638122558594e+00 -5.929887294769287109e+00
1.503526973724365234e+01 -4.427998065948486328e+00 -5.534944534301757812e+00
1.325094509124755859e+01 -5.527017593383789062e+00 -7.298758029937744141e+00
1.262385845184326172e+01 -4.973151206970214844e+00 -6.609488487243652344e+00
1.348713493347167969e+01 -4.484067916870117188e+00 -6.092418670654296875e+00
1.361323356628417969e+01 -3.390250205993652344e+00 -4.940154552459716797e+00
1.498782825469970703e+01 -3.750708818435668945e+00 -2.814522266387939453e+00
1.491627311706542969e+01 -3.761821746826171875e+00 -4.495693206787109375e+00
1.435847282409667969e+01 -2.920020341873168945e+00 -3.742897033691406250e+00
1.016194343566894531e+01 -6.032219886779785156e+00 -2.746223926544189453e+00
6.994798183441162109e+00 -4.783976554870605469e+00 -2.378472089767456055e+00
7.282687664031982422e+00 -4.851647853851318359e+00 -1.953472495079040527e+00
6.845662117004394531e+00 -4.721800804138183594e+00 -2.938571453094482422e+00
1.048323345184326172e+01 -6.319526672363281250e+00 -2.342640161514282227e+00
9.013752937316894531e+00 -5.557566165924072266e+00 -1.950271248817443848e+00
7.954685688018798828e+00 -5.120698451995849609e+00 -1.587391376495361328e+00
9.599096298217773438e+00 -5.556375980377197266e+00 -3.439982652664184570e+00
9.954302787780761719e+00 -5.569798469543457031e+00 -4.666808605194091797e+00
8.332592010498046875e+00 -5.014986515045166016e+00 -3.965273618698120117e+00
1.354430961608886719e+01 -2.198560714721679688e+00 -2.530140057206153870e-02
1.218639278411865234e+01 -8.453317880630493164e-01 -1.015704154968261719e+00
1.096477508544921875e+01 -5.981014251708984375e+00 -5.498237609863281250e+00
1.102865219116210938e+01 -5.433251380920410156e+00 -6.029616355895996094e+00
9.596580505371093750e+00 -5.089091300964355469e+00 -5.200779438018798828e+00
1.171706390380859375e+01 -4.708968162536621094e+00 -6.169398784637451172e+00
9.182178497314453125e+00 -4.327820777893066406e+00 -6.412763118743896484e+00
1.040087795257568359e+01 -3.549653053283691406e+00 -5.860297203063964844e+00
1.247007942199707031e+01 -3.692635297775268555e+00 -5.447039127349853516e+00
1.064574718475341797e+01 -3.205517768859863281e+00 -5.656228065490722656e+00
1.067028331756591797e+01 -2.276250123977661133e+00 -5.240276813507080078e+00
8.542059898376464844e+00 -3.686167478561401367e+00 -7.025572776794433594e+00
9.051005363464355469e+00 -3.088061332702636719e+00 -6.559532165527343750e+00
8.053949356079101562e+00 -2.034893751144409180e+00 -6.898516654968261719e+00
1.040539550781250000e+01 -1.608938217163085938e+00 -5.098390579223632812e+00
8.254981040954589844e+00 -1.709999918937683105e+00 -6.630268096923828125e+00
8.748562812805175781e+00 -4.865571558475494385e-01 -5.833252429962158203e+00
7.278543472290039062e+00 -1.695217341184616089e-01 -6.907423019409179688e+00
1.327053546905517578e+01 -2.138699293136596680e+00 -4.048707485198974609e+00
1.344307422637939453e+01 -1.692400693893432617e+00 -1.924716472625732422e+00
1.320120048522949219e+01 -1.338815808296203613e+00 -3.133653163909912109e+00
1.238715362548828125e+01 -4.497211575508117676e-01 -2.215918302536010742e+00
1.203921222686767578e+01 -1.379792541265487671e-01 -2.820111513137817383e+00
1.240887832641601562e+01 -1.927063703536987305e+00 -4.346819877624511719e+00
1.121111965179443359e+01 -1.238189220428466797e+00 -4.471399784088134766e+00
1.149379253387451172e+01 -5.812687277793884277e-01 -3.853329420089721680e+00
1.016114711761474609e+01 1.545497298240661621e+00 -1.723676681518554688e+00
9.288701057434082031e+00 2.368249654769897461e+00 -2.870821952819824219e+00
9.323410034179687500e+00 2.289686918258666992e+00 -3.341159343719482422e+00
8.579700469970703125e+00 2.942250013351440430e+00 -2.358428478240966797e+00
1.021062946319580078e+01 -9.199444651603698730e-01 -4.988854885101318359e+00
1.065032386779785156e+01 2.928424477577209473e-01 -4.111744403839111328e+00
8.366457939147949219e+00 1.253056228160858154e-01 -5.848075389862060547e+00
7.011512756347656250e+00 9.791325926780700684e-01 -6.417272567749023438e+00
1.391677570343017578e+01 -3.371149063110351562e+00 2.564055919647216797e+00
1.247961902618408203e+01 -2.338649988174438477e+00 2.888993978500366211e+00
1.124233818054199219e+01 -8.117275238037109375e-01 1.436691284179687500e+00
1.141364288330078125e+01 -6.417359709739685059e-01 2.942703068256378174e-01
9.941287994384765625e+00 -3.759084939956665039e-01 3.142363786697387695e+00
8.832948684692382812e+00 9.887118935585021973e-01 2.656549930572509766e+00
9.391008377075195312e+00 6.655847430229187012e-01 2.107534408569335938e+00
7.310470581054687500e+00 2.049587965011596680e+00 3.016335964202880859e+00
7.168493747711181641e+00 2.750886917114257812e+00 1.883066534996032715e+00
9.781627655029296875e+00 9.076672196388244629e-01 3.819277286529541016e-01
1.002390193939208984e+01 1.304948806762695312e+00 -9.627906680107116699e-01
7.988482475280761719e+00 2.654876470565795898e+00 4.528353512287139893e-01
3.352052688598632812e+00 4.268756866455078125e+00 -3.432743847370147705e-01
6.232661247253417969e+00 3.601024866104125977e+00 3.085812926292419434e-01
5.481920719146728516e+00 4.046193122863769531e+00 -2.221371173858642578e+00
3.672746419906616211e+00 4.385357379913330078e+00 -6.804221272468566895e-01
2.847922563552856445e+00 3.815422534942626953e+00 -2.453680992126464844e+00
2.959342479705810547e+00 3.500709056854248047e+00 -3.323214769363403320e+00
-9.869902729988098145e-01 3.792355298995971680e+00 -7.646902799606323242e-01
2.145472764968872070e+00 3.134613275527954102e+00 -4.381042003631591797e+00
9.275129996240139008e-03 4.157753944396972656e+00 -3.142085790634155273e+00
3.059927523136138916e-01 3.707825660705566406e+00 -4.696703910827636719e+00
2.378316879272460938e+00 3.799933671951293945e+00 -2.562926530838012695e+00
5.100335597991943359e+00 -8.768180012702941895e-01 -8.890471458435058594e+00
2.940167188644409180e+00 3.045763969421386719e-01 -9.604202270507812500e+00
5.059793949127197266e+00 5.013518333435058594e-01 -8.105212211608886719e+00
3.639567136764526367e+00 5.575054287910461426e-01 -8.962459564208984375e+00
2.521368265151977539e+00 4.983991086483001709e-01 -9.797994613647460938e+00
1.545083642005920410e+00 1.846702218055725098e+00 -9.910177230834960938e+00
3.281410634517669678e-01 3.145046234130859375e+00 -9.154592514038085938e+00
1.110000535845756531e-01 2.999876976013183594e+00 -1.045634937286376953e+01
5.656672477722167969e+00 2.806340932846069336e+00 -4.850678920745849609e+00
6.158509254455566406e+00 1.880609393119812012e+00 -6.080430507659912109e+00
4.698904514312744141e+00 2.682643413543701172e+00 -5.240560054779052734e+00
4.796074867248535156e+00 2.376760005950927734e+00 -5.953336238861083984e+00
6.618921279907226562e+00 3.767549753189086914e+00 -2.716778516769409180e+00
6.580930709838867188e+00 1.276598334312438965e+00 -6.416395187377929688e+00
5.711149215698242188e+00 1.664369702339172363e+00 -6.594689846038818359e+00
4.857704639434814453e+00 1.773881554603576660e+00 -7.028536319732666016e+00
2.734468221664428711e+00 2.840848207473754883e+00 -5.057004928588867188e+00
2.814538240432739258e+00 2.083239078521728516e+00 -7.354612350463867188e+00
2.024784564971923828e+00 2.323527574539184570e+00 -6.807595252990722656e+00
9.330985695123672485e-02 3.299998998641967773e+00 -6.268768787384033203e+00
2.697312235832214355e-01 2.955995798110961914e+00 -7.756219387054443359e+00
3.006128072738647461e-01 3.027479410171508789e+00 -8.135311126708984375e+00
-3.296980381011962891e+00 3.396735906600952148e+00 -2.585053443908691406e+00
-5.632537364959716797e+00 3.062475681304931641e+00 -7.732579708099365234e+00
-4.809107303619384766e+00 3.484463930130004883e+00 -7.635301113128662109e+00
-4.258977890014648438e+00 3.353775739669799805e+00 -6.673686504364013672e+00
-2.166215181350708008e+00 3.283433675765991211e+00 -2.333412021398544312e-01
-1.889030218124389648e+00 3.751295566558837891e+00 -1.354425668716430664e+00
-1.528156161308288574e+00 4.093421459197998047e+00 -2.468467950820922852e+00
-1.353788733482360840e+00 4.390532970428466797e+00 -3.693381786346435547e+00
-1.182590007781982422e+00 4.401134014129638672e+00 -4.986621379852294922e+00
-4.801201820373535156e+00 4.078986644744873047e+00 -8.505292892456054688e+00
-4.506464481353759766e+00 4.555382728576660156e+00 -9.024980545043945312e+00
-1.981300473213195801e+00 4.462729454040527344e+00 -7.510683059692382812e+00
-3.350891113281250000e+00 4.458617210388183594e+00 -8.331370353698730469e+00
-1.542277812957763672e+00 3.651481628417968750e+00 -1.119803524017333984e+01
-1.229611039161682129e+00 3.506564617156982422e+00 -1.106216526031494141e+01
-3.829168319702148438e+00 4.851879596710205078e+00 -1.070483303070068359e+01
-2.048630475997924805e+00 4.179986000061035156e+00 -9.849740028381347656e+00
-3.122222423553466797e-01 3.479115247726440430e+00 -9.964967727661132812e+00
-2.159303903579711914e+00 4.561439514160156250e+00 -6.120333194732666016e+00
5.308799266815185547e+00 3.310717821121215820e+00 2.421877384185791016e+00
6.082622528076171875e+00 3.283253669738769531e+00 1.858013272285461426e+00
1.963794112205505371e+00 7.015120983123779297e-01 -1.028533172607421875e+01
-5.178344249725341797e-01 2.794028997421264648e+00 -1.161446857452392578e+01
4.404128789901733398e-01 2.522966861724853516e+00 -1.076796913146972656e+01
