1.559382081031799316e+00 -4.930651187896728516e+00 -2.713025093078613281e+00
2.275150060653686523e+00 -4.773661613464355469e+00 -1.921844124794006348e+00
1.512740373611450195e+00 -4.784737586975097656e+00 -2.307791709899902344e+00
-5.068877696990966797e+00 -8.108838081359863281e+00 -7.822104930877685547e+00
-4.999586582183837891e+00 -8.061278343200683594e+00 -1.156783294677734375e+01
-4.185093402862548828e+00 -8.321085929870605469e+00 -9.419533729553222656e+00
-7.270863056182861328e+00 -7.468390464782714844e+00 -7.059020519256591797e+00
-7.775008201599121094e+00 -7.350615978240966797e+00 -7.967307090759277344e+00
-5.692436695098876953e+00 -8.128805160522460938e+00 -9.823687553405761719e+00
-6.220761775970458984e+00 -7.997683048248291016e+00 -9.061574935913085938e+00
-6.480853557586669922e+00 -7.344573020935058594e+00 -1.205417442321777344e+01
-8.411027908325195312e+00 -6.366211414337158203e+00 -1.057578945159912109e+01
-8.333822250366210938e+00 -6.188898563385009766e+00 -1.129378223419189453e+01
-9.642412185668945312e+00 -5.266106128692626953e+00 -8.362675666809082031e+00
-1.005096912384033203e+01 -4.324119091033935547e+00 -8.715533256530761719e+00
-9.587244987487792969e+00 -4.641231536865234375e+00 -1.086672973632812500e+01
-8.220009803771972656e+00 -6.690317630767822266e+00 -5.445685386657714844e+00
-9.067544937133789062e+00 -6.091741085052490234e+00 -4.930433750152587891e+00
-7.968143939971923828e+00 -5.745329380035400391e+00 -3.404776811599731445e+00
-8.497027397155761719e+00 -5.228762626647949219e+00 -2.226164579391479492e+00
-6.958366870880126953e+00 -5.440222740173339844e+00 -3.112405538558959961e+00
-2.593926191329956055e+00 -5.029258251190185547e+00 -1.547934174537658691e+00
-3.373860597610473633e+00 -4.879737854003906250e+00 -5.827232599258422852e-01
-1.440687775611877441e+00 -4.990410327911376953e+00 -2.374753952026367188e-01
-7.379294872283935547e+00 -3.212107658386230469e+00 2.312214136123657227e+00
-5.355575084686279297e+00 -3.511924028396606445e+00 1.279103279113769531e+00
-3.860596656799316406e+00 -5.067004203796386719e+00 -2.136559724807739258e+00
-7.304469585418701172e+00 -4.796763420104980469e+00 -1.626534223556518555e+00
-6.307778835296630859e+00 -5.166492462158203125e+00 -2.786518335342407227e+00
-3.738611698150634766e+00 -4.412830829620361328e+00 1.345809400081634521e-01
-4.768159866333007812e+00 -7.278829574584960938e+00 -5.294518470764160156e+00
-4.545702934265136719e+00 -6.497596740722656250e+00 -4.090632915496826172e+00
-2.280538082122802734e+00 -7.654856681823730469e+00 -6.416962146759033203e+00
-2.884912729263305664e+00 -7.166947364807128906e+00 -5.066942214965820312e+00
-2.214851617813110352e+00 -7.176225185394287109e+00 -5.298950672149658203e+00
-1.356999158859252930e+00 -6.800675392150878906e+00 -5.043808460235595703e+00
-2.780080080032348633e+00 -6.776114463806152344e+00 -4.439523696899414062e+00
-5.267680168151855469e+00 -6.850386619567871094e+00 -4.678737640380859375e+00
-6.153869152069091797e+00 -7.666975021362304688e+00 -6.741928100585937500e+00
-8.704682350158691406e+00 -6.650725841522216797e+00 -6.454902648925781250e+00
-1.418002843856811523e+00 -4.979361534118652344e+00 -1.835966229438781738e+00
-9.359487295150756836e-01 -5.040625572204589844e+00 -2.276872396469116211e+00
-2.242065906524658203e+00 -5.122998714447021484e+00 -2.023157119750976562e+00
-3.520684242248535156e-01 -5.085048198699951172e+00 -1.197452068328857422e+00
6.302368640899658203e-01 -4.616125583648681641e+00 -1.597764372825622559e+00
-8.155085444450378418e-01 -5.402646064758300781e+00 -3.020405530929565430e+00
-9.001370519399642944e-03 -5.498338222503662109e+00 -3.344976186752319336e+00
6.057870388031005859e-01 -4.763278484344482422e+00 -2.125118017196655273e+00
-9.515509605407714844e+00 -4.813987731933593750e+00 -2.044562578201293945e+00
-9.939942359924316406e+00 -4.890781879425048828e+00 -4.680007934570312500e+00
-9.351772308349609375e+00 -5.581637859344482422e+00 -3.831274509429931641e+00
-1.019550132751464844e+01 -3.759825229644775391e+00 -3.287969589233398438e+00
-1.031915187835693359e+01 -3.585642099380493164e+00 -4.715513706207275391e+00
-9.120068550109863281e+00 -4.088655948638916016e+00 3.100236058235168457e-01
-9.780890464782714844e+00 -4.174581050872802734e+00 -1.408100247383117676e+00
-9.820067405700683594e+00 -3.231882810592651367e+00 -2.794963419437408447e-01
-9.598985671997070312e+00 -2.927035093307495117e+00 9.028277993202209473e-01
-9.112949371337890625e+00 -2.721562385559082031e+00 2.167570590972900391e+00
-9.279056549072265625e+00 -1.629614472389221191e+00 1.269701719284057617e+00
-1.017279338836669922e+01 -2.695156812667846680e+00 -2.523562192916870117e+00
-1.009758377075195312e+01 -1.609005331993103027e+00 -2.652248144149780273e+00
-9.464632987976074219e+00 -1.293484687805175781e+00 -8.878178000450134277e-01
-7.936420917510986328e+00 -4.183453619480133057e-01 -6.467117667198181152e-01
-1.006292533874511719e+01 -4.634834766387939453e+00 -5.545459747314453125e+00
-1.034759521484375000e+01 -3.651593446731567383e+00 -5.424681186676025391e+00
-1.053374004364013672e+01 -2.257275819778442383e+00 -5.301014423370361328e+00
-1.059123611450195312e+01 -2.097483634948730469e+00 -5.871116638183593750e+00
-1.008392047882080078e+01 -6.563838124275207520e-01 -5.353013038635253906e+00
-1.058962917327880859e+01 -2.842099666595458984e+00 -7.961427211761474609e+00
-1.071148490905761719e+01 -1.945629239082336426e+00 -8.886745452880859375e+00
-1.060256099700927734e+01 -8.094791769981384277e-01 -8.515354156494140625e+00
-9.953027725219726562e+00 -3.280954957008361816e-01 -6.704041957855224609e+00
-8.382702827453613281e+00 -2.023400515317916870e-01 -2.253512859344482422e+00
-6.926776885986328125e+00 1.701861858367919922e+00 -3.685623407363891602e+00
-9.018664360046386719e+00 3.902977108955383301e-01 -6.200893402099609375e+00
-7.577606678009033203e+00 1.442361235618591309e+00 -4.986235141754150391e+00
1.315555667877197266e+01 -5.422365665435791016e+00 4.618758678436279297e+00
1.353866672515869141e+01 -6.160935878753662109e+00 8.066827654838562012e-01
1.302319145202636719e+01 -5.965347766876220703e+00 1.489869594573974609e+00
1.488249969482421875e+01 -5.845801830291748047e+00 2.001867532730102539e+00
1.469594097137451172e+01 -4.961225986480712891e+00 3.150251626968383789e+00
1.193018341064453125e+01 -5.605147361755371094e+00 2.770228624343872070e+00
4.404775619506835938e+00 -1.086749553680419922e+00 4.972331047058105469e+00
5.272034645080566406e+00 -6.802685856819152832e-01 6.109438419342041016e+00
6.644061565399169922e+00 -4.818233013153076172e+00 -1.657830357551574707e+00
8.904921531677246094e+00 -6.241481304168701172e+00 -1.228711485862731934e+00
8.119029998779296875e+00 -6.148463249206542969e+00 -1.069073200225830078e+00
7.446618556976318359e+00 -6.219923496246337891e+00 -4.847424626350402832e-01
2.552208900451660156e+00 -5.418022155761718750e+00 4.072137475013732910e-01
4.290661334991455078e+00 -4.693047046661376953e+00 -1.493469834327697754e+00
5.162522792816162109e+00 -5.077435970306396484e+00 -1.162596583366394043e+00
2.303378820419311523e+00 -4.280638217926025391e+00 -1.260066747665405273e+00
4.110532283782958984e+00 -4.723255634307861328e+00 -1.273612618446350098e+00
5.106661796569824219e+00 -5.555460929870605469e+00 2.245030701160430908e-01
5.804735660552978516e+00 -5.950114250183105469e+00 -6.007123589515686035e-01
3.094471931457519531e+00 -5.485753059387207031e+00 -5.853309035301208496e-01
9.431618690490722656e+00 -5.091044425964355469e+00 3.103502988815307617e+00
9.950351715087890625e+00 -4.581412315368652344e+00 4.964945316314697266e+00
9.913717269897460938e+00 -4.746634006500244141e+00 4.312036514282226562e+00
8.631119728088378906e+00 -3.938419580459594727e+00 5.496260166168212891e+00
8.910663604736328125e+00 -4.892430782318115234e+00 3.181517601013183594e+00
9.014896392822265625e+00 -5.864921092987060547e+00 1.445649743080139160e+00
8.676836013793945312e+00 -6.059473991394042969e+00 9.544596672058105469e-01
5.515480041503906250e+00 -1.238328576087951660e+00 4.109476089477539062e+00
6.159511566162109375e+00 -3.650155305862426758e+00 2.429499626159667969e+00
5.588895797729492188e+00 -3.941677570343017578e+00 1.889724969863891602e+00
4.516338348388671875e+00 -1.862451434135437012e+00 3.101456165313720703e+00
4.613010883331298828e+00 -1.441597461700439453e+00 3.760911226272583008e+00
6.877480030059814453e+00 -2.376963138580322266e+00 4.396771907806396484e+00
6.664927005767822266e+00 -1.813601732254028320e+00 5.665638446807861328e+00
6.537036895751953125e+00 -5.428044319152832031e+00 9.517027139663696289e-01
1.201395416259765625e+01 -4.098135471343994141e+00 6.015460968017578125e+00
1.372016525268554688e+01 -4.459721088409423828e+00 4.643991947174072266e+00
1.256634044647216797e+01 -3.223446607589721680e+00 4.979651451110839844e+00
1.343909358978271484e+01 -3.220221996307373047e+00 3.277853488922119141e+00
7.745469570159912109e+00 -2.781375646591186523e+00 7.016431808471679688e+00
7.324557781219482422e+00 -2.261147975921630859e+00 6.895439147949218750e+00
4.233995914459228516e+00 -3.317110240459442139e-01 6.859673976898193359e+00
9.584562301635742188e+00 -4.011098861694335938e+00 6.751790046691894531e+00
1.036267852783203125e+01 -2.697496891021728516e+00 6.725593566894531250e+00
1.073359584808349609e+01 -2.202138423919677734e+00 5.740854740142822266e+00
8.643872261047363281e+00 -1.314201235771179199e+00 6.749614715576171875e+00
9.005424499511718750e+00 -9.913212060928344727e-01 5.646435737609863281e+00
1.107958793640136719e+01 -1.996876239776611328e+00 4.687617301940917969e+00
1.141755580902099609e+01 -1.770941376686096191e+00 3.627718210220336914e+00
6.605674743652343750e+00 -1.251927614212036133e+00 6.501705646514892578e+00
7.747100830078125000e+00 -7.256087660789489746e-01 6.516379356384277344e+00
7.049045085906982422e+00 2.182522416114807129e-01 5.884548187255859375e+00
6.284413337707519531e+00 -5.981706082820892334e-03 6.160937786102294922e+00
5.685393810272216797e+00 1.087660789489746094e+00 5.644346714019775391e+00
8.103656768798828125e+00 4.467134475708007812e-01 4.613533496856689453e+00
5.749128818511962891e+00 2.204555749893188477e+00 4.225168704986572266e+00
6.149940490722656250e+00 2.299476623535156250e+00 3.764158010482788086e+00
-2.133227586746215820e+00 -2.794486761093139648e+00 3.778220176696777344e+00
-1.522644162178039551e+00 -3.797209739685058594e+00 1.667648434638977051e+00
-1.476657032966613770e+00 -4.646589756011962891e+00 3.914975821971893311e-01
-1.617159128189086914e+00 -2.858406305313110352e+00 3.502386331558227539e+00
-2.453916221857070923e-01 -2.655549287796020508e+00 2.382969856262207031e+00
-5.071736335754394531e+00 -3.476619958877563477e+00 1.471387267112731934e+00
-4.359298706054687500e+00 -3.314365148544311523e+00 2.206024408340454102e+00
-5.805513381958007812e+00 -2.596734285354614258e+00 3.395190954208374023e+00
-5.279152870178222656e+00 -3.017513275146484375e+00 2.538822412490844727e+00
-4.095408916473388672e+00 -2.825264692306518555e+00 3.384803056716918945e+00
-2.759742498397827148e+00 -1.618430495262145996e+00 4.883349418640136719e+00
-5.654622554779052734e+00 -1.267497181892395020e+00 4.709983348846435547e+00
-5.351366996765136719e+00 -7.369182109832763672e-01 4.910974502563476562e+00
2.529644012451171875e+00 -1.695615291595458984e+00 3.685790300369262695e+00
1.366888642311096191e+00 -8.738346695899963379e-01 4.150562286376953125e+00
-6.314721703529357910e-02 -1.182598710060119629e+00 3.667183876037597656e+00
1.081806540489196777e+00 -2.977054417133331299e-01 4.685551643371582031e+00
2.504731893539428711e+00 -1.014853000640869141e+00 5.312365531921386719e+00
3.507682561874389648e+00 -5.164334774017333984e-01 6.667490005493164062e+00
1.101322412490844727e+00 7.934878468513488770e-01 5.419428825378417969e+00
-3.226597070693969727e+00 -1.388251185417175293e+00 5.012866973876953125e+00
-4.246217727661132812e+00 3.014942109584808350e-01 5.011878967285156250e+00
-2.751566886901855469e+00 5.674648880958557129e-01 5.138540744781494141e+00
-1.174409151077270508e+00 1.622296929359436035e+00 4.410608768463134766e+00
-3.889609813690185547e+00 1.022718906402587891e+00 4.050341606140136719e+00
-3.825272083282470703e+00 1.424295663833618164e+00 2.891115903854370117e+00
-1.786470413208007812e-01 -5.097805023193359375e+00 -7.983899116516113281e-02
2.965154349803924561e-01 -4.955639362335205078e+00 -1.140167042613029480e-01
8.138756752014160156e-01 -4.962064743041992188e+00 3.482456505298614502e-02
1.645077109336853027e+00 -3.795964241027832031e+00 1.424449443817138672e+00
1.480942487716674805e+00 -4.994963645935058594e+00 5.838309526443481445e-01
1.621566414833068848e+00 -3.760835409164428711e+00 -1.359947919845581055e+00
1.886131167411804199e+00 -2.617393970489501953e+00 2.365035772323608398e+00
2.273830413818359375e+00 1.527274012565612793e+00 5.564026355743408203e+00
2.859546899795532227e+00 2.491625308990478516e+00 4.221785545349121094e+00
2.595260143280029297e+00 2.965167284011840820e+00 3.008104562759399414e+00
-8.674117326736450195e-01 2.487759113311767578e+00 2.619913816452026367e+00
-6.720501184463500977e-01 1.964843392372131348e+00 4.186193943023681641e+00
5.635381340980529785e-01 2.564011096954345703e+00 3.248499155044555664e+00
-1.730212926864624023e+00 3.177404403686523438e+00 1.097779646515846252e-01
-7.585964202880859375e+00 -2.459640026092529297e+00 3.555756807327270508e+00
-7.329060077667236328e+00 -1.424364805221557617e+00 4.217967033386230469e+00
-7.960751056671142578e+00 -8.135954141616821289e-01 2.907562494277954102e+00
-6.812160968780517578e+00 -1.160953998565673828e+00 4.463449954986572266e+00
-7.016094207763671875e+00 -3.676612079143524170e-01 3.060321569442749023e+00
-6.419924259185791016e+00 1.892311424016952515e-01 1.420379757881164551e+00
-6.219144821166992188e+00 1.395016312599182129e-01 2.391410112380981445e+00
-6.923758983612060547e+00 2.271415144205093384e-01 -8.150717020034790039e-01
-3.745423078536987305e+00 1.649916768074035645e+00 1.846415996551513672e+00
-5.362740039825439453e+00 2.015155076980590820e+00 -1.991847276687622070e+00
-3.647947549819946289e+00 3.036130905151367188e+00 -1.668516874313354492e+00
3.365161180496215820e+00 7.565590143203735352e-01 6.468599796295166016e+00
2.963576316833496094e+00 1.806295275688171387e+00 5.363870620727539062e+00
3.815987110137939453e+00 2.178091287612915039e+00 4.801740169525146484e+00
4.513558864593505859e+00 2.664000511169433594e+00 3.740697622299194336e+00
3.864705085754394531e+00 3.157620906829833984e+00 2.947839260101318359e+00
7.756408214569091797e+00 -4.893824577331542969e+00 -3.950597763061523438e+00
2.375576019287109375e+00 -5.071258068084716797e+00 -3.051306724548339844e+00
5.490788459777832031e+00 -4.728163242340087891e+00 -2.516836881637573242e+00
6.316219806671142578e+00 -4.678467273712158203e+00 -2.963325977325439453e+00
3.031174182891845703e+00 -5.007632255554199219e+00 -2.931418180465698242e+00
2.089846849441528320e+00 -5.929831981658935547e+00 -5.249279499053955078e+00
2.625629901885986328e+00 -5.807670593261718750e+00 -6.251049041748046875e+00
3.888857126235961914e+00 -5.141332149505615234e+00 -5.595154285430908203e+00
5.920093536376953125e+00 -4.813948154449462891e+00 -3.724586248397827148e+00
7.155171871185302734e+00 -4.956505298614501953e+00 -4.059491634368896484e+00
2.442744731903076172e+00 -5.620691299438476562e+00 -8.457080841064453125e+00
8.318161010742187500e+00 -4.972917556762695312e+00 -5.996993064880371094e+00
3.299135446548461914e+00 -5.331403732299804688e+00 -7.113656520843505859e+00
3.711865901947021484e+00 -4.722355842590332031e+00 -7.896964073181152344e+00
6.287083148956298828e+00 -5.070307731628417969e+00 -5.370483398437500000e+00
7.405964374542236328e+00 -4.928580284118652344e+00 -6.321904659271240234e+00
5.875983238220214844e+00 -4.177117347717285156e+00 -7.245247364044189453e+00
7.532622337341308594e+00 -4.029444694519042969e+00 -7.361206054687500000e+00
5.587362766265869141e+00 -3.863491535186767578e+00 -7.624979972839355469e+00
5.158250808715820312e+00 -2.839720010757446289e+00 -8.641924858093261719e+00
5.232781887054443359e+00 -2.081546783447265625e+00 -8.896290779113769531e+00
-3.349525928497314453e+00 -7.970279693603515625e+00 -1.205582523345947266e+01
-3.131236076354980469e+00 -8.214937210083007812e+00 -1.051666164398193359e+01
-3.961579561233520508e+00 -7.543444156646728516e+00 -1.315922164916992188e+01
-1.581967473030090332e+00 -6.563253879547119141e+00 -1.324229812622070312e+01
-3.557193994522094727e+00 -6.334051132202148438e+00 -1.445991325378417969e+01
-3.375585556030273438e+00 -5.280464649200439453e+00 -1.519192790985107422e+01
-6.632026195526123047e+00 -6.536262035369873047e+00 -1.317097759246826172e+01
-7.072884082794189453e+00 -6.212323188781738281e+00 -1.318875789642333984e+01
-7.758651733398437500e+00 -5.231760501861572266e+00 -1.367532920837402344e+01
-5.720104217529296875e+00 -7.132115364074707031e+00 -1.307811737060546875e+01
-8.474529266357421875e+00 -5.364723682403564453e+00 -1.256416225433349609e+01
-7.364510059356689453e+00 -4.563825607299804688e+00 -1.457288837432861328e+01
-4.151724338531494141e+00 -5.534335613250732422e+00 -1.502860164642333984e+01
-5.996518135070800781e+00 -4.381093502044677734e+00 -1.525601482391357422e+01
-2.712016582489013672e+00 -5.387818336486816406e+00 -1.501348972320556641e+01
-2.178173065185546875e+00 -4.295026779174804688e+00 -1.536860656738281250e+01
-3.723293542861938477e+00 -3.714654684066772461e+00 -1.575158309936523438e+01
-2.791068315505981445e+00 -3.186286211013793945e+00 -1.571454620361328125e+01
-4.989688873291015625e+00 -2.648046016693115234e+00 -1.593980789184570312e+01
-3.921303272247314453e+00 -1.503539204597473145e+00 -1.593499279022216797e+01
-9.301041603088378906e+00 -4.440297126770019531e+00 -1.222099113464355469e+01
-8.934885978698730469e+00 -4.000180244445800781e+00 -1.344528293609619141e+01
-9.911664962768554688e+00 -2.861120939254760742e+00 -1.234547519683837891e+01
-1.040123558044433594e+01 -1.437420964241027832e+00 -1.151823997497558594e+01
-8.549095153808593750e+00 -3.348247528076171875e+00 -1.435986328125000000e+01
-7.692393779754638672e+00 -2.965039253234863281e+00 -1.519696807861328125e+01
-9.822847366333007812e+00 -9.228116273880004883e-01 -1.328164672851562500e+01
-9.376313209533691406e+00 -3.261378705501556396e-01 -1.420248413085937500e+01
-8.488348960876464844e+00 -9.497451782226562500e-01 -1.507247447967529297e+01
-7.136242389678955078e+00 1.617376059293746948e-01 -1.576934719085693359e+01
-7.628006458282470703e+00 8.161347508430480957e-01 -1.553480720520019531e+01
-1.522038936614990234e+00 -7.555449008941650391e+00 -6.888364315032958984e+00
-4.210352897644042969e-01 -7.156397819519042969e+00 -8.631713867187500000e+00
7.334490865468978882e-02 -6.568399429321289062e+00 -5.589638233184814453e+00
6.190593242645263672e-01 -6.685156345367431641e+00 -6.756848812103271484e+00
-2.396061420440673828e-01 -6.930723667144775391e+00 -9.610834121704101562e+00
-5.075502768158912659e-02 -5.895457267761230469e+00 -1.240216732025146484e+01
1.352517843246459961e+00 -6.388620376586914062e+00 -6.418451309204101562e+00
2.020968675613403320e+00 -5.951854228973388672e+00 -8.190195083618164062e+00
-7.607915997505187988e-01 -5.087341308593750000e+00 -1.430379390716552734e+01
1.024670481681823730e+00 -4.963354587554931641e+00 -1.243791007995605469e+01
-1.231033921241760254e+00 -3.739719152450561523e+00 -1.520216369628906250e+01
-1.931281536817550659e-01 -3.007396697998046875e+00 -1.485875511169433594e+01
1.960156321525573730e+00 -5.053639888763427734e+00 -1.069717502593994141e+01
-1.088743209838867188e+00 -2.405314922332763672e+00 -1.528076076507568359e+01
-1.308072209358215332e+00 -1.697617530822753906e+00 -1.534022521972656250e+01
2.141588449478149414e+00 -3.536602973937988281e+00 -1.149228191375732422e+01
8.840562701225280762e-01 -1.870452642440795898e+00 -1.348648452758789062e+01
7.970908284187316895e-01 -1.144528031349182129e+00 -1.333450794219970703e+01
-2.607119798660278320e+00 -1.778163194656372070e+00 -1.569801998138427734e+01
-2.676989316940307617e+00 -8.093149065971374512e-01 -1.564064311981201172e+01
-5.085180759429931641e+00 4.552192986011505127e-01 -1.588912296295166016e+01
-2.886960983276367188e+00 1.007643699645996094e+00 -1.536699867248535156e+01
-2.165222644805908203e+00 1.174593448638916016e+00 -1.512374687194824219e+01
-4.988884031772613525e-01 1.149296641349792480e+00 -1.388932514190673828e+01
-2.882850408554077148e+00 2.079850912094116211e+00 -1.503439044952392578e+01
-2.466969490051269531e+00 2.788484811782836914e+00 -1.464491939544677734e+01
2.704000711441040039e+00 -3.967795133590698242e+00 -1.033734989166259766e+01
3.521389722824096680e+00 -2.611425161361694336e+00 -1.011265563964843750e+01
3.012164115905761719e+00 -1.849017381668090820e+00 -1.085293102264404297e+01
9.632523059844970703e-01 -2.821497023105621338e-01 -1.281279277801513672e+01
1.481731176376342773e+00 5.622657015919685364e-03 -1.210968399047851562e+01
2.347768783569335938e+00 -2.194089889526367188e-01 -1.122632217407226562e+01
1.079692006111145020e+00 4.159032702445983887e-01 -1.233518218994140625e+01
-1.051184368133544922e+01 -9.642454981803894043e-01 -1.099225234985351562e+01
-9.970045089721679688e+00 6.878957748413085938e-01 -1.291810989379882812e+01
-1.030368804931640625e+01 -1.270993333309888840e-02 -1.048475265502929688e+01
-1.007338428497314453e+01 -1.174399256706237793e-01 -9.022509574890136719e+00
-9.727290153503417969e+00 5.484682321548461914e-01 -1.002487850189208984e+01
-9.964652061462402344e+00 9.265663623809814453e-01 -1.154975223541259766e+01
-9.435367584228515625e+00 2.036887407302856445e+00 -1.278175449371337891e+01
-8.823267936706542969e+00 1.404579997062683105e+00 -9.338870048522949219e+00
-8.418541908264160156e+00 2.402872800827026367e+00 -1.037317180633544922e+01
-8.200716972351074219e+00 1.161903858184814453e+00 -6.067961215972900391e+00
-7.966506958007812500e+00 1.602064967155456543e+00 -7.146618843078613281e+00
-8.288806915283203125e+00 1.890736222267150879e+00 -8.732109069824218750e+00
-7.903338909149169922e+00 2.555987834930419922e+00 -9.728435516357421875e+00
-6.300417423248291016e+00 2.702097892761230469e+00 -7.676337242126464844e+00
-6.217027664184570312e+00 3.014962196350097656e+00 -8.158368110656738281e+00
-8.636272430419921875e+00 2.204107522964477539e+00 -1.429020023345947266e+01
-8.037232398986816406e+00 2.231517076492309570e+00 -1.473009872436523438e+01
-7.638309478759765625e+00 3.443111181259155273e+00 -1.351168727874755859e+01
-6.657182693481445312e+00 4.267506122589111328e+00 -1.313646793365478516e+01
-6.100193977355957031e+00 1.896474599838256836e+00 -1.547580528259277344e+01
-5.844697475433349609e+00 2.186087846755981445e+00 -1.532708358764648438e+01
-5.171237468719482422e+00 3.968343496322631836e+00 -1.412091732025146484e+01
-4.615768432617187500e+00 3.961227178573608398e+00 -1.424846839904785156e+01
-5.868386745452880859e+00 3.771074295043945312e+00 -1.412385654449462891e+01
-8.274682998657226562e+00 3.286251306533813477e+00 -1.224572181701660156e+01
-6.244810104370117188e+00 4.418194770812988281e+00 -1.237950134277343750e+01
-5.558044433593750000e+00 4.388167381286621094e+00 -1.074133872985839844e+01
-3.389631032943725586e+00 4.234028339385986328e+00 -1.348707485198974609e+01
-3.171976089477539062e+00 4.295605182647705078e+00 -1.286863327026367188e+01
-5.221682548522949219e+00 4.439116477966308594e+00 -1.221784877777099609e+01
-4.469921588897705078e+00 4.637089729309082031e+00 -1.232508277893066406e+01
-3.217934608459472656e+00 4.686764240264892578e+00 -1.144201183319091797e+01
-4.958950042724609375e+00 4.791312217712402344e+00 -1.084689903259277344e+01
-3.796349525451660156e+00 4.895186424255371094e+00 -1.117055988311767578e+01
-6.642302989959716797e+00 3.688818931579589844e+00 -1.049910259246826172e+01
-5.934385776519775391e+00 3.631604194641113281e+00 -9.030993461608886719e+00
3.056354522705078125e+00 -1.918059289455413818e-01 -1.030051708221435547e+01
-1.404438763856887817e-01 1.527493119239807129e+00 -1.287659549713134766e+01
-2.115836858749389648e+00 3.220795869827270508e+00 -1.359363555908203125e+01
9.947969913482666016e-01 8.008953332901000977e-01 -1.168849372863769531e+01
-1.055756568908691406e+00 2.883608818054199219e+00 -1.233709335327148438e+01
-2.715123653411865234e+00 3.845636129379272461e+00 -1.326877689361572266e+01
-1.651425838470458984e+00 3.646628618240356445e+00 -1.187363910675048828e+01
1.143218135833740234e+01 -6.486946582794189453e+00 -3.349416494369506836e+00
1.332048130035400391e+01 -6.650276660919189453e+00 -1.685136556625366211e+00
1.117063045501708984e+01 -6.431251525878906250e+00 -8.178354501724243164e-01
1.097420978546142578e+01 -6.437787532806396484e+00 -2.574024915695190430e+00
1.434787368774414062e+01 -6.915593147277832031e+00 -4.988827228546142578e+00
1.198587799072265625e+01 -6.544096946716308594e+00 -3.950514554977416992e+00
1.269367313385009766e+01 -6.527629375457763672e+00 -5.445657730102539062e+00
1.314481067657470703e+01 -6.835423469543457031e+00 -3.633204698562622070e+00
1.562041664123535156e+01 -6.986831665039062500e+00 -3.554319620132446289e+00
1.605841636657714844e+01 -5.925818920135498047e+00 -4.142567634582519531e+00
1.623643302917480469e+01 -6.446304798126220703e+00 -1.120182156562805176e+00
1.636993789672851562e+01 -5.656083106994628906e+00 -2.006520986557006836e+00
1.457031154632568359e+01 -6.510719776153564453e+00 9.975945949554443359e-02
1.480655765533447266e+01 -6.899390697479248047e+00 -1.505262613296508789e+00
1.535971164703369141e+01 -6.162091255187988281e+00 1.030341625213623047e+00
1.477043628692626953e+01 -3.994636058807373047e+00 2.042499065399169922e+00
1.512390613555908203e+01 -4.156957149505615234e+00 9.393605589866638184e-01
1.432046890258789062e+01 -3.287468194961547852e+00 1.091702818870544434e+00
1.580531787872314453e+01 -4.880468368530273438e+00 -3.312416553497314453e+00
1.522821235656738281e+01 -4.016125202178955078e+00 -2.533822774887084961e+00
1.520725917816162109e+01 -3.927083492279052734e+00 -9.698621034622192383e-01
1.496184921264648438e+01 -3.596325874328613281e+00 -1.471729755401611328e+00
1.431404685974121094e+01 -2.823732852935791016e+00 -8.427060246467590332e-01
1.380199050903320312e+01 -6.705685615539550781e+00 -6.210134506225585938e+00
1.524134445190429688e+01 -5.914120197296142578e+00 -6.508072853088378906e+00
1.236056804656982422e+01 -6.415521621704101562e+00 -6.631802082061767578e+00
1.290356254577636719e+01 -5.878364086151123047e+00 -7.417439937591552734e+00
1.592401790618896484e+01 -5.818874359130859375e+00 -5.601616382598876953e+00
1.559418296813964844e+01 -5.060321807861328125e+00 -5.891020298004150391e+00
1.502124977111816406e+01 -4.395650386810302734e+00 -5.498179912567138672e+00
1.324585247039794922e+01 -5.487241268157958984e+00 -7.272387981414794922e+00
1.261801528930664062e+01 -4.936427593231201172e+00 -6.584737300872802734e+00
1.347796726226806641e+01 -4.452818393707275391e+00 -6.062966346740722656e+00
1.360441875457763672e+01 -3.363095998764038086e+00 -4.909453868865966797e+00
1.498718833923339844e+01 -3.701580047607421875e+00 -2.775796175003051758e+00
1.490890598297119141e+01 -3.724343776702880859e+00 -4.460075378417968750e+00
1.434933853149414062e+01 -2.887994527816772461e+00 -3.708150148391723633e+00
1.015836620330810547e+01 -5.973510265350341797e+00 -2.725344181060791016e+00
6.985643386840820312e+00 -4.738182544708251953e+00 -2.357568979263305664e+00
7.272907733917236328e+00 -4.802365779876708984e+00 -1.928713917732238770e+00
6.838418483734130859e+00 -4.685450077056884766e+00 -2.922255277633666992e+00
1.047946739196777344e+01 -6.264641761779785156e+00 -2.322640895843505859e+00
9.006042480468750000e+00 -5.502916812896728516e+00 -1.925634026527404785e+00
7.945469379425048828e+00 -5.067712306976318359e+00 -1.560432672500610352e+00
9.593043327331542969e+00 -5.501597881317138672e+00 -3.417826175689697266e+00
9.950379371643066406e+00 -5.514586925506591797e+00 -4.644607543945312500e+00
8.326331138610839844e+00 -4.966067790985107422e+00 -3.946499824523925781e+00
1.352958202362060547e+01 -2.149137973785400391e+00 1.265165023505687714e-02
1.217394161224365234e+01 -8.177309036254882812e-01 -9.899536967277526855e-01
1.095910263061523438e+01 -5.926088809967041016e+00 -5.473307609558105469e+00
1.102103137969970703e+01 -5.390938758850097656e+00 -6.007959842681884766e+00
9.590938568115234375e+00 -5.047959327697753906e+00 -5.181362628936767578e+00
1.171207332611083984e+01 -4.673988342285156250e+00 -6.146965980529785156e+00
9.178786277770996094e+00 -4.303423881530761719e+00 -6.398822307586669922e+00
1.039621067047119141e+01 -3.525421142578125000e+00 -5.845082283020019531e+00
1.246425437927246094e+01 -3.664791107177734375e+00 -5.423567295074462891e+00
1.064255237579345703e+01 -3.184507131576538086e+00 -5.640243530273437500e+00
1.066801071166992188e+01 -2.257417201995849609e+00 -5.227443218231201172e+00
8.540680885314941406e+00 -3.673169612884521484e+00 -7.016735076904296875e+00
9.048546791076660156e+00 -3.072224140167236328e+00 -6.550286769866943359e+00
8.054412841796875000e+00 -2.026538848876953125e+00 -6.896035671234130859e+00
1.040365886688232422e+01 -1.592805981636047363e+00 -5.091161727905273438e+00
8.255312919616699219e+00 -1.699518561363220215e+00 -6.627982139587402344e+00
8.748553276062011719e+00 -4.763702154159545898e-01 -5.832809925079345703e+00
7.282451152801513672e+00 -1.614658534526824951e-01 -6.911556243896484375e+00
1.326187801361083984e+01 -2.114197015762329102e+00 -4.022459983825683594e+00
1.343762779235839844e+01 -1.653958320617675781e+00 -1.892258882522583008e+00
1.319447803497314453e+01 -1.313468337059020996e+00 -3.112096786499023438e+00
1.236965942382812500e+01 -4.403332471847534180e-01 -2.193057775497436523e+00
1.203188037872314453e+01 -1.300648152828216553e-01 -2.806799650192260742e+00
1.240428829193115234e+01 -1.906497716903686523e+00 -4.330570220947265625e+00
1.120499324798583984e+01 -1.226106405258178711e+00 -4.457668781280517578e+00
1.148652839660644531e+01 -5.712041258811950684e-01 -3.839630365371704102e+00
1.015636920928955078e+01 1.541487455368041992e+00 -1.726328134536743164e+00
9.283403396606445312e+00 2.363283634185791016e+00 -2.872642278671264648e+00
9.331331253051757812e+00 2.300470113754272461e+00 -3.346065521240234375e+00
8.569167137145996094e+00 2.924071788787841797e+00 -2.360133171081542969e+00
1.021166419982910156e+01 -9.065509438514709473e-01 -4.986931800842285156e+00
1.065064144134521484e+01 3.029371798038482666e-01 -4.111094951629638672e+00
8.367851257324218750e+00 1.327282190322875977e-01 -5.849945068359375000e+00
7.016520023345947266e+00 9.864572882652282715e-01 -6.423399925231933594e+00
1.383820056915283203e+01 -3.313743591308593750e+00 2.644954919815063477e+00
1.241766357421875000e+01 -2.271013021469116211e+00 2.967197656631469727e+00
1.122456169128417969e+01 -7.340487837791442871e-01 1.492327928543090820e+00
1.141803073883056641e+01 -5.826845765113830566e-01 3.262975215911865234e-01
9.923775672912597656e+00 -2.785831093788146973e-01 3.188420534133911133e+00
8.835599899291992188e+00 1.063506364822387695e+00 2.663228750228881836e+00
9.397037506103515625e+00 7.431569099426269531e-01 2.129387855529785156e+00
7.306081295013427734e+00 2.095256328582763672e+00 3.006688594818115234e+00
7.147095680236816406e+00 2.743776082992553711e+00 1.854331970214843750e+00
9.792444229125976562e+00 9.555446505546569824e-01 3.858304619789123535e-01
1.002859592437744141e+01 1.325928688049316406e+00 -9.686055183410644531e-01
7.982793331146240234e+00 2.662261962890625000e+00 4.410841763019561768e-01
3.349802494049072266e+00 4.273135185241699219e+00 -3.463193476200103760e-01
6.211222171783447266e+00 3.550981760025024414e+00 2.821850180625915527e-01
5.477254867553710938e+00 4.036801815032958984e+00 -2.225576162338256836e+00
3.670693635940551758e+00 4.387440681457519531e+00 -6.848376393318176270e-01
2.846295833587646484e+00 3.818348169326782227e+00 -2.455907583236694336e+00
2.958644151687622070e+00 3.507759571075439453e+00 -3.326470375061035156e+00
-9.877054095268249512e-01 3.799605369567871094e+00 -7.626652717590332031e-01
2.146008729934692383e+00 3.142045497894287109e+00 -4.383233547210693359e+00
8.991491049528121948e-03 4.162744522094726562e+00 -3.141983985900878906e+00
3.056365847587585449e-01 3.711019277572631836e+00 -4.695850372314453125e+00
2.378971338272094727e+00 3.806277036666870117e+00 -2.565010309219360352e+00
5.101361751556396484e+00 -8.739792704582214355e-01 -8.891583442687988281e+00
2.941572904586791992e+00 3.082308471202850342e-01 -9.604385375976562500e+00
5.063985824584960938e+00 5.073994398117065430e-01 -8.109722137451171875e+00
3.641253471374511719e+00 5.614542365074157715e-01 -8.964524269104003906e+00
2.522982835769653320e+00 5.025961995124816895e-01 -9.798901557922363281e+00
1.546147346496582031e+00 1.850653290748596191e+00 -9.910467147827148438e+00
3.300437927246093750e-01 3.150627136230468750e+00 -9.155318260192871094e+00
1.110316067934036255e-01 3.003174781799316406e+00 -1.045612144470214844e+01
5.656084537506103516e+00 2.807705879211425781e+00 -4.854949474334716797e+00
6.162791728973388672e+00 1.886659145355224609e+00 -6.086760044097900391e+00
4.699563980102539062e+00 2.689939498901367188e+00 -5.243145942687988281e+00
4.796492576599121094e+00 2.382981777191162109e+00 -5.955614089965820312e+00
6.610799789428710938e+00 3.745838880538940430e+00 -2.717838287353515625e+00
6.586658477783203125e+00 1.285096645355224609e+00 -6.424416065216064453e+00
5.712963104248046875e+00 1.668263792991638184e+00 -6.599066257476806641e+00
4.859451293945312500e+00 1.779073953628540039e+00 -7.030858516693115234e+00
2.735626459121704102e+00 2.848656177520751953e+00 -5.058220386505126953e+00
2.815195798873901367e+00 2.087766885757446289e+00 -7.354977607727050781e+00
2.026899099349975586e+00 2.328222990036010742e+00 -6.808527946472167969e+00
9.383154660463333130e-02 3.303976535797119141e+00 -6.268449783325195312e+00
2.705549895763397217e-01 2.961117029190063477e+00 -7.755499839782714844e+00
3.022560775279998779e-01 3.032964229583740234e+00 -8.135116577148437500e+00
-3.297564983367919922e+00 3.401144266128540039e+00 -2.583990573883056641e+00
-5.635875225067138672e+00 3.071628570556640625e+00 -7.729113101959228516e+00
-4.809718608856201172e+00 3.489537239074707031e+00 -7.634119987487792969e+00
-4.258509159088134766e+00 3.355305194854736328e+00 -6.674061298370361328e+00
-2.168087959289550781e+00 3.289272069931030273e+00 -2.301388829946517944e-01
-1.890842914581298828e+00 3.758010149002075195e+00 -1.352135062217712402e+00
-1.529286384582519531e+00 4.101903915405273438e+00 -2.466693162918090820e+00
-1.354387283325195312e+00 4.396388530731201172e+00 -3.692154407501220703e+00
-1.183247685432434082e+00 4.403937339782714844e+00 -4.985726356506347656e+00
-4.801914215087890625e+00 4.086954593658447266e+00 -8.503032684326171875e+00
-4.506117343902587891e+00 4.564348697662353516e+00 -9.022902488708496094e+00
-1.981582641601562500e+00 4.466062545776367188e+00 -7.509963989257812500e+00
-3.351049661636352539e+00 4.462506294250488281e+00 -8.330628395080566406e+00
-1.542846918106079102e+00 3.654692649841308594e+00 -1.119678592681884766e+01
-1.229989886283874512e+00 3.509357929229736328e+00 -1.106114482879638672e+01
-3.828641891479492188e+00 4.858959674835205078e+00 -1.070352745056152344e+01
-2.048354864120483398e+00 4.184781074523925781e+00 -9.849098205566406250e+00
-3.125640749931335449e-01 3.482717752456665039e+00 -9.964653968811035156e+00
-2.160055160522460938e+00 4.562604904174804688e+00 -6.119131565093994141e+00
5.268868923187255859e+00 3.207468271255493164e+00 2.349711656570434570e+00
6.039575099945068359e+00 3.187222480773925781e+00 1.799918174743652344e+00
1.965113401412963867e+00 7.052170038223266602e-01 -1.028575515747070312e+01
-5.183471441268920898e-01 2.796263217926025391e+00 -1.161349296569824219e+01
4.407668411731719971e-01 2.525964975357055664e+00 -1.076780223846435547e+01
