1.560597896575927734e+00 -4.929064750671386719e+00 -2.715749025344848633e+00
2.277229785919189453e+00 -4.772325038909912109e+00 -1.927094459533691406e+00
1.514294624328613281e+00 -4.782373428344726562e+00 -2.310943841934204102e+00
-5.068912506103515625e+00 -8.108740806579589844e+00 -7.822226524353027344e+00
-4.999168395996093750e+00 -8.061434745788574219e+00 -1.156789779663085938e+01
-4.185052394866943359e+00 -8.320955276489257812e+00 -9.419605255126953125e+00
-7.271085262298583984e+00 -7.468582153320312500e+00 -7.059077262878417969e+00
-7.775092601776123047e+00 -7.350760459899902344e+00 -7.967315673828125000e+00
-5.692176818847656250e+00 -8.128783226013183594e+00 -9.823716163635253906e+00
-6.220705986022949219e+00 -7.997578620910644531e+00 -9.061570167541503906e+00
-6.480160236358642578e+00 -7.344772815704345703e+00 -1.205436229705810547e+01
-8.410564422607421875e+00 -6.366757869720458984e+00 -1.057592582702636719e+01
-8.332406997680664062e+00 -6.189412593841552734e+00 -1.129390811920166016e+01
-9.643333435058593750e+00 -5.267538070678710938e+00 -8.363141059875488281e+00
-1.005325222015380859e+01 -4.326637744903564453e+00 -8.716030120849609375e+00
-9.587635993957519531e+00 -4.643511295318603516e+00 -1.086746978759765625e+01
-8.220222473144531250e+00 -6.690635681152343750e+00 -5.445760726928710938e+00
-9.067749977111816406e+00 -6.092129707336425781e+00 -4.930476188659667969e+00
-7.968175888061523438e+00 -5.745405197143554688e+00 -3.405052423477172852e+00
-8.496915817260742188e+00 -5.228466033935546875e+00 -2.226685285568237305e+00
-6.958395004272460938e+00 -5.440289497375488281e+00 -3.112821340560913086e+00
-2.593315601348876953e+00 -5.030368328094482422e+00 -1.548236489295959473e+00
-3.373322010040283203e+00 -4.880801677703857422e+00 -5.829648375511169434e-01
-1.439677357673645020e+00 -4.991241455078125000e+00 -2.376022189855575562e-01
-7.378776073455810547e+00 -3.211574077606201172e+00 2.311767339706420898e+00
-5.355068683624267578e+00 -3.511749267578125000e+00 1.278818488121032715e+00
-3.860258579254150391e+00 -5.068024635314941406e+00 -2.136818647384643555e+00
-7.304429531097412109e+00 -4.796415328979492188e+00 -1.626931190490722656e+00
-6.307709217071533203e+00 -5.166956901550292969e+00 -2.786786556243896484e+00
-3.738217830657958984e+00 -4.413250446319580078e+00 1.344033777713775635e-01
-4.768116474151611328e+00 -7.278982639312744141e+00 -5.294713020324707031e+00
-4.545516490936279297e+00 -6.498130798339843750e+00 -4.090940475463867188e+00
-2.280247688293457031e+00 -7.655337333679199219e+00 -6.417027473449707031e+00
-2.884586572647094727e+00 -7.167154788970947266e+00 -5.067187786102294922e+00
-2.214246749877929688e+00 -7.176937103271484375e+00 -5.299139499664306641e+00
-1.355924129486083984e+00 -6.801322937011718750e+00 -5.044139862060546875e+00
-2.779513359069824219e+00 -6.776278972625732422e+00 -4.439960956573486328e+00
-5.267695426940917969e+00 -6.850585937500000000e+00 -4.678923130035400391e+00
-6.153986454010009766e+00 -7.666914463043212891e+00 -6.741983413696289062e+00
-8.704912185668945312e+00 -6.651261329650878906e+00 -6.455078125000000000e+00
-1.417043447494506836e+00 -4.979674339294433594e+00 -1.836613655090332031e+00
-9.348527193069458008e-01 -5.040463924407958984e+00 -2.277725696563720703e+00
-2.241154909133911133e+00 -5.123844146728515625e+00 -2.023799180984497070e+00
-3.505506217479705811e-01 -5.083563327789306641e+00 -1.198499798774719238e+00
6.318313479423522949e-01 -4.614062309265136719e+00 -1.599446535110473633e+00
-8.142559528350830078e-01 -5.403400421142578125e+00 -3.020884275436401367e+00
-7.940838113427162170e-03 -5.498458385467529297e+00 -3.345989227294921875e+00
6.070092320442199707e-01 -4.761753082275390625e+00 -2.127098083496093750e+00
-9.515358924865722656e+00 -4.813669204711914062e+00 -2.045178413391113281e+00
-9.939825057983398438e+00 -4.890612125396728516e+00 -4.679901123046875000e+00
-9.351640701293945312e+00 -5.581385135650634766e+00 -3.831401109695434570e+00
-1.019557571411132812e+01 -3.759524583816528320e+00 -3.288462400436401367e+00
-1.031888675689697266e+01 -3.585843563079833984e+00 -4.716430187225341797e+00
-9.119889259338378906e+00 -4.087539196014404297e+00 3.092026114463806152e-01
-9.780969619750976562e+00 -4.174348831176757812e+00 -1.408671617507934570e+00
-9.820096969604492188e+00 -3.231667518615722656e+00 -2.800660133361816406e-01
-9.598701477050781250e+00 -2.926934242248535156e+00 9.023103713989257812e-01
-9.112462997436523438e+00 -2.721678495407104492e+00 2.167332887649536133e+00
-9.278676033020019531e+00 -1.629576921463012695e+00 1.269675135612487793e+00
-1.017283916473388672e+01 -2.694924831390380859e+00 -2.523822069168090820e+00
-1.009730148315429688e+01 -1.608862519264221191e+00 -2.652338743209838867e+00
-9.464237213134765625e+00 -1.293272852897644043e+00 -8.878691196441650391e-01
-7.936517238616943359e+00 -4.175959229469299316e-01 -6.466081142425537109e-01
-1.006298351287841797e+01 -4.635593414306640625e+00 -5.545694828033447266e+00
-1.034760665893554688e+01 -3.652471780776977539e+00 -5.425641059875488281e+00
-1.053340816497802734e+01 -2.257966518402099609e+00 -5.302413463592529297e+00
-1.059169769287109375e+01 -2.099436044692993164e+00 -5.873578071594238281e+00
-1.008366394042968750e+01 -6.567661762237548828e-01 -5.353785037994384766e+00
-1.059066390991210938e+01 -2.844474077224731445e+00 -7.962303161621093750e+00
-1.071128845214843750e+01 -1.947006583213806152e+00 -8.888237953186035156e+00
-1.060032272338867188e+01 -8.115037083625793457e-01 -8.517674446105957031e+00
-9.951356887817382812e+00 -3.299696147441864014e-01 -6.705867290496826172e+00
-8.382897377014160156e+00 -2.019271105527877808e-01 -2.253636360168457031e+00
-6.927124500274658203e+00 1.703148484230041504e+00 -3.686721324920654297e+00
-9.018013000488281250e+00 3.896162807941436768e-01 -6.202425479888916016e+00
-7.576704978942871094e+00 1.441873431205749512e+00 -4.988264560699462891e+00
1.320920372009277344e+01 -5.175467967987060547e+00 4.323745727539062500e+00
1.355216407775878906e+01 -6.139887809753417969e+00 7.318153381347656250e-01
1.304688930511474609e+01 -5.906499862670898438e+00 1.385450363159179688e+00
1.491598892211914062e+01 -5.773098468780517578e+00 1.889894962310791016e+00
1.479022789001464844e+01 -4.853469848632812500e+00 2.988574743270874023e+00
1.196330451965332031e+01 -5.538362503051757812e+00 2.626174211502075195e+00
4.431251049041748047e+00 -1.030447721481323242e+00 4.914525032043457031e+00
5.315582275390625000e+00 -6.045696735382080078e-01 6.034675598144531250e+00
6.648449420928955078e+00 -4.827441692352294922e+00 -1.683515191078186035e+00
8.909115791320800781e+00 -6.255417346954345703e+00 -1.267745375633239746e+00
8.121118545532226562e+00 -6.163216590881347656e+00 -1.108180999755859375e+00
7.447839260101318359e+00 -6.235162734985351562e+00 -5.182857513427734375e-01
2.552474021911621094e+00 -5.417866706848144531e+00 4.045743346214294434e-01
4.293044090270996094e+00 -4.696691989898681641e+00 -1.504442214965820312e+00
5.164746284484863281e+00 -5.084464073181152344e+00 -1.180285453796386719e+00
2.305348873138427734e+00 -4.279654979705810547e+00 -1.264665484428405762e+00
4.112777233123779297e+00 -4.725245475769042969e+00 -1.284343004226684570e+00
5.106813430786132812e+00 -5.559868812561035156e+00 2.100008875131607056e-01
5.804106235504150391e+00 -5.960817337036132812e+00 -6.253327131271362305e-01
3.094512224197387695e+00 -5.486178398132324219e+00 -5.925364494323730469e-01
9.450747489929199219e+00 -5.062345981597900391e+00 2.980667829513549805e+00
1.008655357360839844e+01 -4.274263381958007812e+00 4.558106899261474609e+00
9.987453460693359375e+00 -4.606609821319580078e+00 4.071030139923095703e+00
8.739290237426757812e+00 -3.760913133621215820e+00 5.146645545959472656e+00
8.926801681518554688e+00 -4.864711284637451172e+00 3.075040102005004883e+00
9.019969940185546875e+00 -5.867022514343261719e+00 1.384326577186584473e+00
8.678153991699218750e+00 -6.072243690490722656e+00 9.120624661445617676e-01
5.520569801330566406e+00 -1.174505352973937988e+00 3.988887548446655273e+00
6.161334991455078125e+00 -3.635645627975463867e+00 2.375382900238037109e+00
5.589939117431640625e+00 -3.936015367507934570e+00 1.860579133033752441e+00
4.515702247619628906e+00 -1.850210905075073242e+00 3.059489965438842773e+00
4.617206096649169922e+00 -1.407446026802062988e+00 3.700705289840698242e+00
6.890650749206542969e+00 -2.313484668731689453e+00 4.248426437377929688e+00
6.707468032836914062e+00 -1.714330196380615234e+00 5.453418731689453125e+00
6.539184093475341797e+00 -5.431674957275390625e+00 9.199576377868652344e-01
1.220481300354003906e+01 -3.711536645889282227e+00 5.556758880615234375e+00
1.389005756378173828e+01 -4.359508991241455078e+00 4.475694656372070312e+00
1.273797512054443359e+01 -3.049015283584594727e+00 4.674025535583496094e+00
1.354508113861083984e+01 -3.160321950912475586e+00 3.078234434127807617e+00
7.907371044158935547e+00 -2.594053745269775391e+00 6.565292358398437500e+00
7.444532394409179688e+00 -2.177695274353027344e+00 6.585002899169921875e+00
4.294663906097412109e+00 -2.581444680690765381e-01 6.842591762542724609e+00
9.790374755859375000e+00 -3.509005069732666016e+00 6.015736103057861328e+00
1.056794261932373047e+01 -2.270470857620239258e+00 6.213558673858642578e+00
1.082248592376708984e+01 -2.001369714736938477e+00 5.317639350891113281e+00
8.741591453552246094e+00 -1.155344724655151367e+00 6.559588432312011719e+00
9.070261001586914062e+00 -8.797731995582580566e-01 5.414484024047851562e+00
1.113477039337158203e+01 -1.934939742088317871e+00 4.365327835083007812e+00
1.145320796966552734e+01 -1.760452389717102051e+00 3.374227285385131836e+00
6.678684711456298828e+00 -1.183064579963684082e+00 6.310137748718261719e+00
7.810665607452392578e+00 -6.579849123954772949e-01 6.329328536987304688e+00
7.106553077697753906e+00 2.866936028003692627e-01 5.738598346710205078e+00
6.336677551269531250e+00 5.352752283215522766e-02 6.010692119598388672e+00
5.730639934539794922e+00 1.207092165946960449e+00 5.660448551177978516e+00
8.137004852294921875e+00 5.190799832344055176e-01 4.484103679656982422e+00
5.811919689178466797e+00 2.401610136032104492e+00 4.291272163391113281e+00
6.196126461029052734e+00 2.448099374771118164e+00 3.778255701065063477e+00
-2.131192922592163086e+00 -2.792640686035156250e+00 3.777509927749633789e+00
-1.521357774734497070e+00 -3.796676635742187500e+00 1.667263150215148926e+00
-1.475551366806030273e+00 -4.646816253662109375e+00 3.915254175662994385e-01
-1.614808082580566406e+00 -2.856094121932983398e+00 3.500972270965576172e+00
-2.425587028264999390e-01 -2.652937650680541992e+00 2.381142616271972656e+00
-5.071138858795166016e+00 -3.476578950881958008e+00 1.471253395080566406e+00
-4.358570575714111328e+00 -3.314001321792602539e+00 2.205768823623657227e+00
-5.804703235626220703e+00 -2.595881700515747070e+00 3.394555330276489258e+00
-5.278209209442138672e+00 -3.016754388809204102e+00 2.538398265838623047e+00
-4.094007492065429688e+00 -2.823966026306152344e+00 3.384264230728149414e+00
-2.758112668991088867e+00 -1.617284059524536133e+00 4.882824420928955078e+00
-5.653586387634277344e+00 -1.267222046852111816e+00 4.709967613220214844e+00
-5.350357055664062500e+00 -7.368081212043762207e-01 4.911269187927246094e+00
2.542578935623168945e+00 -1.674779295921325684e+00 3.667019844055175781e+00
1.375985741615295410e+00 -8.625924587249755859e-01 4.143159389495849609e+00
-5.837034434080123901e-02 -1.178865313529968262e+00 3.665191888809204102e+00
1.092651128768920898e+00 -2.853712737560272217e-01 4.677983283996582031e+00
2.534554719924926758e+00 -9.767835140228271484e-01 5.293859004974365234e+00
3.551429033279418945e+00 -4.636566042900085449e-01 6.646019935607910156e+00
1.117740988731384277e+00 8.085061907768249512e-01 5.406768798828125000e+00
-3.225089311599731445e+00 -1.387564778327941895e+00 5.012960910797119141e+00
-4.244732379913330078e+00 3.015305101871490479e-01 5.011919975280761719e+00
-2.749712228775024414e+00 5.686948299407958984e-01 5.137797355651855469e+00
-1.170544505119323730e+00 1.622734069824218750e+00 4.408685684204101562e+00
-3.888051033020019531e+00 1.021025180816650391e+00 4.049320697784423828e+00
-3.824375391006469727e+00 1.424283981323242188e+00 2.891580581665039062e+00
-1.769807785749435425e-01 -5.097339630126953125e+00 -8.063743263483047485e-02
2.981182634830474854e-01 -4.953714370727539062e+00 -1.154942661523818970e-01
8.155109882354736328e-01 -4.958890914916992188e+00 3.284038975834846497e-02
1.647489309310913086e+00 -3.791865110397338867e+00 1.420825958251953125e+00
1.482254385948181152e+00 -4.992519855499267578e+00 5.818402767181396484e-01
1.623559355735778809e+00 -3.758267879486083984e+00 -1.363110780715942383e+00
1.890697121620178223e+00 -2.609538555145263672e+00 2.357147932052612305e+00
2.293393373489379883e+00 1.579686999320983887e+00 5.573614120483398438e+00
2.880398988723754883e+00 2.571670055389404297e+00 4.246314048767089844e+00
2.609424114227294922e+00 2.995067834854125977e+00 3.017944097518920898e+00
-8.636534214019775391e-01 2.487457990646362305e+00 2.618193387985229492e+00
-6.648980379104614258e-01 1.963388204574584961e+00 4.180011272430419922e+00
5.721939206123352051e-01 2.564437150955200195e+00 3.245577573776245117e+00
-1.730641484260559082e+00 3.179200649261474609e+00 1.100906729698181152e-01
-7.585477828979492188e+00 -2.459090709686279297e+00 3.555496692657470703e+00
-7.328457832336425781e+00 -1.424093604087829590e+00 4.218225955963134766e+00
-7.960549354553222656e+00 -8.135463595390319824e-01 2.907814025878906250e+00
-6.811527252197265625e+00 -1.160874009132385254e+00 4.463881492614746094e+00
-7.016305446624755859e+00 -3.672018051147460938e-01 3.061213254928588867e+00
-6.419859886169433594e+00 1.892875880002975464e-01 1.420975565910339355e+00
-6.219624519348144531e+00 1.403054445981979370e-01 2.393023490905761719e+00
-6.924607753753662109e+00 2.288246750831604004e-01 -8.144820928573608398e-01
-3.745056152343750000e+00 1.649662137031555176e+00 1.846737742424011230e+00
-5.362888336181640625e+00 2.016379833221435547e+00 -1.993264436721801758e+00
-3.645457506179809570e+00 3.035782575607299805e+00 -1.669951915740966797e+00
3.399741888046264648e+00 8.209657669067382812e-01 6.471220970153808594e+00
2.988910675048828125e+00 1.890211105346679688e+00 5.387565135955810547e+00
3.853289127349853516e+00 2.317077159881591797e+00 4.847368717193603516e+00
4.554072856903076172e+00 2.859739065170288086e+00 3.812068700790405273e+00
3.882480382919311523e+00 3.261947870254516602e+00 2.978000402450561523e+00
7.761953353881835938e+00 -4.895965576171875000e+00 -3.977430820465087891e+00
2.376786947250366211e+00 -5.069870948791503906e+00 -3.055485248565673828e+00
5.494408130645751953e+00 -4.733186244964599609e+00 -2.531258344650268555e+00
6.320940017700195312e+00 -4.687936305999755859e+00 -2.982560396194458008e+00
3.032886505126953125e+00 -5.007793426513671875e+00 -2.937956333160400391e+00
2.090575456619262695e+00 -5.928871154785156250e+00 -5.252131462097167969e+00
2.627258539199829102e+00 -5.807601451873779297e+00 -6.254459857940673828e+00
3.891184091567993164e+00 -5.140872955322265625e+00 -5.600530147552490234e+00
5.924226284027099609e+00 -4.817975044250488281e+00 -3.739520311355590820e+00
7.159995079040527344e+00 -4.959698200225830078e+00 -4.081052303314208984e+00
2.443605899810791016e+00 -5.620867252349853516e+00 -8.459473609924316406e+00
8.322253227233886719e+00 -4.971158981323242188e+00 -6.023607730865478516e+00
3.300805330276489258e+00 -5.331226825714111328e+00 -7.117860794067382812e+00
3.713216066360473633e+00 -4.721704483032226562e+00 -7.900656700134277344e+00
6.290238857269287109e+00 -5.072322368621826172e+00 -5.384927272796630859e+00
7.409131526947021484e+00 -4.926523208618164062e+00 -6.340394973754882812e+00
5.877899169921875000e+00 -4.175788402557373047e+00 -7.256835937500000000e+00
7.534492969512939453e+00 -4.026619434356689453e+00 -7.379310131072998047e+00
5.587815284729003906e+00 -3.861390590667724609e+00 -7.631810665130615234e+00
5.158838748931884766e+00 -2.836731910705566406e+00 -8.645786285400390625e+00
5.231891155242919922e+00 -2.078644990921020508e+00 -8.896247863769531250e+00
-3.349261045455932617e+00 -7.970462322235107422e+00 -1.205608463287353516e+01
-3.131136655807495117e+00 -8.214871406555175781e+00 -1.051682472229003906e+01
-3.961239099502563477e+00 -7.543360233306884766e+00 -1.315930366516113281e+01
-1.581741333007812500e+00 -6.562775135040283203e+00 -1.324219894409179688e+01
-3.556693315505981445e+00 -6.333704948425292969e+00 -1.445992279052734375e+01
-3.374950647354125977e+00 -5.280462741851806641e+00 -1.519329166412353516e+01
-6.631035327911376953e+00 -6.536969184875488281e+00 -1.317145919799804688e+01
-7.071754932403564453e+00 -6.213030815124511719e+00 -1.318902778625488281e+01
-7.757454395294189453e+00 -5.233245849609375000e+00 -1.367582225799560547e+01
-5.719477176666259766e+00 -7.132212638854980469e+00 -1.307819938659667969e+01
-8.472907066345214844e+00 -5.365834712982177734e+00 -1.256409549713134766e+01
-7.363678932189941406e+00 -4.565402507781982422e+00 -1.457424259185791016e+01
-4.150876045227050781e+00 -5.534477710723876953e+00 -1.502890586853027344e+01
-5.995455265045166016e+00 -4.382077217102050781e+00 -1.525775909423828125e+01
-2.711526632308959961e+00 -5.387214183807373047e+00 -1.501415824890136719e+01
-2.177244901657104492e+00 -4.295053005218505859e+00 -1.536956405639648438e+01
-3.721846580505371094e+00 -3.715354204177856445e+00 -1.575356101989746094e+01
-2.790466785430908203e+00 -3.186206340789794922e+00 -1.571582031250000000e+01
-4.989140033721923828e+00 -2.648974657058715820e+00 -1.594175148010253906e+01
-3.920324802398681641e+00 -1.503510475158691406e+00 -1.593712615966796875e+01
-9.300848960876464844e+00 -4.442633628845214844e+00 -1.222177028656005859e+01
-8.933826446533203125e+00 -4.002120018005371094e+00 -1.344556999206542969e+01
-9.911115646362304688e+00 -2.863613128662109375e+00 -1.234694766998291016e+01
-1.040108871459960938e+01 -1.438997507095336914e+00 -1.152008438110351562e+01
-8.548701286315917969e+00 -3.349538803100585938e+00 -1.436062812805175781e+01
-7.691790103912353516e+00 -2.966695547103881836e+00 -1.519809532165527344e+01
-9.821654319763183594e+00 -9.242306351661682129e-01 -1.328373622894287109e+01
-9.375028610229492188e+00 -3.265097141265869141e-01 -1.420445442199707031e+01
-8.487301826477050781e+00 -9.510467052459716797e-01 -1.507361602783203125e+01
-7.135156154632568359e+00 1.604997962713241577e-01 -1.576961135864257812e+01
-7.626735210418701172e+00 8.148690462112426758e-01 -1.553616523742675781e+01
-1.521646618843078613e+00 -7.556018352508544922e+00 -6.888638019561767578e+00
-4.208904802799224854e-01 -7.156688690185546875e+00 -8.632002830505371094e+00
7.400633394718170166e-02 -6.568329334259033203e+00 -5.590525627136230469e+00
6.194084286689758301e-01 -6.684998989105224609e+00 -6.757616519927978516e+00
-2.397568076848983765e-01 -6.930809974670410156e+00 -9.610993385314941406e+00
-5.079783871769905090e-02 -5.895489215850830078e+00 -1.240213394165039062e+01
1.353030085563659668e+00 -6.387471199035644531e+00 -6.420313835144042969e+00
2.021588087081909180e+00 -5.951595783233642578e+00 -8.191840171813964844e+00
-7.606282234191894531e-01 -5.087251186370849609e+00 -1.430390644073486328e+01
1.024744153022766113e+00 -4.963319301605224609e+00 -1.243818759918212891e+01
-1.230663895606994629e+00 -3.739784240722656250e+00 -1.520274162292480469e+01
-1.926033198833465576e-01 -3.007503986358642578e+00 -1.485948085784912109e+01
1.960672020912170410e+00 -5.053699970245361328e+00 -1.069831371307373047e+01
-1.088035583496093750e+00 -2.405285120010375977e+00 -1.528180980682373047e+01
-1.307297587394714355e+00 -1.697259306907653809e+00 -1.534126377105712891e+01
2.142427682876586914e+00 -3.536304950714111328e+00 -1.149323177337646484e+01
8.848364353179931641e-01 -1.870264768600463867e+00 -1.348746109008789062e+01
7.974733114242553711e-01 -1.144293904304504395e+00 -1.333498477935791016e+01
-2.606062173843383789e+00 -1.777776956558227539e+00 -1.569950962066650391e+01
-2.675513029098510742e+00 -8.084024190902709961e-01 -1.564267921447753906e+01
-5.084521770477294922e+00 4.546169042587280273e-01 -1.588915538787841797e+01
-2.886064052581787109e+00 1.009092092514038086e+00 -1.536826515197753906e+01
-2.163919448852539062e+00 1.175954461097717285e+00 -1.512533950805664062e+01
-4.976873993873596191e-01 1.150389432907104492e+00 -1.389082336425781250e+01
-2.881741523742675781e+00 2.081302642822265625e+00 -1.503637409210205078e+01
-2.465624570846557617e+00 2.789890289306640625e+00 -1.464710903167724609e+01
2.704669475555419922e+00 -3.967498302459716797e+00 -1.033851528167724609e+01
3.520687580108642578e+00 -2.608990430831909180e+00 -1.011358451843261719e+01
3.013053894042968750e+00 -1.847353100776672363e+00 -1.085439300537109375e+01
9.641353487968444824e-01 -2.813422381877899170e-01 -1.281416225433349609e+01
1.482708930969238281e+00 6.791471038013696671e-03 -1.211133956909179688e+01
2.348926544189453125e+00 -2.177803665399551392e-01 -1.122793769836425781e+01
1.081308245658874512e+00 4.173681437969207764e-01 -1.233727645874023438e+01
-1.051115703582763672e+01 -9.657542705535888672e-01 -1.099407672882080078e+01
-9.966935157775878906e+00 6.871049404144287109e-01 -1.292292785644531250e+01
-1.030074977874755859e+01 -1.497206650674343109e-02 -1.048786163330078125e+01
-1.007039546966552734e+01 -1.203548908233642578e-01 -9.025229454040527344e+00
-9.722950935363769531e+00 5.447053313255310059e-01 -1.002887344360351562e+01
-9.961584091186523438e+00 9.245137572288513184e-01 -1.155360984802246094e+01
-9.432603836059570312e+00 2.035781621932983398e+00 -1.278586006164550781e+01
-8.816144943237304688e+00 1.397747397422790527e+00 -9.344649314880371094e+00
-8.414608955383300781e+00 2.400746583938598633e+00 -1.037715244293212891e+01
-8.199158668518066406e+00 1.160391807556152344e+00 -6.070572376251220703e+00
-7.961089134216308594e+00 1.595864892005920410e+00 -7.152760505676269531e+00
-8.281954765319824219e+00 1.883618116378784180e+00 -8.739023208618164062e+00
-7.898037433624267578e+00 2.550771951675415039e+00 -9.733726501464843750e+00
-6.295332431793212891e+00 2.697112798690795898e+00 -7.681048393249511719e+00
-6.211372375488281250e+00 3.007539033889770508e+00 -8.164515495300292969e+00
-8.633934974670410156e+00 2.204342365264892578e+00 -1.429375553131103516e+01
-8.035599708557128906e+00 2.231682538986206055e+00 -1.473302173614501953e+01
-7.636649608612060547e+00 3.445038795471191406e+00 -1.351502037048339844e+01
-6.654682159423828125e+00 4.267847537994384766e+00 -1.313862991333007812e+01
-6.099684238433837891e+00 1.895210385322570801e+00 -1.547630119323730469e+01
-5.844310283660888672e+00 2.185437440872192383e+00 -1.532750129699707031e+01
-5.170214653015136719e+00 3.968435049057006836e+00 -1.412253475189208984e+01
-4.614697456359863281e+00 3.961025953292846680e+00 -1.424963283538818359e+01
-5.866891860961914062e+00 3.772162437438964844e+00 -1.412630081176757812e+01
-8.272699356079101562e+00 3.286772251129150391e+00 -1.224919128417968750e+01
-6.241335391998291016e+00 4.416256904602050781e+00 -1.238280868530273438e+01
-5.554265022277832031e+00 4.382912158966064453e+00 -1.074565029144287109e+01
-3.388266801834106445e+00 4.234478950500488281e+00 -1.348946762084960938e+01
-3.169822216033935547e+00 4.296497344970703125e+00 -1.287177085876464844e+01
-5.218605518341064453e+00 4.436250209808349609e+00 -1.222126102447509766e+01
-4.467764854431152344e+00 4.636610984802246094e+00 -1.232784461975097656e+01
-3.215744018554687500e+00 4.687017440795898438e+00 -1.144462776184082031e+01
-4.956563949584960938e+00 4.787537097930908203e+00 -1.084987258911132812e+01
-3.794449329376220703e+00 4.893544197082519531e+00 -1.117317199707031250e+01
-6.637498378753662109e+00 3.684766054153442383e+00 -1.050371170043945312e+01
-5.929146766662597656e+00 3.624003887176513672e+00 -9.036684989929199219e+00
3.058318138122558594e+00 -1.887196600437164307e-01 -1.030265045166015625e+01
-1.384935826063156128e-01 1.529271364212036133e+00 -1.287886619567871094e+01
-2.113703012466430664e+00 3.222583532333374023e+00 -1.359603309631347656e+01
9.960913062095642090e-01 8.026062250137329102e-01 -1.169014644622802734e+01
-1.053394794464111328e+00 2.885425329208374023e+00 -1.233979606628417969e+01
-2.712911605834960938e+00 3.847355842590332031e+00 -1.327165317535400391e+01
-1.649112224578857422e+00 3.647829055786132812e+00 -1.187661743164062500e+01
1.143178367614746094e+01 -6.506752014160156250e+00 -3.394185066223144531e+00
1.332445049285888672e+01 -6.660589694976806641e+00 -1.743304252624511719e+00
1.117038249969482422e+01 -6.442972660064697266e+00 -8.490262031555175781e-01
1.097351074218750000e+01 -6.456448554992675781e+00 -2.613530635833740234e+00
1.434562969207763672e+01 -6.935238361358642578e+00 -5.040184497833251953e+00
1.198568725585937500e+01 -6.566318988800048828e+00 -3.996948242187500000e+00
1.269379806518554688e+01 -6.546148777008056641e+00 -5.494929790496826172e+00
1.314443969726562500e+01 -6.853257179260253906e+00 -3.682907342910766602e+00
1.561828041076660156e+01 -7.010856151580810547e+00 -3.606102705001831055e+00
1.605184173583984375e+01 -5.951627731323242188e+00 -4.194459915161132812e+00
1.624177169799804688e+01 -6.467216968536376953e+00 -1.169436693191528320e+00
1.636203956604003906e+01 -5.688652992248535156e+00 -2.062958717346191406e+00
1.457798385620117188e+01 -6.519870758056640625e+00 3.999103978276252747e-02
1.481061649322509766e+01 -6.917870044708251953e+00 -1.558626174926757812e+00
1.537014675140380859e+01 -6.159806251525878906e+00 9.668322205543518066e-01
1.482533073425292969e+01 -3.942561388015747070e+00 1.910002350807189941e+00
1.514866447448730469e+01 -4.146273136138916016e+00 8.401829004287719727e-01
1.434209442138671875e+01 -3.289660692214965820e+00 9.763882160186767578e-01
1.577690696716308594e+01 -4.920372486114501953e+00 -3.367204189300537109e+00
1.519668674468994141e+01 -4.057857513427734375e+00 -2.598085403442382812e+00
1.521280097961425781e+01 -3.945801496505737305e+00 -1.044647693634033203e+00
1.494711589813232422e+01 -3.633206129074096680e+00 -1.543121218681335449e+00
1.429376888275146484e+01 -2.858533143997192383e+00 -9.160782694816589355e-01
1.380171203613281250e+01 -6.721421241760253906e+00 -6.262693405151367188e+00
1.524254703521728516e+01 -5.931586742401123047e+00 -6.563630104064941406e+00
1.236242866516113281e+01 -6.422071456909179688e+00 -6.681827545166015625e+00
1.290291500091552734e+01 -5.888001918792724609e+00 -7.468459129333496094e+00
1.592053604125976562e+01 -5.840337276458740234e+00 -5.654152393341064453e+00
1.559214115142822266e+01 -5.082369327545166016e+00 -5.942858219146728516e+00
1.501637744903564453e+01 -4.417961120605468750e+00 -5.549478530883789062e+00
1.324778270721435547e+01 -5.497530460357666016e+00 -7.327690601348876953e+00
1.261738395690917969e+01 -4.942176342010498047e+00 -6.639061927795410156e+00
1.348084735870361328e+01 -4.457811832427978516e+00 -6.121119976043701172e+00
1.360270690917968750e+01 -3.373546600341796875e+00 -4.964017868041992188e+00
1.495950126647949219e+01 -3.744238853454589844e+00 -2.836469650268554688e+00
1.489591026306152344e+01 -3.752130270004272461e+00 -4.512960433959960938e+00
1.434035301208496094e+01 -2.912768840789794922e+00 -3.764244079589843750e+00
1.016082477569580078e+01 -5.987680435180664062e+00 -2.763448953628540039e+00
6.990587234497070312e+00 -4.746755123138427734e+00 -2.385592937469482422e+00
7.277951717376708984e+00 -4.813747406005859375e+00 -1.959595561027526855e+00
6.843073368072509766e+00 -4.691787719726562500e+00 -2.945836782455444336e+00
1.047974491119384766e+01 -6.280642986297607422e+00 -2.360689163208007812e+00
9.012554168701171875e+00 -5.511007308959960938e+00 -1.962223768234252930e+00
7.951423645019531250e+00 -5.078013896942138672e+00 -1.594671607017517090e+00
9.599802970886230469e+00 -5.507146358489990234e+00 -3.454775810241699219e+00
9.955632209777832031e+00 -5.520507812500000000e+00 -4.685303688049316406e+00
8.332636833190917969e+00 -4.969925403594970703e+00 -3.977560520172119141e+00
1.352800559997558594e+01 -2.158729314804077148e+00 -6.248443946242332458e-02
1.219763755798339844e+01 -7.760326266288757324e-01 -1.045863151550292969e+00
1.096391582489013672e+01 -5.932202339172363281e+00 -5.519182682037353516e+00
1.102436828613281250e+01 -5.394441127777099609e+00 -6.055422306060791016e+00
9.597594261169433594e+00 -5.049250125885009766e+00 -5.217958927154541016e+00
1.171434116363525391e+01 -4.674235343933105469e+00 -6.200533866882324219e+00
9.183495521545410156e+00 -4.301869869232177734e+00 -6.431903362274169922e+00
1.040271949768066406e+01 -3.519277334213256836e+00 -5.887518405914306641e+00
1.246897315979003906e+01 -3.664914369583129883e+00 -5.479610919952392578e+00
1.065010547637939453e+01 -3.175234794616699219e+00 -5.689872741699218750e+00
1.067542839050292969e+01 -2.249006986618041992e+00 -5.274479866027832031e+00
8.544619560241699219e+00 -3.668273448944091797e+00 -7.042553424835205078e+00
9.054748535156250000e+00 -3.066051959991455078e+00 -6.582081317901611328e+00
8.056481361389160156e+00 -2.023003339767456055e+00 -6.908032417297363281e+00
1.040996456146240234e+01 -1.587926506996154785e+00 -5.126677989959716797e+00
8.259466171264648438e+00 -1.694182634353637695e+00 -6.644866943359375000e+00
8.752731323242187500e+00 -4.706813097000122070e-01 -5.850112438201904297e+00
7.285305500030517578e+00 -1.560662984848022461e-01 -6.919748783111572266e+00
1.325502586364746094e+01 -2.130495309829711914e+00 -4.070919513702392578e+00
1.341640567779541016e+01 -1.684399485588073730e+00 -1.953253030776977539e+00
1.318459796905517578e+01 -1.334881067276000977e+00 -3.161044597625732422e+00
1.236882305145263672e+01 -4.451819956302642822e-01 -2.247742176055908203e+00
1.201971626281738281e+01 -1.371757090091705322e-01 -2.843461751937866211e+00
1.240385818481445312e+01 -1.908358097076416016e+00 -4.376111030578613281e+00
1.120960807800292969e+01 -1.220607638359069824e+00 -4.500430583953857422e+00
1.148407554626464844e+01 -5.711268782615661621e-01 -3.876482009887695312e+00
1.016635131835937500e+01 1.581191897392272949e+00 -1.748791456222534180e+00
9.275800704956054688e+00 2.378808975219726562e+00 -2.888497114181518555e+00
9.316711425781250000e+00 2.296630382537841797e+00 -3.348192453384399414e+00
8.571777343750000000e+00 2.952480554580688477e+00 -2.368470191955566406e+00
1.021419239044189453e+01 -9.028893709182739258e-01 -5.010510444641113281e+00
1.064074993133544922e+01 2.994021177291870117e-01 -4.121652126312255859e+00
8.371064186096191406e+00 1.383274495601654053e-01 -5.861041069030761719e+00
7.021476745605468750e+00 9.931303262710571289e-01 -6.431375026702880859e+00
1.389908504486083984e+01 -3.285127162933349609e+00 2.494801998138427734e+00
1.246308517456054688e+01 -2.252801179885864258e+00 2.796644449234008789e+00
1.125957393646240234e+01 -6.822806000709533691e-01 1.367680907249450684e+00
1.148089790344238281e+01 -4.778867959976196289e-01 2.587972283363342285e-01
9.971243858337402344e+00 -1.903797835111618042e-01 3.025824308395385742e+00
8.854236602783203125e+00 1.142042160034179688e+00 2.587246656417846680e+00
9.431252479553222656e+00 8.243345022201538086e-01 2.035512447357177734e+00
7.334476947784423828e+00 2.198335647583007812e+00 2.973284244537353516e+00
7.182300090789794922e+00 2.869242191314697266e+00 1.851951479911804199e+00
9.852108001708984375e+00 1.075074195861816406e+00 3.389296829700469971e-01
1.007658004760742188e+01 1.428337216377258301e+00 -1.006933450698852539e+00
8.001421928405761719e+00 2.739444017410278320e+00 4.322730302810668945e-01
3.351682424545288086e+00 4.274829387664794922e+00 -3.468307256698608398e-01
6.231207370758056641e+00 3.630275726318359375e+00 2.918479740619659424e-01
5.482501983642578125e+00 4.057023048400878906e+00 -2.227714300155639648e+00
3.672621011734008789e+00 4.392255306243896484e+00 -6.851772069931030273e-01
2.848453044891357422e+00 3.825344800949096680e+00 -2.456623315811157227e+00
2.962115287780761719e+00 3.515172243118286133e+00 -3.327190637588500977e+00
-9.871114492416381836e-01 3.797190189361572266e+00 -7.635878920555114746e-01
2.150584220886230469e+00 3.149991512298583984e+00 -4.386012554168701172e+00
1.026578713208436966e-02 4.164716243743896484e+00 -3.142497062683105469e+00
3.076173663139343262e-01 3.713641405105590820e+00 -4.697228908538818359e+00
2.380774259567260742e+00 3.811526060104370117e+00 -2.566267490386962891e+00
5.102746009826660156e+00 -8.706765174865722656e-01 -8.894202232360839844e+00
2.945216417312622070e+00 3.133747279644012451e-01 -9.608117103576660156e+00
5.067387580871582031e+00 5.159924626350402832e-01 -8.114784240722656250e+00
3.645929813385009766e+00 5.695265531539916992e-01 -8.968409538269042969e+00
2.525272846221923828e+00 5.058573484420776367e-01 -9.801044464111328125e+00
1.547433018684387207e+00 1.852817296981811523e+00 -9.912261962890625000e+00
3.315192461013793945e-01 3.152784347534179688e+00 -9.157448768615722656e+00
1.130901053547859192e-01 3.005639314651489258e+00 -1.045857238769531250e+01
5.661583900451660156e+00 2.818892717361450195e+00 -4.855458259582519531e+00
6.167631149291992188e+00 1.896513342857360840e+00 -6.089100360870361328e+00
4.705783367156982422e+00 2.699522495269775391e+00 -5.246931076049804688e+00
4.803932189941406250e+00 2.396573305130004883e+00 -5.961030006408691406e+00
6.620880603790283203e+00 3.783455610275268555e+00 -2.722473144531250000e+00
6.590810775756835938e+00 1.293039917945861816e+00 -6.430811882019042969e+00
5.719954490661621094e+00 1.681370019912719727e+00 -6.605144023895263672e+00
4.867608070373535156e+00 1.794134497642517090e+00 -7.039586067199707031e+00
2.740823268890380859e+00 2.858585357666015625e+00 -5.061761856079101562e+00
2.820319890975952148e+00 2.096793889999389648e+00 -7.359165668487548828e+00
2.033432483673095703e+00 2.340750694274902344e+00 -6.812807083129882812e+00
9.609152376651763916e-02 3.306859493255615234e+00 -6.270489692687988281e+00
2.733273208141326904e-01 2.964925527572631836e+00 -7.758183002471923828e+00
3.042548596858978271e-01 3.036088943481445312e+00 -8.137345314025878906e+00
-3.296078205108642578e+00 3.401795148849487305e+00 -2.585719823837280273e+00
-5.631416797637939453e+00 3.065935850143432617e+00 -7.733407020568847656e+00
-4.807525157928466797e+00 3.485759735107421875e+00 -7.636405467987060547e+00
-4.257950305938720703e+00 3.353119850158691406e+00 -6.674720764160156250e+00
-2.167276859283447266e+00 3.291100502014160156e+00 -2.300227135419845581e-01
-1.889261841773986816e+00 3.757189035415649414e+00 -1.354008436203002930e+00
-1.527256369590759277e+00 4.099764347076416016e+00 -2.468581199645996094e+00
-1.353944301605224609e+00 4.396587848663330078e+00 -3.693247556686401367e+00
-1.182781100273132324e+00 4.405471324920654297e+00 -4.986798286437988281e+00
-4.799303531646728516e+00 4.082771778106689453e+00 -8.505676269531250000e+00
-4.504279613494873047e+00 4.560645103454589844e+00 -9.025250434875488281e+00
-1.981027841567993164e+00 4.466030120849609375e+00 -7.511509418487548828e+00
-3.349380254745483398e+00 4.462791442871093750e+00 -8.332304954528808594e+00
-1.540185213088989258e+00 3.656056165695190430e+00 -1.119932079315185547e+01
-1.227631688117980957e+00 3.510993003845214844e+00 -1.106365394592285156e+01
-3.826944589614868164e+00 4.856405735015869141e+00 -1.070592021942138672e+01
-2.046811342239379883e+00 4.185051918029785156e+00 -9.851060867309570312e+00
-3.106287419795989990e-01 3.484399080276489258e+00 -9.966571807861328125e+00
-2.159774780273437500e+00 4.563185691833496094e+00 -6.120559692382812500e+00
5.304558753967285156e+00 3.375101566314697266e+00 2.394182920455932617e+00
6.080183982849121094e+00 3.347929954528808594e+00 1.830030560493469238e+00
1.966692686080932617e+00 7.076978683471679688e-01 -1.028759193420410156e+01
-5.160519480705261230e-01 2.798407316207885742e+00 -1.161604595184326172e+01
4.425722658634185791e-01 2.528281450271606445e+00 -1.076992988586425781e+01
