1.561957240104675293e+00 -4.934689998626708984e+00 -2.716648101806640625e+00
2.278919458389282227e+00 -4.783800125122070312e+00 -1.929779171943664551e+00
1.515407919883728027e+00 -4.791188240051269531e+00 -2.313018560409545898e+00
-5.068822383880615234e+00 -8.108603477478027344e+00 -7.822524547576904297e+00
-4.999224662780761719e+00 -8.061474800109863281e+00 -1.156817436218261719e+01
-4.184984207153320312e+00 -8.320903778076171875e+00 -9.419912338256835938e+00
-7.270856380462646484e+00 -7.468383789062500000e+00 -7.059183597564697266e+00
-7.775036334991455078e+00 -7.350609302520751953e+00 -7.967473506927490234e+00
-5.692161560058593750e+00 -8.128548622131347656e+00 -9.823884010314941406e+00
-6.220623970031738281e+00 -7.997399330139160156e+00 -9.061795234680175781e+00
-6.480489253997802734e+00 -7.344237327575683594e+00 -1.205441188812255859e+01
-8.411016464233398438e+00 -6.366190910339355469e+00 -1.057622241973876953e+01
-8.333089828491210938e+00 -6.188199043273925781e+00 -1.129425525665283203e+01
-9.642293930053710938e+00 -5.265969276428222656e+00 -8.363225936889648438e+00
-1.005105209350585938e+01 -4.323910713195800781e+00 -8.715772628784179688e+00
-9.586244583129882812e+00 -4.641308307647705078e+00 -1.086759376525878906e+01
-8.220010757446289062e+00 -6.690265178680419922e+00 -5.445756435394287109e+00
-9.067578315734863281e+00 -6.091327190399169922e+00 -4.930513858795166016e+00
-7.968009948730468750e+00 -5.745171546936035156e+00 -3.404886245727539062e+00
-8.496885299682617188e+00 -5.227912902832031250e+00 -2.226659059524536133e+00
-6.958079814910888672e+00 -5.440516948699951172e+00 -3.112610578536987305e+00
-2.593351125717163086e+00 -5.031238079071044922e+00 -1.549870848655700684e+00
-3.373684167861938477e+00 -4.882150173187255859e+00 -5.845602154731750488e-01
-1.440513372421264648e+00 -4.995382308959960938e+00 -2.400786578655242920e-01
-7.379952430725097656e+00 -3.211925268173217773e+00 2.309754371643066406e+00
-5.355876922607421875e+00 -3.512675523757934570e+00 1.276733517646789551e+00
-3.860063552856445312e+00 -5.067973136901855469e+00 -2.137746810913085938e+00
-7.304350852966308594e+00 -4.796175956726074219e+00 -1.627022743225097656e+00
-6.307386875152587891e+00 -5.166730403900146484e+00 -2.787080287933349609e+00
-3.738836288452148438e+00 -4.414885044097900391e+00 1.326539069414138794e-01
-4.768158912658691406e+00 -7.279307842254638672e+00 -5.294873237609863281e+00
-4.545532226562500000e+00 -6.498253822326660156e+00 -4.091280937194824219e+00
-2.280261993408203125e+00 -7.655842781066894531e+00 -6.417292118072509766e+00
-2.884718179702758789e+00 -7.168208122253417969e+00 -5.067272663116455078e+00
-2.214355230331420898e+00 -7.177830696105957031e+00 -5.299499988555908203e+00
-1.356043577194213867e+00 -6.802250385284423828e+00 -5.045153141021728516e+00
-2.779726982116699219e+00 -6.777408599853515625e+00 -4.440230369567871094e+00
-5.267666339874267578e+00 -6.850727081298828125e+00 -4.679031848907470703e+00
-6.153878688812255859e+00 -7.666947841644287109e+00 -6.742306709289550781e+00
-8.704582214355468750e+00 -6.650613784790039062e+00 -6.455124855041503906e+00
-1.416577339172363281e+00 -4.982017993927001953e+00 -1.838343143463134766e+00
-9.343800544738769531e-01 -5.043578624725341797e+00 -2.279591083526611328e+00
-2.241042852401733398e+00 -5.124877452850341797e+00 -2.025085926055908203e+00
-3.508884906768798828e-01 -5.089930057525634766e+00 -1.201354265213012695e+00
6.338475942611694336e-01 -4.623605251312255859e+00 -1.601993083953857422e+00
-8.144627213478088379e-01 -5.404575824737548828e+00 -3.022559881210327148e+00
-7.772796787321567535e-03 -5.501024723052978516e+00 -3.347189188003540039e+00
6.078646183013916016e-01 -4.767317771911621094e+00 -2.129022598266601562e+00
-9.515480995178222656e+00 -4.812632560729980469e+00 -2.045064687728881836e+00
-9.940093040466308594e+00 -4.890120983123779297e+00 -4.680375576019287109e+00
-9.351795196533203125e+00 -5.580697059631347656e+00 -3.831356048583984375e+00
-1.019587326049804688e+01 -3.758998155593872070e+00 -3.288351535797119141e+00
-1.031957817077636719e+01 -3.584925651550292969e+00 -4.715643882751464844e+00
-9.120158195495605469e+00 -4.086518764495849609e+00 3.085936307907104492e-01
-9.781147956848144531e+00 -4.173318862915039062e+00 -1.408782362937927246e+00
-9.820206642150878906e+00 -3.230601310729980469e+00 -2.802630364894866943e-01
-9.599215507507324219e+00 -2.925816774368286133e+00 9.018648862838745117e-01
-9.113480567932128906e+00 -2.721218109130859375e+00 2.166363477706909180e+00
-9.279529571533203125e+00 -1.629096984863281250e+00 1.268898129463195801e+00
-1.017304611206054688e+01 -2.694529294967651367e+00 -2.524004936218261719e+00
-1.009720611572265625e+01 -1.609043955802917480e+00 -2.652843236923217773e+00
-9.464562416076660156e+00 -1.293048143386840820e+00 -8.885264396667480469e-01
-7.936328887939453125e+00 -4.189592897891998291e-01 -6.468570828437805176e-01
-1.006281089782714844e+01 -4.634423732757568359e+00 -5.545778274536132812e+00
-1.034792137145996094e+01 -3.650958299636840820e+00 -5.424761772155761719e+00
-1.053404998779296875e+01 -2.256620407104492188e+00 -5.301104068756103516e+00
-1.059260177612304688e+01 -2.097038507461547852e+00 -5.870368480682373047e+00
-1.008423042297363281e+01 -6.556978225708007812e-01 -5.353040695190429688e+00
-1.059100723266601562e+01 -2.841840028762817383e+00 -7.961109638214111328e+00
-1.071331977844238281e+01 -1.945242404937744141e+00 -8.886369705200195312e+00
-1.060306644439697266e+01 -8.076652884483337402e-01 -8.515046119689941406e+00
-9.952689170837402344e+00 -3.273648619651794434e-01 -6.704403877258300781e+00
-8.382697105407714844e+00 -2.030714452266693115e-01 -2.253324031829833984e+00
-6.925505161285400391e+00 1.700707793235778809e+00 -3.687535047531127930e+00
-9.018201828002929688e+00 3.903481066226959229e-01 -6.201706409454345703e+00
-7.576241016387939453e+00 1.441608667373657227e+00 -4.987495899200439453e+00
1.311834812164306641e+01 -6.487835407257080078e+00 4.696017265319824219e+00
1.354133605957031250e+01 -6.404227733612060547e+00 7.843000888824462891e-01
1.303247833251953125e+01 -6.240806579589843750e+00 1.492542862892150879e+00
1.489805221557617188e+01 -6.359457969665527344e+00 1.949007272720336914e+00
1.469962787628173828e+01 -5.775223255157470703e+00 3.131661415100097656e+00
1.195066833496093750e+01 -6.028454303741455078e+00 2.805567502975463867e+00
4.407995223999023438e+00 -1.298866391181945801e+00 4.950151443481445312e+00
5.270185470581054688e+00 -1.088949918746948242e+00 6.072487354278564453e+00
6.652983665466308594e+00 -4.853585720062255859e+00 -1.680614471435546875e+00
8.913313865661621094e+00 -6.273527622222900391e+00 -1.258374571800231934e+00
8.127566337585449219e+00 -6.186357975006103516e+00 -1.101967096328735352e+00
7.453207015991210938e+00 -6.261654853820800781e+00 -5.154086351394653320e-01
2.554427862167358398e+00 -5.427399158477783203e+00 3.977760672569274902e-01
4.297077178955078125e+00 -4.709502696990966797e+00 -1.507161498069763184e+00
5.168942451477050781e+00 -5.103901863098144531e+00 -1.179302811622619629e+00
2.310286283493041992e+00 -4.292058467864990234e+00 -1.272680163383483887e+00
4.116905689239501953e+00 -4.740514278411865234e+00 -1.287731647491455078e+00
5.108221530914306641e+00 -5.580416679382324219e+00 2.065362781286239624e-01
5.808118343353271484e+00 -5.985624790191650391e+00 -6.257849335670471191e-01
3.097795724868774414e+00 -5.500507831573486328e+00 -5.975223779678344727e-01
9.467864990234375000e+00 -5.271990299224853516e+00 3.076900959014892578e+00
9.991601943969726562e+00 -5.175935268402099609e+00 4.922050952911376953e+00
9.958518981933593750e+00 -5.110100746154785156e+00 4.285986900329589844e+00
8.682283401489257812e+00 -4.305640697479248047e+00 5.289157390594482422e+00
8.938673973083496094e+00 -5.015524387359619141e+00 3.132493019104003906e+00
9.027477264404296875e+00 -5.933744430541992188e+00 1.410115361213684082e+00
8.683063507080078125e+00 -6.095567226409912109e+00 9.179351329803466797e-01
5.527787685394287109e+00 -1.393504738807678223e+00 4.050916671752929688e+00
6.172225475311279297e+00 -3.704250097274780273e+00 2.381453275680541992e+00
5.594295501708984375e+00 -3.976284503936767578e+00 1.862741231918334961e+00
4.518357276916503906e+00 -1.914446234703063965e+00 3.069766044616699219e+00
4.615132808685302734e+00 -1.538934111595153809e+00 3.739189147949218750e+00
6.918354988098144531e+00 -2.514500617980957031e+00 4.296860694885253906e+00
6.689208030700683594e+00 -2.113417863845825195e+00 5.502059936523437500e+00
6.545636177062988281e+00 -5.466105937957763672e+00 9.198182821273803711e-01
1.193732643127441406e+01 -5.352963447570800781e+00 6.271312236785888672e+00
1.364186286926269531e+01 -5.459424495697021484e+00 4.604532718658447266e+00
1.246439456939697266e+01 -4.288532257080078125e+00 4.923120975494384766e+00
1.335868930816650391e+01 -4.058894157409667969e+00 3.231905698776245117e+00
7.806475639343261719e+00 -3.208312749862670898e+00 6.639976501464843750e+00
7.378732681274414062e+00 -2.725774526596069336e+00 6.582029342651367188e+00
4.240993976593017578e+00 -6.617974042892456055e-01 6.834709167480468750e+00
9.599844932556152344e+00 -4.812996864318847656e+00 6.474222183227539062e+00
1.037874221801757812e+01 -3.470053195953369141e+00 6.423885345458984375e+00
1.070236968994140625e+01 -3.126646995544433594e+00 5.461155414581298828e+00
8.678093910217285156e+00 -1.921706199645996094e+00 6.294179439544677734e+00
9.009815216064453125e+00 -1.640275239944458008e+00 5.338639259338378906e+00
1.102332019805908203e+01 -2.860670089721679688e+00 4.465657711029052734e+00
1.137630653381347656e+01 -2.517281293869018555e+00 3.478870153427124023e+00
6.620988368988037109e+00 -1.731930732727050781e+00 6.310647010803222656e+00
7.767176151275634766e+00 -1.305173277854919434e+00 6.149914264678955078e+00
7.048361301422119141e+00 -3.307080864906311035e-01 5.595767021179199219e+00
6.286764621734619141e+00 -5.065302252769470215e-01 5.935160160064697266e+00
5.683763504028320312e+00 6.187170147895812988e-01 5.440401554107666016e+00
8.116216659545898438e+00 -6.141334772109985352e-02 4.401881217956542969e+00
5.751014232635498047e+00 1.802735090255737305e+00 4.068732261657714844e+00
6.143366336822509766e+00 1.920603036880493164e+00 3.620466470718383789e+00
-2.135730266571044922e+00 -2.797494411468505859e+00 3.768589735031127930e+00
-1.523512959480285645e+00 -3.803980588912963867e+00 1.663600683212280273e+00
-1.476882934570312500e+00 -4.652516841888427734e+00 3.887909650802612305e-01
-1.619529962539672852e+00 -2.866767644882202148e+00 3.496652126312255859e+00
-2.483187317848205566e-01 -2.665023803710937500e+00 2.376140594482421875e+00
-5.072435379028320312e+00 -3.478054761886596680e+00 1.468254327774047852e+00
-4.359955310821533203e+00 -3.315651893615722656e+00 2.201736688613891602e+00
-5.806704998016357422e+00 -2.596869468688964844e+00 3.390776634216308594e+00
-5.280025959014892578e+00 -3.017987489700317383e+00 2.535002708435058594e+00
-4.097197055816650391e+00 -2.826553106307983398e+00 3.377120494842529297e+00
-2.762871026992797852e+00 -1.616367936134338379e+00 4.861693382263183594e+00
-5.655607700347900391e+00 -1.268711447715759277e+00 4.705445766448974609e+00
-5.352105140686035156e+00 -7.386499643325805664e-01 4.906668186187744141e+00
2.518602848052978516e+00 -1.760967016220092773e+00 3.669226646423339844e+00
1.364001870155334473e+00 -9.170012474060058594e-01 4.140976428985595703e+00
-6.525421887636184692e-02 -1.197349786758422852e+00 3.661352396011352539e+00
1.084941625595092773e+00 -3.465214967727661133e-01 4.683404922485351562e+00
2.492926597595214844e+00 -1.143488407135009766e+00 5.297889232635498047e+00
3.502619266510009766e+00 -7.239453792572021484e-01 6.647246837615966797e+00
1.110298633575439453e+00 7.419866323471069336e-01 5.422935485839843750e+00
-3.228211641311645508e+00 -1.388738632202148438e+00 4.999637126922607422e+00
-4.246147632598876953e+00 2.989361882209777832e-01 5.007446289062500000e+00
-2.751142740249633789e+00 5.644622445106506348e-01 5.131496906280517578e+00
-1.169737100601196289e+00 1.617070794105529785e+00 4.410567760467529297e+00
-3.889160633087158203e+00 1.020333647727966309e+00 4.047796249389648438e+00
-3.824615001678466797e+00 1.424027919769287109e+00 2.890321254730224609e+00
-1.784726530313491821e-01 -5.103838920593261719e+00 -8.362505584955215454e-02
2.972737550735473633e-01 -4.962890625000000000e+00 -1.198105812072753906e-01
8.155201077461242676e-01 -4.971507549285888672e+00 2.579582110047340393e-02
1.642346501350402832e+00 -3.812018156051635742e+00 1.412112951278686523e+00
1.481506466865539551e+00 -5.007311820983886719e+00 5.720212459564208984e-01
1.627445816993713379e+00 -3.771318197250366211e+00 -1.367431759834289551e+00
1.879393577575683594e+00 -2.643592357635498047e+00 2.352738618850708008e+00
2.313295841217041016e+00 1.398788332939147949e+00 5.566395282745361328e+00
2.891435861587524414e+00 2.368326663970947266e+00 4.207691192626953125e+00
2.609219551086425781e+00 2.935933113098144531e+00 3.015280961990356445e+00
-8.624929189682006836e-01 2.481883049011230469e+00 2.622346639633178711e+00
-6.630668044090270996e-01 1.947165369987487793e+00 4.188269138336181641e+00
5.731858611106872559e-01 2.546160697937011719e+00 3.252463817596435547e+00
-1.729255676269531250e+00 3.176304340362548828e+00 1.092772185802459717e-01
-7.586799144744873047e+00 -2.459264278411865234e+00 3.552864789962768555e+00
-7.329934597015380859e+00 -1.424152374267578125e+00 4.215591907501220703e+00
-7.962015628814697266e+00 -8.130289316177368164e-01 2.906298398971557617e+00
-6.812770843505859375e+00 -1.161572098731994629e+00 4.460694789886474609e+00
-7.017374515533447266e+00 -3.667287826538085938e-01 3.058690547943115234e+00
-6.419836997985839844e+00 1.884521842002868652e-01 1.419782996177673340e+00
-6.219958305358886719e+00 1.393184214830398560e-01 2.390696525573730469e+00
-6.924568176269531250e+00 2.279262244701385498e-01 -8.146307468414306641e-01
-3.744870662689208984e+00 1.650203824043273926e+00 1.847187399864196777e+00
-5.362126350402832031e+00 2.015209674835205078e+00 -1.993176698684692383e+00
-3.648092269897460938e+00 3.038537263870239258e+00 -1.668148756027221680e+00
3.405679464340209961e+00 5.302471518516540527e-01 6.436215877532958984e+00
3.011291980743408203e+00 1.613440394401550293e+00 5.332775115966796875e+00
3.851414680480957031e+00 1.900259256362915039e+00 4.717548370361328125e+00
4.545229434967041016e+00 2.477568149566650391e+00 3.696159362792968750e+00
3.892905235290527344e+00 3.092048406600952148e+00 2.950747013092041016e+00
7.766325950622558594e+00 -4.919732093811035156e+00 -3.969444990158081055e+00
2.378277540206909180e+00 -5.076398849487304688e+00 -3.055501699447631836e+00
5.497542381286621094e+00 -4.744740962982177734e+00 -2.530171632766723633e+00
6.324321269989013672e+00 -4.698133468627929688e+00 -2.978794097900390625e+00
3.034916162490844727e+00 -5.015615940093994141e+00 -2.937964916229248047e+00
2.091303825378417969e+00 -5.932204723358154297e+00 -5.252256870269775391e+00
2.627373695373535156e+00 -5.808851242065429688e+00 -6.254120349884033203e+00
3.891915321350097656e+00 -5.142135143280029297e+00 -5.599541664123535156e+00
5.926443576812744141e+00 -4.826266765594482422e+00 -3.735891580581665039e+00
7.163109302520751953e+00 -4.975510120391845703e+00 -4.075345993041992188e+00
2.444285392761230469e+00 -5.621789932250976562e+00 -8.459225654602050781e+00
8.326989173889160156e+00 -4.988466739654541016e+00 -6.015336990356445312e+00
3.301029443740844727e+00 -5.331645488739013672e+00 -7.116928100585937500e+00
3.714374303817749023e+00 -4.722197055816650391e+00 -7.899598121643066406e+00
6.293066978454589844e+00 -5.076330661773681641e+00 -5.381810188293457031e+00
7.412432670593261719e+00 -4.935165882110595703e+00 -6.334956169128417969e+00
5.881936550140380859e+00 -4.180543422698974609e+00 -7.254086971282958984e+00
7.538524150848388672e+00 -4.035338878631591797e+00 -7.371141433715820312e+00
5.591767311096191406e+00 -3.865104436874389648e+00 -7.629618644714355469e+00
5.159914970397949219e+00 -2.839174985885620117e+00 -8.643525123596191406e+00
5.233671665191650391e+00 -2.080012321472167969e+00 -8.895466804504394531e+00
-3.348935127258300781e+00 -7.971388816833496094e+00 -1.205653190612792969e+01
-3.130991935729980469e+00 -8.215433120727539062e+00 -1.051702117919921875e+01
-3.961033344268798828e+00 -7.543756484985351562e+00 -1.315974807739257812e+01
-1.581652879714965820e+00 -6.563295364379882812e+00 -1.324249362945556641e+01
-3.556566715240478516e+00 -6.334047794342041016e+00 -1.446053314208984375e+01
-3.374725818634033203e+00 -5.280169486999511719e+00 -1.519359683990478516e+01
-6.631439208984375000e+00 -6.536072254180908203e+00 -1.317136669158935547e+01
-7.072204589843750000e+00 -6.211560249328613281e+00 -1.318898105621337891e+01
-7.757350444793701172e+00 -5.231255054473876953e+00 -1.367562294006347656e+01
-5.719724655151367188e+00 -7.131849288940429688e+00 -1.307839965820312500e+01
-8.472896575927734375e+00 -5.363697052001953125e+00 -1.256380748748779297e+01
-7.363176345825195312e+00 -4.563022613525390625e+00 -1.457378005981445312e+01
-4.150826930999755859e+00 -5.534493446350097656e+00 -1.502979373931884766e+01
-5.994614124298095703e+00 -4.380807876586914062e+00 -1.525844764709472656e+01
-2.711034774780273438e+00 -5.387725830078125000e+00 -1.501480865478515625e+01
-2.176522731781005859e+00 -4.295308113098144531e+00 -1.537029933929443359e+01
-3.721604585647583008e+00 -3.714899778366088867e+00 -1.575508213043212891e+01
-2.789684057235717773e+00 -3.186462640762329102e+00 -1.571646976470947266e+01
-4.988942146301269531e+00 -2.648224353790283203e+00 -1.594150733947753906e+01
-3.920460224151611328e+00 -1.502883434295654297e+00 -1.593652725219726562e+01
-9.299494743347167969e+00 -4.439798831939697266e+00 -1.222148609161376953e+01
-8.933735847473144531e+00 -3.999957799911499023e+00 -1.344453334808349609e+01
-9.911671638488769531e+00 -2.861222982406616211e+00 -1.234592056274414062e+01
-1.040346527099609375e+01 -1.436461567878723145e+00 -1.151738166809082031e+01
-8.549034118652343750e+00 -3.347376108169555664e+00 -1.436055850982666016e+01
-7.691854953765869141e+00 -2.965171098709106445e+00 -1.519809246063232422e+01
-9.821987152099609375e+00 -9.223385453224182129e-01 -1.328290462493896484e+01
-9.374201774597167969e+00 -3.237265050411224365e-01 -1.420538902282714844e+01
-8.486542701721191406e+00 -9.486258029937744141e-01 -1.507446289062500000e+01
-7.135164260864257812e+00 1.630063503980636597e-01 -1.577015209197998047e+01
-7.627145767211914062e+00 8.189640045166015625e-01 -1.553702354431152344e+01
-1.521617650985717773e+00 -7.556209564208984375e+00 -6.889163494110107422e+00
-4.207700490951538086e-01 -7.157011508941650391e+00 -8.632363319396972656e+00
7.415969669818878174e-02 -6.569939613342285156e+00 -5.591301918029785156e+00
6.197569370269775391e-01 -6.686274051666259766e+00 -6.758195400238037109e+00
-2.397093474864959717e-01 -6.930970668792724609e+00 -9.611133575439453125e+00
-5.045127868652343750e-02 -5.895642757415771484e+00 -1.240242385864257812e+01
1.353536844253540039e+00 -6.390356063842773438e+00 -6.420531749725341797e+00
2.022044658660888672e+00 -5.953099727630615234e+00 -8.191954612731933594e+00
-7.601278424263000488e-01 -5.087403774261474609e+00 -1.430422782897949219e+01
1.024894833564758301e+00 -4.963323593139648438e+00 -1.243818855285644531e+01
-1.229988694190979004e+00 -3.739706039428710938e+00 -1.520293617248535156e+01
-1.920011639595031738e-01 -3.007377147674560547e+00 -1.485969161987304688e+01
1.960856556892395020e+00 -5.053727626800537109e+00 -1.069822216033935547e+01
-1.087646484375000000e+00 -2.405242443084716797e+00 -1.528182411193847656e+01
-1.307055592536926270e+00 -1.697237610816955566e+00 -1.534127712249755859e+01
2.142430543899536133e+00 -3.536485433578491211e+00 -1.149325752258300781e+01
8.848285675048828125e-01 -1.870207786560058594e+00 -1.348725128173828125e+01
7.974252104759216309e-01 -1.144320011138916016e+00 -1.333462810516357422e+01
-2.605775356292724609e+00 -1.778067588806152344e+00 -1.569979286193847656e+01
-2.675806283950805664e+00 -8.087692856788635254e-01 -1.564121055603027344e+01
-5.084769725799560547e+00 4.558865427970886230e-01 -1.588854312896728516e+01
-2.886754751205444336e+00 1.008593916893005371e+00 -1.536598968505859375e+01
-2.164330005645751953e+00 1.175561547279357910e+00 -1.512400627136230469e+01
-4.974726438522338867e-01 1.150434851646423340e+00 -1.389015388488769531e+01
-2.882050991058349609e+00 2.081232786178588867e+00 -1.503512477874755859e+01
-2.465443849563598633e+00 2.789865255355834961e+00 -1.464610862731933594e+01
2.705090045928955078e+00 -3.967547655105590820e+00 -1.033864879608154297e+01
3.522197723388671875e+00 -2.609032154083251953e+00 -1.011295890808105469e+01
3.014070749282836914e+00 -1.847199797630310059e+00 -1.085404872894287109e+01
9.648699164390563965e-01 -2.809558212757110596e-01 -1.281375217437744141e+01
1.484520673751831055e+00 7.833095267415046692e-03 -1.211142539978027344e+01
2.350932359695434570e+00 -2.167932987213134766e-01 -1.122836399078369141e+01
1.082536220550537109e+00 4.183144569396972656e-01 -1.233694839477539062e+01
-1.051406860351562500e+01 -9.638106822967529297e-01 -1.099164581298828125e+01
-9.967828750610351562e+00 6.895423531532287598e-01 -1.292203807830810547e+01
-1.030419254302978516e+01 -1.074040401726961136e-02 -1.048562049865722656e+01
-1.007354354858398438e+01 -1.158701255917549133e-01 -9.023083686828613281e+00
-9.727520942687988281e+00 5.482599139213562012e-01 -1.002653217315673828e+01
-9.964411735534667969e+00 9.273142814636230469e-01 -1.155165481567382812e+01
-9.433787345886230469e+00 2.038828849792480469e+00 -1.278390216827392578e+01
-8.822463989257812500e+00 1.401652693748474121e+00 -9.341133117675781250e+00
-8.418881416320800781e+00 2.405155658721923828e+00 -1.037313079833984375e+01
-8.199649810791015625e+00 1.162687659263610840e+00 -6.068608283996582031e+00
-7.962401866912841797e+00 1.597370386123657227e+00 -7.150098800659179688e+00
-8.284994125366210938e+00 1.885125279426574707e+00 -8.736010551452636719e+00
-7.901797771453857422e+00 2.553553104400634766e+00 -9.730683326721191406e+00
-6.298690319061279297e+00 2.700777769088745117e+00 -7.677860736846923828e+00
-6.215503692626953125e+00 3.012067556381225586e+00 -8.160067558288574219e+00
-8.635313034057617188e+00 2.208255290985107422e+00 -1.429255867004394531e+01
-8.036666870117187500e+00 2.236733913421630859e+00 -1.473282718658447266e+01
-7.637238979339599609e+00 3.450569152832031250e+00 -1.351231861114501953e+01
-6.655663490295410156e+00 4.269028663635253906e+00 -1.313764667510986328e+01
-6.099277019500732422e+00 1.898449897766113281e+00 -1.547767066955566406e+01
-5.844410896301269531e+00 2.187537431716918945e+00 -1.532799434661865234e+01
-5.170159339904785156e+00 3.971018075942993164e+00 -1.412180233001708984e+01
-4.614445209503173828e+00 3.962628364562988281e+00 -1.424924373626708984e+01
-5.867453575134277344e+00 3.775496959686279297e+00 -1.412577629089355469e+01
-8.274418830871582031e+00 3.289480209350585938e+00 -1.224559307098388672e+01
-6.242533683776855469e+00 4.418064594268798828e+00 -1.238054275512695312e+01
-5.556931972503662109e+00 4.386382579803466797e+00 -1.074282073974609375e+01
-3.387930631637573242e+00 4.235330581665039062e+00 -1.348842620849609375e+01
-3.170070648193359375e+00 4.297249317169189453e+00 -1.287054920196533203e+01
-5.219495296478271484e+00 4.438845634460449219e+00 -1.221879291534423828e+01
-4.468423843383789062e+00 4.637757778167724609e+00 -1.232625007629394531e+01
-3.216397285461425781e+00 4.687084674835205078e+00 -1.144331836700439453e+01
-4.957808494567871094e+00 4.789407253265380859e+00 -1.084755706787109375e+01
-3.795356035232543945e+00 4.894304275512695312e+00 -1.117144680023193359e+01
-6.640918254852294922e+00 3.687152385711669922e+00 -1.050095081329345703e+01
-5.933342456817626953e+00 3.628410816192626953e+00 -9.032728195190429688e+00
3.061643362045288086e+00 -1.878395676612854004e-01 -1.030410575866699219e+01
-1.377959251403808594e-01 1.529756665229797363e+00 -1.287844753265380859e+01
-2.113487243652343750e+00 3.222841501235961914e+00 -1.359510040283203125e+01
9.972949624061584473e-01 8.029903769493103027e-01 -1.169022464752197266e+01
-1.053629636764526367e+00 2.885350465774536133e+00 -1.233887958526611328e+01
-2.712900638580322266e+00 3.847790002822875977e+00 -1.327068424224853516e+01
-1.649338245391845703e+00 3.647887945175170898e+00 -1.187565135955810547e+01
1.143661499023437500e+01 -6.551344394683837891e+00 -3.380026817321777344e+00
1.332310104370117188e+01 -6.802892684936523438e+00 -1.719236969947814941e+00
1.117350292205810547e+01 -6.460603713989257812e+00 -8.412018418312072754e-01
1.097905826568603516e+01 -6.484572887420654297e+00 -2.601838111877441406e+00
1.435569190979003906e+01 -7.007120609283447266e+00 -5.022253036499023438e+00
1.199109172821044922e+01 -6.619883537292480469e+00 -3.981016635894775391e+00
1.270292377471923828e+01 -6.602480888366699219e+00 -5.475029468536376953e+00
1.314825248718261719e+01 -6.932318210601806641e+00 -3.667418003082275391e+00
1.562884426116943359e+01 -7.105375289916992188e+00 -3.591743946075439453e+00
1.607457160949707031e+01 -6.034098625183105469e+00 -4.168392181396484375e+00
1.624409484863281250e+01 -6.611017704010009766e+00 -1.159073948860168457e+00
1.638363456726074219e+01 -5.807538986206054688e+00 -2.031309366226196289e+00
1.457319068908691406e+01 -6.719040870666503906e+00 5.632602050900459290e-02
1.481264305114746094e+01 -7.041485786437988281e+00 -1.546426892280578613e+00
1.537400913238525391e+01 -6.459609031677246094e+00 9.834691882133483887e-01
1.475740909576416016e+01 -4.529679775238037109e+00 2.066571235656738281e+00
1.512888050079345703e+01 -4.477863311767578125e+00 9.355967044830322266e-01
1.430935001373291016e+01 -3.664061069488525391e+00 1.095334053039550781e+00
1.582159233093261719e+01 -5.003394603729248047e+00 -3.331763267517089844e+00
1.524168491363525391e+01 -4.161111354827880859e+00 -2.543836116790771484e+00
1.521435356140136719e+01 -4.116405487060546875e+00 -9.761990904808044434e-01
1.497987937927246094e+01 -3.755303621292114258e+00 -1.479043364524841309e+00
1.434110736846923828e+01 -3.016863107681274414e+00 -8.340023756027221680e-01
1.381554985046386719e+01 -6.774584770202636719e+00 -6.240061759948730469e+00
1.526183986663818359e+01 -5.986153125762939453e+00 -6.534113883972167969e+00
1.237494945526123047e+01 -6.466917037963867188e+00 -6.658949375152587891e+00
1.292000961303710938e+01 -5.933065891265869141e+00 -7.440098285675048828e+00
1.593849277496337891e+01 -5.913365840911865234e+00 -5.630236625671386719e+00
1.563434219360351562e+01 -5.136763572692871094e+00 -5.919160842895507812e+00
1.506184482574462891e+01 -4.472825527191162109e+00 -5.517659187316894531e+00
1.326806735992431641e+01 -5.545532226562500000e+00 -7.294490814208984375e+00
1.264133071899414062e+01 -4.985117435455322266e+00 -6.606511116027832031e+00
1.350912094116210938e+01 -4.510849475860595703e+00 -6.081966876983642578e+00
1.364443397521972656e+01 -3.428726673126220703e+00 -4.922212123870849609e+00
1.501529979705810547e+01 -3.825230836868286133e+00 -2.784590721130371094e+00
1.495306205749511719e+01 -3.809554100036621094e+00 -4.474483489990234375e+00
1.440315246582031250e+01 -2.971892595291137695e+00 -3.716958999633789062e+00
1.016615009307861328e+01 -6.015458106994628906e+00 -2.752314329147338867e+00
6.995357036590576172e+00 -4.768616199493408203e+00 -2.379573822021484375e+00
7.282497882843017578e+00 -4.839420795440673828e+00 -1.954049229621887207e+00
6.847511291503906250e+00 -4.708134651184082031e+00 -2.940450906753540039e+00
1.048551750183105469e+01 -6.303391456604003906e+00 -2.349516153335571289e+00
9.016288757324218750e+00 -5.536095142364501953e+00 -1.952886939048767090e+00
7.955438613891601562e+00 -5.104568958282470703e+00 -1.588332414627075195e+00
9.602983474731445312e+00 -5.539458274841308594e+00 -3.443356275558471680e+00
9.960468292236328125e+00 -5.557805538177490234e+00 -4.670838832855224609e+00
8.337305068969726562e+00 -4.997447967529296875e+00 -3.968029499053955078e+00
1.359200859069824219e+01 -2.323344230651855469e+00 3.676352277398109436e-02
1.222119522094726562e+01 -9.564535617828369141e-01 -9.983072876930236816e-01
1.096950340270996094e+01 -5.974863052368164062e+00 -5.501239299774169922e+00
1.103741741180419922e+01 -5.432176589965820312e+00 -6.033669948577880859e+00
9.604422569274902344e+00 -5.080373764038085938e+00 -5.204382896423339844e+00
1.173358345031738281e+01 -4.714607238769531250e+00 -6.168379783630371094e+00
9.193444252014160156e+00 -4.323718547821044922e+00 -6.417712211608886719e+00
1.041766071319580078e+01 -3.550279855728149414e+00 -5.867324829101562500e+00
1.249370384216308594e+01 -3.710088253021240234e+00 -5.440160274505615234e+00
1.066757488250732422e+01 -3.210340499877929688e+00 -5.661149978637695312e+00
1.069279003143310547e+01 -2.282648324966430664e+00 -5.241393089294433594e+00
8.550213813781738281e+00 -3.681353330612182617e+00 -7.029509544372558594e+00
9.066016197204589844e+00 -3.084889650344848633e+00 -6.566194057464599609e+00
8.061878204345703125e+00 -2.031373023986816406e+00 -6.902424812316894531e+00
1.042572212219238281e+01 -1.615083575248718262e+00 -5.101855278015136719e+00
8.268201828002929688e+00 -1.707561731338500977e+00 -6.637462139129638672e+00
8.763153076171875000e+00 -4.877257347106933594e-01 -5.837983608245849609e+00
7.291427135467529297e+00 -1.617461442947387695e-01 -6.916705608367919922e+00
1.331029033660888672e+01 -2.180881023406982422e+00 -4.026887893676757812e+00
1.347817993164062500e+01 -1.789947152137756348e+00 -1.887141823768615723e+00
1.325381851196289062e+01 -1.381059408187866211e+00 -3.111112117767333984e+00
1.242476272583007812e+01 -5.282642841339111328e-01 -2.189258813858032227e+00
1.207888317108154297e+01 -1.799640506505966187e-01 -2.801263332366943359e+00
1.243930053710937500e+01 -1.955253005027770996e+00 -4.331495761871337891e+00
1.123754787445068359e+01 -1.258411049842834473e+00 -4.462999820709228516e+00
1.152652454376220703e+01 -6.067084074020385742e-01 -3.841289758682250977e+00
1.017646694183349609e+01 1.493968963623046875e+00 -1.717221140861511230e+00
9.293791770935058594e+00 2.324537277221679688e+00 -2.857996702194213867e+00
9.333608627319335938e+00 2.273290157318115234e+00 -3.333653450012207031e+00
8.571864128112792969e+00 2.887645959854125977e+00 -2.354163646697998047e+00
1.022945117950439453e+01 -9.267295002937316895e-01 -4.989941596984863281e+00
1.066818618774414062e+01 2.766593396663665771e-01 -4.105503559112548828e+00
8.378581047058105469e+00 1.283779889345169067e-01 -5.854503631591796875e+00
7.026686668395996094e+00 9.877579808235168457e-01 -6.429262638092041016e+00
1.379231166839599609e+01 -3.960028648376464844e+00 2.629172086715698242e+00
1.240357685089111328e+01 -2.891345500946044922e+00 2.901551246643066406e+00
1.122467899322509766e+01 -1.126250863075256348e+00 1.415392160415649414e+00
1.144163513183593750e+01 -8.001394271850585938e-01 2.929627001285552979e-01
9.922042846679687500e+00 -7.975323200225830078e-01 3.033693075180053711e+00
8.827892303466796875e+00 6.616951823234558105e-01 2.538253784179687500e+00
9.382576942443847656e+00 3.642033040523529053e-01 2.030778408050537109e+00
7.295821666717529297e+00 1.700927495956420898e+00 2.871608018875122070e+00
7.154829502105712891e+00 2.490335226058959961e+00 1.798813581466674805e+00
9.810825347900390625e+00 7.489057183265686035e-01 3.456138670444488525e-01
1.005611705780029297e+01 1.188019990921020508e+00 -9.854447841644287109e-01
8.001349449157714844e+00 2.511487007141113281e+00 4.134674966335296631e-01
3.352586269378662109e+00 4.280756473541259766e+00 -3.420591056346893311e-01
6.227862834930419922e+00 3.492566347122192383e+00 2.740130424499511719e-01
5.483625411987304688e+00 4.038415431976318359e+00 -2.221544504165649414e+00
3.675999402999877930e+00 4.396921157836914062e+00 -6.795220971107482910e-01
2.849807262420654297e+00 3.826668739318847656e+00 -2.453161001205444336e+00
2.964482307434082031e+00 3.519371032714843750e+00 -3.327428340911865234e+00
-9.873962998390197754e-01 3.798806190490722656e+00 -7.634711861610412598e-01
2.152750015258789062e+00 3.152998924255371094e+00 -4.386240005493164062e+00
1.096326299011707306e-02 4.166655540466308594e+00 -3.142364740371704102e+00
3.084000051021575928e-01 3.713656902313232422e+00 -4.697027683258056641e+00
2.381738424301147461e+00 3.812502384185791016e+00 -2.564994573593139648e+00
5.106522083282470703e+00 -8.707319498062133789e-01 -8.894289970397949219e+00
2.949325561523437500e+00 3.149955570697784424e-01 -9.609264373779296875e+00
5.074408531188964844e+00 5.173407196998596191e-01 -8.116473197937011719e+00
3.651083946228027344e+00 5.715487003326416016e-01 -8.971102714538574219e+00
2.527615070343017578e+00 5.059835314750671387e-01 -9.801418304443359375e+00
1.548592925071716309e+00 1.853090286254882812e+00 -9.912240028381347656e+00
3.333228826522827148e-01 3.152936220169067383e+00 -9.157307624816894531e+00
1.140387877821922302e-01 3.005453586578369141e+00 -1.045836734771728516e+01
5.664349079132080078e+00 2.820724010467529297e+00 -4.860256195068359375e+00
6.173514366149902344e+00 1.898079037666320801e+00 -6.095180988311767578e+00
4.708446025848388672e+00 2.703518152236938477e+00 -5.248163700103759766e+00
4.807017326354980469e+00 2.400300741195678711e+00 -5.962659835815429688e+00
6.614175796508789062e+00 3.740031957626342773e+00 -2.714849948883056641e+00
6.597120285034179688e+00 1.291978478431701660e+00 -6.431251049041748047e+00
5.726258754730224609e+00 1.683270096778869629e+00 -6.608461380004882812e+00
4.871391773223876953e+00 1.793278932571411133e+00 -7.040117740631103516e+00
2.743214130401611328e+00 2.861494064331054688e+00 -5.062555789947509766e+00
2.823629140853881836e+00 2.098326206207275391e+00 -7.360119819641113281e+00
2.034214019775390625e+00 2.338229417800903320e+00 -6.811842918395996094e+00
9.726565331220626831e-02 3.306913614273071289e+00 -6.270809173583984375e+00
2.747448980808258057e-01 2.965277194976806641e+00 -7.758529186248779297e+00
3.057792782783508301e-01 3.037267684936523438e+00 -8.137239456176757812e+00
-3.297531604766845703e+00 3.403136730194091797e+00 -2.583777189254760742e+00
-5.635528087615966797e+00 3.070779323577880859e+00 -7.729273319244384766e+00
-4.810165405273437500e+00 3.488827705383300781e+00 -7.634191036224365234e+00
-4.258894920349121094e+00 3.354240179061889648e+00 -6.673475265502929688e+00
-2.166701316833496094e+00 3.288654565811157227e+00 -2.304844707250595093e-01
-1.890222668647766113e+00 3.756920099258422852e+00 -1.353578805923461914e+00
-1.528038263320922852e+00 4.101346015930175781e+00 -2.468321561813354492e+00
-1.353374600410461426e+00 4.396660327911376953e+00 -3.693325519561767578e+00
-1.181795954704284668e+00 4.404476642608642578e+00 -4.986855983734130859e+00
-4.801361560821533203e+00 4.084469318389892578e+00 -8.503595352172851562e+00
-4.505610466003417969e+00 4.560793399810791016e+00 -9.023754119873046875e+00
-1.980280756950378418e+00 4.466422080993652344e+00 -7.511072635650634766e+00
-3.349895477294921875e+00 4.462000846862792969e+00 -8.331212043762207031e+00
-1.540286898612976074e+00 3.655668258666992188e+00 -1.119884204864501953e+01
-1.227616429328918457e+00 3.510415792465209961e+00 -1.106309413909912109e+01
-3.827905654907226562e+00 4.856755733489990234e+00 -1.070428371429443359e+01
-2.047287464141845703e+00 4.184616088867187500e+00 -9.850317955017089844e+00
-3.099674582481384277e-01 3.484556913375854492e+00 -9.966520309448242188e+00
-2.158935070037841797e+00 4.563939094543457031e+00 -6.120145320892333984e+00
5.299994468688964844e+00 3.100834131240844727e+00 2.334618330001831055e+00
6.058636665344238281e+00 3.029652833938598633e+00 1.765939712524414062e+00
1.968543529510498047e+00 7.077848911285400391e-01 -1.028773307800292969e+01
-5.158150792121887207e-01 2.798022270202636719e+00 -1.161565399169921875e+01
4.433861672878265381e-01 2.528365135192871094e+00 -1.076987838745117188e+01
