1.562571525573730469e+00 -4.938608646392822266e+00 -2.713201761245727539e+00
2.279765367507934570e+00 -4.791842937469482422e+00 -1.923434972763061523e+00
1.516994953155517578e+00 -4.797067165374755859e+00 -2.308132410049438477e+00
-5.068926811218261719e+00 -8.108546257019042969e+00 -7.822322368621826172e+00
-4.999397754669189453e+00 -8.062523841857910156e+00 -1.156779098510742188e+01
-4.185078620910644531e+00 -8.321120262145996094e+00 -9.419574737548828125e+00
-7.270963668823242188e+00 -7.468680858612060547e+00 -7.058917045593261719e+00
-7.775038242340087891e+00 -7.350907802581787109e+00 -7.967194557189941406e+00
-5.692388057708740234e+00 -8.129238128662109375e+00 -9.823609352111816406e+00
-6.220788002014160156e+00 -7.997698307037353516e+00 -9.061540603637695312e+00
-6.480627059936523438e+00 -7.345878601074218750e+00 -1.205438041687011719e+01
-8.410737037658691406e+00 -6.367699623107910156e+00 -1.057606697082519531e+01
-8.333835601806640625e+00 -6.191323757171630859e+00 -1.129448890686035156e+01
-9.642459869384765625e+00 -5.267039775848388672e+00 -8.362830162048339844e+00
-1.005120754241943359e+01 -4.325105190277099609e+00 -8.715703010559082031e+00
-9.587736129760742188e+00 -4.644577026367187500e+00 -1.086785221099853516e+01
-8.220269203186035156e+00 -6.690452575683593750e+00 -5.445555210113525391e+00
-9.067867279052734375e+00 -6.091741085052490234e+00 -4.929985046386718750e+00
-7.968436717987060547e+00 -5.745318412780761719e+00 -3.404678106307983398e+00
-8.497105598449707031e+00 -5.228416442871093750e+00 -2.226388216018676758e+00
-6.958519935607910156e+00 -5.440508365631103516e+00 -3.112453222274780273e+00
-2.593599557876586914e+00 -5.031972408294677734e+00 -1.548177361488342285e+00
-3.374038457870483398e+00 -4.882627487182617188e+00 -5.832270383834838867e-01
-1.440925955772399902e+00 -4.996603488922119141e+00 -2.375108301639556885e-01
-7.379669189453125000e+00 -3.212346076965332031e+00 2.311616182327270508e+00
-5.355872154235839844e+00 -3.512493848800659180e+00 1.278525471687316895e+00
-3.860304594039916992e+00 -5.068531990051269531e+00 -2.136834144592285156e+00
-7.304559707641601562e+00 -4.796084880828857422e+00 -1.627012610435485840e+00
-6.307744026184082031e+00 -5.167094707489013672e+00 -2.786683797836303711e+00
-3.739083051681518555e+00 -4.414831638336181641e+00 1.340073496103286743e-01
-4.768054008483886719e+00 -7.278998374938964844e+00 -5.294828414916992188e+00
-4.545612335205078125e+00 -6.498229503631591797e+00 -4.091044902801513672e+00
-2.280385971069335938e+00 -7.655791759490966797e+00 -6.417014598846435547e+00
-2.884716510772705078e+00 -7.167900562286376953e+00 -5.067074775695800781e+00
-2.214428424835205078e+00 -7.177678108215332031e+00 -5.299103736877441406e+00
-1.356142878532409668e+00 -6.802781105041503906e+00 -5.044018268585205078e+00
-2.779742240905761719e+00 -6.777295589447021484e+00 -4.439704418182373047e+00
-5.267691612243652344e+00 -6.850560665130615234e+00 -4.679023742675781250e+00
-6.153841018676757812e+00 -7.666812419891357422e+00 -6.742074489593505859e+00
-8.704778671264648438e+00 -6.650993824005126953e+00 -6.454741477966308594e+00
-1.416616678237915039e+00 -4.983988761901855469e+00 -1.835467815399169922e+00
-9.337903261184692383e-01 -5.046276569366455078e+00 -2.275868415832519531e+00
-2.241122007369995117e+00 -5.126395225524902344e+00 -2.023012638092041016e+00
-3.504641056060791016e-01 -5.092924594879150391e+00 -1.197493672370910645e+00
6.348119378089904785e-01 -4.628177642822265625e+00 -1.598507404327392578e+00
-8.141345381736755371e-01 -5.406014919281005859e+00 -3.020369768142700195e+00
-7.482247427105903625e-03 -5.502759933471679688e+00 -3.344998836517333984e+00
6.089189052581787109e-01 -4.771441936492919922e+00 -2.124987125396728516e+00
-9.515516281127929688e+00 -4.813343524932861328e+00 -2.044753074645996094e+00
-9.940306663513183594e+00 -4.890549182891845703e+00 -4.679692268371582031e+00
-9.352118492126464844e+00 -5.581226348876953125e+00 -3.830997705459594727e+00
-1.019601154327392578e+01 -3.759506940841674805e+00 -3.287938356399536133e+00
-1.031967926025390625e+01 -3.585583925247192383e+00 -4.715425968170166016e+00
-9.119893074035644531e+00 -4.087207794189453125e+00 3.091143965721130371e-01
-9.780840873718261719e+00 -4.173679828643798828e+00 -1.408435702323913574e+00
-9.820053100585937500e+00 -3.231416940689086914e+00 -2.799293994903564453e-01
-9.599050521850585938e+00 -2.926939725875854492e+00 9.024706482887268066e-01
-9.113167762756347656e+00 -2.722140550613403320e+00 2.167403697967529297e+00
-9.278825759887695312e+00 -1.629906296730041504e+00 1.269605875015258789e+00
-1.017271709442138672e+01 -2.695016145706176758e+00 -2.523808002471923828e+00
-1.009725189208984375e+01 -1.608933806419372559e+00 -2.652429342269897461e+00
-9.464359283447265625e+00 -1.293428540229797363e+00 -8.879155516624450684e-01
-7.936713218688964844e+00 -4.175973236560821533e-01 -6.464624404907226562e-01
-1.006294345855712891e+01 -4.634847164154052734e+00 -5.545181274414062500e+00
-1.034757232666015625e+01 -3.651326656341552734e+00 -5.424631595611572266e+00
-1.053330135345458984e+01 -2.257736444473266602e+00 -5.301340579986572266e+00
-1.059104537963867188e+01 -2.098303079605102539e+00 -5.871545791625976562e+00
-1.008352184295654297e+01 -6.570813655853271484e-01 -5.353593826293945312e+00
-1.058970165252685547e+01 -2.842884063720703125e+00 -7.961249351501464844e+00
-1.071155548095703125e+01 -1.947435140609741211e+00 -8.887137413024902344e+00
-1.060152053833007812e+01 -8.115169405937194824e-01 -8.516826629638671875e+00
-9.952010154724121094e+00 -3.305581212043762207e-01 -6.705638408660888672e+00
-8.382949829101562500e+00 -2.017564326524734497e-01 -2.253572463989257812e+00
-6.926295280456542969e+00 1.701719880104064941e+00 -3.686888456344604492e+00
-9.017930030822753906e+00 3.870061337947845459e-01 -6.202443599700927734e+00
-7.576864719390869141e+00 1.439562559127807617e+00 -4.987794876098632812e+00
1.319888019561767578e+01 -5.819225788116455078e+00 4.773632526397705078e+00
1.354765319824218750e+01 -6.262607097625732422e+00 8.375576734542846680e-01
1.303469753265380859e+01 -6.074660301208496094e+00 1.533692955970764160e+00
1.490472507476806641e+01 -6.045663356781005859e+00 2.037814378738403320e+00
1.472116470336914062e+01 -5.283428192138671875e+00 3.230866193771362305e+00
1.195447158813476562e+01 -5.787072181701660156e+00 2.846083402633666992e+00
4.390769958496093750e+00 -1.303238153457641602e+00 5.004494667053222656e+00
5.236870288848876953e+00 -1.061339497566223145e+00 6.151244640350341797e+00
6.649744987487792969e+00 -4.875165939331054688e+00 -1.652681112289428711e+00
8.912248611450195312e+00 -6.293537139892578125e+00 -1.213941335678100586e+00
8.126717567443847656e+00 -6.205877780914306641e+00 -1.058708906173706055e+00
7.453679561614990234e+00 -6.277360439300537109e+00 -4.749731421470642090e-01
2.554357290267944336e+00 -5.428313255310058594e+00 4.035803079605102539e-01
4.297050476074218750e+00 -4.723800659179687500e+00 -1.494004845619201660e+00
5.168169498443603516e+00 -5.120844364166259766e+00 -1.160774111747741699e+00
2.310399770736694336e+00 -4.300125122070312500e+00 -1.263104915618896484e+00
4.117802619934082031e+00 -4.752578258514404297e+00 -1.278175473213195801e+00
5.109326362609863281e+00 -5.584193706512451172e+00 2.241163700819015503e-01
5.807642936706542969e+00 -6.000155448913574219e+00 -5.950025320053100586e-01
3.097960233688354492e+00 -5.506853580474853516e+00 -5.868375301361083984e-01
9.449790000915527344e+00 -5.245035171508789062e+00 3.173069715499877930e+00
9.940964698791503906e+00 -5.213723182678222656e+00 5.214983940124511719e+00
9.910712242126464844e+00 -5.116801261901855469e+00 4.444139003753662109e+00
8.680617332458496094e+00 -4.345935344696044922e+00 5.579147815704345703e+00
8.927356719970703125e+00 -5.020470619201660156e+00 3.230416536331176758e+00
9.024506568908691406e+00 -5.934212207794189453e+00 1.471262097358703613e+00
8.684090614318847656e+00 -6.106521606445312500e+00 9.679036736488342285e-01
5.524384498596191406e+00 -1.419516205787658691e+00 4.134974002838134766e+00
6.173405647277832031e+00 -3.710912704467773438e+00 2.423320531845092773e+00
5.595633506774902344e+00 -3.978452682495117188e+00 1.885514497756958008e+00
4.521498203277587891e+00 -1.917763471603393555e+00 3.104048490524291992e+00
4.614528656005859375e+00 -1.549765944480895996e+00 3.786301374435424805e+00
6.915649414062500000e+00 -2.544665813446044922e+00 4.401940345764160156e+00
6.668698787689208984e+00 -2.148896694183349609e+00 5.626444339752197266e+00
6.545800209045410156e+00 -5.474102020263671875e+00 9.524239897727966309e-01
1.202541732788085938e+01 -4.703477859497070312e+00 6.251867771148681641e+00
1.368542480468750000e+01 -4.807639122009277344e+00 4.740540027618408203e+00
1.253850364685058594e+01 -3.594036817550659180e+00 5.108132839202880859e+00
1.342741298675537109e+01 -3.477561235427856445e+00 3.370162725448608398e+00
7.771331787109375000e+00 -3.282716274261474609e+00 6.902637481689453125e+00
7.333683490753173828e+00 -2.797404766082763672e+00 6.689520359039306641e+00
4.187398910522460938e+00 -6.494331955909729004e-01 6.891719818115234375e+00
9.594562530517578125e+00 -4.759504318237304688e+00 7.202020645141601562e+00
1.035920333862304688e+01 -3.128501415252685547e+00 6.900704383850097656e+00
1.076204204559326172e+01 -2.571906805038452148e+00 5.857633590698242188e+00
8.621679306030273438e+00 -1.806136250495910645e+00 6.596573829650878906e+00
9.018424987792968750e+00 -1.322320699691772461e+00 5.657544136047363281e+00
1.110793113708496094e+01 -2.284956455230712891e+00 4.770916461944580078e+00
1.143808078765869141e+01 -2.026328563690185547e+00 3.687418699264526367e+00
6.581403732299804688e+00 -1.726634025573730469e+00 6.449492454528808594e+00
7.716314315795898438e+00 -1.210320949554443359e+00 6.427423477172851562e+00
7.009702205657958984e+00 -1.658608913421630859e-01 5.910657882690429688e+00
6.238939285278320312e+00 -4.274137318134307861e-01 6.172299385070800781e+00
5.660081863403320312e+00 7.603765726089477539e-01 5.668734550476074219e+00
8.095600128173828125e+00 1.589434146881103516e-01 4.643530845642089844e+00
5.740450382232666016e+00 1.945578336715698242e+00 4.251929759979248047e+00
6.129973888397216797e+00 2.071612834930419922e+00 3.773982048034667969e+00
-2.135294914245605469e+00 -2.802348852157592773e+00 3.779605627059936523e+00
-1.524135828018188477e+00 -3.805160522460937500e+00 1.667456507682800293e+00
-1.477335095405578613e+00 -4.654026985168457031e+00 3.917218744754791260e-01
-1.620573043823242188e+00 -2.869381427764892578e+00 3.502475023269653320e+00
-2.501008808612823486e-01 -2.665139675140380859e+00 2.379701375961303711e+00
-5.072186470031738281e+00 -3.477211475372314453e+00 1.470578908920288086e+00
-4.359906196594238281e+00 -3.315813779830932617e+00 2.205179214477539062e+00
-5.805779933929443359e+00 -2.597906589508056641e+00 3.394298553466796875e+00
-5.279636859893798828e+00 -3.018592596054077148e+00 2.538292646408081055e+00
-4.096364498138427734e+00 -2.828619241714477539e+00 3.384569644927978516e+00
-2.760485649108886719e+00 -1.623606085777282715e+00 4.884377956390380859e+00
-5.654843330383300781e+00 -1.269735813140869141e+00 4.709652423858642578e+00
-5.351852416992187500e+00 -7.397076487541198730e-01 4.910574913024902344e+00
2.514789104461669922e+00 -1.765353083610534668e+00 3.690772771835327148e+00
1.360538840293884277e+00 -9.202286005020141602e-01 4.152452468872070312e+00
-6.759512424468994141e-02 -1.199228763580322266e+00 3.665725469589233398e+00
1.079354286193847656e+00 -3.507890701293945312e-01 4.690246105194091797e+00
2.477458000183105469e+00 -1.145635247230529785e+00 5.323579788208007812e+00
3.464504003524780273e+00 -7.299376726150512695e-01 6.692693710327148438e+00
1.100022077560424805e+00 7.314319014549255371e-01 5.423752784729003906e+00
-3.227074623107910156e+00 -1.392920374870300293e+00 5.014583587646484375e+00
-4.245657920837402344e+00 2.976106107234954834e-01 5.012900829315185547e+00
-2.751595497131347656e+00 5.623781681060791016e-01 5.139388561248779297e+00
-1.172471284866333008e+00 1.612113833427429199e+00 4.413866043090820312e+00
-3.888906478881835938e+00 1.016706824302673340e+00 4.051361083984375000e+00
-3.824290752410888672e+00 1.422318100929260254e+00 2.892675399780273438e+00
-1.789067983627319336e-01 -5.105297088623046875e+00 -8.019690215587615967e-02
2.974853813648223877e-01 -4.964573383331298828e+00 -1.155024766921997070e-01
8.155867457389831543e-01 -4.974946498870849609e+00 3.189337626099586487e-02
1.642158985137939453e+00 -3.813157796859741211e+00 1.420011639595031738e+00
1.481233596801757812e+00 -5.008787631988525391e+00 5.786461830139160156e-01
1.629160523414611816e+00 -3.776742458343505859e+00 -1.363754034042358398e+00
1.878763794898986816e+00 -2.645379543304443359e+00 2.363817691802978516e+00
2.276061296463012695e+00 1.403169989585876465e+00 5.603840351104736328e+00
2.866766214370727539e+00 2.401045799255371094e+00 4.259722232818603516e+00
2.600256681442260742e+00 2.940631628036499023e+00 3.034596920013427734e+00
-8.643072843551635742e-01 2.478498458862304688e+00 2.622252464294433594e+00
-6.683349609375000000e-01 1.942248225212097168e+00 4.186759471893310547e+00
5.682489871978759766e-01 2.540384769439697266e+00 3.257102012634277344e+00
-1.729793071746826172e+00 3.172300815582275391e+00 1.094335168600082397e-01
-7.586140155792236328e+00 -2.460345983505249023e+00 3.555228233337402344e+00
-7.329027175903320312e+00 -1.425248503684997559e+00 4.217589855194091797e+00
-7.960874080657958984e+00 -8.141942620277404785e-01 2.907458305358886719e+00
-6.812268257141113281e+00 -1.162414550781250000e+00 4.463297843933105469e+00
-7.016385555267333984e+00 -3.683242797851562500e-01 3.060402631759643555e+00
-6.420032978057861328e+00 1.882237941026687622e-01 1.420688152313232422e+00
-6.219494819641113281e+00 1.386225223541259766e-01 2.391810178756713867e+00
-6.924400329589843750e+00 2.288176566362380981e-01 -8.146739602088928223e-01
-3.745068788528442383e+00 1.649450540542602539e+00 1.848587155342102051e+00
-5.361588478088378906e+00 2.014523267745971680e+00 -1.993652820587158203e+00
-3.646574258804321289e+00 3.033760070800781250e+00 -1.669150710105895996e+00
3.348120927810668945e+00 5.451413989067077637e-01 6.512956142425537109e+00
2.967112302780151367e+00 1.647037744522094727e+00 5.409477710723876953e+00
3.818215608596801758e+00 1.989003658294677734e+00 4.844613552093505859e+00
4.523079395294189453e+00 2.558287620544433594e+00 3.799472570419311523e+00
3.874832868576049805e+00 3.116685152053833008e+00 2.989843368530273438e+00
7.763757228851318359e+00 -4.935444355010986328e+00 -3.943086862564086914e+00
2.378653764724731445e+00 -5.081783294677734375e+00 -3.051210403442382812e+00
5.497116088867187500e+00 -4.758730411529541016e+00 -2.514018535614013672e+00
6.322961807250976562e+00 -4.712610721588134766e+00 -2.958029031753540039e+00
3.035079240798950195e+00 -5.023522377014160156e+00 -2.930968523025512695e+00
2.091228246688842773e+00 -5.934372901916503906e+00 -5.250170707702636719e+00
2.626966238021850586e+00 -5.810352325439453125e+00 -6.251609802246093750e+00
3.891449928283691406e+00 -5.145902633666992188e+00 -5.595601558685302734e+00
5.925647258758544922e+00 -4.833554744720458984e+00 -3.722674369812011719e+00
7.161051750183105469e+00 -4.986559391021728516e+00 -4.055257320404052734e+00
2.443543672561645508e+00 -5.622480392456054688e+00 -8.457311630249023438e+00
8.325456619262695312e+00 -4.999037742614746094e+00 -5.991806507110595703e+00
3.301298141479492188e+00 -5.334873676300048828e+00 -7.114402294158935547e+00
3.714607477188110352e+00 -4.726418018341064453e+00 -7.897768020629882812e+00
6.292073726654052734e+00 -5.084944248199462891e+00 -5.369968414306640625e+00
7.412790298461914062e+00 -4.944566249847412109e+00 -6.320015907287597656e+00
5.881577014923095703e+00 -4.188985824584960938e+00 -7.245538234710693359e+00
7.539763927459716797e+00 -4.042717933654785156e+00 -7.358647823333740234e+00
5.592002391815185547e+00 -3.871677160263061523e+00 -7.625760078430175781e+00
5.162429809570312500e+00 -2.845232486724853516e+00 -8.643441200256347656e+00
5.234407424926757812e+00 -2.084680795669555664e+00 -8.896395683288574219e+00
-3.349341630935668945e+00 -7.971057415008544922e+00 -1.205575942993164062e+01
-3.131181001663208008e+00 -8.215167045593261719e+00 -1.051671504974365234e+01
-3.961448907852172852e+00 -7.544668197631835938e+00 -1.315904903411865234e+01
-1.581693649291992188e+00 -6.564012050628662109e+00 -1.324198436737060547e+01
-3.556789875030517578e+00 -6.335820674896240234e+00 -1.445950603485107422e+01
-3.375120162963867188e+00 -5.283070087432861328e+00 -1.519270992279052734e+01
-6.631779670715332031e+00 -6.537917613983154297e+00 -1.317120075225830078e+01
-7.073179244995117188e+00 -6.214521884918212891e+00 -1.318907451629638672e+01
-7.759379863739013672e+00 -5.234607696533203125e+00 -1.367574787139892578e+01
-5.720005989074707031e+00 -7.133111000061035156e+00 -1.307808971405029297e+01
-8.475008964538574219e+00 -5.368115901947021484e+00 -1.256465339660644531e+01
-7.365005970001220703e+00 -4.566590785980224609e+00 -1.457390403747558594e+01
-4.151562690734863281e+00 -5.537061214447021484e+00 -1.502896785736083984e+01
-5.996476173400878906e+00 -4.383783817291259766e+00 -1.525769138336181641e+01
-2.711441755294799805e+00 -5.389258384704589844e+00 -1.501337146759033203e+01
-2.176959276199340820e+00 -4.297295570373535156e+00 -1.536949062347412109e+01
-3.723142623901367188e+00 -3.719221353530883789e+00 -1.575278377532958984e+01
-2.790396690368652344e+00 -3.189175844192504883e+00 -1.571618556976318359e+01
-4.990561485290527344e+00 -2.650984287261962891e+00 -1.594001960754394531e+01
-3.921705245971679688e+00 -1.506305932998657227e+00 -1.593517398834228516e+01
-9.301975250244140625e+00 -4.444108009338378906e+00 -1.222230815887451172e+01
-8.935795783996582031e+00 -4.003698348999023438e+00 -1.344565486907958984e+01
-9.911929130554199219e+00 -2.864731550216674805e+00 -1.234689521789550781e+01
-1.040173149108886719e+01 -1.439933419227600098e+00 -1.151936817169189453e+01
-8.550091743469238281e+00 -3.351064443588256836e+00 -1.435997581481933594e+01
-7.692550182342529297e+00 -2.968086004257202148e+00 -1.519731712341308594e+01
-9.822300910949707031e+00 -9.258807301521301270e-01 -1.328337860107421875e+01
-9.375636100769042969e+00 -3.289957642555236816e-01 -1.420426559448242188e+01
-8.488505363464355469e+00 -9.532918334007263184e-01 -1.507291221618652344e+01
-7.136242389678955078e+00 1.587271839380264282e-01 -1.576856136322021484e+01
-7.628612995147705078e+00 8.119935989379882812e-01 -1.553459930419921875e+01
-1.521712064743041992e+00 -7.556814193725585938e+00 -6.888540267944335938e+00
-4.210873246192932129e-01 -7.157442569732666016e+00 -8.631939888000488281e+00
7.411570101976394653e-02 -6.570498943328857422e+00 -5.590110778808593750e+00
6.192649006843566895e-01 -6.686604976654052734e+00 -6.757157325744628906e+00
-2.397609204053878784e-01 -6.931118011474609375e+00 -9.610773086547851562e+00
-5.049776285886764526e-02 -5.895520210266113281e+00 -1.240215396881103516e+01
1.353218793869018555e+00 -6.391135692596435547e+00 -6.419181823730468750e+00
2.021580696105957031e+00 -5.953177928924560547e+00 -8.190687179565429688e+00
-7.602541446685791016e-01 -5.088022232055664062e+00 -1.430350685119628906e+01
1.024739384651184082e+00 -4.963368892669677734e+00 -1.243766021728515625e+01
-1.230428099632263184e+00 -3.740898132324218750e+00 -1.520269775390625000e+01
-1.924374848604202271e-01 -3.008136987686157227e+00 -1.485941696166992188e+01
1.960464835166931152e+00 -5.054089546203613281e+00 -1.069727039337158203e+01
-1.088130116462707520e+00 -2.406660079956054688e+00 -1.528172016143798828e+01
-1.307754516601562500e+00 -1.698474049568176270e+00 -1.534103679656982422e+01
2.142025709152221680e+00 -3.537084102630615234e+00 -1.149242210388183594e+01
8.846917748451232910e-01 -1.870711684226989746e+00 -1.348701953887939453e+01
7.970739603042602539e-01 -1.144917845726013184e+00 -1.333461189270019531e+01
-2.606595277786254883e+00 -1.780795335769653320e+00 -1.569936943054199219e+01
-2.677035331726074219e+00 -8.118399381637573242e-01 -1.564070320129394531e+01
-5.085646629333496094e+00 4.524259269237518311e-01 -1.588755130767822266e+01
-2.887339115142822266e+00 1.005835175514221191e+00 -1.536677265167236328e+01
-2.164943695068359375e+00 1.173343539237976074e+00 -1.512425136566162109e+01
-4.978176057338714600e-01 1.148418545722961426e+00 -1.389033317565917969e+01
-2.882603883743286133e+00 2.078604459762573242e+00 -1.503573989868164062e+01
-2.466005802154541016e+00 2.786964654922485352e+00 -1.464668655395507812e+01
2.704590797424316406e+00 -3.969122171401977539e+00 -1.033723640441894531e+01
3.522350788116455078e+00 -2.613833665847778320e+00 -1.011233425140380859e+01
3.013091564178466797e+00 -1.850486874580383301e+00 -1.085262298583984375e+01
9.645094275474548340e-01 -2.830306589603424072e-01 -1.281347560882568359e+01
1.483343720436096191e+00 4.144195467233657837e-03 -1.211032867431640625e+01
2.349162340164184570e+00 -2.211945503950119019e-01 -1.122675800323486328e+01
1.081980466842651367e+00 4.147607088088989258e-01 -1.233641052246093750e+01
-1.051213359832763672e+01 -9.666708707809448242e-01 -1.099351406097412109e+01
-9.968584060668945312e+00 6.838681101799011230e-01 -1.292157840728759766e+01
-1.030278301239013672e+01 -1.673187687993049622e-02 -1.048635292053222656e+01
-1.007205581665039062e+01 -1.221119910478591919e-01 -9.024536132812500000e+00
-9.725728988647460938e+00 5.417744517326354980e-01 -1.002725982666015625e+01
-9.963626861572265625e+00 9.214127659797668457e-01 -1.155178165435791016e+01
-9.433607101440429688e+00 2.030225753784179688e+00 -1.278424072265625000e+01
-8.820730209350585938e+00 1.395510911941528320e+00 -9.342255592346191406e+00
-8.417306900024414062e+00 2.396052837371826172e+00 -1.037572193145751953e+01
-8.200037956237792969e+00 1.158088684082031250e+00 -6.069546699523925781e+00
-7.962848186492919922e+00 1.594958424568176270e+00 -7.150311946868896484e+00
-8.284673690795898438e+00 1.880986690521240234e+00 -8.737209320068359375e+00
-7.900955677032470703e+00 2.547771453857421875e+00 -9.731752395629882812e+00
-6.298553466796875000e+00 2.697925090789794922e+00 -7.678488254547119141e+00
-6.214745521545410156e+00 3.007717609405517578e+00 -8.161835670471191406e+00
-8.636071205139160156e+00 2.199448347091674805e+00 -1.429128837585449219e+01
-8.037679672241210938e+00 2.227501392364501953e+00 -1.473075389862060547e+01
-7.638014793395996094e+00 3.439201593399047852e+00 -1.351254749298095703e+01
-6.656894207000732422e+00 4.262606620788574219e+00 -1.313765811920166016e+01
-6.101234436035156250e+00 1.892328143119812012e+00 -1.547499561309814453e+01
-5.845493793487548828e+00 2.182521581649780273e+00 -1.532655715942382812e+01
-5.171117305755615234e+00 3.965192556381225586e+00 -1.412189960479736328e+01
-4.615314006805419922e+00 3.958617687225341797e+00 -1.424982357025146484e+01
-5.868551254272460938e+00 3.768354177474975586e+00 -1.412409877777099609e+01
-8.274111747741699219e+00 3.280444860458374023e+00 -1.224748992919921875e+01
-6.243614196777343750e+00 4.411828517913818359e+00 -1.238142013549804688e+01
-5.556629657745361328e+00 4.379354000091552734e+00 -1.074414253234863281e+01
-3.388701200485229492e+00 4.231514930725097656e+00 -1.348909854888916016e+01
-3.170059442520141602e+00 4.293166637420654297e+00 -1.287127208709716797e+01
-5.220161914825439453e+00 4.432149410247802734e+00 -1.222022151947021484e+01
-4.468650341033935547e+00 4.632990360260009766e+00 -1.232709217071533203e+01
-3.216200828552246094e+00 4.683257579803466797e+00 -1.144396972656250000e+01
-4.957715034484863281e+00 4.783150196075439453e+00 -1.084904670715332031e+01
-3.795209169387817383e+00 4.889381408691406250e+00 -1.117248535156250000e+01
-6.640513420104980469e+00 3.681362628936767578e+00 -1.050229644775390625e+01
-5.932465076446533203e+00 3.623078823089599609e+00 -9.034607887268066406e+00
3.057848930358886719e+00 -1.949363052845001221e-01 -1.030122852325439453e+01
-1.381929516792297363e-01 1.526135921478271484e+00 -1.287823390960693359e+01
-2.114058017730712891e+00 3.218946218490600586e+00 -1.359560871124267578e+01
9.960775971412658691e-01 7.982453703880310059e-01 -1.168913936614990234e+01
-1.053377151489257812e+00 2.881882190704345703e+00 -1.233899593353271484e+01
-2.713320970535278320e+00 3.843515157699584961e+00 -1.327080440521240234e+01
-1.649159312248229980e+00 3.644572734832763672e+00 -1.187602710723876953e+01
1.144055175781250000e+01 -6.546341419219970703e+00 -3.332054853439331055e+00
1.332960510253906250e+01 -6.724791526794433594e+00 -1.662705421447753906e+00
1.117717266082763672e+01 -6.463555335998535156e+00 -8.053277730941772461e-01
1.098024559020996094e+01 -6.492216110229492188e+00 -2.556934595108032227e+00
1.436223697662353516e+01 -6.960831642150878906e+00 -4.969560146331787109e+00
1.199500656127929688e+01 -6.606441974639892578e+00 -3.932428836822509766e+00
1.270705795288085938e+01 -6.582012176513671875e+00 -5.426150321960449219e+00
1.315607452392578125e+01 -6.890677928924560547e+00 -3.615170478820800781e+00
1.563313770294189453e+01 -7.034438610076904297e+00 -3.536822080612182617e+00
1.606933212280273438e+01 -5.962608814239501953e+00 -4.118891239166259766e+00
1.624536323547363281e+01 -6.508636951446533203e+00 -1.103206515312194824e+00
1.637520027160644531e+01 -5.708059310913085938e+00 -1.982358336448669434e+00
1.458048439025878906e+01 -6.604570388793945312e+00 1.232738345861434937e-01
1.481728744506835938e+01 -6.965044021606445312e+00 -1.487110733985900879e+00
1.537210655212402344e+01 -6.267409801483154297e+00 1.050157070159912109e+00
1.478017902374267578e+01 -4.179146766662597656e+00 2.120640039443969727e+00
1.512982654571533203e+01 -4.262706756591796875e+00 9.879506230354309082e-01
1.432826042175292969e+01 -3.397963047027587891e+00 1.152863502502441406e+00
1.580643844604492188e+01 -4.920155048370361328e+00 -3.283595085144042969e+00
1.523497295379638672e+01 -4.059010982513427734e+00 -2.501021385192871094e+00
1.520950889587402344e+01 -3.988574504852294922e+00 -9.331060647964477539e-01
1.496794986724853516e+01 -3.643048763275146484e+00 -1.435652971267700195e+00
1.431922626495361328e+01 -2.890799045562744141e+00 -7.989618182182312012e-01
1.381903457641601562e+01 -6.744724750518798828e+00 -6.190235614776611328e+00
1.525943088531494141e+01 -5.945529937744140625e+00 -6.484964847564697266e+00
1.237834358215332031e+01 -6.455492019653320312e+00 -6.612690925598144531e+00
1.292188453674316406e+01 -5.914102554321289062e+00 -7.394052505493164062e+00
1.593804836273193359e+01 -5.852302551269531250e+00 -5.578080654144287109e+00
1.561598014831542969e+01 -5.086102485656738281e+00 -5.868637561798095703e+00
1.504399776458740234e+01 -4.417974948883056641e+00 -5.474189281463623047e+00
1.326374912261962891e+01 -5.519203186035156250e+00 -7.247453212738037109e+00
1.263577747344970703e+01 -4.971057891845703125e+00 -6.557817459106445312e+00
1.349583721160888672e+01 -4.480924129486083984e+00 -6.036709308624267578e+00
1.362092590332031250e+01 -3.387354850769042969e+00 -4.880446434020996094e+00
1.500056838989257812e+01 -3.733829975128173828e+00 -2.743201971054077148e+00
1.492836475372314453e+01 -3.746525049209594727e+00 -4.432661533355712891e+00
1.436931324005126953e+01 -2.908765554428100586e+00 -3.677099704742431641e+00
1.016390991210937500e+01 -6.031144142150878906e+00 -2.710007905960083008e+00
6.992509365081787109e+00 -4.787855148315429688e+00 -2.349973678588867188e+00
7.278626441955566406e+00 -4.863138675689697266e+00 -1.921812176704406738e+00
6.845398426055908203e+00 -4.723537921905517578e+00 -2.915735006332397461e+00
1.048388862609863281e+01 -6.317792415618896484e+00 -2.307682037353515625e+00
9.011858940124511719e+00 -5.558274269104003906e+00 -1.914159417152404785e+00
7.950535297393798828e+00 -5.126586437225341797e+00 -1.551811337471008301e+00
9.599662780761718750e+00 -5.556581020355224609e+00 -3.404337882995605469e+00
9.958468437194824219e+00 -5.566024303436279297e+00 -4.630015850067138672e+00
8.333631515502929688e+00 -5.015422821044921875e+00 -3.935567140579223633e+00
1.354091358184814453e+01 -2.217044591903686523e+00 5.925786122679710388e-02
1.216866588592529297e+01 -8.914339542388916016e-01 -9.556372761726379395e-01
1.097068214416503906e+01 -5.974504470825195312e+00 -5.457223415374755859e+00
1.103485774993896484e+01 -5.431581497192382812e+00 -5.989269733428955078e+00
9.599505424499511719e+00 -5.087015628814697266e+00 -5.170048713684082031e+00
1.172554492950439453e+01 -4.709175586700439453e+00 -6.121451854705810547e+00
9.188163757324218750e+00 -4.328826427459716797e+00 -6.387718200683593750e+00
1.040728473663330078e+01 -3.550477981567382812e+00 -5.829685688018798828e+00
1.247785186767578125e+01 -3.693218946456909180e+00 -5.397074222564697266e+00
1.065233707427978516e+01 -3.207247972488403320e+00 -5.621514797210693359e+00
1.067376804351806641e+01 -2.280113458633422852e+00 -5.204799175262451172e+00
8.548205375671386719e+00 -3.688988208770751953e+00 -7.009326457977294922e+00
9.056656837463378906e+00 -3.089887142181396484e+00 -6.540130615234375000e+00
8.057857513427734375e+00 -2.036329269409179688e+00 -6.891441822052001953e+00
1.040979099273681641e+01 -1.611179113388061523e+00 -5.074175357818603516e+00
8.259985923767089844e+00 -1.711367011070251465e+00 -6.621855735778808594e+00
8.753823280334472656e+00 -4.877521991729736328e-01 -5.825106143951416016e+00
7.283823013305664062e+00 -1.698680818080902100e-01 -6.906642913818359375e+00
1.327690601348876953e+01 -2.133772373199462891e+00 -3.990465402603149414e+00
1.344968986511230469e+01 -1.692138433456420898e+00 -1.853268504142761230e+00
1.321816253662109375e+01 -1.323780059814453125e+00 -3.079394102096557617e+00
1.238501739501953125e+01 -4.615252315998077393e-01 -2.158384323120117188e+00
1.204805564880371094e+01 -1.404910683631896973e-01 -2.778702497482299805e+00
1.241516590118408203e+01 -1.928083181381225586e+00 -4.299088954925537109e+00
1.121493625640869141e+01 -1.243113994598388672e+00 -4.433598518371582031e+00
1.150105571746826172e+01 -5.817707180976867676e-01 -3.816309452056884766e+00
1.015295982360839844e+01 1.508653998374938965e+00 -1.699729919433593750e+00
9.285926818847656250e+00 2.344027519226074219e+00 -2.851325750350952148e+00
9.331008911132812500e+00 2.287433147430419922e+00 -3.332430362701416016e+00
8.566305160522460938e+00 2.899914503097534180e+00 -2.347535848617553711e+00
1.021716594696044922e+01 -9.192443490028381348e-01 -4.972839355468750000e+00
1.065975379943847656e+01 2.932303547859191895e-01 -4.098129749298095703e+00
8.370460510253906250e+00 1.238003224134445190e-01 -5.845411300659179688e+00
7.017826557159423828e+00 9.783203005790710449e-01 -6.420755863189697266e+00
1.384220695495605469e+01 -3.511041164398193359e+00 2.725037336349487305e+00
1.242813110351562500e+01 -2.472885370254516602e+00 3.030003547668457031e+00
1.121022319793701172e+01 -9.068889617919921875e-01 1.533232808113098145e+00
1.137768554687500000e+01 -7.387779355049133301e-01 3.543147146701812744e-01
9.919018745422363281e+00 -5.138223767280578613e-01 3.232232332229614258e+00
8.809966087341308594e+00 8.431559801101684570e-01 2.685934066772460938e+00
9.370539665222167969e+00 5.517559647560119629e-01 2.164489507675170898e+00
7.281347751617431641e+00 1.870530366897583008e+00 3.016003370285034180e+00
7.126131057739257812e+00 2.572069406509399414e+00 1.868260741233825684e+00
9.752175331115722656e+00 8.034676313400268555e-01 4.117249846458435059e-01
9.999025344848632812e+00 1.221526145935058594e+00 -9.367259144783020020e-01
7.970952510833740234e+00 2.556787967681884766e+00 4.531655609607696533e-01
3.352032184600830078e+00 4.271918773651123047e+00 -3.399531841278076172e-01
6.209893226623535156e+00 3.503941535949707031e+00 2.931499183177947998e-01
5.477857112884521484e+00 4.028364658355712891e+00 -2.218307018280029297e+00
3.672172546386718750e+00 4.386677265167236328e+00 -6.780428290367126465e-01
2.846698284149169922e+00 3.817108154296875000e+00 -2.451978445053100586e+00
2.958439588546752930e+00 3.503172159194946289e+00 -3.323123931884765625e+00
-9.880784153938293457e-01 3.791448354721069336e+00 -7.641866207122802734e-01
2.145009756088256836e+00 3.133431911468505859e+00 -4.380708217620849609e+00
9.123311378061771393e-03 4.158423423767089844e+00 -3.141474485397338867e+00
3.057663738727569580e-01 3.705185890197753906e+00 -4.696095466613769531e+00
2.378741264343261719e+00 3.803002595901489258e+00 -2.562925815582275391e+00
5.103184700012207031e+00 -8.789513111114501953e-01 -8.892095565795898438e+00
2.942898750305175781e+00 3.028514087200164795e-01 -9.605278015136718750e+00
5.063302040100097656e+00 4.976441860198974609e-01 -8.106457710266113281e+00
3.642600297927856445e+00 5.551345944404602051e-01 -8.964809417724609375e+00
2.522941112518310547e+00 4.967189729213714600e-01 -9.798512458801269531e+00
1.546833634376525879e+00 1.846052169799804688e+00 -9.910536766052246094e+00
3.308401405811309814e-01 3.146537542343139648e+00 -9.156160354614257812e+00
1.131269559264183044e-01 3.000545978546142578e+00 -1.045749950408935547e+01
5.653636455535888672e+00 2.797606229782104492e+00 -4.851312637329101562e+00
6.160647869110107422e+00 1.876089930534362793e+00 -6.082274436950683594e+00
4.699041366577148438e+00 2.681402206420898438e+00 -5.240707397460937500e+00
4.796038627624511719e+00 2.375133991241455078e+00 -5.952665328979492188e+00
6.607798576354980469e+00 3.732581138610839844e+00 -2.710994720458984375e+00
6.585930347442626953e+00 1.275838613510131836e+00 -6.420312881469726562e+00
5.713510990142822266e+00 1.659278631210327148e+00 -6.596376895904541016e+00
4.859079360961914062e+00 1.767952561378479004e+00 -7.027862071990966797e+00
2.734712362289428711e+00 2.841563224792480469e+00 -5.056504249572753906e+00
2.815418004989624023e+00 2.081404209136962891e+00 -7.355352401733398438e+00
2.026995182037353516e+00 2.324744701385498047e+00 -6.808645725250244141e+00
9.437992423772811890e-02 3.299408674240112305e+00 -6.269525527954101562e+00
2.712387144565582275e-01 2.957208395004272461e+00 -7.756875514984130859e+00
3.028219342231750488e-01 3.029194831848144531e+00 -8.135910034179687500e+00
-3.297151565551757812e+00 3.401000022888183594e+00 -2.584730386734008789e+00
-5.633923053741455078e+00 3.066189765930175781e+00 -7.731784343719482422e+00
-4.808445453643798828e+00 3.484190702438354492e+00 -7.636024475097656250e+00
-4.258229732513427734e+00 3.352243423461914062e+00 -6.674591541290283203e+00
-2.166770458221435547e+00 3.283793687820434570e+00 -2.311232239007949829e-01
-1.890058279037475586e+00 3.749421358108520508e+00 -1.354439973831176758e+00
-1.527930378913879395e+00 4.094969749450683594e+00 -2.468204975128173828e+00
-1.353693366050720215e+00 4.391819477081298828e+00 -3.692916154861450195e+00
-1.182925820350646973e+00 4.399114608764648438e+00 -4.986422061920166016e+00
-4.800199985504150391e+00 4.079478263854980469e+00 -8.505920410156250000e+00
-4.504931926727294922e+00 4.556142330169677734e+00 -9.025495529174804688e+00
-1.980763077735900879e+00 4.463538169860839844e+00 -7.511201858520507812e+00
-3.349531650543212891e+00 4.458464145660400391e+00 -8.332820892333984375e+00
-1.540097355842590332e+00 3.652096509933471680e+00 -1.119900798797607422e+01
-1.227656960487365723e+00 3.506574153900146484e+00 -1.106316566467285156e+01
-3.827651500701904297e+00 4.852295398712158203e+00 -1.070566272735595703e+01
-2.047151327133178711e+00 4.180459976196289062e+00 -9.850962638854980469e+00
-3.109678924083709717e-01 3.479627132415771484e+00 -9.965918540954589844e+00
-2.159650564193725586e+00 4.559393882751464844e+00 -6.119911193847656250e+00
5.274687290191650391e+00 3.130393266677856445e+00 2.382421970367431641e+00
6.029406070709228516e+00 3.058245420455932617e+00 1.806169629096984863e+00
1.965072989463806152e+00 6.999386548995971680e-01 -1.028510570526123047e+01
-5.160229802131652832e-01 2.794176816940307617e+00 -1.161509132385253906e+01
4.426007270812988281e-01 2.523031949996948242e+00 -1.076875686645507812e+01
