1.560071468353271484e+00 -4.932468891143798828e+00 -2.714376211166381836e+00
2.276174306869506836e+00 -4.776118278503417969e+00 -1.924820661544799805e+00
1.513567447662353516e+00 -4.785934925079345703e+00 -2.309782266616821289e+00
-5.069097518920898438e+00 -8.108401298522949219e+00 -7.822261810302734375e+00
-4.999909400939941406e+00 -8.061441421508789062e+00 -1.156786155700683594e+01
-4.185341835021972656e+00 -8.320914268493652344e+00 -9.419632911682128906e+00
-7.271142959594726562e+00 -7.468168735504150391e+00 -7.058968544006347656e+00
-7.775274276733398438e+00 -7.350399971008300781e+00 -7.967158794403076172e+00
-5.692781448364257812e+00 -8.128234863281250000e+00 -9.823658943176269531e+00
-6.221057415008544922e+00 -7.996705532073974609e+00 -9.061493873596191406e+00
-6.481125354766845703e+00 -7.344842910766601562e+00 -1.205422019958496094e+01
-8.411072731018066406e+00 -6.366471767425537109e+00 -1.057555389404296875e+01
-8.333763122558593750e+00 -6.189089298248291016e+00 -1.129340839385986328e+01
-9.642868041992187500e+00 -5.266890048980712891e+00 -8.362813949584960938e+00
-1.005167579650878906e+01 -4.325512409210205078e+00 -8.715690612792968750e+00
-9.587671279907226562e+00 -4.642196178436279297e+00 -1.086667442321777344e+01
-8.220236778259277344e+00 -6.690379619598388672e+00 -5.445495605468750000e+00
-9.067589759826660156e+00 -6.091506958007812500e+00 -4.930277347564697266e+00
-7.968027591705322266e+00 -5.745270729064941406e+00 -3.404804706573486328e+00
-8.496742248535156250e+00 -5.228372573852539062e+00 -2.226492881774902344e+00
-6.958151817321777344e+00 -5.440337181091308594e+00 -3.112590789794921875e+00
-2.593865156173706055e+00 -5.030074119567871094e+00 -1.548427581787109375e+00
-3.373978614807128906e+00 -4.880739688873291016e+00 -5.832956433296203613e-01
-1.440766453742980957e+00 -4.991969108581542969e+00 -2.380765527486801147e-01
-7.379105091094970703e+00 -3.211795806884765625e+00 2.311977148056030273e+00
-5.355582237243652344e+00 -3.511964797973632812e+00 1.278719305992126465e+00
-3.860519409179687500e+00 -5.067449569702148438e+00 -2.136950254440307617e+00
-7.304349422454833984e+00 -4.796263217926025391e+00 -1.626873612403869629e+00
-6.307708263397216797e+00 -5.166630744934082031e+00 -2.786745786666870117e+00
-3.738906621932983398e+00 -4.413691043853759766e+00 1.342012584209442139e-01
-4.768200874328613281e+00 -7.278771400451660156e+00 -5.294725418090820312e+00
-4.545619010925292969e+00 -6.497655391693115234e+00 -4.091033935546875000e+00
-2.280469417572021484e+00 -7.655230998992919922e+00 -6.417055130004882812e+00
-2.884857654571533203e+00 -7.167268753051757812e+00 -5.067141056060791016e+00
-2.214672088623046875e+00 -7.176706314086914062e+00 -5.299272060394287109e+00
-1.356779813766479492e+00 -6.800141811370849609e+00 -5.045000076293945312e+00
-2.779849767684936523e+00 -6.776443481445312500e+00 -4.439869880676269531e+00
-5.267618179321289062e+00 -6.850307464599609375e+00 -4.678915023803710938e+00
-6.153984546661376953e+00 -7.666466712951660156e+00 -6.742021560668945312e+00
-8.704954147338867188e+00 -6.650874614715576172e+00 -6.454758644104003906e+00
-1.417638182640075684e+00 -4.980329990386962891e+00 -1.836340427398681641e+00
-9.352283477783203125e-01 -5.041563510894775391e+00 -2.277388811111450195e+00
-2.241763830184936523e+00 -5.123880863189697266e+00 -2.023549556732177734e+00
-3.514509797096252441e-01 -5.085609912872314453e+00 -1.198443651199340820e+00
6.312593221664428711e-01 -4.616836071014404297e+00 -1.599179029464721680e+00
-8.152099847793579102e-01 -5.402989864349365234e+00 -3.021369695663452148e+00
-8.576139807701110840e-03 -5.499933242797851562e+00 -3.345671653747558594e+00
6.063950657844543457e-01 -4.764319896697998047e+00 -2.126458168029785156e+00
-9.515415191650390625e+00 -4.813570976257324219e+00 -2.044775247573852539e+00
-9.939880371093750000e+00 -4.890397548675537109e+00 -4.679848670959472656e+00
-9.351660728454589844e+00 -5.581151962280273438e+00 -3.831194639205932617e+00
-1.019547176361083984e+01 -3.759486913681030273e+00 -3.288148164749145508e+00
-1.031912517547607422e+01 -3.585440635681152344e+00 -4.715748786926269531e+00
-9.119857788085937500e+00 -4.087395668029785156e+00 3.093280494213104248e-01
-9.780838966369628906e+00 -4.174209594726562500e+00 -1.408463597297668457e+00
-9.820060729980468750e+00 -3.231575727462768555e+00 -2.799873352050781250e-01
-9.598841667175292969e+00 -2.926661014556884766e+00 9.024885296821594238e-01
-9.112672805786132812e+00 -2.721564531326293945e+00 2.167490959167480469e+00
-9.278868675231933594e+00 -1.629646897315979004e+00 1.269536018371582031e+00
-1.017261314392089844e+01 -2.694940090179443359e+00 -2.523820638656616211e+00
-1.009712123870849609e+01 -1.609037637710571289e+00 -2.652619123458862305e+00
-9.464287757873535156e+00 -1.293524861335754395e+00 -8.881840705871582031e-01
-7.936432838439941406e+00 -4.182864129543304443e-01 -6.468171477317810059e-01
-1.006289577484130859e+01 -4.634734153747558594e+00 -5.545328617095947266e+00
-1.034756660461425781e+01 -3.651373624801635742e+00 -5.424830436706542969e+00
-1.053355216979980469e+01 -2.257145166397094727e+00 -5.301219940185546875e+00
-1.059154891967773438e+01 -2.098365068435668945e+00 -5.871507644653320312e+00
-1.008394527435302734e+01 -6.565881371498107910e-01 -5.353082656860351562e+00
-1.059045886993408203e+01 -2.843613386154174805e+00 -7.961348533630371094e+00
-1.071216773986816406e+01 -1.947397112846374512e+00 -8.886394500732421875e+00
-1.060243225097656250e+01 -8.109408020973205566e-01 -8.516011238098144531e+00
-9.953053474426269531e+00 -3.295915126800537109e-01 -6.704689502716064453e+00
-8.382933616638183594e+00 -2.022645026445388794e-01 -2.253633737564086914e+00
-6.925365924835205078e+00 1.700942039489746094e+00 -3.687627792358398438e+00
-9.017679214477539062e+00 3.877977132797241211e-01 -6.201924324035644531e+00
-7.576172828674316406e+00 1.439670443534851074e+00 -4.987991809844970703e+00
1.318278980255126953e+01 -5.473851680755615234e+00 4.549022197723388672e+00
1.354496669769287109e+01 -6.178927421569824219e+00 7.830151915550231934e-01
1.303200626373291016e+01 -5.970742225646972656e+00 1.457965612411499023e+00
1.489666175842285156e+01 -5.884782791137695312e+00 1.965384125709533691e+00
1.472516918182373047e+01 -5.007412910461425781e+00 3.092131137847900391e+00
1.194285964965820312e+01 -5.635346889495849609e+00 2.735263347625732422e+00
4.414385318756103516e+00 -1.098934888839721680e+00 4.933996677398681641e+00
5.286448001861572266e+00 -7.105242013931274414e-01 6.068084239959716797e+00
6.645812988281250000e+00 -4.833185195922851562e+00 -1.664651274681091309e+00
8.908526420593261719e+00 -6.256531715393066406e+00 -1.240640521049499512e+00
8.120815277099609375e+00 -6.165418624877929688e+00 -1.082169890403747559e+00
7.448625087738037109e+00 -6.238560199737548828e+00 -4.965324699878692627e-01
2.552797555923461914e+00 -5.420462131500244141e+00 4.045290052890777588e-01
4.292435169219970703e+00 -4.698882579803466797e+00 -1.498535990715026855e+00
5.164277076721191406e+00 -5.088575839996337891e+00 -1.170678019523620605e+00
2.305246829986572266e+00 -4.283162117004394531e+00 -1.264113903045654297e+00
4.112334251403808594e+00 -4.728235721588134766e+00 -1.279640078544616699e+00
5.107308864593505859e+00 -5.562443733215332031e+00 2.164560407400131226e-01
5.805561542510986328e+00 -5.964653491973876953e+00 -6.111123561859130859e-01
3.095365762710571289e+00 -5.488856792449951172e+00 -5.898883938789367676e-01
9.439846038818359375e+00 -5.106956481933593750e+00 3.068808794021606445e+00
9.973610877990722656e+00 -4.622380733489990234e+00 4.887040615081787109e+00
9.927503585815429688e+00 -4.779650688171386719e+00 4.266005039215087891e+00
8.662600517272949219e+00 -3.938324213027954102e+00 5.375226497650146484e+00
8.917000770568847656e+00 -4.903649330139160156e+00 3.147599458694458008e+00
9.017501831054687500e+00 -5.874984264373779297e+00 1.424651622772216797e+00
8.677906990051269531e+00 -6.070692539215087891e+00 9.393582940101623535e-01
5.519629955291748047e+00 -1.235420346260070801e+00 4.050284385681152344e+00
6.163280010223388672e+00 -3.651503801345825195e+00 2.400432348251342773e+00
5.591150760650634766e+00 -3.945386648178100586e+00 1.873444080352783203e+00
4.516794681549072266e+00 -1.866706609725952148e+00 3.077043771743774414e+00
4.614832401275634766e+00 -1.444076538085937500e+00 3.727673053741455078e+00
6.887143135070800781e+00 -2.373182296752929688e+00 4.331289768218994141e+00
6.683915615081787109e+00 -1.809926629066467285e+00 5.563948154449462891e+00
6.540354251861572266e+00 -5.438321113586425781e+00 9.375702142715454102e-01
1.204381561279296875e+01 -4.148556232452392578e+00 5.927961826324462891e+00
1.375335597991943359e+01 -4.512056350708007812e+00 4.570475578308105469e+00
1.258437347412109375e+01 -3.285923957824707031e+00 4.898246288299560547e+00
1.345557403564453125e+01 -3.264332294464111328e+00 3.219444990158081055e+00
7.789625167846679688e+00 -2.771125078201293945e+00 6.806576728820800781e+00
7.376548290252685547e+00 -2.283025503158569336e+00 6.726966857910156250e+00
4.248969554901123047e+00 -3.596445918083190918e-01 6.810465812683105469e+00
9.629336357116699219e+00 -3.997619867324829102e+00 6.590591907501220703e+00
1.040309524536132812e+01 -2.701560497283935547e+00 6.567240715026855469e+00
1.077085781097412109e+01 -2.240511655807495117e+00 5.617455482482910156e+00
8.675765037536621094e+00 -1.345845103263854980e+00 6.570542335510253906e+00
9.035783767700195312e+00 -1.011567592620849609e+00 5.543487071990966797e+00
1.110303211212158203e+01 -2.044139862060546875e+00 4.598460197448730469e+00
1.143794441223144531e+01 -1.799116134643554688e+00 3.567967891693115234e+00
6.638017654418945312e+00 -1.272634983062744141e+00 6.417072772979736328e+00
7.780914783477783203e+00 -7.343729734420776367e-01 6.414189338684082031e+00
7.071811199188232422e+00 2.079054415225982666e-01 5.834805488586425781e+00
6.297243118286132812e+00 -3.184771537780761719e-02 6.120752811431884766e+00
5.699949741363525391e+00 1.064031600952148438e+00 5.616296768188476562e+00
8.124822616577148438e+00 4.327737987041473389e-01 4.558188438415527344e+00
5.761565685272216797e+00 2.188501119613647461e+00 4.204553127288818359e+00
6.166041374206542969e+00 2.295498847961425781e+00 3.746367454528808594e+00
-2.132925271987915039e+00 -2.794825792312622070e+00 3.776508569717407227e+00
-1.523013830184936523e+00 -3.798550605773925781e+00 1.665821433067321777e+00
-1.476876735687255859e+00 -4.648284912109375000e+00 3.907662332057952881e-01
-1.617459177970886230e+00 -2.859631061553955078e+00 3.499095916748046875e+00
-2.461500763893127441e-01 -2.656548261642456055e+00 2.377873897552490234e+00
-5.071750640869140625e+00 -3.476867198944091797e+00 1.470963716506958008e+00
-4.359305381774902344e+00 -3.314572811126708984e+00 2.205430984497070312e+00
-5.805077552795410156e+00 -2.595245838165283203e+00 3.393690586090087891e+00
-5.278944492340087891e+00 -3.016549587249755859e+00 2.537952899932861328e+00
-4.095038414001464844e+00 -2.824417591094970703e+00 3.383477926254272461e+00
-2.759229660034179688e+00 -1.618776798248291016e+00 4.882381916046142578e+00
-5.654170513153076172e+00 -1.267260432243347168e+00 4.709487438201904297e+00
-5.350933551788330078e+00 -7.374020814895629883e-01 4.910282135009765625e+00
2.531339406967163086e+00 -1.699604868888854980e+00 3.665247201919555664e+00
1.367643833160400391e+00 -8.788014054298400879e-01 4.136392593383789062e+00
-6.393881142139434814e-02 -1.184483766555786133e+00 3.660735845565795898e+00
1.083562850952148438e+00 -3.062182962894439697e-01 4.670862674713134766e+00
2.512324333190917969e+00 -1.028875708580017090e+00 5.282580852508544922e+00
3.521394014358520508e+00 -5.388227105140686035e-01 6.627628326416015625e+00
1.106799244880676270e+00 7.823321819305419922e-01 5.402183532714843750e+00
-3.226136684417724609e+00 -1.388724207878112793e+00 5.012789726257324219e+00
-4.245721340179443359e+00 3.005369603633880615e-01 5.011529445648193359e+00
-2.751208066940307617e+00 5.674602985382080078e-01 5.138449192047119141e+00
-1.172924280166625977e+00 1.621039271354675293e+00 4.410420417785644531e+00
-3.888829946517944336e+00 1.021587014198303223e+00 4.049560546875000000e+00
-3.824507951736450195e+00 1.422990083694458008e+00 2.890200138092041016e+00
-1.785785555839538574e-01 -5.098349571228027344e+00 -8.126799762248992920e-02
2.967817485332489014e-01 -4.956858158111572266e+00 -1.162060052156448364e-01
8.144809007644653320e-01 -4.963768005371093750e+00 3.205455467104911804e-02
1.644931316375732422e+00 -3.798255920410156250e+00 1.418553233146667480e+00
1.480913996696472168e+00 -4.997822761535644531e+00 5.803433060646057129e-01
1.623414039611816406e+00 -3.762923479080200195e+00 -1.364575743675231934e+00
1.885897397994995117e+00 -2.619153738021850586e+00 2.354254722595214844e+00
2.285173177719116211e+00 1.496806859970092773e+00 5.529291629791259766e+00
2.866872310638427734e+00 2.467569589614868164e+00 4.198849678039550781e+00
2.597434759140014648e+00 2.957915544509887695e+00 2.998788833618164062e+00
-8.665507435798645020e-01 2.486134052276611328e+00 2.618471384048461914e+00
-6.696484684944152832e-01 1.960902571678161621e+00 4.182315349578857422e+00
5.652618408203125000e-01 2.561338424682617188e+00 3.244204759597778320e+00
-1.730354189872741699e+00 3.177004098892211914e+00 1.093057617545127869e-01
-7.585772991180419922e+00 -2.459728956222534180e+00 3.556048870086669922e+00
-7.328789710998535156e+00 -1.424353837966918945e+00 4.218188762664794922e+00
-7.960943222045898438e+00 -8.137720227241516113e-01 2.907536029815673828e+00
-6.811892509460449219e+00 -1.160942435264587402e+00 4.463310241699218750e+00
-7.016066551208496094e+00 -3.682154715061187744e-01 3.060194492340087891e+00
-6.419714450836181641e+00 1.882781684398651123e-01 1.420205354690551758e+00
-6.219399929046630859e+00 1.390493363142013550e-01 2.391456127166748047e+00
-6.924025058746337891e+00 2.274513989686965942e-01 -8.150048851966857910e-01
-3.744626522064208984e+00 1.648685693740844727e+00 1.846366047859191895e+00
-5.361106395721435547e+00 2.013692855834960938e+00 -1.993448734283447266e+00
-3.647953510284423828e+00 3.035910367965698242e+00 -1.668067812919616699e+00
3.378514766693115234e+00 7.266895771026611328e-01 6.428550243377685547e+00
2.975184440612792969e+00 1.772098541259765625e+00 5.327853202819824219e+00
3.826315164566040039e+00 2.141884326934814453e+00 4.768052577972412109e+00
4.521241188049316406e+00 2.622081279754638672e+00 3.708050251007080078e+00
3.869261503219604492e+00 3.139271259307861328e+00 2.933561563491821289e+00
7.758359432220458984e+00 -4.906368732452392578e+00 -3.956566095352172852e+00
2.376257896423339844e+00 -5.073602199554443359e+00 -3.052834272384643555e+00
5.492515563964843750e+00 -4.734097480773925781e+00 -2.521822452545166016e+00
6.318133354187011719e+00 -4.686014175415039062e+00 -2.968622922897338867e+00
3.031970262527465820e+00 -5.010571479797363281e+00 -2.934029817581176758e+00
2.090400934219360352e+00 -5.931723117828369141e+00 -5.250444412231445312e+00
2.626690387725830078e+00 -5.809225559234619141e+00 -6.252335071563720703e+00
3.890106439590454102e+00 -5.142060279846191406e+00 -5.596984863281250000e+00
5.921640396118164062e+00 -4.818152904510498047e+00 -3.729484558105468750e+00
7.156755447387695312e+00 -4.964240550994873047e+00 -4.065510749816894531e+00
2.443019151687622070e+00 -5.621076583862304688e+00 -8.457595825195312500e+00
8.320325851440429688e+00 -4.980320930480957031e+00 -6.004288196563720703e+00
3.299901247024536133e+00 -5.331881046295166016e+00 -7.114936351776123047e+00
3.712301254272460938e+00 -4.721976757049560547e+00 -7.897661209106445312e+00
6.289007663726806641e+00 -5.073466777801513672e+00 -5.375105857849121094e+00
7.408092498779296875e+00 -4.930990219116210938e+00 -6.327511310577392578e+00
5.877709388732910156e+00 -4.178427219390869141e+00 -7.248579978942871094e+00
7.534997463226318359e+00 -4.031656742095947266e+00 -7.367054462432861328e+00
5.588351249694824219e+00 -3.864455699920654297e+00 -7.627444267272949219e+00
5.159474372863769531e+00 -2.839280843734741211e+00 -8.643005371093750000e+00
5.233561038970947266e+00 -2.080566406250000000e+00 -8.897026062011718750e+00
-3.349975109100341797e+00 -7.970746517181396484e+00 -1.205596160888671875e+01
-3.131539106369018555e+00 -8.214963912963867188e+00 -1.051680755615234375e+01
-3.961985588073730469e+00 -7.544162750244140625e+00 -1.315912532806396484e+01
-1.581997752189636230e+00 -6.563581943511962891e+00 -1.324221897125244141e+01
-3.557449579238891602e+00 -6.334948062896728516e+00 -1.445977210998535156e+01
-3.375692605972290039e+00 -5.281876564025878906e+00 -1.519194984436035156e+01
-6.632014274597167969e+00 -6.536560535430908203e+00 -1.317068386077880859e+01
-7.072837829589843750e+00 -6.212129116058349609e+00 -1.318778228759765625e+01
-7.758707523345947266e+00 -5.231952190399169922e+00 -1.367419242858886719e+01
-5.720430850982666016e+00 -7.132620811462402344e+00 -1.307811737060546875e+01
-8.474502563476562500e+00 -5.365718364715576172e+00 -1.256291007995605469e+01
-7.364665508270263672e+00 -4.564486503601074219e+00 -1.457261085510253906e+01
-4.151841640472412109e+00 -5.535927295684814453e+00 -1.502919197082519531e+01
-5.996188640594482422e+00 -4.381964206695556641e+00 -1.525688743591308594e+01
-2.712102174758911133e+00 -5.388333797454833984e+00 -1.501296710968017578e+01
-2.178165197372436523e+00 -4.296129703521728516e+00 -1.536896896362304688e+01
-3.722902536392211914e+00 -3.717093467712402344e+00 -1.575272464752197266e+01
-2.791197776794433594e+00 -3.188160657882690430e+00 -1.571546077728271484e+01
-4.990415096282958984e+00 -2.649563789367675781e+00 -1.593999862670898438e+01
-3.921474695205688477e+00 -1.505100965499877930e+00 -1.593512058258056641e+01
-9.302163124084472656e+00 -4.440984725952148438e+00 -1.222060394287109375e+01
-8.935552597045898438e+00 -4.001225948333740234e+00 -1.344391059875488281e+01
-9.912036895751953125e+00 -2.862593412399291992e+00 -1.234576988220214844e+01
-1.040221309661865234e+01 -1.438878417015075684e+00 -1.151820945739746094e+01
-8.550072669982910156e+00 -3.348659038543701172e+00 -1.435939502716064453e+01
-7.693167209625244141e+00 -2.966410875320434570e+00 -1.519734859466552734e+01
-9.822445869445800781e+00 -9.242566823959350586e-01 -1.328126239776611328e+01
-9.377181053161621094e+00 -3.277586996555328369e-01 -1.420165824890136719e+01
-8.489051818847656250e+00 -9.509617686271667480e-01 -1.507217788696289062e+01
-7.136779785156250000e+00 1.593982130289077759e-01 -1.576807975769042969e+01
-7.629050254821777344e+00 8.133221864700317383e-01 -1.553374671936035156e+01
-1.521740436553955078e+00 -7.556134223937988281e+00 -6.888863563537597656e+00
-4.210606813430786133e-01 -7.157015800476074219e+00 -8.631841659545898438e+00
7.356502860784530640e-02 -6.569215774536132812e+00 -5.590256214141845703e+00
6.192763447761535645e-01 -6.686028957366943359e+00 -6.757175922393798828e+00
-2.398678958415985107e-01 -6.930895328521728516e+00 -9.610871315002441406e+00
-5.078325793147087097e-02 -5.895675182342529297e+00 -1.240214824676513672e+01
1.353018760681152344e+00 -6.390318870544433594e+00 -6.419108390808105469e+00
2.021393299102783203e+00 -5.952557563781738281e+00 -8.190757751464843750e+00
-7.606076002120971680e-01 -5.087689399719238281e+00 -1.430386829376220703e+01
1.024362802505493164e+00 -4.963315486907958984e+00 -1.243780040740966797e+01
-1.230692625045776367e+00 -3.740544557571411133e+00 -1.520317459106445312e+01
-1.923809945583343506e-01 -3.007999420166015625e+00 -1.485993671417236328e+01
1.960219860076904297e+00 -5.053525924682617188e+00 -1.069735431671142578e+01
-1.088322281837463379e+00 -2.406128644943237305e+00 -1.528152084350585938e+01
-1.308308839797973633e+00 -1.698020219802856445e+00 -1.534033966064453125e+01
2.141652584075927734e+00 -3.536545038223266602e+00 -1.149244594573974609e+01
8.842202425003051758e-01 -1.870375633239746094e+00 -1.348687362670898438e+01
7.970597147941589355e-01 -1.144522666931152344e+00 -1.333463191986083984e+01
-2.607189416885375977e+00 -1.779709815979003906e+00 -1.569832706451416016e+01
-2.676929473876953125e+00 -8.104703426361083984e-01 -1.564083385467529297e+01
-5.085953712463378906e+00 4.530118107795715332e-01 -1.588737583160400391e+01
-2.887624025344848633e+00 1.006980299949645996e+00 -1.536669254302978516e+01
-2.165419578552246094e+00 1.174370646476745605e+00 -1.512430572509765625e+01
-4.985440969467163086e-01 1.149469614028930664e+00 -1.389005947113037109e+01
-2.882989168167114258e+00 2.079830169677734375e+00 -1.503573703765869141e+01
-2.466819047927856445e+00 2.788187980651855469e+00 -1.464593029022216797e+01
2.704222917556762695e+00 -3.967974185943603516e+00 -1.033753395080566406e+01
3.520327568054199219e+00 -2.610143184661865234e+00 -1.011226654052734375e+01
3.012254476547241211e+00 -1.848022699356079102e+00 -1.085288619995117188e+01
9.640941023826599121e-01 -2.816992700099945068e-01 -1.281383037567138672e+01
1.482677698135375977e+00 6.297379266470670700e-03 -1.211086559295654297e+01
2.348599433898925781e+00 -2.185510247945785522e-01 -1.122743892669677734e+01
1.080968976020812988e+00 4.168613851070404053e-01 -1.233644676208496094e+01
-1.051361370086669922e+01 -9.660192728042602539e-01 -1.099191665649414062e+01
-9.970542907714843750e+00 6.857098937034606934e-01 -1.291821670532226562e+01
-1.030396556854248047e+01 -1.468154881149530411e-02 -1.048493766784667969e+01
-1.007344055175781250e+01 -1.196552887558937073e-01 -9.023098945617675781e+00
-9.727363586425781250e+00 5.452402234077453613e-01 -1.002523612976074219e+01
-9.965254783630371094e+00 9.241093993186950684e-01 -1.155002593994140625e+01
-9.435275077819824219e+00 2.033822298049926758e+00 -1.278262138366699219e+01
-8.824152946472167969e+00 1.401254415512084961e+00 -9.339167594909667969e+00
-8.418368339538574219e+00 2.399298906326293945e+00 -1.037372589111328125e+01
-8.198849678039550781e+00 1.157987475395202637e+00 -6.069804191589355469e+00
-7.962373256683349609e+00 1.594407320022583008e+00 -7.149860382080078125e+00
-8.284730911254882812e+00 1.882969141006469727e+00 -8.735026359558105469e+00
-7.900819778442382812e+00 2.549812793731689453e+00 -9.730589866638183594e+00
-6.298628807067871094e+00 2.700755596160888672e+00 -7.678230285644531250e+00
-6.214498996734619141e+00 3.010431289672851562e+00 -8.160932540893554688e+00
-8.637018203735351562e+00 2.201995134353637695e+00 -1.429054832458496094e+01
-8.037928581237792969e+00 2.229194641113281250e+00 -1.473007297515869141e+01
-7.638222217559814453e+00 3.440812826156616211e+00 -1.351208496093750000e+01
-6.657005786895751953e+00 4.264467239379882812e+00 -1.313678455352783203e+01
-6.101860046386718750e+00 1.893319249153137207e+00 -1.547450828552246094e+01
-5.846098423004150391e+00 2.184019088745117188e+00 -1.532617759704589844e+01
-5.171797752380371094e+00 3.966616868972778320e+00 -1.412133312225341797e+01
-4.616090774536132812e+00 3.959807872772216797e+00 -1.424883842468261719e+01
-5.868875503540039062e+00 3.769210577011108398e+00 -1.412437343597412109e+01
-8.274833679199218750e+00 3.282609224319458008e+00 -1.224628829956054688e+01
-6.244118213653564453e+00 4.414155006408691406e+00 -1.238027572631835938e+01
-5.556966304779052734e+00 4.382855415344238281e+00 -1.074292087554931641e+01
-3.389763355255126953e+00 4.232843399047851562e+00 -1.348816394805908203e+01
-3.171354770660400391e+00 4.295645236968994141e+00 -1.287044239044189453e+01
-5.220843315124511719e+00 4.435061454772949219e+00 -1.221880054473876953e+01
-4.469612598419189453e+00 4.635431766510009766e+00 -1.232599163055419922e+01
-3.216830253601074219e+00 4.686728000640869141e+00 -1.144349670410156250e+01
-4.958420753479003906e+00 4.786935806274414062e+00 -1.084771251678466797e+01
-3.796060085296630859e+00 4.893301010131835938e+00 -1.117131042480468750e+01
-6.640902996063232422e+00 3.683766365051269531e+00 -1.050082397460937500e+01
-5.932496070861816406e+00 3.626146316528320312e+00 -9.033382415771484375e+00
3.057900905609130859e+00 -1.907839030027389526e-01 -1.030228996276855469e+01
-1.392412334680557251e-01 1.528466939926147461e+00 -1.287770652770996094e+01
-2.115035772323608398e+00 3.220967531204223633e+00 -1.359451198577880859e+01
9.951176047325134277e-01 8.013077974319458008e-01 -1.168926525115966797e+01
-1.054489612579345703e+00 2.884432315826416016e+00 -1.233842945098876953e+01
-2.714312553405761719e+00 3.845720291137695312e+00 -1.327028751373291016e+01
-1.650388121604919434e+00 3.646808624267578125e+00 -1.187536811828613281e+01
1.143224143981933594e+01 -6.509871959686279297e+00 -3.360880136489868164e+00
1.332378673553466797e+01 -6.668644428253173828e+00 -1.704453706741333008e+00
1.117109107971191406e+01 -6.440023899078369141e+00 -8.289707899093627930e-01
1.097626495361328125e+01 -6.453631401062011719e+00 -2.585279703140258789e+00
1.435005187988281250e+01 -6.931052207946777344e+00 -5.002546310424804688e+00
1.198468875885009766e+01 -6.570446968078613281e+00 -3.962010383605957031e+00
1.269415760040283203e+01 -6.548910140991210938e+00 -5.456905364990234375e+00
1.314645767211914062e+01 -6.855495452880859375e+00 -3.647449731826782227e+00
1.562468051910400391e+01 -6.998129844665527344e+00 -3.571674346923828125e+00
1.606236839294433594e+01 -5.934082508087158203e+00 -4.158398151397705078e+00
1.624334716796875000e+01 -6.457567214965820312e+00 -1.141380667686462402e+00
1.637294769287109375e+01 -5.664916038513183594e+00 -2.027124881744384766e+00
1.457754230499267578e+01 -6.531602859497070312e+00 7.756149768829345703e-02
1.481245994567871094e+01 -6.912866592407226562e+00 -1.524634718894958496e+00
1.536752700805664062e+01 -6.185593128204345703e+00 1.004857063293457031e+00
1.477895450592041016e+01 -4.020984649658203125e+00 2.002499580383300781e+00
1.512828159332275391e+01 -4.176567554473876953e+00 9.074878096580505371e-01
1.432772445678710938e+01 -3.302778244018554688e+00 1.057139039039611816e+00
1.580406379699707031e+01 -4.887595176696777344e+00 -3.332320690155029297e+00
1.523178958892822266e+01 -4.022241592407226562e+00 -2.554347276687622070e+00
1.521241855621337891e+01 -3.935980558395385742e+00 -9.946656227111816406e-01
1.496339988708496094e+01 -3.603223323822021484e+00 -1.492193698883056641e+00
1.432179355621337891e+01 -2.830209732055664062e+00 -8.647493720054626465e-01
1.380330848693847656e+01 -6.721227645874023438e+00 -6.223759651184082031e+00
1.524438858032226562e+01 -5.930135726928710938e+00 -6.523639202117919922e+00
1.236226940155029297e+01 -6.429752349853515625e+00 -6.642955780029296875e+00
1.290454292297363281e+01 -5.893480777740478516e+00 -7.428027153015136719e+00
1.592888832092285156e+01 -5.831296920776367188e+00 -5.617828369140625000e+00
1.559312915802001953e+01 -5.076265811920166016e+00 -5.906593799591064453e+00
1.502516651153564453e+01 -4.407433986663818359e+00 -5.515572071075439453e+00
1.324669742584228516e+01 -5.502336978912353516e+00 -7.284787178039550781e+00
1.262050056457519531e+01 -4.947789192199707031e+00 -6.597714900970458984e+00
1.348261260986328125e+01 -4.465548515319824219e+00 -6.076749324798583984e+00
1.360889720916748047e+01 -3.372156858444213867e+00 -4.926097393035888672e+00
1.498863983154296875e+01 -3.710667371749877930e+00 -2.795088529586791992e+00
1.491299057006835938e+01 -3.731338500976562500e+00 -4.479248046875000000e+00
1.435343456268310547e+01 -2.894190073013305664e+00 -3.728298187255859375e+00
1.015893173217773438e+01 -5.994091033935546875e+00 -2.734150171279907227e+00
6.988464355468750000e+00 -4.747846126556396484e+00 -2.364416599273681641e+00
7.274477005004882812e+00 -4.819252014160156250e+00 -1.936139464378356934e+00
6.840652465820312500e+00 -4.694673061370849609e+00 -2.928242206573486328e+00
1.048061370849609375e+01 -6.278530120849609375e+00 -2.334460020065307617e+00
9.006313323974609375e+00 -5.522707939147949219e+00 -1.933913230895996094e+00
7.946393489837646484e+00 -5.086264133453369141e+00 -1.570061206817626953e+00
9.592849731445312500e+00 -5.523693084716796875e+00 -3.425576925277709961e+00
9.948983192443847656e+00 -5.535249710083007812e+00 -4.651671886444091797e+00
8.327731132507324219e+00 -4.983416557312011719e+00 -3.952384710311889648e+00
1.354141426086425781e+01 -2.151346206665039062e+00 -8.131103590130805969e-03
1.218075466156005859e+01 -8.249502182006835938e-01 -1.008210420608520508e+00
1.095974540710449219e+01 -5.943020820617675781e+00 -5.482686042785644531e+00
1.102320194244384766e+01 -5.402106761932373047e+00 -6.016440868377685547e+00
9.594442367553710938e+00 -5.059329032897949219e+00 -5.188333034515380859e+00
1.171500778198242188e+01 -4.684312343597412109e+00 -6.158383846282958984e+00
9.181168556213378906e+00 -4.309624195098876953e+00 -6.405199527740478516e+00
1.040054035186767578e+01 -3.531455993652343750e+00 -5.855991840362548828e+00
1.246969604492187500e+01 -3.676034927368164062e+00 -5.436350345611572266e+00
1.064828300476074219e+01 -3.190604209899902344e+00 -5.653850078582763672e+00
1.067201328277587891e+01 -2.262886285781860352e+00 -5.239634990692138672e+00
8.543426513671875000e+00 -3.675645112991333008e+00 -7.023318290710449219e+00
9.052776336669921875e+00 -3.074989080429077148e+00 -6.558862686157226562e+00
8.055532455444335938e+00 -2.027874946594238281e+00 -6.899822235107421875e+00
1.040737724304199219e+01 -1.598519444465637207e+00 -5.100576877593994141e+00
8.259197235107421875e+00 -1.700839400291442871e+00 -6.634604454040527344e+00
8.751049041748046875e+00 -4.785927832126617432e-01 -5.837947845458984375e+00
7.284211635589599609e+00 -1.618355661630630493e-01 -6.913939952850341797e+00
1.326773834228515625e+01 -2.117845296859741211e+00 -4.041997909545898438e+00
1.343789386749267578e+01 -1.667452335357666016e+00 -1.912244081497192383e+00
1.319712543487548828e+01 -1.320662379264831543e+00 -3.128978013992309570e+00
1.236706161499023438e+01 -4.579223692417144775e-01 -2.210873842239379883e+00
1.203161907196044922e+01 -1.383890658617019653e-01 -2.818852424621582031e+00
1.240767669677734375e+01 -1.915130734443664551e+00 -4.343093395233154297e+00
1.120899200439453125e+01 -1.231371760368347168e+00 -4.471862316131591797e+00
1.148934364318847656e+01 -5.760342478752136230e-01 -3.853692531585693359e+00
1.015744876861572266e+01 1.537004470825195312e+00 -1.735447764396667480e+00
9.284947395324707031e+00 2.359923124313354492e+00 -2.877198219299316406e+00
9.335559844970703125e+00 2.300702333450317383e+00 -3.351272106170654297e+00
8.571739196777343750e+00 2.923470020294189453e+00 -2.366042137145996094e+00
1.021295166015625000e+01 -9.109014868736267090e-01 -4.993880271911621094e+00
1.065318012237548828e+01 2.998974919319152832e-01 -4.118709087371826172e+00
8.369620323181152344e+00 1.317056864500045776e-01 -5.851856708526611328e+00
7.018761634826660156e+00 9.870074391365051270e-01 -6.425576686859130859e+00
1.385002136230468750e+01 -3.341556787490844727e+00 2.601917028427124023e+00
1.242741584777832031e+01 -2.307962179183959961e+00 2.921032667160034180e+00
1.123989009857177734e+01 -7.389702796936035156e-01 1.455770373344421387e+00
1.143192291259765625e+01 -5.804831385612487793e-01 3.032132983207702637e-01
9.948369026184082031e+00 -2.798826396465301514e-01 3.135652542114257812e+00
8.852040290832519531e+00 1.061723470687866211e+00 2.631635665893554688e+00
9.414949417114257812e+00 7.427044510841369629e-01 2.094557285308837891e+00
7.323165416717529297e+00 2.097566127777099609e+00 2.985264062881469727e+00
7.158444881439208984e+00 2.746815919876098633e+00 1.843871474266052246e+00
9.802599906921386719e+00 9.610071778297424316e-01 3.676218688488006592e-01
1.003096485137939453e+01 1.322765827178955078e+00 -9.815325736999511719e-01
7.992134571075439453e+00 2.665332317352294922e+00 4.318624138832092285e-01
3.349783897399902344e+00 4.274132728576660156e+00 -3.473281264305114746e-01
6.214735984802246094e+00 3.548536777496337891e+00 2.771654725074768066e-01
5.477880001068115234e+00 4.035920619964599609e+00 -2.226701021194458008e+00
3.670797348022460938e+00 4.390361785888671875e+00 -6.854926943778991699e-01
2.847156763076782227e+00 3.823112964630126953e+00 -2.456933259963989258e+00
2.959349393844604492e+00 3.512165784835815430e+00 -3.327136039733886719e+00
-9.880558252334594727e-01 3.799309492111206055e+00 -7.630460858345031738e-01
2.147322416305541992e+00 3.144529342651367188e+00 -4.384343147277832031e+00
9.405311197042465210e-03 4.163840770721435547e+00 -3.142368555068969727e+00
3.065051436424255371e-01 3.711251974105834961e+00 -4.696885585784912109e+00
2.379449129104614258e+00 3.810310125350952148e+00 -2.565908908843994141e+00
5.102911949157714844e+00 -8.733540177345275879e-01 -8.893091201782226562e+00
2.944214820861816406e+00 3.097159862518310547e-01 -9.607119560241699219e+00
5.065626144409179688e+00 5.093232393264770508e-01 -8.111318588256835938e+00
3.644391536712646484e+00 5.641576647758483887e-01 -8.967689514160156250e+00
2.523881196975708008e+00 5.025067329406738281e-01 -9.799977302551269531e+00
1.546066761016845703e+00 1.849874615669250488e+00 -9.911275863647460938e+00
3.303156495094299316e-01 3.150326013565063477e+00 -9.156460762023925781e+00
1.117509305477142334e-01 3.003346443176269531e+00 -1.045756340026855469e+01
5.656697273254394531e+00 2.807951450347900391e+00 -4.855163097381591797e+00
6.164063930511474609e+00 1.888073801994323730e+00 -6.087244510650634766e+00
4.701267242431640625e+00 2.693036317825317383e+00 -5.244197368621826172e+00
4.798913002014160156e+00 2.386880397796630859e+00 -5.956869125366210938e+00
6.610209941864013672e+00 3.741267681121826172e+00 -2.718606472015380859e+00
6.588802337646484375e+00 1.286392927169799805e+00 -6.425833702087402344e+00
5.715903282165527344e+00 1.672201275825500488e+00 -6.600599288940429688e+00
4.862149238586425781e+00 1.781799197196960449e+00 -7.033765792846679688e+00
2.737039804458618164e+00 2.851275682449340820e+00 -5.059359550476074219e+00
2.816524028778076172e+00 2.089406490325927734e+00 -7.356945037841796875e+00
2.028215408325195312e+00 2.329677820205688477e+00 -6.809561252593994141e+00
9.445814788341522217e-02 3.303678750991821289e+00 -6.269763946533203125e+00
2.713467478752136230e-01 2.960935592651367188e+00 -7.757289409637451172e+00
3.027687370777130127e-01 3.032786607742309570e+00 -8.136341094970703125e+00
-3.297050237655639648e+00 3.400775432586669922e+00 -2.584214448928833008e+00
-5.634508132934570312e+00 3.069642066955566406e+00 -7.730310440063476562e+00
-4.808601379394531250e+00 3.487270355224609375e+00 -7.635128021240234375e+00
-4.257741928100585938e+00 3.353503704071044922e+00 -6.674799442291259766e+00
-2.167526960372924805e+00 3.287863969802856445e+00 -2.297861725091934204e-01
-1.890480875968933105e+00 3.756537437438964844e+00 -1.353027701377868652e+00
-1.528490066528320312e+00 4.102380275726318359e+00 -2.467096567153930664e+00
-1.354047417640686035e+00 4.397258758544921875e+00 -3.692611455917358398e+00
-1.183106184005737305e+00 4.403393745422363281e+00 -4.986610889434814453e+00
-4.800865650177001953e+00 4.083752632141113281e+00 -8.503802299499511719e+00
-4.505818843841552734e+00 4.560466766357421875e+00 -9.023669242858886719e+00
-1.981372952461242676e+00 4.464926719665527344e+00 -7.510895729064941406e+00
-3.350320339202880859e+00 4.461848735809326172e+00 -8.331519126892089844e+00
-1.541404247283935547e+00 3.654617309570312500e+00 -1.119863700866699219e+01
-1.228845834732055664e+00 3.509378910064697266e+00 -1.106288433074951172e+01
-3.828413009643554688e+00 4.856082439422607422e+00 -1.070432758331298828e+01
-2.047935962677001953e+00 4.183590888977050781e+00 -9.850439071655273438e+00
-3.115776777267456055e-01 3.482445716857910156e+00 -9.965939521789550781e+00
-2.159785509109497070e+00 4.562457084655761719e+00 -6.120026111602783203e+00
5.274459362030029297e+00 3.190745115280151367e+00 2.336019277572631836e+00
6.045810222625732422e+00 3.179312467575073242e+00 1.789601802825927734e+00
1.965021014213562012e+00 7.044697403907775879e-01 -1.028632164001464844e+01
-5.172018408775329590e-01 2.796954154968261719e+00 -1.161512851715087891e+01
4.413415789604187012e-01 2.526133298873901367e+00 -1.076899147033691406e+01
