1.559272885322570801e+00 -4.929245948791503906e+00 -2.710820674896240234e+00
2.275617837905883789e+00 -4.770220756530761719e+00 -1.917609095573425293e+00
1.512886524200439453e+00 -4.782067298889160156e+00 -2.304695844650268555e+00
-5.068828105926513672e+00 -8.108411788940429688e+00 -7.822031974792480469e+00
-4.999509811401367188e+00 -8.061148643493652344e+00 -1.156756401062011719e+01
-4.185054302215576172e+00 -8.320997238159179688e+00 -9.419419288635253906e+00
-7.270824432373046875e+00 -7.468184947967529297e+00 -7.058671474456787109e+00
-7.774973392486572266e+00 -7.350457668304443359e+00 -7.967130661010742188e+00
-5.692322731018066406e+00 -8.128443717956542969e+00 -9.823369979858398438e+00
-6.220627307891845703e+00 -7.997243404388427734e+00 -9.061291694641113281e+00
-6.480613708496093750e+00 -7.344790458679199219e+00 -1.205417537689208984e+01
-8.410584449768066406e+00 -6.366305828094482422e+00 -1.057588768005371094e+01
-8.332963943481445312e+00 -6.189111232757568359e+00 -1.129399490356445312e+01
-9.642389297485351562e+00 -5.266358375549316406e+00 -8.363040924072265625e+00
-1.005044746398925781e+01 -4.324253559112548828e+00 -8.716187477111816406e+00
-9.586445808410644531e+00 -4.641661643981933594e+00 -1.086758232116699219e+01
-8.219964027404785156e+00 -6.690368175506591797e+00 -5.445398807525634766e+00
-9.067681312561035156e+00 -6.092321872711181641e+00 -4.929811477661132812e+00
-7.967962265014648438e+00 -5.744911193847656250e+00 -3.404423475265502930e+00
-8.496717453002929688e+00 -5.228310585021972656e+00 -2.225789308547973633e+00
-6.958197116851806641e+00 -5.439973354339599609e+00 -3.112090349197387695e+00
-2.593548774719238281e+00 -5.030145645141601562e+00 -1.546413660049438477e+00
-3.373592853546142578e+00 -4.880422115325927734e+00 -5.815066695213317871e-01
-1.440248489379882812e+00 -4.990468025207519531e+00 -2.348817586898803711e-01
-7.378976821899414062e+00 -3.212207317352294922e+00 2.312333345413208008e+00
-5.355307579040527344e+00 -3.511634349822998047e+00 1.279507637023925781e+00
-3.860264778137207031e+00 -5.067691802978515625e+00 -2.135644674301147461e+00
-7.304283142089843750e+00 -4.796231269836425781e+00 -1.626567363739013672e+00
-6.307568073272705078e+00 -5.166613101959228516e+00 -2.786005496978759766e+00
-3.738389968872070312e+00 -4.412603855133056641e+00 1.354360580444335938e-01
-4.768106460571289062e+00 -7.278667926788330078e+00 -5.294295310974121094e+00
-4.545615673065185547e+00 -6.497878074645996094e+00 -4.090087890625000000e+00
-2.280333995819091797e+00 -7.655209064483642578e+00 -6.416595458984375000e+00
-2.884746074676513672e+00 -7.167377471923828125e+00 -5.066381454467773438e+00
-2.214483976364135742e+00 -7.176800251007080078e+00 -5.298436641693115234e+00
-1.356531143188476562e+00 -6.800447940826416016e+00 -5.043279647827148438e+00
-2.779752254486083984e+00 -6.776529312133789062e+00 -4.438870429992675781e+00
-5.267648220062255859e+00 -6.850234508514404297e+00 -4.678440570831298828e+00
-6.153815746307373047e+00 -7.666483402252197266e+00 -6.741709709167480469e+00
-8.704627990722656250e+00 -6.650907039642333984e+00 -6.454762935638427734e+00
-1.417625546455383301e+00 -4.979908943176269531e+00 -1.833954930305480957e+00
-9.355340003967285156e-01 -5.040595531463623047e+00 -2.274720668792724609e+00
-2.241604089736938477e+00 -5.124056339263916016e+00 -2.021708250045776367e+00
-3.511025607585906982e-01 -5.083497047424316406e+00 -1.194210886955261230e+00
6.307390928268432617e-01 -4.613486289978027344e+00 -1.594211101531982422e+00
-8.152041435241699219e-01 -5.402359962463378906e+00 -3.019364118576049805e+00
-8.683624677360057831e-03 -5.498185634613037109e+00 -3.343435287475585938e+00
6.060891151428222656e-01 -4.761960506439208984e+00 -2.122493982315063477e+00
-9.515237808227539062e+00 -4.813390254974365234e+00 -2.044385433197021484e+00
-9.939834594726562500e+00 -4.890880107879638672e+00 -4.679845333099365234e+00
-9.351326942443847656e+00 -5.580630302429199219e+00 -3.830826520919799805e+00
-1.019522666931152344e+01 -3.759298324584960938e+00 -3.288129091262817383e+00
-1.031815528869628906e+01 -3.586178541183471680e+00 -4.716123104095458984e+00
-9.119997024536132812e+00 -4.087432861328125000e+00 3.095195889472961426e-01
-9.781066894531250000e+00 -4.173921108245849609e+00 -1.408187985420227051e+00
-9.820282936096191406e+00 -3.231347322463989258e+00 -2.798943817615509033e-01
-9.598939895629882812e+00 -2.926870584487915039e+00 9.026453495025634766e-01
-9.112792015075683594e+00 -2.721722364425659180e+00 2.167460441589355469e+00
-9.278670310974121094e+00 -1.630183219909667969e+00 1.269333243370056152e+00
-1.017285823822021484e+01 -2.694943666458129883e+00 -2.523675918579101562e+00
-1.009710693359375000e+01 -1.609054803848266602e+00 -2.652579784393310547e+00
-9.464268684387207031e+00 -1.293552041053771973e+00 -8.881011009216308594e-01
-7.936362743377685547e+00 -4.185503423213958740e-01 -6.466765999794006348e-01
-1.006388473510742188e+01 -4.636197090148925781e+00 -5.545300483703613281e+00
-1.034715175628662109e+01 -3.652346134185791016e+00 -5.425082206726074219e+00
-1.053286266326904297e+01 -2.257873296737670898e+00 -5.301105976104736328e+00
-1.059047317504882812e+01 -2.098423957824707031e+00 -5.871385574340820312e+00
-1.008355712890625000e+01 -6.561094522476196289e-01 -5.353311538696289062e+00
-1.058926677703857422e+01 -2.842739105224609375e+00 -7.961626529693603516e+00
-1.071108627319335938e+01 -1.946199297904968262e+00 -8.886634826660156250e+00
-1.060194301605224609e+01 -8.094850182533264160e-01 -8.516247749328613281e+00
-9.952234268188476562e+00 -3.270863890647888184e-01 -6.704878807067871094e+00
-8.382746696472167969e+00 -2.025182694196701050e-01 -2.253458976745605469e+00
-6.927978992462158203e+00 1.704491376876831055e+00 -3.685334682464599609e+00
-9.019138336181640625e+00 3.919776082038879395e-01 -6.200850009918212891e+00
-7.578905105590820312e+00 1.445803999900817871e+00 -4.984928607940673828e+00
1.310580635070800781e+01 -5.322716236114501953e+00 4.743621826171875000e+00
1.352331638336181641e+01 -6.093039512634277344e+00 8.518714308738708496e-01
1.300037384033203125e+01 -5.883687496185302734e+00 1.535014867782592773e+00
1.484621906280517578e+01 -5.728682994842529297e+00 2.072963237762451172e+00
1.463661003112792969e+01 -4.834942817687988281e+00 3.246839046478271484e+00
1.190717506408691406e+01 -5.533602237701416016e+00 2.829890489578247070e+00
4.403843879699707031e+00 -1.100437879562377930e+00 5.088672637939453125e+00
5.263791084289550781e+00 -6.789771318435668945e-01 6.253867626190185547e+00
6.641608715057373047e+00 -4.812210559844970703e+00 -1.641168832778930664e+00
8.905768394470214844e+00 -6.217911243438720703e+00 -1.202764272689819336e+00
8.120549201965332031e+00 -6.129683494567871094e+00 -1.042496681213378906e+00
7.448586463928222656e+00 -6.208183288574218750e+00 -4.556722044944763184e-01
2.552259206771850586e+00 -5.411965370178222656e+00 4.118807613849639893e-01
4.291293621063232422e+00 -4.689259052276611328e+00 -1.485585570335388184e+00
5.162712574005126953e+00 -5.075480461120605469e+00 -1.149944901466369629e+00
2.304567098617553711e+00 -4.275726318359375000e+00 -1.254601716995239258e+00
4.112192630767822266e+00 -4.719326496124267578e+00 -1.268385887145996094e+00
5.108999252319335938e+00 -5.546446800231933594e+00 2.398133426904678345e-01
5.806663513183593750e+00 -5.944244384765625000e+00 -5.779730677604675293e-01
3.096462011337280273e+00 -5.479262351989746094e+00 -5.774141550064086914e-01
9.421045303344726562e+00 -5.057013511657714844e+00 3.166907548904418945e+00
9.916560173034667969e+00 -4.529680728912353516e+00 5.112225532531738281e+00
9.884684562683105469e+00 -4.688992023468017578e+00 4.410199165344238281e+00
8.599462509155273438e+00 -3.946571588516235352e+00 5.803748607635498047e+00
8.901820182800292969e+00 -4.876425743103027344e+00 3.257243871688842773e+00
9.013032913208007812e+00 -5.848015308380126953e+00 1.486971020698547363e+00
8.678898811340332031e+00 -6.043260574340820312e+00 9.858886599540710449e-01
5.528694629669189453e+00 -1.278334856033325195e+00 4.298205375671386719e+00
6.161675930023193359e+00 -3.652734041213989258e+00 2.503459215164184570e+00
5.591753959655761719e+00 -3.937742710113525391e+00 1.926725387573242188e+00
4.525783538818359375e+00 -1.863271594047546387e+00 3.172389268875122070e+00
4.625601291656494141e+00 -1.460908055305480957e+00 3.864313125610351562e+00
6.868269920349121094e+00 -2.405506849288940430e+00 4.593679904937744141e+00
6.649009227752685547e+00 -1.860626459121704102e+00 6.009910583496093750e+00
6.538192749023437500e+00 -5.417982578277587891e+00 9.820122718811035156e-01
1.196033287048339844e+01 -4.011804103851318359e+00 6.178220272064208984e+00
1.365211391448974609e+01 -4.349313259124755859e+00 4.784986972808837891e+00
1.250483608245849609e+01 -3.116152286529541016e+00 5.151112556457519531e+00
1.339554977416992188e+01 -3.117289066314697266e+00 3.409619808197021484e+00
7.657269477844238281e+00 -2.928501129150390625e+00 7.662590980529785156e+00
7.253270626068115234e+00 -2.217458486557006836e+00 7.445018768310546875e+00
4.210102081298828125e+00 -3.082377016544342041e-01 6.960825920104980469e+00
9.555318832397460938e+00 -4.057508468627929688e+00 7.037879467010498047e+00
1.029172039031982422e+01 -2.672357320785522461e+00 6.970052719116210938e+00
1.065453433990478516e+01 -2.143262386322021484e+00 5.972596645355224609e+00
8.579922676086425781e+00 -1.299349188804626465e+00 7.149127960205078125e+00
8.945728302001953125e+00 -9.502253532409667969e-01 5.897665023803710938e+00
1.101495075225830078e+01 -1.935579180717468262e+00 4.873239517211914062e+00
1.136688423156738281e+01 -1.738827228546142578e+00 3.759702682495117188e+00
6.565414905548095703e+00 -1.203330993652343750e+00 6.823899745941162109e+00
7.705231666564941406e+00 -6.589289307594299316e-01 6.873727321624755859e+00
7.020580291748046875e+00 2.355440258979797363e-01 6.044135093688964844e+00
6.276857376098632812e+00 2.190636470913887024e-02 6.285353183746337891e+00
5.673781394958496094e+00 1.114418625831604004e+00 5.730487823486328125e+00
8.070974349975585938e+00 4.597672522068023682e-01 4.766678810119628906e+00
5.733884811401367188e+00 2.218040466308593750e+00 4.299449920654296875e+00
6.124113559722900391e+00 2.298664569854736328e+00 3.825521707534790039e+00
-2.132926940917968750e+00 -2.793221235275268555e+00 3.781035661697387695e+00
-1.521886348724365234e+00 -3.795554399490356445e+00 1.671466112136840820e+00
-1.475977659225463867e+00 -4.645091056823730469e+00 3.939926028251647949e-01
-1.615090131759643555e+00 -2.855310201644897461e+00 3.507219314575195312e+00
-2.419553548097610474e-01 -2.652312040328979492e+00 2.390911102294921875e+00
-5.071279048919677734e+00 -3.475993871688842773e+00 1.472005724906921387e+00
-4.359018325805664062e+00 -3.313126564025878906e+00 2.206871032714843750e+00
-5.805527210235595703e+00 -2.596585273742675781e+00 3.395200967788696289e+00
-5.279028892517089844e+00 -3.017164230346679688e+00 2.539237499237060547e+00
-4.095347404479980469e+00 -2.824592828750610352e+00 3.385789155960083008e+00
-2.760123491287231445e+00 -1.617586731910705566e+00 4.884961128234863281e+00
-5.655078411102294922e+00 -1.267477393150329590e+00 4.709908008575439453e+00
-5.351969718933105469e+00 -7.371175289154052734e-01 4.910840988159179688e+00
2.535219430923461914e+00 -1.698212862014770508e+00 3.739259004592895508e+00
1.371868252754211426e+00 -8.710936903953552246e-01 4.184309482574462891e+00
-5.740984529256820679e-02 -1.179847002029418945e+00 3.680487871170043945e+00
1.083366632461547852e+00 -2.909134328365325928e-01 4.716992378234863281e+00
2.498176574707031250e+00 -1.005206465721130371e+00 5.381586074829101562e+00
3.488850593566894531e+00 -4.969007372856140137e-01 6.754629611968994141e+00
1.094368219375610352e+00 8.048856854438781738e-01 5.452878475189208984e+00
-3.227446794509887695e+00 -1.387825965881347656e+00 5.013714790344238281e+00
-4.246590614318847656e+00 3.009472787380218506e-01 5.011809825897216797e+00
-2.753595829010009766e+00 5.671709775924682617e-01 5.140153408050537109e+00
-1.176648736000061035e+00 1.623952746391296387e+00 4.417050361633300781e+00
-3.889547586441040039e+00 1.019410490989685059e+00 4.049116134643554688e+00
-3.824586391448974609e+00 1.422754764556884766e+00 2.891154527664184570e+00
-1.777541637420654297e-01 -5.096446990966796875e+00 -7.646178454160690308e-02
2.977523505687713623e-01 -4.952825546264648438e+00 -1.095867604017257690e-01
8.154638409614562988e-01 -4.956972599029541016e+00 4.195734113454818726e-02
1.647310853004455566e+00 -3.792260169982910156e+00 1.439148068428039551e+00
1.482003211975097656e+00 -4.989602565765380859e+00 5.916617512702941895e-01
1.621636867523193359e+00 -3.756887435913085938e+00 -1.356952428817749023e+00
1.890424013137817383e+00 -2.616874217987060547e+00 2.391389608383178711e+00
2.256405353546142578e+00 1.573986530303955078e+00 5.648400783538818359e+00
2.850629568099975586e+00 2.530786991119384766e+00 4.279609680175781250e+00
2.593605041503906250e+00 2.976268053054809570e+00 3.032845497131347656e+00
-8.677197694778442383e-01 2.489554643630981445e+00 2.626607894897460938e+00
-6.749498248100280762e-01 1.970049142837524414e+00 4.201722621917724609e+00
5.618033409118652344e-01 2.567892313003540039e+00 3.263242483139038086e+00
-1.730551719665527344e+00 3.177641153335571289e+00 1.102574616670608521e-01
-7.585904121398925781e+00 -2.459550619125366211e+00 3.555571794509887695e+00
-7.329108715057373047e+00 -1.424446821212768555e+00 4.217696189880371094e+00
-7.961139202117919922e+00 -8.141232728958129883e-01 2.907245635986328125e+00
-6.812378406524658203e+00 -1.161186337471008301e+00 4.463275432586669922e+00
-7.015388488769531250e+00 -3.687467575073242188e-01 3.059767484664916992e+00
-6.419953823089599609e+00 1.880132406949996948e-01 1.420294404029846191e+00
-6.219772338867187500e+00 1.383689492940902710e-01 2.391156673431396484e+00
-6.923813343048095703e+00 2.271439433097839355e-01 -8.150336146354675293e-01
-3.744199752807617188e+00 1.648597955703735352e+00 1.847003340721130371e+00
-5.363318920135498047e+00 2.016908884048461914e+00 -1.992098927497863770e+00
-3.647719860076904297e+00 3.038494586944580078e+00 -1.667982339859008789e+00
3.344582080841064453e+00 7.889529466629028320e-01 6.555902957916259766e+00
2.949296474456787109e+00 1.853742241859436035e+00 5.448421001434326172e+00
3.804487228393554688e+00 2.226852416992187500e+00 4.886266231536865234e+00
4.507366657257080078e+00 2.734841585159301758e+00 3.823750019073486328e+00
3.858929157257080078e+00 3.190142869949340820e+00 2.987417221069335938e+00
7.753353595733642578e+00 -4.878180027008056641e+00 -3.934671640396118164e+00
2.375434637069702148e+00 -5.069237709045410156e+00 -3.048863410949707031e+00
5.489578723907470703e+00 -4.721053600311279297e+00 -2.507502317428588867e+00
6.313754558563232422e+00 -4.669599533081054688e+00 -2.951294183731079102e+00
3.030999422073364258e+00 -5.004915714263916016e+00 -2.927449464797973633e+00
2.089845657348632812e+00 -5.927967071533203125e+00 -5.247861862182617188e+00
2.625545978546142578e+00 -5.806196689605712891e+00 -6.249421596527099609e+00
3.888932466506958008e+00 -5.138834953308105469e+00 -5.592798709869384766e+00
5.918522834777832031e+00 -4.806936264038085938e+00 -3.717214822769165039e+00
7.153234958648681641e+00 -4.945671558380126953e+00 -4.047620296478271484e+00
2.443370342254638672e+00 -5.620581626892089844e+00 -8.456212043762207031e+00
8.318757057189941406e+00 -4.959601879119873047e+00 -5.982162952423095703e+00
3.299664020538330078e+00 -5.329922199249267578e+00 -7.112063407897949219e+00
3.713141679763793945e+00 -4.721714019775390625e+00 -7.895788669586181641e+00
6.287610054016113281e+00 -5.063532829284667969e+00 -5.363160133361816406e+00
7.407425403594970703e+00 -4.922123908996582031e+00 -6.311926841735839844e+00
5.877131938934326172e+00 -4.173641681671142578e+00 -7.239730358123779297e+00
7.534144878387451172e+00 -4.025949001312255859e+00 -7.353906154632568359e+00
5.588290691375732422e+00 -3.861793756484985352e+00 -7.622167110443115234e+00
5.159545421600341797e+00 -2.839399099349975586e+00 -8.641568183898925781e+00
5.233235359191894531e+00 -2.081962585449218750e+00 -8.896466255187988281e+00
-3.349448919296264648e+00 -7.970349311828613281e+00 -1.205598258972167969e+01
-3.131213188171386719e+00 -8.215065002441406250e+00 -1.051674365997314453e+01
-3.961469650268554688e+00 -7.543341636657714844e+00 -1.315913009643554688e+01
-1.581925392150878906e+00 -6.562916755676269531e+00 -1.324199295043945312e+01
-3.556840181350708008e+00 -6.333660125732421875e+00 -1.445946025848388672e+01
-3.375637054443359375e+00 -5.279925823211669922e+00 -1.519163990020751953e+01
-6.631429672241210938e+00 -6.536634922027587891e+00 -1.317101192474365234e+01
-7.072305202484130859e+00 -6.212486267089843750e+00 -1.318867683410644531e+01
-7.758156776428222656e+00 -5.232021808624267578e+00 -1.367493534088134766e+01
-5.719942569732666016e+00 -7.132164478302001953e+00 -1.307789230346679688e+01
-8.473633766174316406e+00 -5.365106582641601562e+00 -1.256392574310302734e+01
-7.364675045013427734e+00 -4.564504623413085938e+00 -1.457290077209472656e+01
-4.151751995086669922e+00 -5.534199714660644531e+00 -1.502813339233398438e+01
-5.997093200683593750e+00 -4.381320476531982422e+00 -1.525619888305664062e+01
-2.711809873580932617e+00 -5.386976242065429688e+00 -1.501324939727783203e+01
-2.177915573120117188e+00 -4.294486522674560547e+00 -1.536835670471191406e+01
-3.723544359207153320e+00 -3.714840650558471680e+00 -1.575102996826171875e+01
-2.791485071182250977e+00 -3.185746431350708008e+00 -1.571396732330322266e+01
-4.990327358245849609e+00 -2.649001121520996094e+00 -1.593916702270507812e+01
-3.922038316726684570e+00 -1.504223823547363281e+00 -1.593318939208984375e+01
-9.299650192260742188e+00 -4.440673351287841797e+00 -1.222180461883544922e+01
-8.934144020080566406e+00 -4.001084804534912109e+00 -1.344508266448974609e+01
-9.910653114318847656e+00 -2.861773729324340820e+00 -1.234650230407714844e+01
-1.040073966979980469e+01 -1.437661647796630859e+00 -1.151875782012939453e+01
-8.549650192260742188e+00 -3.348132848739624023e+00 -1.435969924926757812e+01
-7.693284034729003906e+00 -2.965863943099975586e+00 -1.519738864898681641e+01
-9.822393417358398438e+00 -9.227241873741149902e-01 -1.328230953216552734e+01
-9.376557350158691406e+00 -3.250979483127593994e-01 -1.420244884490966797e+01
-8.488570213317871094e+00 -9.498514533042907715e-01 -1.507206630706787109e+01
-7.136462211608886719e+00 1.613190323114395142e-01 -1.576751995086669922e+01
-7.627898216247558594e+00 8.154588937759399414e-01 -1.553318023681640625e+01
-1.521792769432067871e+00 -7.555289745330810547e+00 -6.888157844543457031e+00
-4.210301935672760010e-01 -7.156250000000000000e+00 -8.631237983703613281e+00
7.357400655746459961e-02 -6.567913532257080078e+00 -5.589008808135986328e+00
6.192789077758789062e-01 -6.684659004211425781e+00 -6.756244659423828125e+00
-2.397693693637847900e-01 -6.930786132812500000e+00 -9.610375404357910156e+00
-5.087846517562866211e-02 -5.895228385925292969e+00 -1.240187358856201172e+01
1.352685809135437012e+00 -6.387248516082763672e+00 -6.417400360107421875e+00
2.021154403686523438e+00 -5.951057434082031250e+00 -8.189396858215332031e+00
-7.608060836791992188e-01 -5.086865425109863281e+00 -1.430346012115478516e+01
1.024529099464416504e+00 -4.963113784790039062e+00 -1.243757820129394531e+01
-1.230937838554382324e+00 -3.739515304565429688e+00 -1.520259284973144531e+01
-1.927691996097564697e-01 -3.007157564163208008e+00 -1.485906600952148438e+01
1.960357427597045898e+00 -5.053422927856445312e+00 -1.069685268402099609e+01
-1.088466167449951172e+00 -2.404915094375610352e+00 -1.528124237060546875e+01
-1.308406114578247070e+00 -1.696806550025939941e+00 -1.533994674682617188e+01
2.141971349716186523e+00 -3.536257505416870117e+00 -1.149225139617919922e+01
8.846360445022583008e-01 -1.870150923728942871e+00 -1.348688983917236328e+01
7.969649434089660645e-01 -1.144380807876586914e+00 -1.333440685272216797e+01
-2.607825756072998047e+00 -1.777617931365966797e+00 -1.569707584381103516e+01
-2.678302288055419922e+00 -8.087147474288940430e-01 -1.563937187194824219e+01
-5.086370468139648438e+00 4.553847610950469971e-01 -1.588526248931884766e+01
-2.887978076934814453e+00 1.008172869682312012e+00 -1.536525440216064453e+01
-2.165702581405639648e+00 1.175471663475036621e+00 -1.512298679351806641e+01
-4.991151392459869385e-01 1.149852633476257324e+00 -1.388864135742187500e+01
-2.883265018463134766e+00 2.081163644790649414e+00 -1.503463077545166016e+01
-2.467396736145019531e+00 2.789411067962646484e+00 -1.464445495605468750e+01
2.704249620437622070e+00 -3.967833280563354492e+00 -1.033688163757324219e+01
3.520515203475952148e+00 -2.611045360565185547e+00 -1.011136341094970703e+01
3.011933088302612305e+00 -1.848761081695556641e+00 -1.085192775726318359e+01
9.627246260643005371e-01 -2.819935679435729980e-01 -1.281208133697509766e+01
1.480682730674743652e+00 5.367331206798553467e-03 -1.210837268829345703e+01
2.346652746200561523e+00 -2.196587771177291870e-01 -1.122498703002929688e+01
1.079255700111389160e+00 4.159753620624542236e-01 -1.233413600921630859e+01
-1.051199245452880859e+01 -9.639281034469604492e-01 -1.099240303039550781e+01
-9.969045639038085938e+00 6.888885498046875000e-01 -1.291921901702880859e+01
-1.030406951904296875e+01 -1.257748901844024658e-02 -1.048496246337890625e+01
-1.007357120513916016e+01 -1.173786669969558716e-01 -9.022870063781738281e+00
-9.726673126220703125e+00 5.476024746894836426e-01 -1.002557563781738281e+01
-9.964484214782714844e+00 9.268248081207275391e-01 -1.155009460449218750e+01
-9.435005187988281250e+00 2.037104368209838867e+00 -1.278170680999755859e+01
-8.821413993835449219e+00 1.399528980255126953e+00 -9.341052055358886719e+00
-8.418391227722167969e+00 2.403003692626953125e+00 -1.037319374084472656e+01
-8.201801300048828125e+00 1.165643572807312012e+00 -6.066727161407470703e+00
-7.965556144714355469e+00 1.603005170822143555e+00 -7.147415161132812500e+00
-8.287075042724609375e+00 1.887065410614013672e+00 -8.734757423400878906e+00
-7.902800083160400391e+00 2.556005239486694336e+00 -9.729289054870605469e+00
-6.299980640411376953e+00 2.704244375228881836e+00 -7.676339149475097656e+00
-6.216927051544189453e+00 3.016047000885009766e+00 -8.159125328063964844e+00
-8.637641906738281250e+00 2.206255435943603516e+00 -1.428839111328125000e+01
-8.039885520935058594e+00 2.231462955474853516e+00 -1.472844314575195312e+01
-7.639391899108886719e+00 3.443778276443481445e+00 -1.351050376892089844e+01
-6.658024311065673828e+00 4.267308712005615234e+00 -1.313597679138183594e+01
-6.103137493133544922e+00 1.894956350326538086e+00 -1.547349834442138672e+01
-5.846342086791992188e+00 2.184793949127197266e+00 -1.532431507110595703e+01
-5.171894073486328125e+00 3.968107700347900391e+00 -1.411891651153564453e+01
-4.616602420806884766e+00 3.960734367370605469e+00 -1.424652576446533203e+01
-5.869062900543212891e+00 3.771328687667846680e+00 -1.412237262725830078e+01
-8.275622367858886719e+00 3.287245512008666992e+00 -1.224511241912841797e+01
-6.245763301849365234e+00 4.420023441314697266e+00 -1.237912559509277344e+01
-5.559202671051025391e+00 4.388954162597656250e+00 -1.074051952362060547e+01
-3.390708923339843750e+00 4.233934879302978516e+00 -1.348602008819580078e+01
-3.172552585601806641e+00 4.295514583587646484e+00 -1.286810302734375000e+01
-5.222063064575195312e+00 4.439684391021728516e+00 -1.221684455871582031e+01
-4.470796108245849609e+00 4.637122631072998047e+00 -1.232402992248535156e+01
-3.218515872955322266e+00 4.685773849487304688e+00 -1.144125175476074219e+01
-4.959403038024902344e+00 4.791161060333251953e+00 -1.084552192687988281e+01
-3.796724319458007812e+00 4.894216537475585938e+00 -1.116939735412597656e+01
-6.642906188964843750e+00 3.690634965896606445e+00 -1.049883747100830078e+01
-5.934492588043212891e+00 3.632018566131591797e+00 -9.031090736389160156e+00
3.055145740509033203e+00 -1.925871372222900391e-01 -1.029905223846435547e+01
-1.406058371067047119e-01 1.527488231658935547e+00 -1.287594223022460938e+01
-2.115921497344970703e+00 3.221326828002929688e+00 -1.359308338165283203e+01
9.931640028953552246e-01 7.996481060981750488e-01 -1.168708801269531250e+01
-1.055564403533935547e+00 2.883506298065185547e+00 -1.233670139312744141e+01
-2.715472459793090820e+00 3.845893859863281250e+00 -1.326834678649902344e+01
-1.651964306831359863e+00 3.646004915237426758e+00 -1.187319755554199219e+01
1.143162345886230469e+01 -6.450526237487792969e+00 -3.320284366607666016e+00
1.331424236297607422e+01 -6.605691909790039062e+00 -1.641961336135864258e+00
1.117027664184570312e+01 -6.414520263671875000e+00 -7.958992719650268555e-01
1.097192668914794922e+01 -6.409033298492431641e+00 -2.547248601913452148e+00
1.434644794464111328e+01 -6.883474349975585938e+00 -4.951467990875244141e+00
1.198683357238769531e+01 -6.498508930206298828e+00 -3.919835805892944336e+00
1.269492149353027344e+01 -6.488767623901367188e+00 -5.413227081298828125e+00
1.314351463317871094e+01 -6.799352645874023438e+00 -3.597519397735595703e+00
1.561536407470703125e+01 -6.957889556884765625e+00 -3.511581420898437500e+00
1.605354881286621094e+01 -5.898283481597900391e+00 -4.097560405731201172e+00
1.622371864318847656e+01 -6.415047645568847656e+00 -1.069591522216796875e+00
1.635865592956542969e+01 -5.629714012145996094e+00 -1.957991480827331543e+00
1.455758094787597656e+01 -6.463507652282714844e+00 1.523451060056686401e-01
1.479777431488037109e+01 -6.862641811370849609e+00 -1.460507154464721680e+00
1.533688831329345703e+01 -6.096739768981933594e+00 1.091126203536987305e+00
1.473856830596923828e+01 -3.903027772903442383e+00 2.121292829513549805e+00
1.510183238983154297e+01 -4.092279434204101562e+00 1.004310965538024902e+00
1.428568935394287109e+01 -3.240799665451049805e+00 1.168345212936401367e+00
1.579161167144775391e+01 -4.858807563781738281e+00 -3.263730049133300781e+00
1.521167373657226562e+01 -3.995549678802490234e+00 -2.482439756393432617e+00
1.519278812408447266e+01 -3.892485380172729492e+00 -9.159409403800964355e-01
1.494597530364990234e+01 -3.570250034332275391e+00 -1.420170664787292480e+00
1.429406833648681641e+01 -2.801545381546020508e+00 -7.911303043365478516e-01
1.380404376983642578e+01 -6.675885677337646484e+00 -6.176262855529785156e+00
1.524364089965820312e+01 -5.888163089752197266e+00 -6.474462985992431641e+00
1.236135959625244141e+01 -6.387126922607421875e+00 -6.601867198944091797e+00
1.290467739105224609e+01 -5.853042125701904297e+00 -7.386058330535888672e+00
1.592272186279296875e+01 -5.791896820068359375e+00 -5.559517860412597656e+00
1.558947563171386719e+01 -5.037188053131103516e+00 -5.850260257720947266e+00
1.501491165161132812e+01 -4.374123096466064453e+00 -5.455296039581298828e+00
1.324671077728271484e+01 -5.462716102600097656e+00 -7.239456653594970703e+00
1.261718368530273438e+01 -4.914338588714599609e+00 -6.553560256958007812e+00
1.347587966918945312e+01 -4.432805538177490234e+00 -6.025577068328857422e+00
1.359658527374267578e+01 -3.347598791122436523e+00 -4.868140220642089844e+00
1.497048759460449219e+01 -3.683959960937500000e+00 -2.725639581680297852e+00
1.489478588104248047e+01 -3.709248065948486328e+00 -4.411783695220947266e+00
1.433395481109619141e+01 -2.875164985656738281e+00 -3.661881923675537109e+00
1.015606594085693359e+01 -5.944252014160156250e+00 -2.699003219604492188e+00
6.983300685882568359e+00 -4.725372314453125000e+00 -2.340653419494628906e+00
7.269812107086181641e+00 -4.791680812835693359e+00 -1.909637331962585449e+00
6.835472583770751953e+00 -4.674955368041992188e+00 -2.907735824584960938e+00
1.047704410552978516e+01 -6.236667633056640625e+00 -2.298121929168701172e+00
9.005926132202148438e+00 -5.476280689239501953e+00 -1.900787949562072754e+00
7.942386150360107422e+00 -5.050664424896240234e+00 -1.536838531494140625e+00
9.592265129089355469e+00 -5.474040508270263672e+00 -3.393244028091430664e+00
9.949590682983398438e+00 -5.482305049896240234e+00 -4.617898941040039062e+00
8.324213981628417969e+00 -4.944501399993896484e+00 -3.926352024078369141e+00
1.350543880462646484e+01 -2.133200407028198242e+00 6.226490437984466553e-02
1.215692043304443359e+01 -8.038449883460998535e-01 -9.474755525588989258e-01
1.095944499969482422e+01 -5.888117313385009766e+00 -5.446316719055175781e+00
1.101929092407226562e+01 -5.365364074707031250e+00 -5.981862068176269531e+00
9.588119506835937500e+00 -5.025311470031738281e+00 -5.160580635070800781e+00
1.170992469787597656e+01 -4.653958320617675781e+00 -6.119177341461181641e+00
9.178545951843261719e+00 -4.289912223815917969e+00 -6.382634639739990234e+00
1.039491558074951172e+01 -3.508788824081420898e+00 -5.825741291046142578e+00
1.245927429199218750e+01 -3.648602724075317383e+00 -5.389785289764404297e+00
1.063958740234375000e+01 -3.168948650360107422e+00 -5.617954254150390625e+00
1.066158580780029297e+01 -2.246494293212890625e+00 -5.202088832855224609e+00
8.541712760925292969e+00 -3.665690660476684570e+00 -7.007238864898681641e+00
9.048965454101562500e+00 -3.062546253204345703e+00 -6.538362979888916016e+00
8.053560256958007812e+00 -2.023675441741943359e+00 -6.891168594360351562e+00
1.039824485778808594e+01 -1.584353923797607422e+00 -5.071338653564453125e+00
8.255355834960937500e+00 -1.694929003715515137e+00 -6.622535705566406250e+00
8.747146606445312500e+00 -4.719174504280090332e-01 -5.824320793151855469e+00
7.279390335083007812e+00 -1.615846008062362671e-01 -6.906615257263183594e+00
1.325178623199462891e+01 -2.100695133209228516e+00 -3.980419635772705078e+00
1.342172336578369141e+01 -1.638634085655212402e+00 -1.850002408027648926e+00
1.319494819641113281e+01 -1.294680595397949219e+00 -3.075655937194824219e+00
1.236013889312744141e+01 -4.304978847503662109e-01 -2.158492326736450195e+00
1.202678871154785156e+01 -1.192519590258598328e-01 -2.779208660125732422e+00
1.239755153656005859e+01 -1.897495865821838379e+00 -4.293787479400634766e+00
1.119964313507080078e+01 -1.216906905174255371e+00 -4.430966854095458984e+00
1.148581981658935547e+01 -5.593178272247314453e-01 -3.815608263015747070e+00
1.015056324005126953e+01 1.541922569274902344e+00 -1.705230474472045898e+00
9.277989387512207031e+00 2.360087394714355469e+00 -2.857425212860107422e+00
9.327335357666015625e+00 2.299938440322875977e+00 -3.335073471069335938e+00
8.565103530883789062e+00 2.921098470687866211e+00 -2.349530696868896484e+00
1.020696735382080078e+01 -9.010579586029052734e-01 -4.970110893249511719e+00
1.064883995056152344e+01 3.083372116088867188e-01 -4.097690582275390625e+00
8.365918159484863281e+00 1.333855241537094116e-01 -5.845996379852294922e+00
7.014917850494384766e+00 9.866828322410583496e-01 -6.421584129333496094e+00
1.380260181427001953e+01 -3.219884395599365234e+00 2.751204252243041992e+00
1.236198711395263672e+01 -2.240033626556396484e+00 3.060709238052368164e+00
1.118499183654785156e+01 -7.317404150962829590e-01 1.573544144630432129e+00
1.138683891296386719e+01 -5.825514197349548340e-01 3.833581805229187012e-01
9.881033897399902344e+00 -2.623188197612762451e-01 3.320817947387695312e+00
8.802338600158691406e+00 1.057705760002136230e+00 2.754108667373657227e+00
9.364233970642089844e+00 7.427905797958374023e-01 2.213435649871826172e+00
7.274589061737060547e+00 2.090286016464233398e+00 3.076179265975952148e+00
7.125256061553955078e+00 2.729209423065185547e+00 1.896834731101989746e+00
9.766108512878417969e+00 9.495382905006408691e-01 4.398877918720245361e-01
1.000827693939208984e+01 1.320165753364562988e+00 -9.267399907112121582e-01
7.964410781860351562e+00 2.651767492294311523e+00 4.694593846797943115e-01
3.349569082260131836e+00 4.269563198089599609e+00 -3.438978493213653564e-01
6.204272747039794922e+00 3.548395156860351562e+00 2.973596453666687012e-01
5.476130962371826172e+00 4.035610675811767578e+00 -2.221024036407470703e+00
3.669604778289794922e+00 4.384272098541259766e+00 -6.811190843582153320e-01
2.844880580902099609e+00 3.816400527954101562e+00 -2.453186750411987305e+00
2.956382274627685547e+00 3.503597736358642578e+00 -3.322891473770141602e+00
-9.883846044540405273e-01 3.797871589660644531e+00 -7.627589106559753418e-01
2.143495321273803711e+00 3.135532379150390625e+00 -4.380115509033203125e+00
7.517259567975997925e-03 4.161555767059326172e+00 -3.140471696853637695e+00
3.033233284950256348e-01 3.707161188125610352e+00 -4.694144725799560547e+00
2.377604484558105469e+00 3.804269313812255859e+00 -2.562937974929809570e+00
5.100204944610595703e+00 -8.749970793724060059e-01 -8.890151977539062500e+00
2.939397811889648438e+00 3.061487972736358643e-01 -9.602429389953613281e+00
5.058748245239257812e+00 5.040252208709716797e-01 -8.103997230529785156e+00
3.638930320739746094e+00 5.602604150772094727e-01 -8.961791038513183594e+00
2.519885540008544922e+00 4.992028176784515381e-01 -9.796254158020019531e+00
1.543842434883117676e+00 1.848199486732482910e+00 -9.908362388610839844e+00
3.282006978988647461e-01 3.147951602935791016e+00 -9.153823852539062500e+00
1.095805019140243530e-01 3.001412391662597656e+00 -1.045495128631591797e+01
5.653110980987548828e+00 2.803800106048583984e+00 -4.851127624511718750e+00
6.159149169921875000e+00 1.885299682617187500e+00 -6.083146095275878906e+00
4.696986675262451172e+00 2.684500694274902344e+00 -5.238764762878417969e+00
4.793340206146240234e+00 2.378485918045043945e+00 -5.951031208038330078e+00
6.609170913696289062e+00 3.744843721389770508e+00 -2.713806629180908203e+00
6.583708286285400391e+00 1.284252166748046875e+00 -6.421706199645996094e+00
5.709013938903808594e+00 1.667057871818542480e+00 -6.593746662139892578e+00
4.854924678802490234e+00 1.774282217025756836e+00 -7.025931835174560547e+00
2.732511043548583984e+00 2.842253208160400391e+00 -5.054912090301513672e+00
2.812250137329101562e+00 2.085062980651855469e+00 -7.352778434753417969e+00
2.023455381393432617e+00 2.324432134628295898e+00 -6.806076049804687500e+00
9.179507195949554443e-02 3.301423311233520508e+00 -6.267566204071044922e+00
2.684630453586578369e-01 2.957635879516601562e+00 -7.754645824432373047e+00
2.999615669250488281e-01 3.030290603637695312e+00 -8.133694648742675781e+00
-3.297125101089477539e+00 3.403268098831176758e+00 -2.583802461624145508e+00
-5.635203361511230469e+00 3.071206569671630859e+00 -7.729541778564453125e+00
-4.809307098388671875e+00 3.488121509552001953e+00 -7.634706974029541016e+00
-4.258200168609619141e+00 3.355107784271240234e+00 -6.673864364624023438e+00
-2.168754577636718750e+00 3.291304826736450195e+00 -2.279762774705886841e-01
-1.891944289207458496e+00 3.759849309921264648e+00 -1.351455807685852051e+00
-1.529608130455017090e+00 4.105172157287597656e+00 -2.465975522994995117e+00
-1.355723619461059570e+00 4.398406505584716797e+00 -3.691400289535522461e+00
-1.184185028076171875e+00 4.403217792510986328e+00 -4.985081672668457031e+00
-4.801692962646484375e+00 4.085982799530029297e+00 -8.502561569213867188e+00
-4.506515979766845703e+00 4.563122749328613281e+00 -9.022011756896972656e+00
-1.981853365898132324e+00 4.465430736541748047e+00 -7.509090423583984375e+00
-3.351024627685546875e+00 4.462606430053710938e+00 -8.329945564270019531e+00
-1.543170094490051270e+00 3.653799772262573242e+00 -1.119662189483642578e+01
-1.230534672737121582e+00 3.508284807205200195e+00 -1.106077861785888672e+01
-3.829095840454101562e+00 4.857697963714599609e+00 -1.070247650146484375e+01
-2.049349784851074219e+00 4.183146953582763672e+00 -9.848520278930664062e+00
-3.135896027088165283e-01 3.480690479278564453e+00 -9.963580131530761719e+00
-2.160120010375976562e+00 4.563454627990722656e+00 -6.118392944335937500e+00
5.261198043823242188e+00 3.232805728912353516e+00 2.391746520996093750e+00
6.023785591125488281e+00 3.180458307266235352e+00 1.827367663383483887e+00
1.962295413017272949e+00 7.023444175720214844e-01 -1.028356456756591797e+01
-5.188561081886291504e-01 2.795490503311157227e+00 -1.161267757415771484e+01
4.392485916614532471e-01 2.524188041687011719e+00 -1.076619529724121094e+01
