1.562040448188781738e+00 -4.937672138214111328e+00 -2.713700532913208008e+00
2.278952598571777344e+00 -4.788878440856933594e+00 -1.923838973045349121e+00
1.516023993492126465e+00 -4.795022487640380859e+00 -2.308566331863403320e+00
-5.068909168243408203e+00 -8.108776092529296875e+00 -7.822169303894042969e+00
-4.999689102172851562e+00 -8.062176704406738281e+00 -1.156770038604736328e+01
-4.185073852539062500e+00 -8.321095466613769531e+00 -9.419500350952148438e+00
-7.271040439605712891e+00 -7.468492507934570312e+00 -7.059073925018310547e+00
-7.775121688842773438e+00 -7.350716114044189453e+00 -7.967391014099121094e+00
-5.692452907562255859e+00 -8.129109382629394531e+00 -9.823495864868164062e+00
-6.220777988433837891e+00 -7.997615337371826172e+00 -9.061466217041015625e+00
-6.481001377105712891e+00 -7.345866680145263672e+00 -1.205415344238281250e+01
-8.411623954772949219e+00 -6.367063522338867188e+00 -1.057589626312255859e+01
-8.334270477294921875e+00 -6.190530300140380859e+00 -1.129406070709228516e+01
-9.642675399780273438e+00 -5.266693592071533203e+00 -8.362823486328125000e+00
-1.005160713195800781e+01 -4.324772834777832031e+00 -8.715534210205078125e+00
-9.587143898010253906e+00 -4.642665386199951172e+00 -1.086684799194335938e+01
-8.220277786254882812e+00 -6.690449237823486328e+00 -5.445678710937500000e+00
-9.067732810974121094e+00 -6.091874122619628906e+00 -4.930212020874023438e+00
-7.968412399291992188e+00 -5.745524883270263672e+00 -3.404639482498168945e+00
-8.497150421142578125e+00 -5.228808403015136719e+00 -2.226069688796997070e+00
-6.958574771881103516e+00 -5.440680503845214844e+00 -3.112345695495605469e+00
-2.593986034393310547e+00 -5.032596588134765625e+00 -1.548261880874633789e+00
-3.374340534210205078e+00 -4.883021831512451172e+00 -5.832887291908264160e-01
-1.441193342208862305e+00 -4.997109413146972656e+00 -2.379577755928039551e-01
-7.379629135131835938e+00 -3.211642026901245117e+00 2.311727523803710938e+00
-5.355933666229248047e+00 -3.512614488601684570e+00 1.278488636016845703e+00
-3.860545396804809570e+00 -5.068908691406250000e+00 -2.136858940124511719e+00
-7.304622173309326172e+00 -4.796447277069091797e+00 -1.626723170280456543e+00
-6.307874679565429688e+00 -5.167285442352294922e+00 -2.786628723144531250e+00
-3.739187955856323242e+00 -4.415051460266113281e+00 1.338520050048828125e-01
-4.768286228179931641e+00 -7.279590606689453125e+00 -5.294538974761962891e+00
-4.545895576477050781e+00 -6.498889923095703125e+00 -4.090865612030029297e+00
-2.280372381210327148e+00 -7.656062602996826172e+00 -6.416936397552490234e+00
-2.884827852249145508e+00 -7.168550491333007812e+00 -5.066850185394287109e+00
-2.214434146881103516e+00 -7.178317546844482422e+00 -5.298901081085205078e+00
-1.356263399124145508e+00 -6.803101539611816406e+00 -5.044012546539306641e+00
-2.779895782470703125e+00 -6.777963161468505859e+00 -4.439524173736572266e+00
-5.267870903015136719e+00 -6.851012229919433594e+00 -4.678836345672607422e+00
-6.154067516326904297e+00 -7.667080879211425781e+00 -6.741964340209960938e+00
-8.704692840576171875e+00 -6.650913238525390625e+00 -6.454853057861328125e+00
-1.417186975479125977e+00 -4.984489440917968750e+00 -1.835787534713745117e+00
-9.346097111701965332e-01 -5.046413898468017578e+00 -2.276506423950195312e+00
-2.241518020629882812e+00 -5.126818180084228516e+00 -2.023103713989257812e+00
-3.513050079345703125e-01 -5.092374801635742188e+00 -1.197983384132385254e+00
6.333911418914794922e-01 -4.626666069030761719e+00 -1.598405361175537109e+00
-8.145660758018493652e-01 -5.406267166137695312e+00 -3.020440816879272461e+00
-7.920028641819953918e-03 -5.502746105194091797e+00 -3.345223188400268555e+00
6.079157590866088867e-01 -4.770622253417968750e+00 -2.125526905059814453e+00
-9.515775680541992188e+00 -4.814129352569580078e+00 -2.044225692749023438e+00
-9.940051078796386719e+00 -4.890837192535400391e+00 -4.679785728454589844e+00
-9.352092742919921875e+00 -5.581638813018798828e+00 -3.830908060073852539e+00
-1.019594001770019531e+01 -3.760015487670898438e+00 -3.287693738937377930e+00
-1.032001113891601562e+01 -3.586297512054443359e+00 -4.715218067169189453e+00
-9.120095252990722656e+00 -4.087306976318359375e+00 3.095789551734924316e-01
-9.781162261962890625e+00 -4.174783706665039062e+00 -1.407962441444396973e+00
-9.820275306701660156e+00 -3.231657981872558594e+00 -2.796593308448791504e-01
-9.599057197570800781e+00 -2.926480531692504883e+00 9.025602936744689941e-01
-9.113156318664550781e+00 -2.721111774444580078e+00 2.167372703552246094e+00
-9.279131889343261719e+00 -1.629361391067504883e+00 1.269454479217529297e+00
-1.017280101776123047e+01 -2.695448398590087891e+00 -2.523454904556274414e+00
-1.009739589691162109e+01 -1.609385371208190918e+00 -2.652441024780273438e+00
-9.464422225952148438e+00 -1.293568730354309082e+00 -8.880442976951599121e-01
-7.936435222625732422e+00 -4.187265336513519287e-01 -6.467030048370361328e-01
-1.006291294097900391e+01 -4.635056018829345703e+00 -5.545273303985595703e+00
-1.034854698181152344e+01 -3.652342081069946289e+00 -5.424333095550537109e+00
-1.053371524810791016e+01 -2.257601261138916016e+00 -5.301213264465332031e+00
-1.059116077423095703e+01 -2.098525285720825195e+00 -5.871650218963623047e+00
-1.008402538299560547e+01 -6.573033332824707031e-01 -5.353315353393554688e+00
-1.058964347839355469e+01 -2.843003273010253906e+00 -7.961808204650878906e+00
-1.071133804321289062e+01 -1.947307109832763672e+00 -8.887287139892578125e+00
-1.060211086273193359e+01 -8.112050890922546387e-01 -8.516806602478027344e+00
-9.953047752380371094e+00 -3.302468955516815186e-01 -6.705141544342041016e+00
-8.383023262023925781e+00 -2.024271935224533081e-01 -2.253586769104003906e+00
-6.926467418670654297e+00 1.699962735176086426e+00 -3.686645746231079102e+00
-9.018048286437988281e+00 3.860704302787780762e-01 -6.202332496643066406e+00
-7.576857566833496094e+00 1.438551783561706543e+00 -4.987660408020019531e+00
1.320723056793212891e+01 -5.988668918609619141e+00 4.768423557281494141e+00
1.355328273773193359e+01 -6.310035705566406250e+00 8.271155357360839844e-01
1.304463195800781250e+01 -6.129387855529785156e+00 1.526171207427978516e+00
1.491991138458251953e+01 -6.141309261322021484e+00 2.019063711166381836e+00
1.474179077148437500e+01 -5.404440402984619141e+00 3.208495140075683594e+00
1.196813869476318359e+01 -5.855559349060058594e+00 2.838784456253051758e+00
4.395829677581787109e+00 -1.345625638961791992e+00 4.984448432922363281e+00
5.240256309509277344e+00 -1.159723758697509766e+00 6.130436897277832031e+00
6.652069091796875000e+00 -4.872831344604492188e+00 -1.661846756935119629e+00
8.915697097778320312e+00 -6.293177604675292969e+00 -1.228904843330383301e+00
8.128319740295410156e+00 -6.205961704254150391e+00 -1.073536634445190430e+00
7.455233097076416016e+00 -6.280465126037597656e+00 -4.911836385726928711e-01
2.554129838943481445e+00 -5.429686069488525391e+00 4.023872315883636475e-01
4.296666145324707031e+00 -4.721175193786621094e+00 -1.496557712554931641e+00
5.168317317962646484e+00 -5.121084690093994141e+00 -1.167559742927551270e+00
2.309034585952758789e+00 -4.298618793487548828e+00 -1.262531995773315430e+00
4.116970062255859375e+00 -4.749184608459472656e+00 -1.277820706367492676e+00
5.108614444732666016e+00 -5.587230682373046875e+00 2.176070660352706909e-01
5.807645320892333984e+00 -6.002060890197753906e+00 -6.067801117897033691e-01
3.096894741058349609e+00 -5.506025791168212891e+00 -5.888791084289550781e-01
9.465331077575683594e+00 -5.248919963836669922e+00 3.137741088867187500e+00
9.982707977294921875e+00 -5.161235809326171875e+00 5.096503734588623047e+00
9.945394515991210938e+00 -5.075603961944580078e+00 4.383875370025634766e+00
8.701054573059082031e+00 -4.411597251892089844e+00 5.458618164062500000e+00
8.939473152160644531e+00 -5.025933265686035156e+00 3.192399263381958008e+00
9.030421257019042969e+00 -5.935266971588134766e+00 1.448563456535339355e+00
8.686774253845214844e+00 -6.107013225555419922e+00 9.493060111999511719e-01
5.528751850128173828e+00 -1.444999694824218750e+00 4.103084564208984375e+00
6.175748825073242188e+00 -3.721359968185424805e+00 2.403537750244140625e+00
5.596764564514160156e+00 -3.985336780548095703e+00 1.876106023788452148e+00
4.521923065185546875e+00 -1.926958203315734863e+00 3.088887691497802734e+00
4.616155147552490234e+00 -1.566331505775451660e+00 3.769381761550903320e+00
6.924138069152832031e+00 -2.565975189208984375e+00 4.352563858032226562e+00
6.680336952209472656e+00 -2.202621459960937500e+00 5.555704116821289062e+00
6.546730518341064453e+00 -5.482038497924804688e+00 9.404520988464355469e-01
1.202416801452636719e+01 -4.914175033569335938e+00 6.279301643371582031e+00
1.367931365966796875e+01 -4.969605922698974609e+00 4.711069583892822266e+00
1.252709770202636719e+01 -3.791729450225830078e+00 5.068851947784423828e+00
1.343053722381591797e+01 -3.620774269104003906e+00 3.341217041015625000e+00
7.806694507598876953e+00 -3.382507324218750000e+00 6.662536144256591797e+00
7.363311290740966797e+00 -2.895807266235351562e+00 6.576875686645507812e+00
4.183697223663330078e+00 -7.307454347610473633e-01 6.851917266845703125e+00
9.629023551940917969e+00 -5.026690006256103516e+00 7.023532867431640625e+00
1.037566566467285156e+01 -3.403999328613281250e+00 6.743510246276855469e+00
1.076552104949951172e+01 -2.799541711807250977e+00 5.745146751403808594e+00
8.681860923767089844e+00 -1.956509232521057129e+00 6.436242580413818359e+00
9.027611732482910156e+00 -1.461193799972534180e+00 5.580741882324218750e+00
1.110417556762695312e+01 -2.462669849395751953e+00 4.706414222717285156e+00
1.143888950347900391e+01 -2.118992328643798828e+00 3.664852142333984375e+00
6.594049930572509766e+00 -1.827417135238647461e+00 6.400159835815429688e+00
7.730544090270996094e+00 -1.320693492889404297e+00 6.378181457519531250e+00
7.017221927642822266e+00 -2.788605093955993652e-01 5.844319820404052734e+00
6.241520881652832031e+00 -5.355036854743957520e-01 6.133542060852050781e+00
5.663200855255126953e+00 6.631393432617187500e-01 5.630843639373779297e+00
8.104115486145019531e+00 5.378392338752746582e-02 4.597655773162841797e+00
5.746123313903808594e+00 1.867797851562500000e+00 4.220922470092773438e+00
6.136564254760742188e+00 2.002829074859619141e+00 3.746017932891845703e+00
-2.135358095169067383e+00 -2.802203655242919922e+00 3.778617620468139648e+00
-1.524307847023010254e+00 -3.806252241134643555e+00 1.666474819183349609e+00
-1.477540373802185059e+00 -4.654211044311523438e+00 3.907832503318786621e-01
-1.620807051658630371e+00 -2.870640277862548828e+00 3.501111984252929688e+00
-2.500631213188171387e-01 -2.668564796447753906e+00 2.378188848495483398e+00
-5.072217464447021484e+00 -3.477388858795166016e+00 1.470589041709899902e+00
-4.359881401062011719e+00 -3.315945386886596680e+00 2.204919576644897461e+00
-5.806076049804687500e+00 -2.596777439117431641e+00 3.394571542739868164e+00
-5.279621124267578125e+00 -3.018349647521972656e+00 2.538358211517333984e+00
-4.096423625946044922e+00 -2.828296422958374023e+00 3.384676456451416016e+00
-2.760598897933959961e+00 -1.623338222503662109e+00 4.883689880371093750e+00
-5.655042171478271484e+00 -1.268425226211547852e+00 4.709767341613769531e+00
-5.351668834686279297e+00 -7.387099266052246094e-01 4.911077499389648438e+00
2.514290332794189453e+00 -1.776643991470336914e+00 3.679026603698730469e+00
1.360715985298156738e+00 -9.278336763381958008e-01 4.144740581512451172e+00
-6.810668855905532837e-02 -1.202099800109863281e+00 3.662395000457763672e+00
1.080498576164245605e+00 -3.610611557960510254e-01 4.685121536254882812e+00
2.478045463562011719e+00 -1.171377301216125488e+00 5.307942867279052734e+00
3.465791225433349609e+00 -7.746788263320922852e-01 6.671238899230957031e+00
1.103416800498962402e+00 7.200850844383239746e-01 5.419389247894287109e+00
-3.227131843566894531e+00 -1.392646193504333496e+00 5.014115333557128906e+00
-4.246169090270996094e+00 2.978289723396301270e-01 5.013632774353027344e+00
-2.751479625701904297e+00 5.626311302185058594e-01 5.140918254852294922e+00
-1.171004772186279297e+00 1.609597444534301758e+00 4.411928653717041016e+00
-3.888992071151733398e+00 1.019243240356445312e+00 4.052304267883300781e+00
-3.825577735900878906e+00 1.424198746681213379e+00 2.893119573593139648e+00
-1.792346984148025513e-01 -5.106071472167968750e+00 -8.098961412906646729e-02
2.964234352111816406e-01 -4.965692043304443359e+00 -1.168739348649978638e-01
8.145433664321899414e-01 -4.975907802581787109e+00 2.998339757323265076e-02
1.641851305961608887e+00 -3.815785408020019531e+00 1.415084242820739746e+00
1.481708168983459473e+00 -5.010649204254150391e+00 5.757440328598022461e-01
1.627488493919372559e+00 -3.775082349777221680e+00 -1.361310601234436035e+00
1.877865672111511230e+00 -2.649848461151123047e+00 2.356759548187255859e+00
2.285969257354736328e+00 1.373129010200500488e+00 5.592045783996582031e+00
2.876314878463745117e+00 2.369342327117919922e+00 4.249337673187255859e+00
2.603964328765869141e+00 2.932386636734008789e+00 3.030990600585937500e+00
-8.631871342658996582e-01 2.476757764816284180e+00 2.622170209884643555e+00
-6.651555895805358887e-01 1.940066099166870117e+00 4.190588951110839844e+00
5.703251957893371582e-01 2.534506559371948242e+00 3.255233049392700195e+00
-1.729339241981506348e+00 3.173099279403686523e+00 1.091324687004089355e-01
-7.586279392242431641e+00 -2.458327054977416992e+00 3.555245876312255859e+00
-7.329504489898681641e+00 -1.422943353652954102e+00 4.218164443969726562e+00
-7.961749076843261719e+00 -8.122757077217102051e-01 2.907651662826538086e+00
-6.812992095947265625e+00 -1.159037590026855469e+00 4.464521884918212891e+00
-7.017431259155273438e+00 -3.660026192665100098e-01 3.061416625976562500e+00
-6.420273780822753906e+00 1.888606250286102295e-01 1.420679092407226562e+00
-6.220066070556640625e+00 1.397730857133865356e-01 2.392249345779418945e+00
-6.923984050750732422e+00 2.269551306962966919e-01 -8.146669268608093262e-01
-3.746093988418579102e+00 1.651983737945556641e+00 1.848587155342102051e+00
-5.362305164337158203e+00 2.013679027557373047e+00 -1.993301272392272949e+00
-3.647190809249877930e+00 3.031971216201782227e+00 -1.669882535934448242e+00
3.358933210372924805e+00 4.940441846847534180e-01 6.492529869079589844e+00
2.979923486709594727e+00 1.602270603179931641e+00 5.394682884216308594e+00
3.829500198364257812e+00 1.927441835403442383e+00 4.822258949279785156e+00
4.532155036926269531e+00 2.509446859359741211e+00 3.783008575439453125e+00
3.882451295852661133e+00 3.097287893295288086e+00 2.986158847808837891e+00
7.765329837799072266e+00 -4.936756134033203125e+00 -3.950550556182861328e+00
2.378268957138061523e+00 -5.080569267272949219e+00 -3.051959276199340820e+00
5.497624874114990234e+00 -4.757390022277832031e+00 -2.518428802490234375e+00
6.324085235595703125e+00 -4.712066650390625000e+00 -2.963997602462768555e+00
3.034720182418823242e+00 -5.021293640136718750e+00 -2.932496547698974609e+00
2.091254949569702148e+00 -5.935149669647216797e+00 -5.250389575958251953e+00
2.627318859100341797e+00 -5.811598300933837891e+00 -6.252388000488281250e+00
3.891259670257568359e+00 -5.146382331848144531e+00 -5.596300601959228516e+00
5.925940513610839844e+00 -4.833444595336914062e+00 -3.726591825485229492e+00
7.161973476409912109e+00 -4.987842559814453125e+00 -4.061212062835693359e+00
2.443590641021728516e+00 -5.622984886169433594e+00 -8.457818984985351562e+00
8.325676918029785156e+00 -5.000270366668701172e+00 -5.997040748596191406e+00
3.301204681396484375e+00 -5.335152149200439453e+00 -7.114750385284423828e+00
3.713952541351318359e+00 -4.726377964019775391e+00 -7.897864341735839844e+00
6.292016983032226562e+00 -5.086477279663085938e+00 -5.373044967651367188e+00
7.412441253662109375e+00 -4.947543144226074219e+00 -6.324154376983642578e+00
5.880240440368652344e+00 -4.190335750579833984e+00 -7.246293067932128906e+00
7.538516044616699219e+00 -4.044528007507324219e+00 -7.360654830932617188e+00
5.591578960418701172e+00 -3.872215032577514648e+00 -7.626154422760009766e+00
5.161735057830810547e+00 -2.844695568084716797e+00 -8.643254280090332031e+00
5.234500885009765625e+00 -2.084423542022705078e+00 -8.896753311157226562e+00
-3.349530220031738281e+00 -7.971151828765869141e+00 -1.205589866638183594e+01
-3.131278038024902344e+00 -8.215200424194335938e+00 -1.051671028137207031e+01
-3.961671352386474609e+00 -7.544522285461425781e+00 -1.315900516510009766e+01
-1.582023739814758301e+00 -6.563649177551269531e+00 -1.324201774597167969e+01
-3.557335376739501953e+00 -6.335064888000488281e+00 -1.445944595336914062e+01
-3.375730752944946289e+00 -5.281867504119873047e+00 -1.519169425964355469e+01
-6.631661415100097656e+00 -6.537640571594238281e+00 -1.317088699340820312e+01
-7.072547435760498047e+00 -6.214194297790527344e+00 -1.318864917755126953e+01
-7.758525848388671875e+00 -5.234724044799804688e+00 -1.367581272125244141e+01
-5.720119476318359375e+00 -7.133063316345214844e+00 -1.307783508300781250e+01
-8.474760055541992188e+00 -5.367636680603027344e+00 -1.256448268890380859e+01
-7.364566326141357422e+00 -4.566700935363769531e+00 -1.457349586486816406e+01
-4.151710033416748047e+00 -5.536146640777587891e+00 -1.502821445465087891e+01
-5.996408939361572266e+00 -4.382930755615234375e+00 -1.525657939910888672e+01
-2.711977005004882812e+00 -5.388757228851318359e+00 -1.501348781585693359e+01
-2.177700519561767578e+00 -4.296515464782714844e+00 -1.536848735809326172e+01
-3.723290205001831055e+00 -3.717075824737548828e+00 -1.575184059143066406e+01
-2.790946483612060547e+00 -3.188348770141601562e+00 -1.571425342559814453e+01
-4.990796089172363281e+00 -2.650008440017700195e+00 -1.593928909301757812e+01
-3.921416044235229492e+00 -1.505690813064575195e+00 -1.593505477905273438e+01
-9.300976753234863281e+00 -4.443137168884277344e+00 -1.222147083282470703e+01
-8.935039520263671875e+00 -4.004180908203125000e+00 -1.344598865509033203e+01
-9.911805152893066406e+00 -2.864898681640625000e+00 -1.234671211242675781e+01
-1.040174293518066406e+01 -1.440555572509765625e+00 -1.151857185363769531e+01
-8.549612045288085938e+00 -3.351242303848266602e+00 -1.436073207855224609e+01
-7.692805290222167969e+00 -2.968032360076904297e+00 -1.519782352447509766e+01
-9.822473526000976562e+00 -9.260331392288208008e-01 -1.328289699554443359e+01
-9.375745773315429688e+00 -3.282735347747802734e-01 -1.420435047149658203e+01
-8.488289833068847656e+00 -9.524484276771545410e-01 -1.507370758056640625e+01
-7.136061668395996094e+00 1.590352058410644531e-01 -1.576909828186035156e+01
-7.627885341644287109e+00 8.134441375732421875e-01 -1.553537750244140625e+01
-1.521812915802001953e+00 -7.556572914123535156e+00 -6.888567924499511719e+00
-4.210400581359863281e-01 -7.157239913940429688e+00 -8.631723403930664062e+00
7.386546581983566284e-02 -6.570507049560546875e+00 -5.590184688568115234e+00
6.193686723709106445e-01 -6.687022209167480469e+00 -6.757290840148925781e+00
-2.398781925439834595e-01 -6.930851936340332031e+00 -9.610784530639648438e+00
-5.081298947334289551e-02 -5.895605087280273438e+00 -1.240189838409423828e+01
1.353623628616333008e+00 -6.392871379852294922e+00 -6.419300079345703125e+00
2.021740674972534180e+00 -5.953943729400634766e+00 -8.190917015075683594e+00
-7.607710957527160645e-01 -5.088054180145263672e+00 -1.430358886718750000e+01
1.024811387062072754e+00 -4.963643074035644531e+00 -1.243789768218994141e+01
-1.231099367141723633e+00 -3.740750074386596680e+00 -1.520226860046386719e+01
-1.929129511117935181e-01 -3.008201599121093750e+00 -1.485912418365478516e+01
1.960530281066894531e+00 -5.054523944854736328e+00 -1.069762039184570312e+01
-1.088556528091430664e+00 -2.406394004821777344e+00 -1.528087997436523438e+01
-1.307923197746276855e+00 -1.698374748229980469e+00 -1.534031200408935547e+01
2.142125606536865234e+00 -3.537240266799926758e+00 -1.149261569976806641e+01
8.846591114997863770e-01 -1.870709776878356934e+00 -1.348701381683349609e+01
7.971113324165344238e-01 -1.144714951515197754e+00 -1.333435249328613281e+01
-2.606981515884399414e+00 -1.779979705810546875e+00 -1.569782924652099609e+01
-2.676584005355834961e+00 -8.111801743507385254e-01 -1.564062976837158203e+01
-5.085546493530273438e+00 4.529694318771362305e-01 -1.588750648498535156e+01
-2.887139558792114258e+00 1.006338596343994141e+00 -1.536707305908203125e+01
-2.164872646331787109e+00 1.173547863960266113e+00 -1.512398242950439453e+01
-4.981320500373840332e-01 1.148739695549011230e+00 -1.388952541351318359e+01
-2.882550001144409180e+00 2.078736305236816406e+00 -1.503555488586425781e+01
-2.465991973876953125e+00 2.787353754043579102e+00 -1.464651203155517578e+01
2.704335212707519531e+00 -3.969281673431396484e+00 -1.033745193481445312e+01
3.521516323089599609e+00 -2.613851785659790039e+00 -1.011192893981933594e+01
3.012928247451782227e+00 -1.850359916687011719e+00 -1.085262584686279297e+01
9.640806317329406738e-01 -2.828729748725891113e-01 -1.281268310546875000e+01
1.482752561569213867e+00 4.424144513905048370e-03 -1.210964870452880859e+01
2.348861217498779297e+00 -2.209197431802749634e-01 -1.122641754150390625e+01
1.081033587455749512e+00 4.148271977901458740e-01 -1.233527278900146484e+01
-1.051169204711914062e+01 -9.683487415313720703e-01 -1.099271774291992188e+01
-9.968029975891113281e+00 6.846324205398559570e-01 -1.292184066772460938e+01
-1.030247497558593750e+01 -1.736727915704250336e-02 -1.048687648773193359e+01
-1.007263088226318359e+01 -1.216087117791175842e-01 -9.024226188659667969e+00
-9.725667953491210938e+00 5.427064299583435059e-01 -1.002693939208984375e+01
-9.963306427001953125e+00 9.217060804367065430e-01 -1.155185890197753906e+01
-9.434174537658691406e+00 2.032512664794921875e+00 -1.278416156768798828e+01
-8.821811676025390625e+00 1.396249890327453613e+00 -9.341442108154296875e+00
-8.417864799499511719e+00 2.397007465362548828e+00 -1.037476348876953125e+01
-8.199422836303710938e+00 1.156727433204650879e+00 -6.069611072540283203e+00
-7.963296413421630859e+00 1.594406247138977051e+00 -7.149902343750000000e+00
-8.284134864807128906e+00 1.880486130714416504e+00 -8.736611366271972656e+00
-7.900685310363769531e+00 2.546827077865600586e+00 -9.731666564941406250e+00
-6.298834323883056641e+00 2.698182344436645508e+00 -7.678777694702148438e+00
-6.215430736541748047e+00 3.007375240325927734e+00 -8.161837577819824219e+00
-8.635648727416992188e+00 2.200770378112792969e+00 -1.429224491119384766e+01
-8.036764144897460938e+00 2.229005575180053711e+00 -1.473186874389648438e+01
-7.637596607208251953e+00 3.441050291061401367e+00 -1.351333427429199219e+01
-6.656249046325683594e+00 4.263977527618408203e+00 -1.313759422302246094e+01
-6.100822448730468750e+00 1.893402338027954102e+00 -1.547593593597412109e+01
-5.845204830169677734e+00 2.183021068572998047e+00 -1.532680034637451172e+01
-5.171007156372070312e+00 3.966323852539062500e+00 -1.412158107757568359e+01
-4.615381240844726562e+00 3.958762168884277344e+00 -1.424921989440917969e+01
-5.867885112762451172e+00 3.769329786300659180e+00 -1.412556457519531250e+01
-8.274567604064941406e+00 3.282196998596191406e+00 -1.224695777893066406e+01
-6.242860317230224609e+00 4.412537574768066406e+00 -1.238164520263671875e+01
-5.556114196777343750e+00 4.379661083221435547e+00 -1.074430274963378906e+01
-3.388958930969238281e+00 4.231742858886718750e+00 -1.348904132843017578e+01
-3.170416831970214844e+00 4.293602943420410156e+00 -1.287125682830810547e+01
-5.219962120056152344e+00 4.432929039001464844e+00 -1.222012138366699219e+01
-4.468736171722412109e+00 4.632977962493896484e+00 -1.232695484161376953e+01
-3.216333389282226562e+00 4.683105468750000000e+00 -1.144376945495605469e+01
-4.957705497741699219e+00 4.784116744995117188e+00 -1.084902000427246094e+01
-3.795260667800903320e+00 4.890089988708496094e+00 -1.117214584350585938e+01
-6.640202522277832031e+00 3.681769847869873047e+00 -1.050204849243164062e+01
-5.932411193847656250e+00 3.622364997863769531e+00 -9.034825325012207031e+00
3.057969570159912109e+00 -1.949016898870468140e-01 -1.030086231231689453e+01
-1.388173103332519531e-01 1.526328206062316895e+00 -1.287721347808837891e+01
-2.113371372222900391e+00 3.220557928085327148e+00 -1.359558010101318359e+01
9.954097270965576172e-01 7.989320158958435059e-01 -1.168832778930664062e+01
-1.053326249122619629e+00 2.882682085037231445e+00 -1.233865070343017578e+01
-2.713276624679565430e+00 3.844117879867553711e+00 -1.327094459533691406e+01
-1.649398922920227051e+00 3.645080089569091797e+00 -1.187590789794921875e+01
1.144206333160400391e+01 -6.550998687744140625e+00 -3.344357490539550781e+00
1.333120822906494141e+01 -6.753005027770996094e+00 -1.675612092018127441e+00
1.117834281921386719e+01 -6.464300632476806641e+00 -8.149591088294982910e-01
1.098348617553710938e+01 -6.491669178009033203e+00 -2.568469047546386719e+00
1.436499691009521484e+01 -6.979508399963378906e+00 -4.982268333435058594e+00
1.199631500244140625e+01 -6.617510318756103516e+00 -3.943352460861206055e+00
1.270866870880126953e+01 -6.593873023986816406e+00 -5.436564445495605469e+00
1.315709209442138672e+01 -6.909895420074462891e+00 -3.627987861633300781e+00
1.563532924652099609e+01 -7.055102348327636719e+00 -3.549968957901000977e+00
1.607095336914062500e+01 -5.980014801025390625e+00 -4.131588459014892578e+00
1.624963569641113281e+01 -6.533275127410888672e+00 -1.118879199028015137e+00
1.637786293029785156e+01 -5.730432987213134766e+00 -1.995489120483398438e+00
1.458528614044189453e+01 -6.639628887176513672e+00 1.066309586167335510e-01
1.482075595855712891e+01 -6.990347385406494141e+00 -1.501925945281982422e+00
1.538265323638916016e+01 -6.315379619598388672e+00 1.030347108840942383e+00
1.479010677337646484e+01 -4.262960910797119141e+00 2.104207754135131836e+00
1.514056110382080078e+01 -4.314138889312744141e+00 9.729220271110534668e-01
1.433591747283935547e+01 -3.455072879791259766e+00 1.140574336051940918e+00
1.581277084350585938e+01 -4.938517570495605469e+00 -3.296465396881103516e+00
1.524162292480468750e+01 -4.080661296844482422e+00 -2.512197732925415039e+00
1.521835994720458984e+01 -4.016732692718505859e+00 -9.457144141197204590e-01
1.497707653045654297e+01 -3.666238784790039062e+00 -1.447672963142395020e+00
1.433314609527587891e+01 -2.915799379348754883e+00 -8.057424426078796387e-01
1.382261848449707031e+01 -6.756005764007568359e+00 -6.202139377593994141e+00
1.526358985900878906e+01 -5.958562374114990234e+00 -6.496644973754882812e+00
1.238122177124023438e+01 -6.463894367218017578e+00 -6.623019695281982422e+00
1.292515850067138672e+01 -5.921701431274414062e+00 -7.404720306396484375e+00
1.594123458862304688e+01 -5.866937160491943359e+00 -5.588493824005126953e+00
1.562092208862304688e+01 -5.099955558776855469e+00 -5.879821777343750000e+00
1.505066299438476562e+01 -4.430593967437744141e+00 -5.485449790954589844e+00
1.326660346984863281e+01 -5.528916358947753906e+00 -7.257502079010009766e+00
1.263826560974121094e+01 -4.977338790893554688e+00 -6.569686412811279297e+00
1.349991035461425781e+01 -4.492061138153076172e+00 -6.044867038726806641e+00
1.362679290771484375e+01 -3.399465799331665039e+00 -4.888200283050537109e+00
1.500571346282958984e+01 -3.754097223281860352e+00 -2.752613544464111328e+00
1.493595600128173828e+01 -3.760977029800415039e+00 -4.442656993865966797e+00
1.437974643707275391e+01 -2.921327590942382812e+00 -3.686384439468383789e+00
1.016607666015625000e+01 -6.031516551971435547e+00 -2.721621036529541016e+00
6.995005130767822266e+00 -4.786487579345703125e+00 -2.359289646148681641e+00
7.281358718872070312e+00 -4.860661983489990234e+00 -1.931955099105834961e+00
6.846849918365478516e+00 -4.723871707916259766e+00 -2.923168659210205078e+00
1.048739719390869141e+01 -6.316280841827392578e+00 -2.318670749664306641e+00
9.013655662536621094e+00 -5.561302185058593750e+00 -1.924034118652343750e+00
7.953070163726806641e+00 -5.125987529754638672e+00 -1.562863349914550781e+00
9.601746559143066406e+00 -5.558669090270996094e+00 -3.414915323257446289e+00
9.960961341857910156e+00 -5.569195747375488281e+00 -4.640131950378417969e+00
8.335571289062500000e+00 -5.017657756805419922e+00 -3.944933891296386719e+00
1.355188941955566406e+01 -2.249624013900756836e+00 5.459215119481086731e-02
1.217613220214843750e+01 -9.185177683830261230e-01 -9.636729955673217773e-01
1.097213840484619141e+01 -5.980268001556396484e+00 -5.467262744903564453e+00
1.103799152374267578e+01 -5.436817169189453125e+00 -5.998838901519775391e+00
9.602031707763671875e+00 -5.092084884643554688e+00 -5.178457260131835938e+00
1.172803401947021484e+01 -4.713519096374511719e+00 -6.132580757141113281e+00
9.189524650573730469e+00 -4.331606388092041016e+00 -6.393452167510986328e+00
1.040956497192382812e+01 -3.554245471954345703e+00 -5.835819244384765625e+00
1.248118686676025391e+01 -3.699135065078735352e+00 -5.404543399810791016e+00
1.065562820434570312e+01 -3.211377620697021484e+00 -5.628116607666015625e+00
1.067756652832031250e+01 -2.283388853073120117e+00 -5.209904670715332031e+00
8.548012733459472656e+00 -3.690914869308471680e+00 -7.012094974517822266e+00
9.058405876159667969e+00 -3.091823339462280273e+00 -6.543815135955810547e+00
8.057875633239746094e+00 -2.037842273712158203e+00 -6.892900466918945312e+00
1.041133689880371094e+01 -1.616995573043823242e+00 -5.075004577636718750e+00
8.261448860168457031e+00 -1.713876366615295410e+00 -6.623634815216064453e+00
8.755331039428710938e+00 -4.898720979690551758e-01 -5.825205802917480469e+00
7.283737182617187500e+00 -1.720284223556518555e-01 -6.906581401824951172e+00
1.328492927551269531e+01 -2.144750356674194336e+00 -3.997314929962158203e+00
1.346074008941650391e+01 -1.713130354881286621e+00 -1.857756495475769043e+00
1.322585487365722656e+01 -1.336247682571411133e+00 -3.083832502365112305e+00
1.239457702636718750e+01 -4.749512672424316406e-01 -2.160118103027343750e+00
1.205625724792480469e+01 -1.481345742940902710e-01 -2.778600931167602539e+00
1.241974830627441406e+01 -1.935733556747436523e+00 -4.302372932434082031e+00
1.121976566314697266e+01 -1.248432159423828125e+00 -4.436586856842041016e+00
1.151022148132324219e+01 -5.865865349769592285e-01 -3.819227457046508789e+00
1.015639400482177734e+01 1.499121904373168945e+00 -1.700285434722900391e+00
9.289579391479492188e+00 2.338418960571289062e+00 -2.851318120956420898e+00
9.331863403320312500e+00 2.283566236495971680e+00 -3.331846237182617188e+00
8.568523406982421875e+00 2.894523859024047852e+00 -2.348208904266357422e+00
1.021935272216796875e+01 -9.244440197944641113e-01 -4.974239826202392578e+00
1.066284465789794922e+01 2.886491715908050537e-01 -4.099729061126708984e+00
8.370244026184082031e+00 1.212800890207290649e-01 -5.844542026519775391e+00
7.016247749328613281e+00 9.758268594741821289e-01 -6.418219089508056641e+00
1.384653759002685547e+01 -3.619000911712646484e+00 2.706095695495605469e+00
1.242924594879150391e+01 -2.574147701263427734e+00 3.007749557495117188e+00
1.121494674682617188e+01 -9.696363210678100586e-01 1.518262743949890137e+00
1.137849807739257812e+01 -7.838921546936035156e-01 3.428789675235748291e-01
9.932019233703613281e+00 -5.952596068382263184e-01 3.202479362487792969e+00
8.823294639587402344e+00 7.808109521865844727e-01 2.651625633239746094e+00
9.376516342163085938e+00 4.846465885639190674e-01 2.141221284866333008e+00
7.292155265808105469e+00 1.806782245635986328e+00 2.988450765609741211e+00
7.133425235748291016e+00 2.526068925857543945e+00 1.850966095924377441e+00
9.757376670837402344e+00 7.644349336624145508e-01 3.963396549224853516e-01
1.000296592712402344e+01 1.191124439239501953e+00 -9.426646828651428223e-01
7.975646972656250000e+00 2.526058673858642578e+00 4.423271119594573975e-01
3.352146387100219727e+00 4.271700859069824219e+00 -3.411962985992431641e-01
6.212248802185058594e+00 3.487087011337280273e+00 2.881787717342376709e-01
5.478099822998046875e+00 4.025282382965087891e+00 -2.218994617462158203e+00
3.673678398132324219e+00 4.385224819183349609e+00 -6.790867447853088379e-01
2.847528934478759766e+00 3.815309047698974609e+00 -2.451966285705566406e+00
2.959332942962646484e+00 3.502801418304443359e+00 -3.324040889739990234e+00
-9.875722527503967285e-01 3.793423414230346680e+00 -7.641727924346923828e-01
2.146785259246826172e+00 3.135890722274780273e+00 -4.382073402404785156e+00
9.864550083875656128e-03 4.158701419830322266e+00 -3.142121553421020508e+00
3.051055669784545898e-01 3.704743146896362305e+00 -4.695716857910156250e+00
2.379805803298950195e+00 3.802922010421752930e+00 -2.563492536544799805e+00
5.102995872497558594e+00 -8.786234855651855469e-01 -8.891415596008300781e+00
2.943142890930175781e+00 3.040489554405212402e-01 -9.604751586914062500e+00
5.064037322998046875e+00 4.977711439132690430e-01 -8.107109069824218750e+00
3.643501520156860352e+00 5.568224191665649414e-01 -8.965119361877441406e+00
2.523859262466430664e+00 4.982017278671264648e-01 -9.798836708068847656e+00
1.547395348548889160e+00 1.847512006759643555e+00 -9.910675048828125000e+00
3.313871324062347412e-01 3.148431301116943359e+00 -9.156173706054687500e+00
1.132020503282546997e-01 3.001355648040771484e+00 -1.045735168457031250e+01
5.655181407928466797e+00 2.800946235656738281e+00 -4.852674007415771484e+00
6.160924911499023438e+00 1.876222491264343262e+00 -6.083373069763183594e+00
4.699556827545166016e+00 2.684075355529785156e+00 -5.240675449371337891e+00
4.797474384307861328e+00 2.378481864929199219e+00 -5.953480243682861328e+00
6.607066154479980469e+00 3.726681947708129883e+00 -2.710357189178466797e+00
6.585373401641845703e+00 1.273827910423278809e+00 -6.419323921203613281e+00
5.712561607360839844e+00 1.657852768898010254e+00 -6.595193862915039062e+00
4.859996318817138672e+00 1.770795226097106934e+00 -7.029196739196777344e+00
2.735751628875732422e+00 2.843248128890991211e+00 -5.057345867156982422e+00
2.816229343414306641e+00 2.083208799362182617e+00 -7.354824066162109375e+00
2.027904987335205078e+00 2.325601816177368164e+00 -6.808758735656738281e+00
9.385113418102264404e-02 3.299850225448608398e+00 -6.269409656524658203e+00
2.715787887573242188e-01 2.958347082138061523e+00 -7.757021427154541016e+00
3.035528957843780518e-01 3.031062841415405273e+00 -8.136139869689941406e+00
-3.297110795974731445e+00 3.397176265716552734e+00 -2.584886789321899414e+00
-5.634924888610839844e+00 3.068174839019775391e+00 -7.730633735656738281e+00
-4.809018611907958984e+00 3.485809087753295898e+00 -7.635238647460937500e+00
-4.258478164672851562e+00 3.354249000549316406e+00 -6.674009323120117188e+00
-2.166628837585449219e+00 3.284066438674926758e+00 -2.315351814031600952e-01
-1.889611959457397461e+00 3.748280525207519531e+00 -1.355141401290893555e+00
-1.527865886688232422e+00 4.091930389404296875e+00 -2.469004631042480469e+00
-1.353686809539794922e+00 4.389818668365478516e+00 -3.692964076995849609e+00
-1.183257579803466797e+00 4.399541854858398438e+00 -4.986012458801269531e+00
-4.801072597503662109e+00 4.081665515899658203e+00 -8.504974365234375000e+00
-4.505176067352294922e+00 4.557303428649902344e+00 -9.025137901306152344e+00
-1.980655193328857422e+00 4.464035034179687500e+00 -7.511201381683349609e+00
-3.349813699722290039e+00 4.459367275238037109e+00 -8.332031250000000000e+00
-1.540251135826110840e+00 3.652531147003173828e+00 -1.119869232177734375e+01
-1.227496623992919922e+00 3.507560253143310547e+00 -1.106293582916259766e+01
-3.827616691589355469e+00 4.853157043457031250e+00 -1.070515632629394531e+01
-2.047077655792236328e+00 4.181438446044921875e+00 -9.850620269775390625e+00
-3.104674816131591797e-01 3.480624914169311523e+00 -9.966149330139160156e+00
-2.159557819366455078e+00 4.561171054840087891e+00 -6.119907379150390625e+00
5.283792018890380859e+00 3.108086824417114258e+00 2.379167318344116211e+00
6.033999443054199219e+00 3.028887033462524414e+00 1.798615336418151855e+00
1.965412259101867676e+00 7.011089324951171875e-01 -1.028524398803710938e+01
-5.158222913742065430e-01 2.795255661010742188e+00 -1.161483669281005859e+01
4.426822662353515625e-01 2.524065494537353516e+00 -1.076842308044433594e+01
