1.550426125526428223e+00 -4.934385299682617188e+00 -2.715193510055541992e+00
2.263541936874389648e+00 -4.784786701202392578e+00 -1.925198674201965332e+00
1.503464460372924805e+00 -4.790703773498535156e+00 -2.310189485549926758e+00
-5.069096565246582031e+00 -8.108948707580566406e+00 -7.822819709777832031e+00
-4.999067306518554688e+00 -8.062232971191406250e+00 -1.156826210021972656e+01
-4.184908390045166016e+00 -8.321150779724121094e+00 -9.419976234436035156e+00
-7.271363735198974609e+00 -7.469018936157226562e+00 -7.059667587280273438e+00
-7.775259494781494141e+00 -7.351141929626464844e+00 -7.967759609222412109e+00
-5.692085742950439453e+00 -8.129398345947265625e+00 -9.824229240417480469e+00
-6.220714569091796875e+00 -7.997931480407714844e+00 -9.062191009521484375e+00
-6.480957031250000000e+00 -7.346870422363281250e+00 -1.205490970611572266e+01
-8.412343978881835938e+00 -6.369304656982421875e+00 -1.057612037658691406e+01
-8.336019515991210938e+00 -6.194447517395019531e+00 -1.129461383819580078e+01
-9.643075942993164062e+00 -5.267718315124511719e+00 -8.362712860107421875e+00
-1.005208110809326172e+01 -4.325730800628662109e+00 -8.715291023254394531e+00
-9.588752746582031250e+00 -4.645109653472900391e+00 -1.086666011810302734e+01
-8.220482826232910156e+00 -6.691030502319335938e+00 -5.446204662322998047e+00
-9.068127632141113281e+00 -6.092631340026855469e+00 -4.931196212768554688e+00
-7.968748569488525391e+00 -5.746279716491699219e+00 -3.405878305435180664e+00
-8.497466087341308594e+00 -5.228903293609619141e+00 -2.228028535842895508e+00
-6.959050655364990234e+00 -5.441133022308349609e+00 -3.113741636276245117e+00
-2.596116065979003906e+00 -5.033611297607421875e+00 -1.550283789634704590e+00
-3.375421285629272461e+00 -4.884037971496582031e+00 -5.857394337654113770e-01
-1.443092465400695801e+00 -4.998045444488525391e+00 -2.403948009014129639e-01
-7.376848697662353516e+00 -3.207370281219482422e+00 2.294915437698364258e+00
-5.353684425354003906e+00 -3.512144565582275391e+00 1.266744494438171387e+00
-3.862144231796264648e+00 -5.069408416748046875e+00 -2.138442516326904297e+00
-7.304828643798828125e+00 -4.796901226043701172e+00 -1.628115296363830566e+00
-6.308850288391113281e+00 -5.167581081390380859e+00 -2.787949323654174805e+00
-3.738448858261108398e+00 -4.416097164154052734e+00 1.288175582885742188e-01
-4.769200325012207031e+00 -7.279602050781250000e+00 -5.295469760894775391e+00
-4.546934127807617188e+00 -6.498784065246582031e+00 -4.092166900634765625e+00
-2.281404256820678711e+00 -7.656126022338867188e+00 -6.417358398437500000e+00
-2.886395454406738281e+00 -7.168620586395263672e+00 -5.067629337310791016e+00
-2.216256141662597656e+00 -7.178175926208496094e+00 -5.299608707427978516e+00
-1.359292507171630859e+00 -6.802696704864501953e+00 -5.045011997222900391e+00
-2.781841754913330078e+00 -6.778104305267333984e+00 -4.440512180328369141e+00
-5.268511295318603516e+00 -6.850850582122802734e+00 -4.679857254028320312e+00
-6.154585361480712891e+00 -7.667383670806884766e+00 -6.742825984954833984e+00
-8.704903602600097656e+00 -6.651548385620117188e+00 -6.455354213714599609e+00
-1.421289682388305664e+00 -4.984431743621826172e+00 -1.837425112724304199e+00
-9.400672316551208496e-01 -5.045310974121093750e+00 -2.278246402740478516e+00
-2.244786262512207031e+00 -5.127192974090576172e+00 -2.024728775024414062e+00
-3.563341200351715088e-01 -5.091672420501708984e+00 -1.200057506561279297e+00
6.242108345031738281e-01 -4.622943401336669922e+00 -1.599525809288024902e+00
-8.191531896591186523e-01 -5.405388355255126953e+00 -3.021992921829223633e+00
-1.395123824477195740e-02 -5.501408576965332031e+00 -3.346659421920776367e+00
5.994131565093994141e-01 -4.767396450042724609e+00 -2.127333402633666992e+00
-9.515806198120117188e+00 -4.813607692718505859e+00 -2.046779870986938477e+00
-9.940567016601562500e+00 -4.891498088836669922e+00 -4.680908679962158203e+00
-9.352277755737304688e+00 -5.581976890563964844e+00 -3.832442045211791992e+00
-1.019599723815917969e+01 -3.759920835494995117e+00 -3.289923429489135742e+00
-1.031975269317626953e+01 -3.586512327194213867e+00 -4.717013835906982422e+00
-9.120128631591796875e+00 -4.086261749267578125e+00 3.048239350318908691e-01
-9.781154632568359375e+00 -4.173428535461425781e+00 -1.411555171012878418e+00
-9.820123672485351562e+00 -3.229835748672485352e+00 -2.848735749721527100e-01
-9.598473548889160156e+00 -2.923348426818847656e+00 8.948613405227661133e-01
-9.110055923461914062e+00 -2.715158700942993164e+00 2.155812025070190430e+00
-9.279645919799804688e+00 -1.625873923301696777e+00 1.260129213333129883e+00
-1.017303752899169922e+01 -2.694431066513061523e+00 -2.526906013488769531e+00
-1.009768295288085938e+01 -1.608372449874877930e+00 -2.655214548110961914e+00
-9.464580535888671875e+00 -1.291584014892578125e+00 -8.933996558189392090e-01
-7.936960697174072266e+00 -4.161124527454376221e-01 -6.511753797531127930e-01
-1.006329727172851562e+01 -4.635820388793945312e+00 -5.545886516571044922e+00
-1.034827709197998047e+01 -3.652863502502441406e+00 -5.425338745117187500e+00
-1.053399276733398438e+01 -2.258270978927612305e+00 -5.302212715148925781e+00
-1.059199428558349609e+01 -2.099631786346435547e+00 -5.871704101562500000e+00
-1.008368110656738281e+01 -6.579165458679199219e-01 -5.353928089141845703e+00
-1.059121036529541016e+01 -2.844246625900268555e+00 -7.961466789245605469e+00
-1.071262454986572266e+01 -1.947492122650146484e+00 -8.886640548706054688e+00
-1.060244941711425781e+01 -8.115559220314025879e-01 -8.516286849975585938e+00
-9.952616691589355469e+00 -3.313688635826110840e-01 -6.705223083496093750e+00
-8.383235931396484375e+00 -2.014659196138381958e-01 -2.255324363708496094e+00
-6.924387931823730469e+00 1.696754336357116699e+00 -3.688886404037475586e+00
-9.017550468444824219e+00 3.859554827213287354e-01 -6.202343940734863281e+00
-7.575088977813720703e+00 1.434854269027709961e+00 -4.989459991455078125e+00
1.318843078613281250e+01 -5.533941268920898438e+00 4.490922451019287109e+00
1.343514156341552734e+01 -6.049664020538330078e+00 6.797373294830322266e-01
1.298836898803710938e+01 -5.905283451080322266e+00 1.390739083290100098e+00
1.480395221710205078e+01 -5.780353069305419922e+00 1.796033382415771484e+00
1.467951393127441406e+01 -5.043318748474121094e+00 2.991750955581665039e+00
1.193887138366699219e+01 -5.613364696502685547e+00 2.689476013183593750e+00
4.452464103698730469e+00 -1.131130456924438477e+00 4.867828845977783203e+00
5.339836597442626953e+00 -7.725338339805603027e-01 6.014947414398193359e+00
6.611544609069824219e+00 -4.874013900756835938e+00 -1.669841527938842773e+00
8.857493400573730469e+00 -6.279947280883789062e+00 -1.246433496475219727e+00
8.080551147460937500e+00 -6.202022552490234375e+00 -1.086865305900573730e+00
7.419331073760986328e+00 -6.273033142089843750e+00 -4.996143579483032227e-01
2.546627521514892578e+00 -5.428410530090332031e+00 4.052434563636779785e-01
4.273175716400146484e+00 -4.717044353485107422e+00 -1.499420166015625000e+00
5.140799045562744141e+00 -5.116171360015869141e+00 -1.171926736831665039e+00
2.295221090316772461e+00 -4.294623374938964844e+00 -1.262984633445739746e+00
4.097326755523681641e+00 -4.743598461151123047e+00 -1.280584812164306641e+00
5.094974517822265625e+00 -5.577273368835449219e+00 2.131358385086059570e-01
5.778866767883300781e+00 -5.997163295745849609e+00 -6.115359663963317871e-01
3.083204269409179688e+00 -5.501452445983886719e+00 -5.888778567314147949e-01
9.435014724731445312e+00 -5.135048389434814453e+00 3.036339759826660156e+00
1.000638961791992188e+01 -4.672194004058837891e+00 4.797814846038818359e+00
9.934930801391601562e+00 -4.841855049133300781e+00 4.212562561035156250e+00
8.728856086730957031e+00 -3.932803630828857422e+00 5.219713211059570312e+00
8.918819427490234375e+00 -4.922301292419433594e+00 3.111654758453369141e+00
9.004639625549316406e+00 -5.897665023803710938e+00 1.407844185829162598e+00
8.653532028198242188e+00 -6.096465587615966797e+00 9.307055473327636719e-01
5.548828125000000000e+00 -1.233341693878173828e+00 3.974831104278564453e+00
6.167297840118408203e+00 -3.659124851226806641e+00 2.369586706161499023e+00
5.590019226074218750e+00 -3.954476356506347656e+00 1.857343077659606934e+00
4.523149967193603516e+00 -1.874029278755187988e+00 3.043637037277221680e+00
4.632949352264404297e+00 -1.447799086570739746e+00 3.677662611007690430e+00
6.915682792663574219e+00 -2.367810249328613281e+00 4.248093128204345703e+00
6.746799468994140625e+00 -1.800277590751647949e+00 5.435826778411865234e+00
6.524994373321533203e+00 -5.459742069244384766e+00 9.298538565635681152e-01
1.207869625091552734e+01 -4.199702262878417969e+00 5.832297325134277344e+00
1.374061393737792969e+01 -4.631268978118896484e+00 4.488774299621582031e+00
1.256528949737548828e+01 -3.405241012573242188e+00 4.829031467437744141e+00
1.339196300506591797e+01 -3.391256570816040039e+00 3.174855232238769531e+00
7.927462577819824219e+00 -2.730092287063598633e+00 6.520277500152587891e+00
7.505230903625488281e+00 -2.300667524337768555e+00 6.519387722015380859e+00
4.295352935791015625e+00 -4.581509530544281006e-01 6.708509922027587891e+00
9.733113288879394531e+00 -3.964738130569458008e+00 6.366940975189208984e+00
1.051541423797607422e+01 -2.706631660461425781e+00 6.391093254089355469e+00
1.081201362609863281e+01 -2.363524436950683594e+00 5.447352886199951172e+00
8.791730880737304688e+00 -1.361768364906311035e+00 6.397978305816650391e+00
9.116931915283203125e+00 -1.058301329612731934e+00 5.435839653015136719e+00
1.117800140380859375e+01 -2.109488964080810547e+00 4.508946418762207031e+00
1.149729824066162109e+01 -1.777625441551208496e+00 3.566582441329956055e+00
6.723671436309814453e+00 -1.313466429710388184e+00 6.329061031341552734e+00
7.877699375152587891e+00 -7.611416578292846680e-01 6.339233398437500000e+00
7.142239570617675781e+00 1.708739101886749268e-01 5.811300754547119141e+00
6.353607654571533203e+00 -7.499413937330245972e-02 6.104052543640136719e+00
5.748929977416992188e+00 1.024966359138488770e+00 5.623075962066650391e+00
8.203351020812988281e+00 4.134384393692016602e-01 4.524382114410400391e+00
5.804065227508544922e+00 2.159554481506347656e+00 4.200733661651611328e+00
6.219497203826904297e+00 2.298202753067016602e+00 3.740113258361816406e+00
-2.132114648818969727e+00 -2.800425529479980469e+00 3.763215780258178711e+00
-1.522526025772094727e+00 -3.803864479064941406e+00 1.659417152404785156e+00
-1.478081941604614258e+00 -4.653683185577392578e+00 3.869421780109405518e-01
-1.616773247718811035e+00 -2.865822792053222656e+00 3.490153789520263672e+00
-2.462469488382339478e-01 -2.662229537963867188e+00 2.368161201477050781e+00
-5.070192337036132812e+00 -3.477602481842041016e+00 1.457187533378601074e+00
-4.357424736022949219e+00 -3.315083980560302734e+00 2.190444946289062500e+00
-5.798630237579345703e+00 -2.585413694381713867e+00 3.356519222259521484e+00
-5.275410175323486328e+00 -3.014849424362182617e+00 2.516388654708862305e+00
-4.091839790344238281e+00 -2.824508428573608398e+00 3.356991529464721680e+00
-2.759050846099853516e+00 -1.620948672294616699e+00 4.864843368530273438e+00
-5.641810417175292969e+00 -1.245020031929016113e+00 4.639145851135253906e+00
-5.335118293762207031e+00 -7.181046009063720703e-01 4.825003147125244141e+00
2.542983055114746094e+00 -1.710203051567077637e+00 3.622999668121337891e+00
1.372944951057434082e+00 -8.935776948928833008e-01 4.107697963714599609e+00
-6.368646770715713501e-02 -1.192627549171447754e+00 3.648550033569335938e+00
1.090723514556884766e+00 -3.279743790626525879e-01 4.646010398864746094e+00
2.536933898925781250e+00 -1.071512460708618164e+00 5.213424205780029297e+00
3.569005489349365234e+00 -6.130288839340209961e-01 6.505726814270019531e+00
1.122446894645690918e+00 7.550686597824096680e-01 5.374436855316162109e+00
-3.219430923461914062e+00 -1.377535939216613770e+00 4.942659854888916016e+00
-4.232957363128662109e+00 3.083211183547973633e-01 4.930822372436523438e+00
-2.746795654296875000e+00 5.647443532943725586e-01 5.088991641998291016e+00
-1.165474414825439453e+00 1.616171002388000488e+00 4.387549400329589844e+00
-3.882833003997802734e+00 1.027917504310607910e+00 4.015466213226318359e+00
-3.822864770889282227e+00 1.430213928222656250e+00 2.869479656219482422e+00
-1.810363829135894775e-01 -5.106259346008300781e+00 -8.342844247817993164e-02
2.926251888275146484e-01 -4.964108943939208984e+00 -1.183259189128875732e-01
8.079229593276977539e-01 -4.972956180572509766e+00 3.021579794585704803e-02
1.642511367797851562e+00 -3.804977893829345703e+00 1.407428264617919922e+00
1.475669622421264648e+00 -5.005969524383544922e+00 5.769438147544860840e-01
1.616373896598815918e+00 -3.770399332046508789e+00 -1.361024260520935059e+00
1.887942790985107422e+00 -2.623935461044311523e+00 2.332078218460083008e+00
2.319756984710693359e+00 1.444749593734741211e+00 5.493136882781982422e+00
2.890306234359741211e+00 2.429319858551025391e+00 4.168640136718750000e+00
2.604044437408447266e+00 2.929396629333496094e+00 2.979229688644409180e+00
-8.632700443267822266e-01 2.483114719390869141e+00 2.613131999969482422e+00
-6.612699031829833984e-01 1.949012994766235352e+00 4.167366027832031250e+00
5.720493197441101074e-01 2.552728891372680664e+00 3.235528945922851562e+00
-1.729350805282592773e+00 3.174357652664184570e+00 1.069656386971473694e-01
-7.578217029571533203e+00 -2.446051836013793945e+00 3.526938199996948242e+00
-7.316645145416259766e+00 -1.404014706611633301e+00 4.174191951751708984e+00
-7.959109306335449219e+00 -8.013558387756347656e-01 2.884887933731079102e+00
-6.796913146972656250e+00 -1.137679457664489746e+00 4.403885841369628906e+00
-7.015635967254638672e+00 -3.493106961250305176e-01 3.026160955429077148e+00
-6.419876575469970703e+00 1.947623044252395630e-01 1.407546877861022949e+00
-6.219713211059570312e+00 1.494585871696472168e-01 2.371706247329711914e+00
-6.924576282501220703e+00 2.297457456588745117e-01 -8.178962469100952148e-01
-3.743592977523803711e+00 1.653797149658203125e+00 1.838497877120971680e+00
-5.361606597900390625e+00 2.013298511505126953e+00 -1.994125962257385254e+00
-3.647963285446166992e+00 3.033610820770263672e+00 -1.669274210929870605e+00
3.431694746017456055e+00 5.976476669311523438e-01 6.305763721466064453e+00
3.013730764389038086e+00 1.690703034400939941e+00 5.263630390167236328e+00
3.863214731216430664e+00 2.071310043334960938e+00 4.702902793884277344e+00
4.545850276947021484e+00 2.601296901702880859e+00 3.657169103622436523e+00
3.876358747482299805e+00 3.064101696014404297e+00 2.878918886184692383e+00
7.701578140258789062e+00 -4.917199611663818359e+00 -3.960063934326171875e+00
2.364877223968505859e+00 -5.077821731567382812e+00 -3.053794145584106445e+00
5.466406822204589844e+00 -4.749303817749023438e+00 -2.521173954010009766e+00
6.281714439392089844e+00 -4.698582649230957031e+00 -2.966785669326782227e+00
3.015974044799804688e+00 -5.019266605377197266e+00 -2.934612989425659180e+00
2.082026243209838867e+00 -5.932439804077148438e+00 -5.251704692840576172e+00
2.615957021713256836e+00 -5.807584285736083984e+00 -6.253579139709472656e+00
3.874608278274536133e+00 -5.140162467956542969e+00 -5.597967624664306641e+00
5.891191482543945312e+00 -4.827284336090087891e+00 -3.730896234512329102e+00
7.111071586608886719e+00 -4.974733352661132812e+00 -4.069043159484863281e+00
2.438454627990722656e+00 -5.621014118194580078e+00 -8.459197044372558594e+00
8.264961242675781250e+00 -4.995172500610351562e+00 -6.010699748992919922e+00
3.288817644119262695e+00 -5.329780578613281250e+00 -7.116461277008056641e+00
3.703329086303710938e+00 -4.721238613128662109e+00 -7.899690628051757812e+00
6.257535457611083984e+00 -5.084778308868408203e+00 -5.380195140838623047e+00
7.367970466613769531e+00 -4.953710079193115234e+00 -6.337998390197753906e+00
5.853598594665527344e+00 -4.179752826690673828e+00 -7.253653526306152344e+00
7.505773067474365234e+00 -4.029972076416015625e+00 -7.375340461730957031e+00
5.574010372161865234e+00 -3.861345052719116211e+00 -7.630106449127197266e+00
5.152728557586669922e+00 -2.837044954299926758e+00 -8.646530151367187500e+00
5.231225967407226562e+00 -2.081332445144653320e+00 -8.899203300476074219e+00
-3.349084377288818359e+00 -7.970683574676513672e+00 -1.205621528625488281e+01
-3.130948781967163086e+00 -8.215092658996582031e+00 -1.051700210571289062e+01
-3.961247920989990234e+00 -7.543868064880371094e+00 -1.315938758850097656e+01
-1.582730770111083984e+00 -6.561649799346923828e+00 -1.324153900146484375e+01
-3.556910514831542969e+00 -6.333920478820800781e+00 -1.445984935760498047e+01
-3.374722719192504883e+00 -5.280307292938232422e+00 -1.519275569915771484e+01
-6.632060050964355469e+00 -6.538871288299560547e+00 -1.317189311981201172e+01
-7.073686122894287109e+00 -6.215539455413818359e+00 -1.318935680389404297e+01
-7.759900569915771484e+00 -5.233916759490966797e+00 -1.367440319061279297e+01
-5.719823837280273438e+00 -7.133355140686035156e+00 -1.307863330841064453e+01
-8.477348327636718750e+00 -5.371669769287109375e+00 -1.256494998931884766e+01
-7.365266799926757812e+00 -4.564295768737792969e+00 -1.457141494750976562e+01
-4.151274204254150391e+00 -5.534674167633056641e+00 -1.502873992919921875e+01
-5.995861053466796875e+00 -4.381299018859863281e+00 -1.525682353973388672e+01
-2.711221456527709961e+00 -5.386961936950683594e+00 -1.501443862915039062e+01
-2.175689458847045898e+00 -4.295746326446533203e+00 -1.537287807464599609e+01
-3.721876382827758789e+00 -3.714901685714721680e+00 -1.575085639953613281e+01
-2.787482500076293945e+00 -3.187060356140136719e+00 -1.572314167022705078e+01
-4.988945484161376953e+00 -2.647659540176391602e+00 -1.594132709503173828e+01
-3.920405149459838867e+00 -1.503073334693908691e+00 -1.593699932098388672e+01
-9.304209709167480469e+00 -4.445365428924560547e+00 -1.222059917449951172e+01
-8.937120437622070312e+00 -4.003539562225341797e+00 -1.344388294219970703e+01
-9.914591789245605469e+00 -2.864600896835327148e+00 -1.234440422058105469e+01
-1.040336608886718750e+01 -1.439821243286132812e+00 -1.151761150360107422e+01
-8.550252914428710938e+00 -3.349173545837402344e+00 -1.435846996307373047e+01
-7.692114830017089844e+00 -2.964751720428466797e+00 -1.519657993316650391e+01
-9.823517799377441406e+00 -9.244147539138793945e-01 -1.328192138671875000e+01
-9.375910758972167969e+00 -3.268798887729644775e-01 -1.420331478118896484e+01
-8.487946510314941406e+00 -9.504728317260742188e-01 -1.507275199890136719e+01
-7.135563373565673828e+00 1.606212109327316284e-01 -1.577011203765869141e+01
-7.627912044525146484e+00 8.153050541877746582e-01 -1.553596782684326172e+01
-1.523167967796325684e+00 -7.556717872619628906e+00 -6.889051437377929688e+00
-4.222534298896789551e-01 -7.157392501831054688e+00 -8.632367134094238281e+00
7.019369304180145264e-02 -6.570088386535644531e+00 -5.591048240661621094e+00
6.166460514068603516e-01 -6.686621189117431641e+00 -6.758013725280761719e+00
-2.402445673942565918e-01 -6.931240081787109375e+00 -9.611278533935546875e+00
-5.115002021193504333e-02 -5.894893646240234375e+00 -1.240219593048095703e+01
1.347275853157043457e+00 -6.390446186065673828e+00 -6.420497894287109375e+00
2.017111778259277344e+00 -5.952458858489990234e+00 -8.192051887512207031e+00
-7.603625059127807617e-01 -5.086879730224609375e+00 -1.430462074279785156e+01
1.023972749710083008e+00 -4.963137626647949219e+00 -1.243835258483886719e+01
-1.229090571403503418e+00 -3.739932537078857422e+00 -1.520515727996826172e+01
-1.918114125728607178e-01 -3.007365942001342773e+00 -1.486030960083007812e+01
1.958684206008911133e+00 -5.053427696228027344e+00 -1.069830131530761719e+01
-1.086594939231872559e+00 -2.405342102050781250e+00 -1.528446102142333984e+01
-1.306424856185913086e+00 -1.697317004203796387e+00 -1.534287834167480469e+01
2.140949726104736328e+00 -3.536513090133666992e+00 -1.149360847473144531e+01
8.843979239463806152e-01 -1.870160937309265137e+00 -1.348765850067138672e+01
7.970004677772521973e-01 -1.144538640975952148e+00 -1.333512020111083984e+01
-2.604355812072753906e+00 -1.778478741645812988e+00 -1.570462799072265625e+01
-2.675847291946411133e+00 -8.089047670364379883e-01 -1.564273834228515625e+01
-5.084873676300048828e+00 4.550346732139587402e-01 -1.588945102691650391e+01
-2.886604785919189453e+00 1.008269786834716797e+00 -1.536787509918212891e+01
-2.164765834808349609e+00 1.175030708312988281e+00 -1.512471771240234375e+01
-4.983498454093933105e-01 1.149698734283447266e+00 -1.389087486267089844e+01
-2.882440328598022461e+00 2.080644369125366211e+00 -1.503591060638427734e+01
-2.466527700424194336e+00 2.789027929306030273e+00 -1.464654064178466797e+01
2.702107906341552734e+00 -3.967693328857421875e+00 -1.033903884887695312e+01
3.519953966140747070e+00 -2.610924243927001953e+00 -1.011716365814208984e+01
3.012926816940307617e+00 -1.848480820655822754e+00 -1.085682773590087891e+01
9.637911319732666016e-01 -2.817048728466033936e-01 -1.281500816345214844e+01
1.482754349708557129e+00 6.167377345263957977e-03 -1.211351299285888672e+01
2.348944664001464844e+00 -2.189850062131881714e-01 -1.123081016540527344e+01
1.080863356590270996e+00 4.167443513870239258e-01 -1.233861064910888672e+01
-1.051306629180908203e+01 -9.665898084640502930e-01 -1.099265384674072266e+01
-9.969445228576660156e+00 6.871901154518127441e-01 -1.292032337188720703e+01
-1.030385780334472656e+01 -1.468311995267868042e-02 -1.048559284210205078e+01
-1.007350444793701172e+01 -1.192635595798492432e-01 -9.023627281188964844e+00
-9.727602005004882812e+00 5.465868711471557617e-01 -1.002600097656250000e+01
-9.965151786804199219e+00 9.255218505859375000e-01 -1.155067253112792969e+01
-9.435502052307128906e+00 2.036687374114990234e+00 -1.278299713134765625e+01
-8.823680877685546875e+00 1.401745915412902832e+00 -9.340840339660644531e+00
-8.419517517089843750e+00 2.402590274810791016e+00 -1.037356758117675781e+01
-8.198091506958007812e+00 1.155179381370544434e+00 -6.070693016052246094e+00
-7.962611198425292969e+00 1.594579696655273438e+00 -7.150545597076416016e+00
-8.285914421081542969e+00 1.884918570518493652e+00 -8.735422134399414062e+00
-7.903026580810546875e+00 2.553344011306762695e+00 -9.729816436767578125e+00
-6.298812389373779297e+00 2.700134992599487305e+00 -7.678524017333984375e+00
-6.215668678283691406e+00 3.011074781417846680e+00 -8.161076545715332031e+00
-8.636178016662597656e+00 2.205676078796386719e+00 -1.429115295410156250e+01
-8.037141799926757812e+00 2.231952428817749023e+00 -1.473169803619384766e+01
-7.637806892395019531e+00 3.444385766983032227e+00 -1.351280021667480469e+01
-6.656327724456787109e+00 4.266258239746093750e+00 -1.313750362396240234e+01
-6.100458621978759766e+00 1.896099567413330078e+00 -1.547650146484375000e+01
-5.845014572143554688e+00 2.185642242431640625e+00 -1.532767009735107422e+01
-5.171102046966552734e+00 3.968330621719360352e+00 -1.412192821502685547e+01
-4.615542411804199219e+00 3.960864782333374023e+00 -1.424914264678955078e+01
-5.868157386779785156e+00 3.772080183029174805e+00 -1.412555408477783203e+01
-8.275492668151855469e+00 3.286993265151977539e+00 -1.224645709991455078e+01
-6.244584083557128906e+00 4.416603565216064453e+00 -1.238064670562744141e+01
-5.557771205902099609e+00 4.383363246917724609e+00 -1.074299049377441406e+01
-3.389503955841064453e+00 4.233555793762207031e+00 -1.348826599121093750e+01
-3.171544551849365234e+00 4.295257091522216797e+00 -1.287051486968994141e+01
-5.221286773681640625e+00 4.436322212219238281e+00 -1.221923732757568359e+01
-4.469780445098876953e+00 4.635738372802734375e+00 -1.232623481750488281e+01
-3.217442512512207031e+00 4.685514926910400391e+00 -1.144365501403808594e+01
-4.958805084228515625e+00 4.786779880523681641e+00 -1.084795761108398438e+01
-3.796318769454956055e+00 4.892392158508300781e+00 -1.117150115966796875e+01
-6.642401695251464844e+00 3.686799526214599609e+00 -1.050042724609375000e+01
-5.933676719665527344e+00 3.626949310302734375e+00 -9.033346176147460938e+00
3.057958126068115234e+00 -1.917053461074829102e-01 -1.030622100830078125e+01
-1.392034739255905151e-01 1.528285026550292969e+00 -1.287969493865966797e+01
-2.115029573440551758e+00 3.221200227737426758e+00 -1.359569263458251953e+01
9.955751895904541016e-01 8.009775280952453613e-01 -1.169201087951660156e+01
-1.054582238197326660e+00 2.884139060974121094e+00 -1.233994293212890625e+01
-2.714479684829711914e+00 3.845757722854614258e+00 -1.327073669433593750e+01
-1.650501608848571777e+00 3.646566867828369141e+00 -1.187620925903320312e+01
1.129738426208496094e+01 -6.521151542663574219e+00 -3.371294021606445312e+00
1.316804695129394531e+01 -6.562541007995605469e+00 -1.783062934875488281e+00
1.111148929595947266e+01 -6.447178840637207031e+00 -8.458558917045593262e-01
1.086199569702148438e+01 -6.473716259002685547e+00 -2.597047090530395508e+00
1.415522670745849609e+01 -6.898559093475341797e+00 -4.969366550445556641e+00
1.183000850677490234e+01 -6.576417922973632812e+00 -3.966883897781372070e+00
1.253155899047851562e+01 -6.566429138183593750e+00 -5.452582836151123047e+00
1.296905136108398438e+01 -6.823865890502929688e+00 -3.649689912796020508e+00
1.540354061126708984e+01 -6.857320308685302734e+00 -3.566351652145385742e+00
1.591414833068847656e+01 -5.834468841552734375e+00 -4.078839302062988281e+00
1.604046440124511719e+01 -6.303408145904541016e+00 -1.245178461074829102e+00
1.617297172546386719e+01 -5.532748699188232422e+00 -2.009140491485595703e+00
1.441571903228759766e+01 -6.374890804290771484e+00 -7.300765067338943481e-02
1.461817359924316406e+01 -6.752524375915527344e+00 -1.599069118499755859e+00
1.520774459838867188e+01 -6.047308921813964844e+00 8.345533609390258789e-01
1.465200710296630859e+01 -4.066549777984619141e+00 1.984148740768432617e+00
1.501968288421630859e+01 -4.093842506408691406e+00 8.788983225822448730e-01
1.434548759460449219e+01 -3.172863960266113281e+00 1.084447979927062988e+00
1.564042758941650391e+01 -4.854136466979980469e+00 -3.235515832901000977e+00
1.515506076812744141e+01 -3.969005584716796875e+00 -2.481154441833496094e+00
1.514314079284667969e+01 -3.831129074096679688e+00 -9.747401475906372070e-01
1.486512184143066406e+01 -3.577313899993896484e+00 -1.417766451835632324e+00
1.422519207000732422e+01 -2.847689151763916016e+00 -7.899166941642761230e-01
1.363133049011230469e+01 -6.751924514770507812e+00 -6.199660778045654297e+00
1.504776763916015625e+01 -5.957316875457763672e+00 -6.446157455444335938e+00
1.221650028228759766e+01 -6.449550151824951172e+00 -6.646273612976074219e+00
1.275723648071289062e+01 -5.905434131622314453e+00 -7.423088073730468750e+00
1.564900016784667969e+01 -5.771943092346191406e+00 -5.462913036346435547e+00
1.531293869018554688e+01 -5.228671550750732422e+00 -5.718574047088623047e+00
1.472761440277099609e+01 -4.645918369293212891e+00 -5.300365447998046875e+00
1.309087276458740234e+01 -5.525799274444580078e+00 -7.250193119049072266e+00
1.246938991546630859e+01 -4.983449459075927734e+00 -6.572661876678466797e+00
1.329258346557617188e+01 -4.560801982879638672e+00 -5.982060909271240234e+00
1.336541748046875000e+01 -3.568791866302490234e+00 -4.753620147705078125e+00
1.483140563964843750e+01 -3.801307916641235352e+00 -2.664953231811523438e+00
1.461839485168457031e+01 -3.989022254943847656e+00 -4.268355369567871094e+00
1.404986763000488281e+01 -3.175501346588134766e+00 -3.508142948150634766e+00
1.006282615661621094e+01 -6.012751579284667969e+00 -2.744920730590820312e+00
6.943583488464355469e+00 -4.781556606292724609e+00 -2.365160703659057617e+00
7.229847431182861328e+00 -4.865323066711425781e+00 -1.942060112953186035e+00
6.794882774353027344e+00 -4.707128524780273438e+00 -2.926544427871704102e+00
1.038939380645751953e+01 -6.306761741638183594e+00 -2.343229770660400391e+00
8.941953659057617188e+00 -5.545455455780029297e+00 -1.941414475440979004e+00
7.894654750823974609e+00 -5.127410411834716797e+00 -1.574363827705383301e+00
9.507071495056152344e+00 -5.539979457855224609e+00 -3.433192968368530273e+00
9.838733673095703125e+00 -5.559230327606201172e+00 -4.660152435302734375e+00
8.256164550781250000e+00 -4.997281074523925781e+00 -3.957462549209594727e+00
1.344323444366455078e+01 -2.200731277465820312e+00 3.784104436635971069e-02
1.218395328521728516e+01 -8.094525337219238281e-01 -9.597263932228088379e-01
1.082889461517333984e+01 -5.969985008239746094e+00 -5.490786075592041016e+00
1.089804458618164062e+01 -5.425947189331054688e+00 -6.020224094390869141e+00
9.503673553466796875e+00 -5.071416378021240234e+00 -5.185888290405273438e+00
1.158555316925048828e+01 -4.715473651885986328e+00 -6.150409698486328125e+00
9.111449241638183594e+00 -4.324922084808349609e+00 -6.408027172088623047e+00
1.030238723754882812e+01 -3.553640127182006836e+00 -5.842041969299316406e+00
1.230867671966552734e+01 -3.756641864776611328e+00 -5.375109672546386719e+00
1.053259563446044922e+01 -3.231438398361206055e+00 -5.617613315582275391e+00
1.056695747375488281e+01 -2.307737827301025391e+00 -5.199512481689453125e+00
8.507523536682128906e+00 -3.681103706359863281e+00 -7.031002521514892578e+00
8.997907638549804688e+00 -3.087654352188110352e+00 -6.553696155548095703e+00
8.040620803833007812e+00 -2.029172182083129883e+00 -6.901263713836669922e+00
1.034461688995361328e+01 -1.621037125587463379e+00 -5.080342292785644531e+00
8.240281105041503906e+00 -1.702642679214477539e+00 -6.635100364685058594e+00
8.740098953247070312e+00 -4.785980880260467529e-01 -5.840105056762695312e+00
7.279995441436767578e+00 -1.618798524141311646e-01 -6.916487216949462891e+00
1.295643997192382812e+01 -2.413209676742553711e+00 -3.796972990036010742e+00
1.330553436279296875e+01 -1.754445910453796387e+00 -1.814383983612060547e+00
1.291158771514892578e+01 -1.597733020782470703e+00 -2.949290752410888672e+00
1.228699111938476562e+01 -5.322627425193786621e-01 -2.141002178192138672e+00
1.205206775665283203e+01 -1.618295907974243164e-01 -2.797491073608398438e+00
1.224635410308837891e+01 -2.048461675643920898e+00 -4.230924129486083984e+00
1.112102985382080078e+01 -1.284740924835205078e+00 -4.424010753631591797e+00
1.144420909881591797e+01 -6.228011250495910645e-01 -3.821036338806152344e+00
1.014436721801757812e+01 1.511506915092468262e+00 -1.720955491065979004e+00
9.307206153869628906e+00 2.374099969863891602e+00 -2.872271537780761719e+00
9.347930908203125000e+00 2.300312995910644531e+00 -3.356188535690307617e+00
8.579766273498535156e+00 2.924270153045654297e+00 -2.363265752792358398e+00
1.019595813751220703e+01 -9.155364036560058594e-01 -4.992745876312255859e+00
1.066808414459228516e+01 3.028222918510437012e-01 -4.122829437255859375e+00
8.368480682373046875e+00 1.333676576614379883e-01 -5.856428146362304688e+00
7.018104076385498047e+00 9.875561594963073730e-01 -6.429540157318115234e+00
1.379662132263183594e+01 -3.364937305450439453e+00 2.594993591308593750e+00
1.244060420989990234e+01 -2.325482130050659180e+00 2.908722639083862305e+00
1.131438922882080078e+01 -6.729684472084045410e-01 1.464088201522827148e+00
1.146351051330566406e+01 -5.515787005424499512e-01 3.266454339027404785e-01
1.002227973937988281e+01 -2.701277434825897217e-01 3.087879419326782227e+00
8.930551528930664062e+00 1.083450913429260254e+00 2.624077320098876953e+00
9.490247726440429688e+00 7.791097760200500488e-01 2.098249912261962891e+00
7.401013374328613281e+00 2.132568120956420898e+00 2.999677658081054688e+00
7.200992107391357422e+00 2.754574060440063477e+00 1.843413472175598145e+00
9.847688674926757812e+00 9.911177158355712891e-01 3.731329143047332764e-01
1.004042816162109375e+01 1.305973172187805176e+00 -9.731360673904418945e-01
8.052859306335449219e+00 2.722488164901733398e+00 4.543139934539794922e-01
3.347158670425415039e+00 4.248634815216064453e+00 -3.559837043285369873e-01
6.219241619110107422e+00 3.483449220657348633e+00 2.639617323875427246e-01
5.463148593902587891e+00 3.947915792465209961e+00 -2.235585689544677734e+00
3.663508176803588867e+00 4.335391998291015625e+00 -6.954537034034729004e-01
2.839708089828491211e+00 3.786839962005615234e+00 -2.463829994201660156e+00
2.953096389770507812e+00 3.483607292175292969e+00 -3.335172891616821289e+00
-9.876772165298461914e-01 3.795607089996337891e+00 -7.653151750564575195e-01
2.142810344696044922e+00 3.123252391815185547e+00 -4.388901710510253906e+00
9.204001165926456451e-03 4.154493331909179688e+00 -3.145212888717651367e+00
3.054123818874359131e-01 3.701254844665527344e+00 -4.699453353881835938e+00
2.375343084335327148e+00 3.788949489593505859e+00 -2.570538520812988281e+00
5.101206302642822266e+00 -8.751432299613952637e-01 -8.896198272705078125e+00
2.943948268890380859e+00 3.080842494964599609e-01 -9.611485481262207031e+00
5.064437389373779297e+00 5.065246224403381348e-01 -8.116133689880371094e+00
3.643824577331542969e+00 5.614669919013977051e-01 -8.971928596496582031e+00
2.524509191513061523e+00 5.015987753868103027e-01 -9.804403305053710938e+00
1.546877384185791016e+00 1.849368333816528320e+00 -9.914655685424804688e+00
3.305076956748962402e-01 3.148428678512573242e+00 -9.158967018127441406e+00
1.121896728873252869e-01 3.002807378768920898e+00 -1.045970821380615234e+01
5.656177997589111328e+00 2.802798509597778320e+00 -4.863867282867431641e+00
6.164110183715820312e+00 1.887031078338623047e+00 -6.093072891235351562e+00
4.699509143829345703e+00 2.685680866241455078e+00 -5.251075744628906250e+00
4.798104763031005859e+00 2.383006572723388672e+00 -5.963956832885742188e+00
6.607803344726562500e+00 3.712811231613159180e+00 -2.721549510955810547e+00
6.587684631347656250e+00 1.285544872283935547e+00 -6.430207729339599609e+00
5.714973449707031250e+00 1.669889688491821289e+00 -6.606692314147949219e+00
4.861865043640136719e+00 1.780175924301147461e+00 -7.040314197540283203e+00
2.733488082885742188e+00 2.833571195602416992e+00 -5.064508914947509766e+00
2.816622972488403320e+00 2.087338447570800781e+00 -7.362398147583007812e+00
2.026509523391723633e+00 2.321771860122680664e+00 -6.814179420471191406e+00
9.408002346754074097e-02 3.297809362411499023e+00 -6.272784233093261719e+00
2.706344127655029297e-01 2.956455230712890625e+00 -7.760428905487060547e+00
3.021484017372131348e-01 3.029556035995483398e+00 -8.139104843139648438e+00
-3.297126293182373047e+00 3.398872613906860352e+00 -2.584979772567749023e+00
-5.634977817535400391e+00 3.069160699844360352e+00 -7.730615139007568359e+00
-4.809601783752441406e+00 3.486574649810791016e+00 -7.635179996490478516e+00
-4.259471893310546875e+00 3.354232549667358398e+00 -6.673704147338867188e+00
-2.167258262634277344e+00 3.286659955978393555e+00 -2.316401898860931396e-01
-1.890198230743408203e+00 3.750871658325195312e+00 -1.355291724205017090e+00
-1.527917385101318359e+00 4.091963768005371094e+00 -2.469944953918457031e+00
-1.354009151458740234e+00 4.387728691101074219e+00 -3.694527864456176758e+00
-1.182615637779235840e+00 4.396749496459960938e+00 -4.988184452056884766e+00
-4.801528453826904297e+00 4.082850456237792969e+00 -8.504326820373535156e+00
-4.506237506866455078e+00 4.559566974639892578e+00 -9.024106025695800781e+00
-1.981408953666687012e+00 4.462497234344482422e+00 -7.511867523193359375e+00
-3.350710630416870117e+00 4.460158348083496094e+00 -8.331888198852539062e+00
-1.541583895683288574e+00 3.653977155685424805e+00 -1.119955635070800781e+01
-1.228831768035888672e+00 3.508693695068359375e+00 -1.106415939331054688e+01
-3.828765630722045898e+00 4.855160236358642578e+00 -1.070454502105712891e+01
-2.048372983932495117e+00 4.181982040405273438e+00 -9.850926399230957031e+00
-3.118136823177337646e-01 3.481226921081542969e+00 -9.967374801635742188e+00
-2.159699201583862305e+00 4.558490276336669922e+00 -6.121075630187988281e+00
5.283620357513427734e+00 3.144085884094238281e+00 2.277799844741821289e+00
6.064826965332031250e+00 3.153133869171142578e+00 1.773465156555175781e+00
1.966017007827758789e+00 7.041523456573486328e-01 -1.029018211364746094e+01
-5.170670151710510254e-01 2.796649932861328125e+00 -1.161697769165039062e+01
4.418640136718750000e-01 2.525767087936401367e+00 -1.077157402038574219e+01
