1.564059853553771973e+00 -4.938405036926269531e+00 -2.715657472610473633e+00
2.281898260116577148e+00 -4.791862010955810547e+00 -1.927176356315612793e+00
1.518331289291381836e+00 -4.796439170837402344e+00 -2.311073780059814453e+00
-5.068982601165771484e+00 -8.108587265014648438e+00 -7.822267532348632812e+00
-4.999368667602539062e+00 -8.061829566955566406e+00 -1.156739807128906250e+01
-4.185119152069091797e+00 -8.320816040039062500e+00 -9.419518470764160156e+00
-7.271060466766357422e+00 -7.468403816223144531e+00 -7.058960437774658203e+00
-7.775124549865722656e+00 -7.350568771362304688e+00 -7.967299461364746094e+00
-5.692366600036621094e+00 -8.128923416137695312e+00 -9.823380470275878906e+00
-6.220826148986816406e+00 -7.997486114501953125e+00 -9.061447143554687500e+00
-6.480612754821777344e+00 -7.345400333404541016e+00 -1.205385971069335938e+01
-8.410418510437011719e+00 -6.366530895233154297e+00 -1.057579898834228516e+01
-8.333187103271484375e+00 -6.189800262451171875e+00 -1.129356098175048828e+01
-9.642410278320312500e+00 -5.266277313232421875e+00 -8.363093376159667969e+00
-1.005126285552978516e+01 -4.324541568756103516e+00 -8.715723037719726562e+00
-9.586602210998535156e+00 -4.642229080200195312e+00 -1.086741733551025391e+01
-8.220070838928222656e+00 -6.690196514129638672e+00 -5.445605754852294922e+00
-9.067501068115234375e+00 -6.091418266296386719e+00 -4.930330753326416016e+00
-7.968020915985107422e+00 -5.745093822479248047e+00 -3.404967546463012695e+00
-8.496821403503417969e+00 -5.228314876556396484e+00 -2.226595401763916016e+00
-6.958139419555664062e+00 -5.440405845642089844e+00 -3.112766504287719727e+00
-2.593262434005737305e+00 -5.032127380371093750e+00 -1.549587011337280273e+00
-3.373829126358032227e+00 -4.882774353027343750e+00 -5.844070911407470703e-01
-1.440588474273681641e+00 -4.997017860412597656e+00 -2.401133924722671509e-01
-7.379565715789794922e+00 -3.213636875152587891e+00 2.311852455139160156e+00
-5.355756759643554688e+00 -3.513339519500732422e+00 1.278353333473205566e+00
-3.860010862350463867e+00 -5.068564891815185547e+00 -2.137552499771118164e+00
-7.304328918457031250e+00 -4.796294212341308594e+00 -1.627007484436035156e+00
-6.307413578033447266e+00 -5.167028903961181641e+00 -2.787095785140991211e+00
-3.739077329635620117e+00 -4.415266036987304688e+00 1.330690830945968628e-01
-4.768187046051025391e+00 -7.279252052307128906e+00 -5.294919013977050781e+00
-4.545449733734130859e+00 -6.498365879058837891e+00 -4.091462135314941406e+00
-2.280160903930664062e+00 -7.656186103820800781e+00 -6.417191982269287109e+00
-2.884588956832885742e+00 -7.168309211730957031e+00 -5.067429542541503906e+00
-2.214124679565429688e+00 -7.178355216979980469e+00 -5.299395084381103516e+00
-1.355581045150756836e+00 -6.803525447845458984e+00 -5.044627666473388672e+00
-2.779452800750732422e+00 -6.777633190155029297e+00 -4.440341949462890625e+00
-5.267693042755126953e+00 -6.850585460662841797e+00 -4.679206848144531250e+00
-6.154032230377197266e+00 -7.666871547698974609e+00 -6.742094993591308594e+00
-8.704628944396972656e+00 -6.650660991668701172e+00 -6.454882144927978516e+00
-1.415923476219177246e+00 -4.983401298522949219e+00 -1.837833166122436523e+00
-9.332977533340454102e-01 -5.045454025268554688e+00 -2.278685808181762695e+00
-2.240584373474121094e+00 -5.125972747802734375e+00 -2.024629831314086914e+00
-3.500529229640960693e-01 -5.091886997222900391e+00 -1.200899004936218262e+00
6.356473565101623535e-01 -4.626773834228515625e+00 -1.601201653480529785e+00
-8.135380148887634277e-01 -5.405923843383789062e+00 -3.021962881088256836e+00
-6.688182707875967026e-03 -5.503090381622314453e+00 -3.346451997756958008e+00
6.097289323806762695e-01 -4.770620822906494141e+00 -2.127843856811523438e+00
-9.515541076660156250e+00 -4.813521862030029297e+00 -2.044683694839477539e+00
-9.940114021301269531e+00 -4.890215396881103516e+00 -4.680029392242431641e+00
-9.351740837097167969e+00 -5.580940246582031250e+00 -3.831299304962158203e+00
-1.019579792022705078e+01 -3.759445905685424805e+00 -3.288122177124023438e+00
-1.031933879852294922e+01 -3.585248947143554688e+00 -4.715877532958984375e+00
-9.120001792907714844e+00 -4.087699890136718750e+00 3.091441690921783447e-01
-9.781013488769531250e+00 -4.174296379089355469e+00 -1.408229470252990723e+00
-9.820176124572753906e+00 -3.231780767440795898e+00 -2.796643376350402832e-01
-9.599063873291015625e+00 -2.927476882934570312e+00 9.027369618415832520e-01
-9.113235473632812500e+00 -2.723361492156982422e+00 2.167643308639526367e+00
-9.278599739074707031e+00 -1.630666851997375488e+00 1.270058035850524902e+00
-1.017287731170654297e+01 -2.695091485977172852e+00 -2.523507833480834961e+00
-1.009730625152587891e+01 -1.609030008316040039e+00 -2.652345657348632812e+00
-9.464432716369628906e+00 -1.293685436248779297e+00 -8.876829147338867188e-01
-7.936528205871582031e+00 -4.187726676464080811e-01 -6.470085382461547852e-01
-1.006272983551025391e+01 -4.634705066680908203e+00 -5.545554637908935547e+00
-1.034734725952148438e+01 -3.651063203811645508e+00 -5.425184249877929688e+00
-1.053332901000976562e+01 -2.257081270217895508e+00 -5.301703453063964844e+00
-1.059085559844970703e+01 -2.098416566848754883e+00 -5.872118949890136719e+00
-1.008457756042480469e+01 -6.559665799140930176e-01 -5.353168487548828125e+00
-1.058996963500976562e+01 -2.843126058578491211e+00 -7.961927890777587891e+00
-1.071204948425292969e+01 -1.947731733322143555e+00 -8.887269020080566406e+00
-1.060198974609375000e+01 -8.114971518516540527e-01 -8.517076492309570312e+00
-9.952587127685546875e+00 -3.299862444400787354e-01 -6.705613613128662109e+00
-8.382966995239257812e+00 -2.019077688455581665e-01 -2.253616094589233398e+00
-6.926460742950439453e+00 1.701689243316650391e+00 -3.687151670455932617e+00
-9.018693923950195312e+00 3.883081674575805664e-01 -6.201619625091552734e+00
-7.577079772949218750e+00 1.440662860870361328e+00 -4.987633228302001953e+00
1.326470088958740234e+01 -6.519809246063232422e+00 4.752913475036621094e+00
1.356870841979980469e+01 -6.411322116851806641e+00 7.941802144050598145e-01
1.306801414489746094e+01 -6.263959407806396484e+00 1.508734226226806641e+00
1.495495700836181641e+01 -6.352058887481689453e+00 1.950777649879455566e+00
1.479595470428466797e+01 -5.749713897705078125e+00 3.134782791137695312e+00
1.200955200195312500e+01 -6.068905353546142578e+00 2.832297563552856445e+00
4.416442394256591797e+00 -1.391018748283386230e+00 4.921195030212402344e+00
5.263756275177001953e+00 -1.254176139831542969e+00 6.031382083892822266e+00
6.660741806030273438e+00 -4.889904022216796875e+00 -1.680034041404724121e+00
8.924394607543945312e+00 -6.312183380126953125e+00 -1.251163959503173828e+00
8.136580467224121094e+00 -6.223689079284667969e+00 -1.096659421920776367e+00
7.461721897125244141e+00 -6.296690464019775391e+00 -5.106549263000488281e-01
2.555695772171020508e+00 -5.433495521545410156e+00 3.963654637336730957e-01
4.301161289215087891e+00 -4.727483749389648438e+00 -1.504465699195861816e+00
5.174834251403808594e+00 -5.129857540130615234e+00 -1.179413557052612305e+00
2.310954809188842773e+00 -4.300660610198974609e+00 -1.266878485679626465e+00
4.120886802673339844e+00 -4.754487514495849609e+00 -1.284572720527648926e+00
5.111515045166015625e+00 -5.597623348236083984e+00 2.056526690721511841e-01
5.812881469726562500e+00 -6.016069889068603516e+00 -6.242004036903381348e-01
3.098562240600585938e+00 -5.510929584503173828e+00 -5.965018272399902344e-01
9.507253646850585938e+00 -5.300891876220703125e+00 3.096991062164306641e+00
1.007142925262451172e+01 -5.301897048950195312e+00 4.986472606658935547e+00
1.001903533935546875e+01 -5.155942440032958984e+00 4.320286273956298828e+00
8.724344253540039062e+00 -4.529103755950927734e+00 5.278332710266113281e+00
8.967579841613769531e+00 -5.054046630859375000e+00 3.141613721847534180e+00
9.046549797058105469e+00 -5.956203937530517578e+00 1.419501900672912598e+00
8.694129943847656250e+00 -6.120480060577392578e+00 9.255868196487426758e-01
5.548927783966064453e+00 -1.485520124435424805e+00 4.043231010437011719e+00
6.181608676910400391e+00 -3.740047931671142578e+00 2.372949123382568359e+00
5.600446701049804688e+00 -3.997918605804443359e+00 1.857272505760192871e+00
4.527897834777832031e+00 -1.942057847976684570e+00 3.057558536529541016e+00
4.628685951232910156e+00 -1.586140394210815430e+00 3.727054119110107422e+00
6.942006111145019531e+00 -2.607409477233886719e+00 4.287031650543212891e+00
6.692067623138427734e+00 -2.306095838546752930e+00 5.472152233123779297e+00
6.552841186523437500e+00 -5.496330738067626953e+00 9.208433032035827637e-01
1.206224918365478516e+01 -5.520829200744628906e+00 6.360323429107666016e+00
1.372418308258056641e+01 -5.510619163513183594e+00 4.633471012115478516e+00
1.255521583557128906e+01 -4.302183628082275391e+00 5.006477355957031250e+00
1.344289207458496094e+01 -4.019712448120117188e+00 3.287902116775512695e+00
7.823240756988525391e+00 -3.538857460021972656e+00 6.491559505462646484e+00
7.374910354614257812e+00 -3.048640012741088867e+00 6.485840320587158203e+00
4.229823589324951172e+00 -8.242932558059692383e-01 6.773700237274169922e+00
9.613797187805175781e+00 -5.439264297485351562e+00 6.533617019653320312e+00
1.041134929656982422e+01 -3.845165967941284180e+00 6.364379405975341797e+00
1.079589939117431641e+01 -3.255507946014404297e+00 5.516233921051025391e+00
8.684928894042968750e+00 -2.284516811370849609e+00 6.158517360687255859e+00
9.046702384948730469e+00 -1.798694133758544922e+00 5.370226860046386719e+00
1.111976814270019531e+01 -2.891998052597045898e+00 4.542761802673339844e+00
1.144268703460693359e+01 -2.511435508728027344e+00 3.550566911697387695e+00
6.599459171295166016e+00 -2.003760814666748047e+00 6.287033081054687500e+00
7.765100955963134766e+00 -1.578498244285583496e+00 6.179288864135742188e+00
7.043065071105957031e+00 -5.283645391464233398e-01 5.636558532714843750e+00
6.271999359130859375e+00 -7.315581440925598145e-01 5.978247165679931641e+00
5.693209648132324219e+00 4.486746191978454590e-01 5.434829235076904297e+00
8.127393722534179688e+00 -1.992611885070800781e-01 4.440685749053955078e+00
5.768956661224365234e+00 1.694299936294555664e+00 4.088411331176757812e+00
6.152561664581298828e+00 1.833654284477233887e+00 3.632352352142333984e+00
-2.136699438095092773e+00 -2.804307460784912109e+00 3.778054237365722656e+00
-1.524731755256652832e+00 -3.807953596115112305e+00 1.664204359054565430e+00
-1.477331757545471191e+00 -4.655036926269531250e+00 3.887657225131988525e-01
-1.622166752815246582e+00 -2.873210668563842773e+00 3.498337984085083008e+00
-2.514628767967224121e-01 -2.671755313873291016e+00 2.372218370437622070e+00
-5.072274684906005859e+00 -3.478045940399169922e+00 1.470097661018371582e+00
-4.360140800476074219e+00 -3.316777706146240234e+00 2.204556465148925781e+00
-5.805711269378662109e+00 -2.599849939346313477e+00 3.394950151443481445e+00
-5.279566287994384766e+00 -3.019837379455566406e+00 2.538376569747924805e+00
-4.096872329711914062e+00 -2.829701662063598633e+00 3.384042263031005859e+00
-2.765083551406860352e+00 -1.625375390052795410e+00 4.883968830108642578e+00
-5.654928684234619141e+00 -1.270917534828186035e+00 4.710148811340332031e+00
-5.351474761962890625e+00 -7.399665713310241699e-01 4.910901546478271484e+00
2.520624876022338867e+00 -1.786880135536193848e+00 3.645225763320922852e+00
1.364472389221191406e+00 -9.385578036308288574e-01 4.122655868530273438e+00
-6.897620111703872681e-02 -1.207228541374206543e+00 3.654890060424804688e+00
1.086924433708190918e+00 -3.757956027984619141e-01 4.664818763732910156e+00
2.496256589889526367e+00 -1.202540040016174316e+00 5.255578517913818359e+00
3.501282930374145508e+00 -8.276444077491760254e-01 6.595094680786132812e+00
1.118897080421447754e+00 7.019575834274291992e-01 5.397844791412353516e+00
-3.228316068649291992e+00 -1.392563223838806152e+00 5.011813640594482422e+00
-4.245902538299560547e+00 2.983057200908660889e-01 5.011634349822998047e+00
-2.750479459762573242e+00 5.612390041351318359e-01 5.136548995971679688e+00
-1.166190743446350098e+00 1.608191609382629395e+00 4.408406257629394531e+00
-3.888645410537719727e+00 1.021514534950256348e+00 4.050261020660400391e+00
-3.826258659362792969e+00 1.429172277450561523e+00 2.893759727478027344e+00
-1.788160502910614014e-01 -5.106489658355712891e+00 -8.409512042999267578e-02
2.968901991844177246e-01 -4.967545986175537109e+00 -1.207858920097351074e-01
8.150118589401245117e-01 -4.979987621307373047e+00 2.381005138158798218e-02
1.641420245170593262e+00 -3.820375442504882812e+00 1.404172658920288086e+00
1.481743335723876953e+00 -5.015907287597656250e+00 5.686277151107788086e-01
1.630629658699035645e+00 -3.776865482330322266e+00 -1.366007804870605469e+00
1.878484487533569336e+00 -2.653787851333618164e+00 2.339140415191650391e+00
2.325076341629028320e+00 1.326623678207397461e+00 5.550635814666748047e+00
2.903300046920776367e+00 2.310438632965087891e+00 4.204212665557861328e+00
2.614236354827880859e+00 2.918270111083984375e+00 3.018931388854980469e+00
-8.608220815658569336e-01 2.479729413986206055e+00 2.622122764587402344e+00
-6.582077145576477051e-01 1.933392405509948730e+00 4.182734012603759766e+00
5.772908926010131836e-01 2.535581827163696289e+00 3.251850843429565430e+00
-1.729655027389526367e+00 3.174567937850952148e+00 1.105785965919494629e-01
-7.586511611938476562e+00 -2.463101387023925781e+00 3.555970191955566406e+00
-7.329479217529296875e+00 -1.429117679595947266e+00 4.219536781311035156e+00
-7.960151672363281250e+00 -8.176079392433166504e-01 2.908145904541015625e+00
-6.812097549438476562e+00 -1.165750861167907715e+00 4.464238643646240234e+00
-7.015036582946777344e+00 -3.726035356521606445e-01 3.059944629669189453e+00
-6.419021129608154297e+00 1.867933422327041626e-01 1.419638872146606445e+00
-6.218634605407714844e+00 1.377657353878021240e-01 2.390666723251342773e+00
-6.924222946166992188e+00 2.279043495655059814e-01 -8.152170777320861816e-01
-3.746515989303588867e+00 1.654089808464050293e+00 1.848348140716552734e+00
-5.361878871917724609e+00 2.014309167861938477e+00 -1.993405580520629883e+00
-3.646838188171386719e+00 3.033074855804443359e+00 -1.669575691223144531e+00
3.413291215896606445e+00 4.182266592979431152e-01 6.412190914154052734e+00
3.025745153427124023e+00 1.523037195205688477e+00 5.322107791900634766e+00
3.867510080337524414e+00 1.791810154914855957e+00 4.713909149169921875e+00
4.558206558227539062e+00 2.398391246795654297e+00 3.702560663223266602e+00
3.901742458343505859e+00 3.048730850219726562e+00 2.955408334732055664e+00
7.772778511047363281e+00 -4.950729370117187500e+00 -3.965059280395507812e+00
2.380342721939086914e+00 -5.081541538238525391e+00 -3.054328441619873047e+00
5.502620220184326172e+00 -4.762912273406982422e+00 -2.527635097503662109e+00
6.330381393432617188e+00 -4.719809532165527344e+00 -2.975547790527343750e+00
3.037657260894775391e+00 -5.024250030517578125e+00 -2.936163425445556641e+00
2.092262506484985352e+00 -5.935187339782714844e+00 -5.251773357391357422e+00
2.627763509750366211e+00 -5.812055587768554688e+00 -6.253206729888916016e+00
3.892741680145263672e+00 -5.147129535675048828e+00 -5.598277568817138672e+00
5.930276393890380859e+00 -4.839622020721435547e+00 -3.733953714370727539e+00
7.167657375335693359e+00 -4.997611522674560547e+00 -4.072524547576904297e+00
2.443892240524291992e+00 -5.622486591339111328e+00 -8.458114624023437500e+00
8.330851554870605469e+00 -5.011695384979248047e+00 -6.011524200439453125e+00
3.301289796829223633e+00 -5.335490226745605469e+00 -7.115677833557128906e+00
3.715185403823852539e+00 -4.726434707641601562e+00 -7.899133205413818359e+00
6.294868946075439453e+00 -5.090818405151367188e+00 -5.379434585571289062e+00
7.414848804473876953e+00 -4.952691078186035156e+00 -6.331663608551025391e+00
5.883095264434814453e+00 -4.192144870758056641e+00 -7.251579284667968750e+00
7.539965629577636719e+00 -4.049285411834716797e+00 -7.365998744964599609e+00
5.593708992004394531e+00 -3.872143268585205078e+00 -7.628945350646972656e+00
5.163353443145751953e+00 -2.844979524612426758e+00 -8.644435882568359375e+00
5.234815597534179688e+00 -2.084752559661865234e+00 -8.896588325500488281e+00
-3.349469900131225586e+00 -7.970598697662353516e+00 -1.205568695068359375e+01
-3.131271362304687500e+00 -8.214834213256835938e+00 -1.051668167114257812e+01
-3.961453914642333984e+00 -7.544050216674804688e+00 -1.315863990783691406e+01
-1.581896066665649414e+00 -6.563767910003662109e+00 -1.324208164215087891e+01
-3.556819915771484375e+00 -6.335515499114990234e+00 -1.445969104766845703e+01
-3.374691724777221680e+00 -5.282588958740234375e+00 -1.519183540344238281e+01
-6.631510257720947266e+00 -6.537667751312255859e+00 -1.317101097106933594e+01
-7.072325706481933594e+00 -6.213857173919677734e+00 -1.318861865997314453e+01
-7.758303165435791016e+00 -5.234553337097167969e+00 -1.367563915252685547e+01
-5.719799518585205078e+00 -7.132747173309326172e+00 -1.307742977142333984e+01
-8.474185943603515625e+00 -5.366927623748779297e+00 -1.256375789642333984e+01
-7.364251136779785156e+00 -4.566914558410644531e+00 -1.457433891296386719e+01
-4.151156902313232422e+00 -5.536847591400146484e+00 -1.502949428558349609e+01
-5.995851516723632812e+00 -4.384899616241455078e+00 -1.525876712799072266e+01
-2.711496829986572266e+00 -5.388809680938720703e+00 -1.501284217834472656e+01
-2.177461624145507812e+00 -4.296824932098388672e+00 -1.536893177032470703e+01
-3.722657442092895508e+00 -3.718002557754516602e+00 -1.575307750701904297e+01
-2.790686845779418945e+00 -3.188781261444091797e+00 -1.571505069732666016e+01
-4.989511966705322266e+00 -2.651948928833007812e+00 -1.594133758544921875e+01
-3.920947313308715820e+00 -1.506505966186523438e+00 -1.593579196929931641e+01
-9.300765991210937500e+00 -4.442873954772949219e+00 -1.222177124023437500e+01
-8.934913635253906250e+00 -4.003588199615478516e+00 -1.344593429565429688e+01
-9.911614418029785156e+00 -2.864806652069091797e+00 -1.234715843200683594e+01
-1.040241050720214844e+01 -1.441882729530334473e+00 -1.151945304870605469e+01
-8.549532890319824219e+00 -3.351479053497314453e+00 -1.436126804351806641e+01
-7.691985607147216797e+00 -2.969047307968139648e+00 -1.519833278656005859e+01
-9.822062492370605469e+00 -9.255447387695312500e-01 -1.328336906433105469e+01
-9.375821113586425781e+00 -3.289799690246582031e-01 -1.420424842834472656e+01
-8.487766265869140625e+00 -9.533840417861938477e-01 -1.507419967651367188e+01
-7.135497093200683594e+00 1.585166752338409424e-01 -1.576923561096191406e+01
-7.627676010131835938e+00 8.123763203620910645e-01 -1.553550529479980469e+01
-1.521386861801147461e+00 -7.557152748107910156e+00 -6.888972282409667969e+00
-4.207294583320617676e-01 -7.157453060150146484e+00 -8.632244110107421875e+00
7.464686036109924316e-02 -6.571022987365722656e+00 -5.591078758239746094e+00
6.199091076850891113e-01 -6.687054157257080078e+00 -6.758056163787841797e+00
-2.396779060363769531e-01 -6.931037425994873047e+00 -9.611023902893066406e+00
-5.059565976262092590e-02 -5.895775318145751953e+00 -1.240218830108642578e+01
1.354102492332458496e+00 -6.392133235931396484e+00 -6.420268535614013672e+00
2.022019147872924805e+00 -5.953557968139648438e+00 -8.191482543945312500e+00
-7.604706883430480957e-01 -5.088169574737548828e+00 -1.430374336242675781e+01
1.024759531021118164e+00 -4.963695049285888672e+00 -1.243793869018554688e+01
-1.230679035186767578e+00 -3.740957736968994141e+00 -1.520264816284179688e+01
-1.925912201404571533e-01 -3.008266448974609375e+00 -1.485959625244140625e+01
1.960755586624145508e+00 -5.054216384887695312e+00 -1.069769859313964844e+01
-1.088585257530212402e+00 -2.406666040420532227e+00 -1.528129577636718750e+01
-1.307983636856079102e+00 -1.698769330978393555e+00 -1.534079170227050781e+01
2.142544984817504883e+00 -3.537246227264404297e+00 -1.149286556243896484e+01
8.845135569572448730e-01 -1.870828270912170410e+00 -1.348703575134277344e+01
7.972109317779541016e-01 -1.145143866539001465e+00 -1.333460521697998047e+01
-2.606768608093261719e+00 -1.780609011650085449e+00 -1.569898986816406250e+01
-2.676387310028076172e+00 -8.117474317550659180e-01 -1.564126300811767578e+01
-5.085016727447509766e+00 4.523883163928985596e-01 -1.588836669921875000e+01
-2.887124300003051758e+00 1.005406260490417480e+00 -1.536637020111083984e+01
-2.164473533630371094e+00 1.173421621322631836e+00 -1.512458992004394531e+01
-4.974361062049865723e-01 1.148586511611938477e+00 -1.389038467407226562e+01
-2.882343769073486328e+00 2.078461408615112305e+00 -1.503548431396484375e+01
-2.465772390365600586e+00 2.787194728851318359e+00 -1.464661979675292969e+01
2.704914093017578125e+00 -3.968881607055664062e+00 -1.033772659301757812e+01
3.523022651672363281e+00 -2.613960742950439453e+00 -1.011314392089843750e+01
3.014247179031372070e+00 -1.850828886032104492e+00 -1.085407066345214844e+01
9.650445580482482910e-01 -2.829522788524627686e-01 -1.281385135650634766e+01
1.484368324279785156e+00 4.281926900148391724e-03 -1.211107730865478516e+01
2.350161314010620117e+00 -2.215170413255691528e-01 -1.122784328460693359e+01
1.082618117332458496e+00 4.151746034622192383e-01 -1.233669662475585938e+01
-1.051383781433105469e+01 -9.681019783020019531e-01 -1.099302005767822266e+01
-9.968039512634277344e+00 6.844649910926818848e-01 -1.292179298400878906e+01
-1.030362701416015625e+01 -1.662699319422245026e-02 -1.048661899566650391e+01
-1.007322597503662109e+01 -1.209361776709556580e-01 -9.024403572082519531e+00
-9.726513862609863281e+00 5.436727404594421387e-01 -1.002752494812011719e+01
-9.964186668395996094e+00 9.225085377693176270e-01 -1.155213165283203125e+01
-9.433447837829589844e+00 2.032380104064941406e+00 -1.278495502471923828e+01
-8.820308685302734375e+00 1.396342277526855469e+00 -9.343074798583984375e+00
-8.416887283325195312e+00 2.397223472595214844e+00 -1.037626171112060547e+01
-8.200102806091308594e+00 1.158410668373107910e+00 -6.069349765777587891e+00
-7.962445259094238281e+00 1.594182491302490234e+00 -7.151156902313232422e+00
-8.283973693847656250e+00 1.881254911422729492e+00 -8.737454414367675781e+00
-7.900441646575927734e+00 2.549096345901489258e+00 -9.732326507568359375e+00
-6.297839164733886719e+00 2.698048591613769531e+00 -7.679384231567382812e+00
-6.213981628417968750e+00 3.008960247039794922e+00 -8.162255287170410156e+00
-8.634805679321289062e+00 2.200393199920654297e+00 -1.429315567016601562e+01
-8.036079406738281250e+00 2.228183269500732422e+00 -1.473241996765136719e+01
-7.636830806732177734e+00 3.440491914749145508e+00 -1.351452159881591797e+01
-6.655274868011474609e+00 4.260521888732910156e+00 -1.313850116729736328e+01
-6.100265502929687500e+00 1.892978072166442871e+00 -1.547636318206787109e+01
-5.844772338867187500e+00 2.182593584060668945e+00 -1.532759952545166016e+01
-5.170669555664062500e+00 3.964334964752197266e+00 -1.412212085723876953e+01
-4.615108966827392578e+00 3.958187580108642578e+00 -1.424945640563964844e+01
-5.867287158966064453e+00 3.766372919082641602e+00 -1.412507629394531250e+01
-8.273186683654785156e+00 3.280833482742309570e+00 -1.224852371215820312e+01
-6.243473529815673828e+00 4.413131713867187500e+00 -1.238171195983886719e+01
-5.556521415710449219e+00 4.383950710296630859e+00 -1.074372005462646484e+01
-3.388662099838256836e+00 4.231570243835449219e+00 -1.348880290985107422e+01
-3.170348644256591797e+00 4.293113231658935547e+00 -1.287069606781005859e+01
-5.220195770263671875e+00 4.433885097503662109e+00 -1.222000885009765625e+01
-4.468602180480957031e+00 4.633575916290283203e+00 -1.232682609558105469e+01
-3.216013431549072266e+00 4.683398246765136719e+00 -1.144386863708496094e+01
-4.957408428192138672e+00 4.786846637725830078e+00 -1.084885501861572266e+01
-3.794701337814331055e+00 4.891462802886962891e+00 -1.117225742340087891e+01
-6.640936851501464844e+00 3.684943675994873047e+00 -1.050164890289306641e+01
-5.931720733642578125e+00 3.625612735748291016e+00 -9.034417152404785156e+00
3.058586359024047852e+00 -1.957823336124420166e-01 -1.030191135406494141e+01
-1.375277191400527954e-01 1.526468157768249512e+00 -1.287820625305175781e+01
-2.113551855087280273e+00 3.219462156295776367e+00 -1.359554767608642578e+01
9.970481991767883301e-01 7.983101010322570801e-01 -1.168945503234863281e+01
-1.052631258964538574e+00 2.882470607757568359e+00 -1.233895683288574219e+01
-2.713073253631591797e+00 3.844125032424926758e+00 -1.327093410491943359e+01
-1.648765206336975098e+00 3.644758701324462891e+00 -1.187569046020507812e+01
1.144788742065429688e+01 -6.589029788970947266e+00 -3.367560625076293945e+00
1.334199714660644531e+01 -6.812829971313476562e+00 -1.710776925086975098e+00
1.118589687347412109e+01 -6.479874610900878906e+00 -8.335928320884704590e-01
1.098903369903564453e+01 -6.525168895721435547e+00 -2.590180397033691406e+00
1.437235069274902344e+01 -7.015965938568115234e+00 -5.013067245483398438e+00
1.200373363494873047e+01 -6.649182319641113281e+00 -3.969686508178710938e+00
1.271698570251464844e+01 -6.621513843536376953e+00 -5.464505195617675781e+00
1.316534709930419922e+01 -6.948826313018798828e+00 -3.658470153808593750e+00
1.564446258544921875e+01 -7.104097843170166016e+00 -3.584160327911376953e+00
1.608255958557128906e+01 -6.024120330810546875e+00 -4.160693645477294922e+00
1.626477622985839844e+01 -6.600957870483398438e+00 -1.157381057739257812e+00
1.639513015747070312e+01 -5.791945934295654297e+00 -2.025827169418334961e+00
1.460067272186279297e+01 -6.719152927398681641e+00 6.322866678237915039e-02
1.483150482177734375e+01 -7.045283794403076172e+00 -1.538430452346801758e+00
1.540917015075683594e+01 -6.440588474273681641e+00 9.803805351257324219e-01
1.481930255889892578e+01 -4.493506908416748047e+00 2.079298257827758789e+00
1.516614627838134766e+01 -4.452579498291015625e+00 9.402403235435485840e-01
1.436017894744873047e+01 -3.625262260437011719e+00 1.114075899124145508e+00
1.582606697082519531e+01 -4.990212917327880859e+00 -3.323955535888671875e+00
1.525733089447021484e+01 -4.137092590332031250e+00 -2.535466670989990234e+00
1.523328876495361328e+01 -4.097422122955322266e+00 -9.702746868133544922e-01
1.499550151824951172e+01 -3.733667850494384766e+00 -1.468914747238159180e+00
1.435846996307373047e+01 -2.995935916900634766e+00 -8.209104537963867188e-01
1.383042621612548828e+01 -6.783967494964599609e+00 -6.229638576507568359e+00
1.527261829376220703e+01 -5.988604068756103516e+00 -6.524196624755859375e+00
1.238881301879882812e+01 -6.487666606903076172e+00 -6.647582054138183594e+00
1.293388557434082031e+01 -5.946336746215820312e+00 -7.429666042327880859e+00
1.594716262817382812e+01 -5.904222965240478516e+00 -5.619710922241210938e+00
1.563772678375244141e+01 -5.131688594818115234e+00 -5.909013271331787109e+00
1.506692981719970703e+01 -4.464194297790527344e+00 -5.509987831115722656e+00
1.327741146087646484e+01 -5.555090427398681641e+00 -7.282475471496582031e+00
1.265061378479003906e+01 -4.998379230499267578e+00 -6.593174457550048828e+00
1.351537513732910156e+01 -4.516547679901123047e+00 -6.068899631500244141e+00
1.364668464660644531e+01 -3.426334142684936523e+00 -4.909480094909667969e+00
1.502523136138916016e+01 -3.805404424667358398e+00 -2.775911331176757812e+00
1.495764064788818359e+01 -3.798545360565185547e+00 -4.465355873107910156e+00
1.440763664245605469e+01 -2.955847501754760742e+00 -3.706934690475463867e+00
1.017420387268066406e+01 -6.057985782623291016e+00 -2.744213342666625977e+00
7.002786159515380859e+00 -4.801249504089355469e+00 -2.375777006149291992e+00
7.290031433105468750e+00 -4.879101276397705078e+00 -1.951334953308105469e+00
6.854148864746093750e+00 -4.734030246734619141e+00 -2.936844348907470703e+00
1.049540805816650391e+01 -6.344703674316406250e+00 -2.340357542037963867e+00
9.024135589599609375e+00 -5.578863143920898438e+00 -1.947753787040710449e+00
7.963546276092529297e+00 -5.143236160278320312e+00 -1.584390997886657715e+00
9.611451148986816406e+00 -5.578479766845703125e+00 -3.436475753784179688e+00
9.970090866088867188e+00 -5.591230392456054688e+00 -4.662331581115722656e+00
8.344415664672851562e+00 -5.034058094024658203e+00 -3.962342023849487305e+00
1.358993053436279297e+01 -2.332655429840087891e+00 4.879664629697799683e-02
1.219983291625976562e+01 -9.881941676139831543e-01 -9.812847971916198730e-01
1.098153018951416016e+01 -6.003792762756347656e+00 -5.491257190704345703e+00
1.104752826690673828e+01 -5.455636501312255859e+00 -6.022589206695556641e+00
9.611549377441406250e+00 -5.109780788421630859e+00 -5.198005199432373047e+00
1.174073505401611328e+01 -4.731560707092285156e+00 -6.155745983123779297e+00
9.196662902832031250e+00 -4.344271659851074219e+00 -6.410385608673095703e+00
1.042037868499755859e+01 -3.567974567413330078e+00 -5.854739189147949219e+00
1.249631881713867188e+01 -3.720712423324584961e+00 -5.426805496215820312e+00
1.066827583312988281e+01 -3.225178956985473633e+00 -5.647137641906738281e+00
1.069147014617919922e+01 -2.294555425643920898e+00 -5.227763652801513672e+00
8.550917625427246094e+00 -3.697790145874023438e+00 -7.021466732025146484e+00
9.064645767211914062e+00 -3.101662874221801758e+00 -6.555407047271728516e+00
8.060420989990234375e+00 -2.042434692382812500e+00 -6.896909713745117188e+00
1.042214965820312500e+01 -1.630195617675781250e+00 -5.088675975799560547e+00
8.265775680541992188e+00 -1.721435666084289551e+00 -6.628150463104248047e+00
8.759587287902832031e+00 -4.997414946556091309e-01 -5.829195976257324219e+00
7.286350727081298828e+00 -1.766927093267440796e-01 -6.908048152923583984e+00
1.330920410156250000e+01 -2.173079967498779297e+00 -4.013833999633789062e+00
1.348691463470458984e+01 -1.768482446670532227e+00 -1.870219230651855469e+00
1.325023365020751953e+01 -1.367967963218688965e+00 -3.093906402587890625e+00
1.241851139068603516e+01 -5.136799216270446777e-01 -2.165142774581909180e+00
1.207762908935546875e+01 -1.719640344381332397e-01 -2.784472227096557617e+00
1.243807125091552734e+01 -1.956284403800964355e+00 -4.317850112915039062e+00
1.123486232757568359e+01 -1.264562726020812988e+00 -4.449979782104492188e+00
1.152490139007568359e+01 -6.060827970504760742e-01 -3.827628612518310547e+00
1.016203784942626953e+01 1.471668243408203125e+00 -1.702555537223815918e+00
9.296189308166503906e+00 2.319092512130737305e+00 -2.849942684173583984e+00
9.334674835205078125e+00 2.270772933959960938e+00 -3.330530881881713867e+00
8.572361946105957031e+00 2.876446247100830078e+00 -2.349120855331420898e+00
1.022370243072509766e+01 -9.364979863166809082e-01 -4.977047920227050781e+00
1.067021656036376953e+01 2.752776145935058594e-01 -4.101560115814208984e+00
8.374612808227539062e+00 1.165351718664169312e-01 -5.846172809600830078e+00
7.019917488098144531e+00 9.721025228500366211e-01 -6.420020580291748047e+00
1.386298656463623047e+01 -3.904464721679687500e+00 2.668560981750488281e+00
1.246068954467773438e+01 -2.862091064453125000e+00 2.957560777664184570e+00
1.122396469116210938e+01 -1.189274549484252930e+00 1.445979237556457520e+00
1.138372611999511719e+01 -9.214040040969848633e-01 3.006841838359832764e-01
9.935713768005371094e+00 -8.818648457527160645e-01 3.076756715774536133e+00
8.828230857849121094e+00 5.667899847030639648e-01 2.555285692214965820e+00
9.366215705871582031e+00 2.724154591560363770e-01 2.055535316467285156e+00
7.297792434692382812e+00 1.600885391235351562e+00 2.878841876983642578e+00
7.145818233489990234e+00 2.399238824844360352e+00 1.796028494834899902e+00
9.763841629028320312e+00 6.416697502136230469e-01 3.528814315795898438e-01
1.001521396636962891e+01 1.110811710357666016e+00 -9.673647880554199219e-01
7.991170406341552734e+00 2.448178052902221680e+00 4.139755964279174805e-01
3.353248596191406250e+00 4.272766113281250000e+00 -3.426912426948547363e-01
6.220406055450439453e+00 3.443148612976074219e+00 2.690453529357910156e-01
5.480896949768066406e+00 4.020802974700927734e+00 -2.221267700195312500e+00
3.674978971481323242e+00 4.386641502380371094e+00 -6.799388527870178223e-01
2.848442077636718750e+00 3.816879034042358398e+00 -2.453359127044677734e+00
2.960778713226318359e+00 3.504775285720825195e+00 -3.326499700546264648e+00
-9.876287579536437988e-01 3.793214321136474609e+00 -7.644142508506774902e-01
2.148198843002319336e+00 3.138298749923706055e+00 -4.384064197540283203e+00
1.018264889717102051e-02 4.157857894897460938e+00 -3.142605543136596680e+00
3.073813617229461670e-01 3.706238269805908203e+00 -4.697052001953125000e+00
2.380723476409912109e+00 3.804581880569458008e+00 -2.564549446105957031e+00
5.102482318878173828e+00 -8.800625205039978027e-01 -8.891467094421386719e+00
2.942618370056152344e+00 3.007674217224121094e-01 -9.605601310729980469e+00
5.063724040985107422e+00 4.943647682666778564e-01 -8.106947898864746094e+00
3.642978191375732422e+00 5.536323785781860352e-01 -8.965415954589843750e+00
2.523862361907958984e+00 4.955344498157501221e-01 -9.799989700317382812e+00
1.547544002532958984e+00 1.845451116561889648e+00 -9.911380767822265625e+00
3.315488100051879883e-01 3.146164417266845703e+00 -9.156523704528808594e+00
1.129055917263031006e-01 2.999693632125854492e+00 -1.045710659027099609e+01
5.654569625854492188e+00 2.787228107452392578e+00 -4.853433609008789062e+00
6.162174701690673828e+00 1.869939565658569336e+00 -6.083682060241699219e+00
4.701184749603271484e+00 2.682478189468383789e+00 -5.243626594543457031e+00
4.799239158630371094e+00 2.375129461288452148e+00 -5.956089973449707031e+00
6.606430530548095703e+00 3.712441444396972656e+00 -2.711785316467285156e+00
6.587519168853759766e+00 1.269248366355895996e+00 -6.421008110046386719e+00
5.714009284973144531e+00 1.654676795005798340e+00 -6.595829486846923828e+00
4.861820220947265625e+00 1.768176913261413574e+00 -7.031744480133056641e+00
2.737220048904418945e+00 2.843345880508422852e+00 -5.059484481811523438e+00
2.817543983459472656e+00 2.080872058868408203e+00 -7.356573581695556641e+00
2.028662681579589844e+00 2.325439691543579102e+00 -6.809931755065917969e+00
9.520955383777618408e-02 3.300473928451538086e+00 -6.270342350006103516e+00
2.722697556018829346e-01 2.957463264465332031e+00 -7.757554054260253906e+00
3.035225868225097656e-01 3.029412508010864258e+00 -8.136281967163085938e+00
-3.296521902084350586e+00 3.397799491882324219e+00 -2.585181713104248047e+00
-5.633521556854248047e+00 3.067709922790527344e+00 -7.731465339660644531e+00
-4.809033393859863281e+00 3.486864328384399414e+00 -7.635300159454345703e+00
-4.258399963378906250e+00 3.354313373565673828e+00 -6.674448013305664062e+00
-2.167237281799316406e+00 3.286023855209350586e+00 -2.306285500526428223e-01
-1.889577031135559082e+00 3.749819040298461914e+00 -1.354829192161560059e+00
-1.527571201324462891e+00 4.091622352600097656e+00 -2.469286680221557617e+00
-1.353445410728454590e+00 4.388710498809814453e+00 -3.693798303604125977e+00
-1.182435989379882812e+00 4.398835659027099609e+00 -4.986909866333007812e+00
-4.800074577331542969e+00 4.081384181976318359e+00 -8.505749702453613281e+00
-4.504623889923095703e+00 4.558993339538574219e+00 -9.024899482727050781e+00
-1.980487465858459473e+00 4.463344573974609375e+00 -7.511221885681152344e+00
-3.349564313888549805e+00 4.459954738616943359e+00 -8.332053184509277344e+00
-1.540483713150024414e+00 3.651144266128540039e+00 -1.119876766204833984e+01
-1.227846503257751465e+00 3.505799770355224609e+00 -1.106275177001953125e+01
-3.827184200286865234e+00 4.854667186737060547e+00 -1.070520591735839844e+01
-2.047091245651245117e+00 4.180959224700927734e+00 -9.850568771362304688e+00
-3.107570409774780273e-01 3.478943824768066406e+00 -9.965796470642089844e+00
-2.159186601638793945e+00 4.560568809509277344e+00 -6.120566844940185547e+00
5.302276611328125000e+00 3.030633926391601562e+00 2.332769155502319336e+00
6.048410892486572266e+00 2.937563896179199219e+00 1.752474546432495117e+00
1.966064691543579102e+00 6.997418999671936035e-01 -1.028611660003662109e+01
-5.154964923858642578e-01 2.794121980667114258e+00 -1.161499118804931641e+01
4.426860809326171875e-01 2.522292613983154297e+00 -1.076859569549560547e+01
