1.562754750251770020e+00 -4.937480926513671875e+00 -2.714044332504272461e+00
2.280112743377685547e+00 -4.790565013885498047e+00 -1.925703763961791992e+00
1.516821146011352539e+00 -4.796155929565429688e+00 -2.309555053710937500e+00
-5.068861961364746094e+00 -8.108733177185058594e+00 -7.822338581085205078e+00
-4.999589443206787109e+00 -8.062513351440429688e+00 -1.156778717041015625e+01
-4.185209751129150391e+00 -8.321125030517578125e+00 -9.419628143310546875e+00
-7.270941734313964844e+00 -7.468706130981445312e+00 -7.058971405029296875e+00
-7.775053024291992188e+00 -7.350919246673583984e+00 -7.967203617095947266e+00
-5.692521095275878906e+00 -8.129406929016113281e+00 -9.823581695556640625e+00
-6.220828056335449219e+00 -7.997807025909423828e+00 -9.061547279357910156e+00
-6.480699539184570312e+00 -7.346006870269775391e+00 -1.205423831939697266e+01
-8.410597801208496094e+00 -6.367782115936279297e+00 -1.057605075836181641e+01
-8.333195686340332031e+00 -6.191227436065673828e+00 -1.129395484924316406e+01
-9.642155647277832031e+00 -5.266928672790527344e+00 -8.363124847412109375e+00
-1.005144500732421875e+01 -4.325814723968505859e+00 -8.715785980224609375e+00
-9.587024688720703125e+00 -4.644499301910400391e+00 -1.086873340606689453e+01
-8.220153808593750000e+00 -6.690714836120605469e+00 -5.445628166198730469e+00
-9.067622184753417969e+00 -6.092197418212890625e+00 -4.930389404296875000e+00
-7.968043804168701172e+00 -5.745734691619873047e+00 -3.404719114303588867e+00
-8.496743202209472656e+00 -5.228644371032714844e+00 -2.226386070251464844e+00
-6.958129405975341797e+00 -5.440680027008056641e+00 -3.112492084503173828e+00
-2.593834877014160156e+00 -5.032692909240722656e+00 -1.548461556434631348e+00
-3.374205589294433594e+00 -4.883321285247802734e+00 -5.834128260612487793e-01
-1.441007852554321289e+00 -4.997215270996093750e+00 -2.384741455316543579e-01
-7.379853248596191406e+00 -3.213111639022827148e+00 2.312071561813354492e+00
-5.355967998504638672e+00 -3.513689041137695312e+00 1.279067397117614746e+00
-3.860339164733886719e+00 -5.068943977355957031e+00 -2.136913299560546875e+00
-7.304399013519287109e+00 -4.796245098114013672e+00 -1.626906394958496094e+00
-6.307610988616943359e+00 -5.167208671569824219e+00 -2.786700010299682617e+00
-3.739209413528442383e+00 -4.415397644042968750e+00 1.338820755481719971e-01
-4.768058776855468750e+00 -7.279157161712646484e+00 -5.294889450073242188e+00
-4.545587539672851562e+00 -6.498562335968017578e+00 -4.091076850891113281e+00
-2.280306577682495117e+00 -7.655846595764160156e+00 -6.417109489440917969e+00
-2.884711027145385742e+00 -7.168076992034912109e+00 -5.067138195037841797e+00
-2.214334726333618164e+00 -7.178040981292724609e+00 -5.299159049987792969e+00
-1.356053471565246582e+00 -6.802822589874267578e+00 -5.044351100921630859e+00
-2.779704093933105469e+00 -6.777652263641357422e+00 -4.439775466918945312e+00
-5.267636775970458984e+00 -6.850688934326171875e+00 -4.679063796997070312e+00
-6.153855800628662109e+00 -7.666925907135009766e+00 -6.742186546325683594e+00
-8.704903602600097656e+00 -6.651247978210449219e+00 -6.454935073852539062e+00
-1.416751980781555176e+00 -4.984287738800048828e+00 -1.836041331291198730e+00
-9.341019988059997559e-01 -5.046236038208007812e+00 -2.276881217956542969e+00
-2.241182327270507812e+00 -5.126616477966308594e+00 -2.023194313049316406e+00
-3.509012162685394287e-01 -5.092932701110839844e+00 -1.198957681655883789e+00
6.342850923538208008e-01 -4.627658843994140625e+00 -1.599217534065246582e+00
-8.143759965896606445e-01 -5.405762672424316406e+00 -3.020984172821044922e+00
-7.490542717278003693e-03 -5.502552509307861328e+00 -3.345643043518066406e+00
6.086347103118896484e-01 -4.771051406860351562e+00 -2.126122474670410156e+00
-9.515311241149902344e+00 -4.813925743103027344e+00 -2.044655084609985352e+00
-9.939907073974609375e+00 -4.891074657440185547e+00 -4.680028438568115234e+00
-9.351692199707031250e+00 -5.581811428070068359e+00 -3.831138849258422852e+00
-1.019553565979003906e+01 -3.759984970092773438e+00 -3.287971735000610352e+00
-1.031948471069335938e+01 -3.586154460906982422e+00 -4.715593338012695312e+00
-9.119992256164550781e+00 -4.087460517883300781e+00 3.092837631702423096e-01
-9.780776977539062500e+00 -4.174374580383300781e+00 -1.408351898193359375e+00
-9.820104598999023438e+00 -3.231669425964355469e+00 -2.798339724540710449e-01
-9.599160194396972656e+00 -2.927109003067016602e+00 9.026898741722106934e-01
-9.113251686096191406e+00 -2.722419977188110352e+00 2.167752742767333984e+00
-9.278848648071289062e+00 -1.629927515983581543e+00 1.270008563995361328e+00
-1.017255973815917969e+01 -2.694859743118286133e+00 -2.523798227310180664e+00
-1.009709644317626953e+01 -1.608891844749450684e+00 -2.652647495269775391e+00
-9.464429855346679688e+00 -1.293642878532409668e+00 -8.878818750381469727e-01
-7.936755657196044922e+00 -4.179855287075042725e-01 -6.463446021080017090e-01
-1.006282615661621094e+01 -4.635219097137451172e+00 -5.545696258544921875e+00
-1.034770202636718750e+01 -3.651999950408935547e+00 -5.424839019775390625e+00
-1.053367710113525391e+01 -2.257768154144287109e+00 -5.301431655883789062e+00
-1.059118843078613281e+01 -2.098550558090209961e+00 -5.871771812438964844e+00
-1.008353614807128906e+01 -6.570891141891479492e-01 -5.353495597839355469e+00
-1.058995437622070312e+01 -2.843556404113769531e+00 -7.961641311645507812e+00
-1.071172428131103516e+01 -1.947348713874816895e+00 -8.887302398681640625e+00
-1.060214614868164062e+01 -8.109911084175109863e-01 -8.516600608825683594e+00
-9.952433586120605469e+00 -3.298158049583435059e-01 -6.705224037170410156e+00
-8.383186340332031250e+00 -2.014636844396591187e-01 -2.253014087677001953e+00
-6.925950050354003906e+00 1.700582623481750488e+00 -3.687360525131225586e+00
-9.017028808593750000e+00 3.864510357379913330e-01 -6.202657699584960938e+00
-7.576236248016357422e+00 1.439231514930725098e+00 -4.988382339477539062e+00
1.324362564086914062e+01 -6.167805194854736328e+00 4.743975639343261719e+00
1.356168556213378906e+01 -6.347228050231933594e+00 8.123493194580078125e-01
1.305596065521240234e+01 -6.177103042602539062e+00 1.514170885086059570e+00
1.493560600280761719e+01 -6.215730190277099609e+00 1.997024655342102051e+00
1.476664638519287109e+01 -5.519972324371337891e+00 3.188801288604736328e+00
1.198815345764160156e+01 -5.928674697875976562e+00 2.825868844985961914e+00
4.408260345458984375e+00 -1.379156589508056641e+00 4.959154129028320312e+00
5.256445884704589844e+00 -1.229655504226684570e+00 6.089604854583740234e+00
6.655338287353515625e+00 -4.878205299377441406e+00 -1.670803189277648926e+00
8.919912338256835938e+00 -6.298218727111816406e+00 -1.238424658775329590e+00
8.132360458374023438e+00 -6.210988521575927734e+00 -1.083797812461853027e+00
7.458441734313964844e+00 -6.285243034362792969e+00 -5.010279417037963867e-01
2.554995298385620117e+00 -5.432103633880615234e+00 3.992622792720794678e-01
4.298186302185058594e+00 -4.721457004547119141e+00 -1.500024557113647461e+00
5.171265602111816406e+00 -5.123064041137695312e+00 -1.174122214317321777e+00
2.309725522994995117e+00 -4.300485610961914062e+00 -1.265495419502258301e+00
4.118483066558837891e+00 -4.750958442687988281e+00 -1.281393408775329590e+00
5.110966682434082031e+00 -5.591021537780761719e+00 2.097949534654617310e-01
5.810285568237304688e+00 -6.007103919982910156e+00 -6.171188354492187500e-01
3.097658157348632812e+00 -5.508655071258544922e+00 -5.924157500267028809e-01
9.485044479370117188e+00 -5.256759643554687500e+00 3.110405921936035156e+00
1.002360725402832031e+01 -5.252435684204101562e+00 5.030393123626708984e+00
9.976824760437011719e+00 -5.103091239929199219e+00 4.341710090637207031e+00
8.732010841369628906e+00 -4.490510463714599609e+00 5.377088546752929688e+00
8.954077720642089844e+00 -5.034836769104003906e+00 3.164475679397583008e+00
9.037806510925292969e+00 -5.940220832824707031e+00 1.432940363883972168e+00
8.690208435058593750e+00 -6.113704204559326172e+00 9.387325048446655273e-01
5.541518688201904297e+00 -1.468349456787109375e+00 4.077755451202392578e+00
6.179709434509277344e+00 -3.731683969497680664e+00 2.389715909957885742e+00
5.599380016326904297e+00 -3.991014957427978516e+00 1.865186333656311035e+00
4.525722026824951172e+00 -1.935981750488281250e+00 3.075009107589721680e+00
4.623814105987548828e+00 -1.580810427665710449e+00 3.752660751342773438e+00
6.939886093139648438e+00 -2.589569091796875000e+00 4.321826934814453125e+00
6.698124885559082031e+00 -2.253735780715942383e+00 5.514985561370849609e+00
6.550443649291992188e+00 -5.486329555511474609e+00 9.283820986747741699e-01
1.207009029388427734e+01 -5.131920814514160156e+00 6.260932922363281250e+00
1.371638774871826172e+01 -5.138176441192626953e+00 4.688500881195068359e+00
1.255906295776367188e+01 -3.956143856048583984e+00 5.040755748748779297e+00
1.344584655761718750e+01 -3.750970602035522461e+00 3.323198318481445312e+00
7.841689109802246094e+00 -3.474567413330078125e+00 6.539791107177734375e+00
7.393983364105224609e+00 -2.964980363845825195e+00 6.521163463592529297e+00
4.204276084899902344e+00 -7.773146629333496094e-01 6.810394287109375000e+00
9.687920570373535156e+00 -5.320171356201171875e+00 6.840688705444335938e+00
1.042337703704833984e+01 -3.528947353363037109e+00 6.671598911285400391e+00
1.080370235443115234e+01 -2.939060688018798828e+00 5.692337036132812500e+00
8.705938339233398438e+00 -2.097154855728149414e+00 6.253155231475830078e+00
9.051107406616210938e+00 -1.581133842468261719e+00 5.491202354431152344e+00
1.112271213531494141e+01 -2.607183694839477539e+00 4.649120330810546875e+00
1.144922351837158203e+01 -2.274688005447387695e+00 3.600391387939453125e+00
6.617834568023681641e+00 -1.906536579132080078e+00 6.353994846343994141e+00
7.763118267059326172e+00 -1.404234051704406738e+00 6.307141780853271484e+00
7.041165828704833984e+00 -3.654078841209411621e-01 5.762514114379882812e+00
6.256692886352539062e+00 -6.171640157699584961e-01 6.093788623809814453e+00
5.673491477966308594e+00 5.830711722373962402e-01 5.573422431945800781e+00
8.115831375122070312e+00 -3.729259967803955078e-02 4.542298793792724609e+00
5.752669334411621094e+00 1.805858373641967773e+00 4.184628963470458984e+00
6.138318061828613281e+00 1.938689470291137695e+00 3.713278055191040039e+00
-2.135074853897094727e+00 -2.805610656738281250e+00 3.778588294982910156e+00
-1.524430394172668457e+00 -3.806623458862304688e+00 1.665626883506774902e+00
-1.477620363235473633e+00 -4.654464244842529297e+00 3.903168439865112305e-01
-1.620930194854736328e+00 -2.871530055999755859e+00 3.499699831008911133e+00
-2.505388259887695312e-01 -2.669620513916015625e+00 2.375285625457763672e+00
-5.072350502014160156e+00 -3.478438854217529297e+00 1.470913171768188477e+00
-4.360145568847656250e+00 -3.317806959152221680e+00 2.205441474914550781e+00
-5.806265830993652344e+00 -2.599472522735595703e+00 3.395809173583984375e+00
-5.279887676239013672e+00 -3.020426273345947266e+00 2.539225816726684570e+00
-4.096560955047607422e+00 -2.831933259963989258e+00 3.385137081146240234e+00
-2.761389732360839844e+00 -1.630599975585937500e+00 4.886190891265869141e+00
-5.654703140258789062e+00 -1.271344542503356934e+00 4.711124420166015625e+00
-5.350911140441894531e+00 -7.407908439636230469e-01 4.912619590759277344e+00
2.517621278762817383e+00 -1.782439112663269043e+00 3.665263652801513672e+00
1.362718582153320312e+00 -9.301798939704895020e-01 4.135100841522216797e+00
-6.831747293472290039e-02 -1.203040480613708496e+00 3.658859729766845703e+00
1.084702134132385254e+00 -3.613574802875518799e-01 4.676378250122070312e+00
2.486537933349609375e+00 -1.183815002441406250e+00 5.286522388458251953e+00
3.481006622314453125e+00 -7.953097820281982422e-01 6.640931129455566406e+00
1.109179854393005371e+00 7.193548679351806641e-01 5.414309501647949219e+00
-3.226855993270874023e+00 -1.396355032920837402e+00 5.015106201171875000e+00
-4.244732379913330078e+00 2.952981591224670410e-01 5.012448787689208984e+00
-2.751030921936035156e+00 5.596082210540771484e-01 5.141297340393066406e+00
-1.170740485191345215e+00 1.614924073219299316e+00 4.418258190155029297e+00
-3.888423442840576172e+00 1.016991138458251953e+00 4.051480770111083984e+00
-3.825243234634399414e+00 1.422879934310913086e+00 2.893433570861816406e+00
-1.793818920850753784e-01 -5.106244087219238281e+00 -8.204314112663269043e-02
2.963813543319702148e-01 -4.966500282287597656e+00 -1.181704252958297729e-01
8.148398399353027344e-01 -4.978077888488769531e+00 2.734805271029472351e-02
1.641518712043762207e+00 -3.818496704101562500e+00 1.410681009292602539e+00
1.481682419776916504e+00 -5.013342857360839844e+00 5.721836686134338379e-01
1.628455519676208496e+00 -3.776492595672607422e+00 -1.363041520118713379e+00
1.878181338310241699e+00 -2.652108192443847656e+00 2.349927425384521484e+00
2.300176620483398438e+00 1.356355667114257812e+00 5.584172248840332031e+00
2.886030197143554688e+00 2.347851037979125977e+00 4.237577438354492188e+00
2.607978582382202148e+00 2.924135684967041016e+00 3.028013229370117188e+00
-8.628153800964355469e-01 2.477304220199584961e+00 2.623681783676147461e+00
-6.643961071968078613e-01 1.941071510314941406e+00 4.192759037017822266e+00
5.720091462135314941e-01 2.537225246429443359e+00 3.257831096649169922e+00
-1.729744076728820801e+00 3.174762964248657227e+00 1.106021776795387268e-01
-7.586486816406250000e+00 -2.460903644561767578e+00 3.556237459182739258e+00
-7.329415321350097656e+00 -1.425899147987365723e+00 4.220083713531494141e+00
-7.960875511169433594e+00 -8.143470287322998047e-01 2.908657073974609375e+00
-6.812529563903808594e+00 -1.162811398506164551e+00 4.466503620147705078e+00
-7.016423225402832031e+00 -3.681448101997375488e-01 3.062405109405517578e+00
-6.420011997222900391e+00 1.882823854684829712e-01 1.421110630035400391e+00
-6.219531536102294922e+00 1.383264511823654175e-01 2.392309188842773438e+00
-6.924785614013671875e+00 2.284544557332992554e-01 -8.143099546432495117e-01
-3.745472431182861328e+00 1.648470163345336914e+00 1.847519516944885254e+00
-5.361354351043701172e+00 2.013619661331176758e+00 -1.993637800216674805e+00
-3.646802902221679688e+00 3.032520294189453125e+00 -1.669556021690368652e+00
3.379141569137573242e+00 4.618267714977264404e-01 6.467765808105468750e+00
2.995981931686401367e+00 1.573043227195739746e+00 5.375168323516845703e+00
3.842979192733764648e+00 1.878785848617553711e+00 4.793481349945068359e+00
4.541157722473144531e+00 2.471841573715209961e+00 3.761075258255004883e+00
3.889089345932006836e+00 3.077723026275634766e+00 2.975717067718505859e+00
7.767341613769531250e+00 -4.940176963806152344e+00 -3.957373380661010742e+00
2.378949642181396484e+00 -5.080224514007568359e+00 -3.052662372589111328e+00
5.499469757080078125e+00 -4.758778095245361328e+00 -2.523470640182495117e+00
6.326211929321289062e+00 -4.713395118713378906e+00 -2.969887495040893555e+00
3.035806417465209961e+00 -5.021912574768066406e+00 -2.934347629547119141e+00
2.091400623321533203e+00 -5.934042930603027344e+00 -5.250953197479248047e+00
2.627477645874023438e+00 -5.811267852783203125e+00 -6.252747058868408203e+00
3.891842365264892578e+00 -5.145871162414550781e+00 -5.597482204437255859e+00
5.927295207977294922e+00 -4.834658622741699219e+00 -3.729997873306274414e+00
7.163462638854980469e+00 -4.989471435546875000e+00 -4.066556930541992188e+00
2.443848371505737305e+00 -5.622826099395751953e+00 -8.458130836486816406e+00
8.328129768371582031e+00 -5.002824783325195312e+00 -6.003957271575927734e+00
3.301268100738525391e+00 -5.334711074829101562e+00 -7.115403652191162109e+00
3.714500188827514648e+00 -4.725800514221191406e+00 -7.898585796356201172e+00
6.292950153350830078e+00 -5.086642265319824219e+00 -5.376116275787353516e+00
7.413652420043945312e+00 -4.947378635406494141e+00 -6.327919960021972656e+00
5.882484436035156250e+00 -4.189002990722656250e+00 -7.249648571014404297e+00
7.541014194488525391e+00 -4.044372081756591797e+00 -7.365174293518066406e+00
5.592608451843261719e+00 -3.870696783065795898e+00 -7.627759933471679688e+00
5.161827087402343750e+00 -2.843851566314697266e+00 -8.643345832824707031e+00
5.234387874603271484e+00 -2.084230184555053711e+00 -8.896182060241699219e+00
-3.349450826644897461e+00 -7.970977306365966797e+00 -1.205576038360595703e+01
-3.131266355514526367e+00 -8.215174674987792969e+00 -1.051662635803222656e+01
-3.961543321609497070e+00 -7.544560432434082031e+00 -1.315894603729248047e+01
-1.581809759140014648e+00 -6.563680648803710938e+00 -1.324214363098144531e+01
-3.556893587112426758e+00 -6.335597991943359375e+00 -1.445937824249267578e+01
-3.375635385513305664e+00 -5.281975269317626953e+00 -1.519234466552734375e+01
-6.631971836090087891e+00 -6.538185596466064453e+00 -1.317118644714355469e+01
-7.072865486145019531e+00 -6.215154647827148438e+00 -1.318927097320556641e+01
-7.758673667907714844e+00 -5.235440731048583984e+00 -1.367618465423583984e+01
-5.720159053802490234e+00 -7.133145332336425781e+00 -1.307782745361328125e+01
-8.474576950073242188e+00 -5.368422031402587891e+00 -1.256419467926025391e+01
-7.364554405212402344e+00 -4.568505764007568359e+00 -1.457487678527832031e+01
-4.151673793792724609e+00 -5.536876201629638672e+00 -1.502796936035156250e+01
-5.996322154998779297e+00 -4.384696483612060547e+00 -1.525849914550781250e+01
-2.711591005325317383e+00 -5.388840198516845703e+00 -1.501359081268310547e+01
-2.177090883255004883e+00 -4.296901226043701172e+00 -1.536968231201171875e+01
-3.723047018051147461e+00 -3.717796325683593750e+00 -1.575245380401611328e+01
-2.790481090545654297e+00 -3.188542127609252930e+00 -1.571587848663330078e+01
-4.990301609039306641e+00 -2.650933980941772461e+00 -1.594075012207031250e+01
-3.921051740646362305e+00 -1.506134271621704102e+00 -1.593630409240722656e+01
-9.301807403564453125e+00 -4.445457935333251953e+00 -1.222350406646728516e+01
-8.935094833374023438e+00 -4.005385398864746094e+00 -1.344674205780029297e+01
-9.911407470703125000e+00 -2.865253686904907227e+00 -1.234776496887207031e+01
-1.040078067779541016e+01 -1.440119743347167969e+00 -1.151999664306640625e+01
-8.549688339233398438e+00 -3.352048158645629883e+00 -1.436131572723388672e+01
-7.692576408386230469e+00 -2.969123363494873047e+00 -1.519842720031738281e+01
-9.822233200073242188e+00 -9.264515042304992676e-01 -1.328326416015625000e+01
-9.375396728515625000e+00 -3.290058374404907227e-01 -1.420417499542236328e+01
-8.487978935241699219e+00 -9.529163837432861328e-01 -1.507382774353027344e+01
-7.135714054107666016e+00 1.592025309801101685e-01 -1.576954460144042969e+01
-7.627478122711181641e+00 8.127981424331665039e-01 -1.553617191314697266e+01
-1.521688699722290039e+00 -7.556603908538818359e+00 -6.888797283172607422e+00
-4.207832217216491699e-01 -7.157490730285644531e+00 -8.632032394409179688e+00
7.416600733995437622e-02 -6.570614337921142578e+00 -5.590436935424804688e+00
6.195712685585021973e-01 -6.686573505401611328e+00 -6.757518768310546875e+00
-2.396178096532821655e-01 -6.931317806243896484e+00 -9.610902786254882812e+00
-5.071535706520080566e-02 -5.895420551300048828e+00 -1.240198040008544922e+01
1.353464245796203613e+00 -6.391338825225830078e+00 -6.419612884521484375e+00
2.021703481674194336e+00 -5.953618526458740234e+00 -8.191143989562988281e+00
-7.605018019676208496e-01 -5.087833881378173828e+00 -1.430368137359619141e+01
1.024666428565979004e+00 -4.963312149047851562e+00 -1.243778705596923828e+01
-1.230566978454589844e+00 -3.740759611129760742e+00 -1.520269012451171875e+01
-1.928861439228057861e-01 -3.007915019989013672e+00 -1.485909843444824219e+01
1.960635304450988770e+00 -5.054293632507324219e+00 -1.069767379760742188e+01
-1.088370680809020996e+00 -2.406499385833740234e+00 -1.528155422210693359e+01
-1.307671427726745605e+00 -1.698525667190551758e+00 -1.534081363677978516e+01
2.142045021057128906e+00 -3.536938905715942383e+00 -1.149252033233642578e+01
8.846404552459716797e-01 -1.870262265205383301e+00 -1.348692512512207031e+01
7.973608374595642090e-01 -1.144769549369812012e+00 -1.333474540710449219e+01
-2.606639146804809570e+00 -1.780318021774291992e+00 -1.569976615905761719e+01
-2.675997972488403320e+00 -8.111625909805297852e-01 -1.564211559295654297e+01
-5.084846973419189453e+00 4.530284106731414795e-01 -1.588870620727539062e+01
-2.886467218399047852e+00 1.006005287170410156e+00 -1.536722946166992188e+01
-2.164293289184570312e+00 1.173879623413085938e+00 -1.512485313415527344e+01
-4.975312054157257080e-01 1.148825287818908691e+00 -1.389044857025146484e+01
-2.882199048995971680e+00 2.079039096832275391e+00 -1.503583240509033203e+01
-2.465591430664062500e+00 2.787705421447753906e+00 -1.464677333831787109e+01
2.704742431640625000e+00 -3.968910455703735352e+00 -1.033769893646240234e+01
3.521897315979003906e+00 -2.613057136535644531e+00 -1.011187648773193359e+01
3.013118743896484375e+00 -1.850159287452697754e+00 -1.085295009613037109e+01
9.645954966545104980e-01 -2.825770378112792969e-01 -1.281338405609130859e+01
1.483229875564575195e+00 4.566601011902093887e-03 -1.211052417755126953e+01
2.349339723587036133e+00 -2.206935882568359375e-01 -1.122727775573730469e+01
1.081709027290344238e+00 4.151420593261718750e-01 -1.233627033233642578e+01
-1.051220226287841797e+01 -9.665849804878234863e-01 -1.099368858337402344e+01
-9.967789649963378906e+00 6.842834949493408203e-01 -1.292200279235839844e+01
-1.030295276641845703e+01 -1.657606288790702820e-02 -1.048668861389160156e+01
-1.007266426086425781e+01 -1.212189123034477234e-01 -9.024349212646484375e+00
-9.726143836975097656e+00 5.434767007827758789e-01 -1.002733802795410156e+01
-9.963611602783203125e+00 9.226366877555847168e-01 -1.155198383331298828e+01
-9.433744430541992188e+00 2.032513141632080078e+00 -1.278483963012695312e+01
-8.821667671203613281e+00 1.397270202636718750e+00 -9.341576576232910156e+00
-8.417843818664550781e+00 2.398312807083129883e+00 -1.037477874755859375e+01
-8.199013710021972656e+00 1.157962322235107422e+00 -6.069880485534667969e+00
-7.962129116058349609e+00 1.593661427497863770e+00 -7.150627136230468750e+00
-8.283825874328613281e+00 1.880846858024597168e+00 -8.736854553222656250e+00
-7.900201320648193359e+00 2.548440456390380859e+00 -9.731540679931640625e+00
-6.297426700592041016e+00 2.697680711746215820e+00 -7.679140567779541016e+00
-6.213647842407226562e+00 3.006885051727294922e+00 -8.162059783935546875e+00
-8.635185241699218750e+00 2.201264619827270508e+00 -1.429286670684814453e+01
-8.036132812500000000e+00 2.228789567947387695e+00 -1.473237991333007812e+01
-7.636445522308349609e+00 3.442174673080444336e+00 -1.351442241668701172e+01
-6.654264926910400391e+00 4.263329982757568359e+00 -1.313867473602294922e+01
-6.099939823150634766e+00 1.894291996955871582e+00 -1.547734737396240234e+01
-5.844287872314453125e+00 2.183968782424926758e+00 -1.532844638824462891e+01
-5.170335769653320312e+00 3.966391563415527344e+00 -1.412296485900878906e+01
-4.614516735076904297e+00 3.959408760070800781e+00 -1.424988365173339844e+01
-5.867466926574707031e+00 3.769418239593505859e+00 -1.412685585021972656e+01
-8.273392677307128906e+00 3.281887292861938477e+00 -1.224807071685791016e+01
-6.242688655853271484e+00 4.411521911621093750e+00 -1.238274002075195312e+01
-5.555846214294433594e+00 4.379566669464111328e+00 -1.074478816986083984e+01
-3.388107538223266602e+00 4.232383728027343750e+00 -1.348907470703125000e+01
-3.169649362564086914e+00 4.294541835784912109e+00 -1.287136650085449219e+01
-5.219635009765625000e+00 4.432753086090087891e+00 -1.222070407867431641e+01
-4.468139171600341797e+00 4.634023189544677734e+00 -1.232732486724853516e+01
-3.215871572494506836e+00 4.683949470520019531e+00 -1.144402408599853516e+01
-4.957150936126708984e+00 4.784083843231201172e+00 -1.084902763366699219e+01
-3.794658422470092773e+00 4.890581607818603516e+00 -1.117251586914062500e+01
-6.639739036560058594e+00 3.681282281875610352e+00 -1.050261211395263672e+01
-5.931221961975097656e+00 3.622124910354614258e+00 -9.034706115722656250e+00
3.058238983154296875e+00 -1.944045126438140869e-01 -1.030187320709228516e+01
-1.384379714727401733e-01 1.526357412338256836e+00 -1.287762737274169922e+01
-2.113587379455566406e+00 3.219775676727294922e+00 -1.359565639495849609e+01
9.956194758415222168e-01 7.981382608413696289e-01 -1.168897151947021484e+01
-1.053227066993713379e+00 2.882379293441772461e+00 -1.233861255645751953e+01
-2.712732315063476562e+00 3.844822883605957031e+00 -1.327123641967773438e+01
-1.649038076400756836e+00 3.645002841949462891e+00 -1.187599086761474609e+01
1.144530582427978516e+01 -6.559311389923095703e+00 -3.355206012725830078e+00
1.333677101135253906e+01 -6.777279376983642578e+00 -1.689969778060913086e+00
1.118163681030273438e+01 -6.470299243927001953e+00 -8.223726749420166016e-01
1.098786926269531250e+01 -6.496522903442382812e+00 -2.578418254852294922e+00
1.436644649505615234e+01 -6.989269256591796875e+00 -4.994177818298339844e+00
1.200024700164794922e+01 -6.623690128326416016e+00 -3.955712318420410156e+00
1.271265506744384766e+01 -6.601228237152099609e+00 -5.448617935180664062e+00
1.315978527069091797e+01 -6.919570922851562500e+00 -3.640121459960937500e+00
1.563821315765380859e+01 -7.073460102081298828e+00 -3.563697338104248047e+00
1.607212829589843750e+01 -5.996656894683837891e+00 -4.141648769378662109e+00
1.625561141967773438e+01 -6.560486316680908203e+00 -1.133630156517028809e+00
1.638262939453125000e+01 -5.752700328826904297e+00 -2.007210493087768555e+00
1.459284782409667969e+01 -6.672641277313232422e+00 8.950132131576538086e-02
1.482553863525390625e+01 -7.011611461639404297e+00 -1.517105102539062500e+00
1.539132881164550781e+01 -6.363108634948730469e+00 1.013461232185363770e+00
1.480405426025390625e+01 -4.345925331115722656e+00 2.097877740859985352e+00
1.514875507354736328e+01 -4.364727497100830078e+00 9.623935222625732422e-01
1.434793376922607422e+01 -3.512739896774291992e+00 1.131255030632019043e+00
1.581375789642333984e+01 -4.958595752716064453e+00 -3.306778192520141602e+00
1.524167537689208984e+01 -4.107284545898437500e+00 -2.520781755447387695e+00
1.522173023223876953e+01 -4.044108867645263672e+00 -9.552028179168701172e-01
1.498474502563476562e+01 -3.690578222274780273e+00 -1.452389717102050781e+00
1.434131240844726562e+01 -2.944130897521972656e+00 -8.099288940429687500e-01
1.382546138763427734e+01 -6.766074180603027344e+00 -6.213147163391113281e+00
1.526723480224609375e+01 -5.968431472778320312e+00 -6.507126331329345703e+00
1.238219356536865234e+01 -6.473151206970214844e+00 -6.632066726684570312e+00
1.292819309234619141e+01 -5.931814670562744141e+00 -7.413094520568847656e+00
1.594301223754882812e+01 -5.880539417266845703e+00 -5.600753784179687500e+00
1.562684059143066406e+01 -5.111486911773681641e+00 -5.889000892639160156e+00
1.505522918701171875e+01 -4.442041873931884766e+00 -5.493245124816894531e+00
1.326996994018554688e+01 -5.538740634918212891e+00 -7.266239643096923828e+00
1.264205360412597656e+01 -4.985997676849365234e+00 -6.577200412750244141e+00
1.350527095794677734e+01 -4.500989437103271484e+00 -6.054072380065917969e+00
1.363274478912353516e+01 -3.410060405731201172e+00 -4.894831657409667969e+00
1.501108837127685547e+01 -3.773504495620727539e+00 -2.761504411697387695e+00
1.494168376922607422e+01 -3.774834394454956055e+00 -4.449926376342773438e+00
1.438813400268554688e+01 -2.933386325836181641e+00 -3.694503545761108398e+00
1.017006111145019531e+01 -6.036453723907470703e+00 -2.731834888458251953e+00
6.997491359710693359e+00 -4.790691375732421875e+00 -2.367501020431518555e+00
7.284220218658447266e+00 -4.866631507873535156e+00 -1.941433787345886230e+00
6.849000930786132812e+00 -4.726181030273437500e+00 -2.929691314697265625e+00
1.049154472351074219e+01 -6.320753097534179688e+00 -2.328996658325195312e+00
9.017664909362792969e+00 -5.563665390014648438e+00 -1.935468912124633789e+00
7.956023693084716797e+00 -5.130556106567382812e+00 -1.572670102119445801e+00
9.605300903320312500e+00 -5.562890529632568359e+00 -3.424746751785278320e+00
9.962629318237304688e+00 -5.577767372131347656e+00 -4.649673938751220703e+00
8.337955474853515625e+00 -5.022320270538330078e+00 -3.952896118164062500e+00
1.356746006011962891e+01 -2.274156093597412109e+00 5.190665647387504578e-02
1.218354892730712891e+01 -9.401237964630126953e-01 -9.678331613540649414e-01
1.097467517852783203e+01 -5.989223957061767578e+00 -5.476997852325439453e+00
1.104015350341796875e+01 -5.445366859436035156e+00 -6.008062362670898438e+00
9.603969573974609375e+00 -5.099389076232910156e+00 -5.186526298522949219e+00
1.173210716247558594e+01 -4.721167564392089844e+00 -6.140836715698242188e+00
9.192932128906250000e+00 -4.335259914398193359e+00 -6.400006294250488281e+00
1.041300106048583984e+01 -3.559314250946044922e+00 -5.842587947845458984e+00
1.248610973358154297e+01 -3.707109689712524414e+00 -5.414097309112548828e+00
1.065837192535400391e+01 -3.218345880508422852e+00 -5.633666038513183594e+00
1.068181514739990234e+01 -2.290223360061645508e+00 -5.214827537536621094e+00
8.550856590270996094e+00 -3.691695928573608398e+00 -7.017302513122558594e+00
9.061490058898925781e+00 -3.093949794769287109e+00 -6.549515247344970703e+00
8.061285972595214844e+00 -2.037014722824096680e+00 -6.896944999694824219e+00
1.041434860229492188e+01 -1.621160984039306641e+00 -5.079248428344726562e+00
8.264861106872558594e+00 -1.712969660758972168e+00 -6.627416610717773438e+00
8.756140708923339844e+00 -4.920836091041564941e-01 -5.826117992401123047e+00
7.284754276275634766e+00 -1.720009446144104004e-01 -6.907417774200439453e+00
1.329229164123535156e+01 -2.155578851699829102e+00 -4.003368377685546875e+00
1.346813297271728516e+01 -1.732256412506103516e+00 -1.861890912055969238e+00
1.323462295532226562e+01 -1.347350358963012695e+00 -3.087347745895385742e+00
1.240201377868652344e+01 -4.892978370189666748e-01 -2.161919355392456055e+00
1.206263923645019531e+01 -1.559142172336578369e-01 -2.780424594879150391e+00
1.242524147033691406e+01 -1.943083405494689941e+00 -4.306523323059082031e+00
1.122376346588134766e+01 -1.254645228385925293e+00 -4.440512657165527344e+00
1.151333236694335938e+01 -5.937805175781250000e-01 -3.822290897369384766e+00
1.015692424774169922e+01 1.489017724990844727e+00 -1.700494408607482910e+00
9.290967941284179688e+00 2.331754922866821289e+00 -2.849904060363769531e+00
9.332920074462890625e+00 2.278906583786010742e+00 -3.331785440444946289e+00
8.569745063781738281e+00 2.888202190399169922e+00 -2.347491025924682617e+00
1.022010898590087891e+01 -9.289923906326293945e-01 -4.974341869354248047e+00
1.066501235961914062e+01 2.839986681938171387e-01 -4.099817276000976562e+00
8.372056961059570312e+00 1.212563961744308472e-01 -5.845291614532470703e+00
7.018243312835693359e+00 9.754492044448852539e-01 -6.419571399688720703e+00
1.386556339263916016e+01 -3.708137273788452148e+00 2.693124771118164062e+00
1.244811725616455078e+01 -2.674453258514404297e+00 2.985150814056396484e+00
1.122073364257812500e+01 -1.044523596763610840e+00 1.486419916152954102e+00
1.138388061523437500e+01 -8.225746154785156250e-01 3.297257423400878906e-01
9.943199157714843750e+00 -6.882690787315368652e-01 3.161244869232177734e+00
8.817355155944824219e+00 7.010726332664489746e-01 2.630221128463745117e+00
9.374897956848144531e+00 4.115153849124908447e-01 2.113816022872924805e+00
7.288892269134521484e+00 1.733232021331787109e+00 2.958113670349121094e+00
7.133466243743896484e+00 2.475420713424682617e+00 1.834034681320190430e+00
9.758555412292480469e+00 7.231217026710510254e-01 3.860282301902770996e-01
1.000657463073730469e+01 1.165756702423095703e+00 -9.480236172676086426e-01
7.977315425872802734e+00 2.495143413543701172e+00 4.348606169223785400e-01
3.352756738662719727e+00 4.271849632263183594e+00 -3.420677483081817627e-01
6.213793754577636719e+00 3.471988916397094727e+00 2.827244400978088379e-01
5.479670047760009766e+00 4.023196697235107422e+00 -2.220443248748779297e+00
3.674310207366943359e+00 4.385724067687988281e+00 -6.796268820762634277e-01
2.848416566848754883e+00 3.817714214324951172e+00 -2.454029798507690430e+00
2.961090564727783203e+00 3.508000850677490234e+00 -3.326645135879516602e+00
-9.878665208816528320e-01 3.793455123901367188e+00 -7.641482353210449219e-01
2.148133277893066406e+00 3.142734050750732422e+00 -4.384168624877929688e+00
1.010115630924701691e-02 4.161481857299804688e+00 -3.142185926437377930e+00
3.071510195732116699e-01 3.708910226821899414e+00 -4.697140693664550781e+00
2.380445003509521484e+00 3.806762218475341797e+00 -2.564827919006347656e+00
5.102961063385009766e+00 -8.781403899192810059e-01 -8.891413688659667969e+00
2.942593574523925781e+00 3.029738962650299072e-01 -9.606024742126464844e+00
5.063641548156738281e+00 4.972302019596099854e-01 -8.106627464294433594e+00
3.642740249633789062e+00 5.553443431854248047e-01 -8.964566230773925781e+00
2.522795915603637695e+00 4.966058135032653809e-01 -9.798682212829589844e+00
1.547219276428222656e+00 1.846989631652832031e+00 -9.911081314086914062e+00
3.316155374050140381e-01 3.148413181304931641e+00 -9.156833648681640625e+00
1.130204349756240845e-01 3.001069545745849609e+00 -1.045762538909912109e+01
5.654370307922363281e+00 2.797753334045410156e+00 -4.853104114532470703e+00
6.161974430084228516e+00 1.875864386558532715e+00 -6.083450317382812500e+00
4.700466156005859375e+00 2.684849739074707031e+00 -5.242872238159179688e+00
4.798156738281250000e+00 2.377192735671997070e+00 -5.954682826995849609e+00
6.607349395751953125e+00 3.723498821258544922e+00 -2.711068153381347656e+00
6.586772918701171875e+00 1.273711562156677246e+00 -6.420170783996582031e+00
5.713975429534912109e+00 1.657578706741333008e+00 -6.596333026885986328e+00
4.861622333526611328e+00 1.770551800727844238e+00 -7.030955314636230469e+00
2.737124443054199219e+00 2.846771478652954102e+00 -5.059104442596435547e+00
2.817119836807250977e+00 2.083091735839843750e+00 -7.355887889862060547e+00
2.029135942459106445e+00 2.326793670654296875e+00 -6.810072422027587891e+00
9.542101621627807617e-02 3.301657676696777344e+00 -6.270071983337402344e+00
2.723742425441741943e-01 2.959017038345336914e+00 -7.757580757141113281e+00
3.039197027683258057e-01 3.031340360641479492e+00 -8.136469841003417969e+00
-3.296983480453491211e+00 3.396401643753051758e+00 -2.584176301956176758e+00
-5.633911609649658203e+00 3.066888570785522461e+00 -7.730604648590087891e+00
-4.808565616607666016e+00 3.484810113906860352e+00 -7.635325908660888672e+00
-4.257785320281982422e+00 3.351778745651245117e+00 -6.674543857574462891e+00
-2.166323184967041016e+00 3.286057233810424805e+00 -2.300868779420852661e-01
-1.889436006546020508e+00 3.750372409820556641e+00 -1.354269146919250488e+00
-1.528162121772766113e+00 4.094086170196533203e+00 -2.468595027923583984e+00
-1.354065418243408203e+00 4.391485214233398438e+00 -3.693841457366943359e+00
-1.182628631591796875e+00 4.399514675140380859e+00 -4.987221240997314453e+00
-4.800130367279052734e+00 4.079324722290039062e+00 -8.505234718322753906e+00
-4.504697322845458984e+00 4.556591987609863281e+00 -9.025089263916015625e+00
-1.980263948440551758e+00 4.464406967163085938e+00 -7.511483192443847656e+00
-3.349773645401000977e+00 4.460628986358642578e+00 -8.331428527832031250e+00
-1.540794372558593750e+00 3.651687383651733398e+00 -1.119893741607666016e+01
-1.228524327278137207e+00 3.506358385086059570e+00 -1.106306457519531250e+01
-3.827013254165649414e+00 4.853320598602294922e+00 -1.070529174804687500e+01
-2.047157764434814453e+00 4.181327819824218750e+00 -9.850476264953613281e+00
-3.110013008117675781e-01 3.480319976806640625e+00 -9.966242790222167969e+00
-2.159403800964355469e+00 4.560552597045898438e+00 -6.120686054229736328e+00
5.288479328155517578e+00 3.075111150741577148e+00 2.364157915115356445e+00
6.036096096038818359e+00 2.991341114044189453e+00 1.784016609191894531e+00
1.965692400932312012e+00 7.008600234985351562e-01 -1.028580570220947266e+01
-5.161348581314086914e-01 2.794347047805786133e+00 -1.161508274078369141e+01
4.425859153270721436e-01 2.523508071899414062e+00 -1.076887321472167969e+01
