1.559835672378540039e+00 -4.931543350219726562e+00 -2.711661338806152344e+00
2.276421308517456055e+00 -4.772652626037597656e+00 -1.921673655509948730e+00
1.513519048690795898e+00 -4.781331539154052734e+00 -2.306511402130126953e+00
-5.068782806396484375e+00 -8.108793258666992188e+00 -7.822249412536621094e+00
-4.999292373657226562e+00 -8.061643600463867188e+00 -1.156786155700683594e+01
-4.184956073760986328e+00 -8.321108818054199219e+00 -9.419602394104003906e+00
-7.270852088928222656e+00 -7.468456268310546875e+00 -7.058989048004150391e+00
-7.774900436401367188e+00 -7.350651264190673828e+00 -7.967360019683837891e+00
-5.692188739776611328e+00 -8.128862380981445312e+00 -9.823665618896484375e+00
-6.220484256744384766e+00 -7.997411727905273438e+00 -9.061589241027832031e+00
-6.480405807495117188e+00 -7.345075607299804688e+00 -1.205453395843505859e+01
-8.410578727722167969e+00 -6.366826534271240234e+00 -1.057630825042724609e+01
-8.332944869995117188e+00 -6.189827919006347656e+00 -1.129452037811279297e+01
-9.641773223876953125e+00 -5.266440391540527344e+00 -8.363217353820800781e+00
-1.004984378814697266e+01 -4.325257301330566406e+00 -8.716588973999023438e+00
-9.587702751159667969e+00 -4.643394947052001953e+00 -1.086779403686523438e+01
-8.220115661621093750e+00 -6.690418720245361328e+00 -5.445673465728759766e+00
-9.067335128784179688e+00 -6.091350078582763672e+00 -4.931023597717285156e+00
-7.968214035034179688e+00 -5.745021820068359375e+00 -3.405180215835571289e+00
-8.497038841247558594e+00 -5.228112220764160156e+00 -2.226864814758300781e+00
-6.958628654479980469e+00 -5.440214157104492188e+00 -3.112520456314086914e+00
-2.593649625778198242e+00 -5.030454635620117188e+00 -1.547634005546569824e+00
-3.373892307281494141e+00 -4.880916118621826172e+00 -5.826908946037292480e-01
-1.440753459930419922e+00 -4.991456508636474609e+00 -2.365907430648803711e-01
-7.378678798675537109e+00 -3.212165355682373047e+00 2.311656713485717773e+00
-5.355248451232910156e+00 -3.512320756912231445e+00 1.278914451599121094e+00
-3.860461950302124023e+00 -5.067852020263671875e+00 -2.136455535888671875e+00
-7.304485797882080078e+00 -4.796189308166503906e+00 -1.627016067504882812e+00
-6.307996273040771484e+00 -5.166886329650878906e+00 -2.786353349685668945e+00
-3.738721370697021484e+00 -4.413591861724853516e+00 1.345486342906951904e-01
-4.768181800842285156e+00 -7.279064178466796875e+00 -5.294464588165283203e+00
-4.545724868774414062e+00 -6.497957229614257812e+00 -4.090568542480468750e+00
-2.280388832092285156e+00 -7.655332565307617188e+00 -6.416875362396240234e+00
-2.884822368621826172e+00 -7.167597770690917969e+00 -5.066578388214111328e+00
-2.214506626129150391e+00 -7.177074432373046875e+00 -5.298759460449218750e+00
-1.356421351432800293e+00 -6.801046848297119141e+00 -5.043695926666259766e+00
-2.779864311218261719e+00 -6.776743412017822266e+00 -4.439157962799072266e+00
-5.267798900604248047e+00 -6.850395679473876953e+00 -4.678627014160156250e+00
-6.153854846954345703e+00 -7.666971683502197266e+00 -6.741895675659179688e+00
-8.704418182373046875e+00 -6.650587558746337891e+00 -6.455151557922363281e+00
-1.417620062828063965e+00 -4.979317665100097656e+00 -1.834539771080017090e+00
-9.349772930145263672e-01 -5.040311336517333984e+00 -2.275268316268920898e+00
-2.241446018218994141e+00 -5.124022006988525391e+00 -2.022384643554687500e+00
-3.514628410339355469e-01 -5.080718517303466797e+00 -1.194801449775695801e+00
6.306949853897094727e-01 -4.611659526824951172e+00 -1.593505859375000000e+00
-8.147091269493103027e-01 -5.403242588043212891e+00 -3.019481182098388672e+00
-8.397888392210006714e-03 -5.499021530151367188e+00 -3.344053030014038086e+00
6.065533161163330078e-01 -4.761053085327148438e+00 -2.123049736022949219e+00
-9.515502929687500000e+00 -4.813133239746093750e+00 -2.045650243759155273e+00
-9.939092636108398438e+00 -4.890066146850585938e+00 -4.681241035461425781e+00
-9.351292610168457031e+00 -5.580688476562500000e+00 -3.832088947296142578e+00
-1.019475460052490234e+01 -3.758955717086791992e+00 -3.289318084716796875e+00
-1.031862640380859375e+01 -3.585610866546630859e+00 -4.717062950134277344e+00
-9.119928359985351562e+00 -4.087034225463867188e+00 3.085517585277557373e-01
-9.780864715576171875e+00 -4.173731803894042969e+00 -1.409471750259399414e+00
-9.820331573486328125e+00 -3.231418371200561523e+00 -2.808699309825897217e-01
-9.598952293395996094e+00 -2.926842927932739258e+00 9.017463922500610352e-01
-9.112592697143554688e+00 -2.722066879272460938e+00 2.166974306106567383e+00
-9.278785705566406250e+00 -1.629747629165649414e+00 1.269055247306823730e+00
-1.017245769500732422e+01 -2.694541692733764648e+00 -2.524620771408081055e+00
-1.009739875793457031e+01 -1.608457446098327637e+00 -2.652959108352661133e+00
-9.464468002319335938e+00 -1.293037891387939453e+00 -8.885859251022338867e-01
-7.936766624450683594e+00 -4.171661436557769775e-01 -6.470479369163513184e-01
-1.006227588653564453e+01 -4.634906291961669922e+00 -5.546679496765136719e+00
-1.034674167633056641e+01 -3.652366399765014648e+00 -5.426331996917724609e+00
-1.053296375274658203e+01 -2.257499456405639648e+00 -5.302157878875732422e+00
-1.059026336669921875e+01 -2.098704338073730469e+00 -5.872465133666992188e+00
-1.008325767517089844e+01 -6.571605801582336426e-01 -5.354542255401611328e+00
-1.058823680877685547e+01 -2.843435049057006836e+00 -7.961410522460937500e+00
-1.071054553985595703e+01 -1.946457624435424805e+00 -8.887070655822753906e+00
-1.060065364837646484e+01 -8.116672635078430176e-01 -8.517295837402343750e+00
-9.951473236083984375e+00 -3.311478197574615479e-01 -6.705938816070556641e+00
-8.382720947265625000e+00 -2.016697824001312256e-01 -2.253766536712646484e+00
-6.925340652465820312e+00 1.699707865715026855e+00 -3.687774896621704102e+00
-9.016347885131835938e+00 3.846799433231353760e-01 -6.201805114746093750e+00
-7.574027061462402344e+00 1.436053872108459473e+00 -4.990272998809814453e+00
1.318065738677978516e+01 -5.214984416961669922e+00 4.328120231628417969e+00
1.355288219451904297e+01 -6.224303722381591797e+00 7.601102590560913086e-01
1.304213905334472656e+01 -6.018136024475097656e+00 1.426476001739501953e+00
1.492663478851318359e+01 -5.887253761291503906e+00 1.914849758148193359e+00
1.479442405700683594e+01 -4.982776641845703125e+00 3.015552043914794922e+00
1.194840621948242188e+01 -5.590883731842041016e+00 2.657649993896484375e+00
4.429443359375000000e+00 -1.097657442092895508e+00 4.923295497894287109e+00
5.313578128814697266e+00 -7.189794182777404785e-01 6.029911518096923828e+00
6.647008419036865234e+00 -4.865514755249023438e+00 -1.665341138839721680e+00
8.902225494384765625e+00 -6.295959949493408203e+00 -1.244084239006042480e+00
8.112915039062500000e+00 -6.207579135894775391e+00 -1.082526087760925293e+00
7.438859462738037109e+00 -6.279110431671142578e+00 -4.887388348579406738e-01
2.549549102783203125e+00 -5.420008659362792969e+00 4.094054996967315674e-01
4.292327404022216797e+00 -4.709298133850097656e+00 -1.496018528938293457e+00
5.162443161010742188e+00 -5.109010696411132812e+00 -1.166385769844055176e+00
2.304773330688476562e+00 -4.282608032226562500e+00 -1.259285569190979004e+00
4.112613201141357422e+00 -4.732813358306884766e+00 -1.276620030403137207e+00
5.101710796356201172e+00 -5.576902866363525391e+00 2.247986495494842529e-01
5.797407150268554688e+00 -5.993984699249267578e+00 -6.044332981109619141e-01
3.090708971023559570e+00 -5.488416671752929688e+00 -5.834066867828369141e-01
9.442785263061523438e+00 -5.129629135131835938e+00 3.038198947906494141e+00
1.001530265808105469e+01 -4.642874240875244141e+00 4.819421768188476562e+00
9.942933082580566406e+00 -4.823195934295654297e+00 4.219011306762695312e+00
8.698868751525878906e+00 -3.967431306838989258e+00 5.288894176483154297e+00
8.926911354064941406e+00 -4.910078048706054688e+00 3.115107297897338867e+00
9.015136718750000000e+00 -5.896696090698242188e+00 1.412931442260742188e+00
8.672638893127441406e+00 -6.101562976837158203e+00 9.372763633728027344e-01
5.528401851654052734e+00 -1.246529102325439453e+00 4.022348403930664062e+00
6.162803649902343750e+00 -3.666757345199584961e+00 2.392620325088500977e+00
5.588999748229980469e+00 -3.958554506301879883e+00 1.873909473419189453e+00
4.519045352935791016e+00 -1.874565362930297852e+00 3.070548772811889648e+00
4.621654033660888672e+00 -1.447960734367370605e+00 3.718203783035278320e+00
6.896907329559326172e+00 -2.388067245483398438e+00 4.294714927673339844e+00
6.694106101989746094e+00 -1.847635865211486816e+00 5.508699893951416016e+00
6.528818607330322266e+00 -5.479764938354492188e+00 9.544296860694885254e-01
1.213394546508789062e+01 -3.982296228408813477e+00 5.782956600189208984e+00
1.391909885406494141e+01 -4.325056076049804688e+00 4.465589046478271484e+00
1.273241901397705078e+01 -3.085273981094360352e+00 4.769941329956054688e+00
1.357296085357666016e+01 -3.134961843490600586e+00 3.126414537429809570e+00
7.832097053527832031e+00 -2.829542875289916992e+00 6.675815105438232422e+00
7.391705513000488281e+00 -2.368453979492187500e+00 6.638713359832763672e+00
4.276303768157958984e+00 -3.397570848464965820e-01 6.821737766265869141e+00
9.703500747680664062e+00 -4.026321887969970703e+00 6.455761432647705078e+00
1.044327068328857422e+01 -2.749680995941162109e+00 6.404066085815429688e+00
1.075926971435546875e+01 -2.258266687393188477e+00 5.441373348236083984e+00
8.668731689453125000e+00 -1.478762984275817871e+00 6.514384269714355469e+00
9.042679786682128906e+00 -1.032902836799621582e+00 5.455461978912353516e+00
1.114195632934570312e+01 -1.984585285186767578e+00 4.477824211120605469e+00
1.146767425537109375e+01 -1.753259420394897461e+00 3.460983991622924805e+00
6.647056102752685547e+00 -1.337061047554016113e+00 6.354532718658447266e+00
7.786820411682128906e+00 -8.456261754035949707e-01 6.345336914062500000e+00
7.090218544006347656e+00 1.748705059289932251e-01 5.790488243103027344e+00
6.326660633087158203e+00 -6.842399388551712036e-02 6.029703140258789062e+00
5.738274097442626953e+00 1.157076597213745117e+00 5.718569278717041016e+00
8.138346672058105469e+00 4.471874833106994629e-01 4.532154083251953125e+00
5.821603298187255859e+00 2.376534700393676758e+00 4.342345237731933594e+00
6.193611145019531250e+00 2.409632682800292969e+00 3.810971021652221680e+00
-2.132086038589477539e+00 -2.795369386672973633e+00 3.777511358261108398e+00
-1.522607803344726562e+00 -3.798132658004760742e+00 1.667240262031555176e+00
-1.476988077163696289e+00 -4.647759914398193359e+00 3.919982314109802246e-01
-1.615919232368469238e+00 -2.859116315841674805e+00 3.501088142395019531e+00
-2.442077845335006714e-01 -2.655675411224365234e+00 2.380746603012084961e+00
-5.071552276611328125e+00 -3.476986408233642578e+00 1.471509695053100586e+00
-4.359079837799072266e+00 -3.315224409103393555e+00 2.206131458282470703e+00
-5.804491043090820312e+00 -2.597197532653808594e+00 3.394447088241577148e+00
-5.278471469879150391e+00 -3.017997026443481445e+00 2.538454771041870117e+00
-4.094360351562500000e+00 -2.826180219650268555e+00 3.384109020233154297e+00
-2.758351325988769531e+00 -1.619439959526062012e+00 4.882448673248291016e+00
-5.653309345245361328e+00 -1.268231749534606934e+00 4.709118843078613281e+00
-5.349747657775878906e+00 -7.379044294357299805e-01 4.909813404083251953e+00
2.539165258407592773e+00 -1.696491718292236328e+00 3.669696807861328125e+00
1.374841451644897461e+00 -8.767498731613159180e-01 4.143845081329345703e+00
-5.940579250454902649e-02 -1.184399724006652832e+00 3.665525913238525391e+00
1.092998266220092773e+00 -3.027836084365844727e-01 4.680237293243408203e+00
2.528522253036499023e+00 -1.013993620872497559e+00 5.294631958007812500e+00
3.542154788970947266e+00 -5.192576050758361816e-01 6.645803928375244141e+00
1.118909239768981934e+00 7.875372767448425293e-01 5.406882762908935547e+00
-3.224716901779174805e+00 -1.389403223991394043e+00 5.011784553527832031e+00
-4.244316577911376953e+00 3.004089891910552979e-01 5.010285854339599609e+00
-2.749212980270385742e+00 5.656796097755432129e-01 5.135842323303222656e+00
-1.169440031051635742e+00 1.617731928825378418e+00 4.407876968383789062e+00
-3.887009859085083008e+00 1.020458936691284180e+00 4.047651767730712891e+00
-3.822793722152709961e+00 1.422695040702819824e+00 2.887994527816772461e+00
-1.787027716636657715e-01 -5.098329544067382812e+00 -7.918551564216613770e-02
2.961424291133880615e-01 -4.955073356628417969e+00 -1.133144497871398926e-01
8.121406435966491699e-01 -4.962720870971679688e+00 3.578111901879310608e-02
1.644489526748657227e+00 -3.797046899795532227e+00 1.421888351440429688e+00
1.478178501129150391e+00 -4.996976375579833984e+00 5.844094753265380859e-01
1.623505473136901855e+00 -3.757264137268066406e+00 -1.354265689849853516e+00
1.888750314712524414e+00 -2.617427825927734375e+00 2.357260227203369141e+00
2.296709537506103516e+00 1.544564127922058105e+00 5.582262992858886719e+00
2.886629343032836914e+00 2.554779529571533203e+00 4.265395164489746094e+00
2.613394975662231445e+00 2.988001346588134766e+00 3.027452945709228516e+00
-8.612186908721923828e-01 2.483986377716064453e+00 2.619569540023803711e+00
-6.631621718406677246e-01 1.951397895812988281e+00 4.179883956909179688e+00
5.745760202407836914e-01 2.558366537094116211e+00 3.250212669372558594e+00
-1.727613329887390137e+00 3.174854516983032227e+00 1.079253256320953369e-01
-7.584969043731689453e+00 -2.459819793701171875e+00 3.555234909057617188e+00
-7.328090190887451172e+00 -1.424564123153686523e+00 4.217590332031250000e+00
-7.960848331451416016e+00 -8.136618137359619141e-01 2.907396793365478516e+00
-6.811149597167968750e+00 -1.161208391189575195e+00 4.463095664978027344e+00
-7.016981601715087891e+00 -3.661440014839172363e-01 3.060631752014160156e+00
-6.420368671417236328e+00 1.897330284118652344e-01 1.420367717742919922e+00
-6.219353199005126953e+00 1.396851688623428345e-01 2.391543149948120117e+00
-6.925041675567626953e+00 2.294478714466094971e-01 -8.147451877593994141e-01
-3.743859291076660156e+00 1.650073766708374023e+00 1.846102237701416016e+00
-5.362727165222167969e+00 2.017626047134399414e+00 -1.992631435394287109e+00
-3.648861408233642578e+00 3.040167570114135742e+00 -1.667545795440673828e+00
3.395202159881591797e+00 7.656045556068420410e-01 6.484388351440429688e+00
2.993105173110961914e+00 1.855039715766906738e+00 5.409612178802490234e+00
3.862023115158081055e+00 2.290999174118041992e+00 4.885384082794189453e+00
4.562568187713623047e+00 2.847905874252319336e+00 3.846403360366821289e+00
3.887158393859863281e+00 3.256119251251220703e+00 2.996396780014038086e+00
7.758180141448974609e+00 -4.930380344390869141e+00 -3.961821079254150391e+00
2.375307559967041016e+00 -5.075000286102294922e+00 -3.050812244415283203e+00
5.493564605712890625e+00 -4.749568462371826172e+00 -2.521088123321533203e+00
6.318949699401855469e+00 -4.707832813262939453e+00 -2.969345092773437500e+00
3.031203508377075195e+00 -5.013984680175781250e+00 -2.932094335556030273e+00
2.089540004730224609e+00 -5.931467533111572266e+00 -5.249585628509521484e+00
2.625310897827148438e+00 -5.809300422668457031e+00 -6.252125740051269531e+00
3.888693571090698242e+00 -5.143640995025634766e+00 -5.597173690795898438e+00
5.921111106872558594e+00 -4.829868316650390625e+00 -3.730751991271972656e+00
7.155668258666992188e+00 -4.982748985290527344e+00 -4.069263458251953125e+00
2.442560434341430664e+00 -5.621870994567871094e+00 -8.458423614501953125e+00
8.317758560180664062e+00 -4.991365432739257812e+00 -6.010022640228271484e+00
3.298633098602294922e+00 -5.332627296447753906e+00 -7.115393161773681641e+00
3.711833953857421875e+00 -4.724586486816406250e+00 -7.898936748504638672e+00
6.287119865417480469e+00 -5.084112644195556641e+00 -5.378093719482421875e+00
7.405286788940429688e+00 -4.940526008605957031e+00 -6.331377506256103516e+00
5.875593662261962891e+00 -4.185007572174072266e+00 -7.251227378845214844e+00
7.531665802001953125e+00 -4.037077426910400391e+00 -7.368673324584960938e+00
5.587094783782958984e+00 -3.867439508438110352e+00 -7.627964019775390625e+00
5.157911777496337891e+00 -2.841072797775268555e+00 -8.642718315124511719e+00
5.232670307159423828e+00 -2.083167314529418945e+00 -8.896727561950683594e+00
-3.349267005920410156e+00 -7.970555305480957031e+00 -1.205598163604736328e+01
-3.131146907806396484e+00 -8.215079307556152344e+00 -1.051671314239501953e+01
-3.961390972137451172e+00 -7.543613433837890625e+00 -1.315922451019287109e+01
-1.581682562828063965e+00 -6.563542366027832031e+00 -1.324230670928955078e+01
-3.556823492050170898e+00 -6.334837913513183594e+00 -1.446029567718505859e+01
-3.374768972396850586e+00 -5.281604766845703125e+00 -1.519258689880371094e+01
-6.631270885467529297e+00 -6.536829471588134766e+00 -1.317157363891601562e+01
-7.071699142456054688e+00 -6.212697505950927734e+00 -1.318937683105468750e+01
-7.757714271545410156e+00 -5.232705116271972656e+00 -1.367619132995605469e+01
-5.719810485839843750e+00 -7.132248878479003906e+00 -1.307813262939453125e+01
-8.473391532897949219e+00 -5.366056919097900391e+00 -1.256442165374755859e+01
-7.363797187805175781e+00 -4.565433025360107422e+00 -1.457454299926757812e+01
-4.151128768920898438e+00 -5.535444259643554688e+00 -1.502951622009277344e+01
-5.995566368103027344e+00 -4.382695198059082031e+00 -1.525844860076904297e+01
-2.711255550384521484e+00 -5.388120174407958984e+00 -1.501350784301757812e+01
-2.176995515823364258e+00 -4.296097755432128906e+00 -1.536936664581298828e+01
-3.722682952880859375e+00 -3.716972589492797852e+00 -1.575332641601562500e+01
-2.790364742279052734e+00 -3.187881469726562500e+00 -1.571622180938720703e+01
-4.989547729492187500e+00 -2.650069236755371094e+00 -1.594103908538818359e+01
-3.920719385147094727e+00 -1.505474090576171875e+00 -1.593616104125976562e+01
-9.301785469055175781e+00 -4.443322181701660156e+00 -1.222156429290771484e+01
-8.934489250183105469e+00 -4.002381324768066406e+00 -1.344600868225097656e+01
-9.911693572998046875e+00 -2.864201068878173828e+00 -1.234662151336669922e+01
-1.040142440795898438e+01 -1.439644098281860352e+00 -1.151941680908203125e+01
-8.549075126647949219e+00 -3.350018024444580078e+00 -1.436096668243408203e+01
-7.691790103912353516e+00 -2.966957330703735352e+00 -1.519846630096435547e+01
-9.821804046630859375e+00 -9.256644248962402344e-01 -1.328353595733642578e+01
-9.375632286071777344e+00 -3.294163346290588379e-01 -1.420488071441650391e+01
-8.487900733947753906e+00 -9.521171450614929199e-01 -1.507389736175537109e+01
-7.135872364044189453e+00 1.593927890062332153e-01 -1.576915264129638672e+01
-7.627804756164550781e+00 8.132275938987731934e-01 -1.553630352020263672e+01
-1.521759152412414551e+00 -7.556035995483398438e+00 -6.888368129730224609e+00
-4.209761023521423340e-01 -7.156985282897949219e+00 -8.631632804870605469e+00
7.360585033893585205e-02 -6.568797588348388672e+00 -5.589494228363037109e+00
6.192301511764526367e-01 -6.685845851898193359e+00 -6.756806850433349609e+00
-2.397449165582656860e-01 -6.931015491485595703e+00 -9.610774040222167969e+00
-5.069337785243988037e-02 -5.895430088043212891e+00 -1.240202999114990234e+01
1.352497339248657227e+00 -6.389871120452880859e+00 -6.418722629547119141e+00
2.020785808563232422e+00 -5.952525138854980469e+00 -8.190821647644042969e+00
-7.603405117988586426e-01 -5.087547302246093750e+00 -1.430371952056884766e+01
1.024741172790527344e+00 -4.963439464569091797e+00 -1.243816375732421875e+01
-1.230222463607788086e+00 -3.740437030792236328e+00 -1.520287990570068359e+01
-1.924100369215011597e-01 -3.007741212844848633e+00 -1.485948562622070312e+01
1.960292935371398926e+00 -5.054000854492187500e+00 -1.069804000854492188e+01
-1.087979435920715332e+00 -2.405938625335693359e+00 -1.528172588348388672e+01
-1.307469129562377930e+00 -1.697929263114929199e+00 -1.534108734130859375e+01
2.141964197158813477e+00 -3.536880016326904297e+00 -1.149291896820068359e+01
8.843818306922912598e-01 -1.870607256889343262e+00 -1.348701858520507812e+01
7.971570491790771484e-01 -1.144740223884582520e+00 -1.333471393585205078e+01
-2.606308937072753906e+00 -1.779373645782470703e+00 -1.569996261596679688e+01
-2.676419258117675781e+00 -8.106980919837951660e-01 -1.564171600341796875e+01
-5.085185527801513672e+00 4.532497525215148926e-01 -1.588837146759033203e+01
-2.887147188186645508e+00 1.006296515464782715e+00 -1.536702346801757812e+01
-2.164962768554687500e+00 1.173919796943664551e+00 -1.512430286407470703e+01
-4.980465769767761230e-01 1.148905515670776367e+00 -1.389015960693359375e+01
-2.882613182067871094e+00 2.079162597656250000e+00 -1.503581905364990234e+01
-2.466139078140258789e+00 2.787686586380004883e+00 -1.464682769775390625e+01
2.704254865646362305e+00 -3.968765497207641602e+00 -1.033825206756591797e+01
3.520360469818115234e+00 -2.611748695373535156e+00 -1.011272811889648438e+01
3.012213706970214844e+00 -1.849212050437927246e+00 -1.085339832305908203e+01
9.640867710113525391e-01 -2.823487520217895508e-01 -1.281346797943115234e+01
1.482625126838684082e+00 5.381429102271795273e-03 -1.211052799224853516e+01
2.348490715026855469e+00 -2.197567373514175415e-01 -1.122729015350341797e+01
1.081188321113586426e+00 4.156606495380401611e-01 -1.233638763427734375e+01
-1.051231956481933594e+01 -9.663769602775573730e-01 -1.099388122558593750e+01
-9.967907905578613281e+00 6.839717030525207520e-01 -1.292192268371582031e+01
-1.030288124084472656e+01 -1.602031849324703217e-02 -1.048667049407958984e+01
-1.007228183746337891e+01 -1.207919046282768250e-01 -9.024810791015625000e+00
-9.726413726806640625e+00 5.436705350875854492e-01 -1.002722263336181641e+01
-9.964028358459472656e+00 9.226410984992980957e-01 -1.155223560333251953e+01
-9.434286117553710938e+00 2.032525300979614258e+00 -1.278475761413574219e+01
-8.821730613708496094e+00 1.396094202995300293e+00 -9.342659950256347656e+00
-8.417597770690917969e+00 2.396753549575805664e+00 -1.037630939483642578e+01
-8.196605682373046875e+00 1.154376626014709473e+00 -6.070960044860839844e+00
-7.961511611938476562e+00 1.589983463287353516e+00 -7.152384281158447266e+00
-8.281195640563964844e+00 1.875247120857238770e+00 -8.739390373229980469e+00
-7.899353504180908203e+00 2.542597055435180664e+00 -9.733793258666992188e+00
-6.294750213623046875e+00 2.687970638275146484e+00 -7.682386398315429688e+00
-6.211150169372558594e+00 2.998190164566040039e+00 -8.165364265441894531e+00
-8.633611679077148438e+00 2.199209213256835938e+00 -1.429211997985839844e+01
-8.036654472351074219e+00 2.228688716888427734e+00 -1.473213386535644531e+01
-7.638226509094238281e+00 3.440482616424560547e+00 -1.351442909240722656e+01
-6.656634807586669922e+00 4.262290954589843750e+00 -1.313883590698242188e+01
-6.100432872772216797e+00 1.892761826515197754e+00 -1.547645092010498047e+01
-5.845042228698730469e+00 2.182845354080200195e+00 -1.532726860046386719e+01
-5.171034336090087891e+00 3.965618371963500977e+00 -1.412208080291748047e+01
-4.615468025207519531e+00 3.959161758422851562e+00 -1.424953460693359375e+01
-5.868394851684570312e+00 3.768511533737182617e+00 -1.412616348266601562e+01
-8.274970054626464844e+00 3.282422065734863281e+00 -1.224808311462402344e+01
-6.243325710296630859e+00 4.410462856292724609e+00 -1.238265514373779297e+01
-5.555923461914062500e+00 4.376996517181396484e+00 -1.074552345275878906e+01
-3.388964891433715820e+00 4.232106685638427734e+00 -1.348892211914062500e+01
-3.170848369598388672e+00 4.293819904327392578e+00 -1.287122535705566406e+01
-5.219943046569824219e+00 4.431857585906982422e+00 -1.222099208831787109e+01
-4.468852043151855469e+00 4.633389949798583984e+00 -1.232694625854492188e+01
-3.216917991638183594e+00 4.684145450592041016e+00 -1.144386672973632812e+01
-4.958679676055908203e+00 4.782778263092041016e+00 -1.084911060333251953e+01
-3.796005487442016602e+00 4.890360355377197266e+00 -1.117205524444580078e+01
-6.639297008514404297e+00 3.677119255065917969e+00 -1.050378131866455078e+01
-5.930950641632080078e+00 3.617367744445800781e+00 -9.036685943603515625e+00
3.057046413421630859e+00 -1.926683783531188965e-01 -1.030141735076904297e+01
-1.391267478466033936e-01 1.526974797248840332e+00 -1.287807655334472656e+01
-2.114468336105346680e+00 3.219974994659423828e+00 -1.359560489654541016e+01
9.949865341186523438e-01 7.995096445083618164e-01 -1.168921470642089844e+01
-1.054056644439697266e+00 2.882518053054809570e+00 -1.233922863006591797e+01
-2.713895797729492188e+00 3.844197034835815430e+00 -1.327113151550292969e+01
-1.650679469108581543e+00 3.643695354461669922e+00 -1.187583541870117188e+01
1.142869186401367188e+01 -6.546513557434082031e+00 -3.372888565063476562e+00
1.332471561431884766e+01 -6.710223674774169922e+00 -1.724401712417602539e+00
1.116750144958496094e+01 -6.481101036071777344e+00 -8.297939896583557129e-01
1.097040939331054688e+01 -6.500797748565673828e+00 -2.591458082199096680e+00
1.434542560577392578e+01 -6.956490516662597656e+00 -5.025119304656982422e+00
1.198065471649169922e+01 -6.603178977966308594e+00 -3.977531671524047852e+00
1.269062900543212891e+01 -6.579790115356445312e+00 -5.475203990936279297e+00
1.314330577850341797e+01 -6.884820938110351562e+00 -3.667115449905395508e+00
1.562024402618408203e+01 -7.027371406555175781e+00 -3.596151113510131836e+00
1.605392265319824219e+01 -5.960303306579589844e+00 -4.184762001037597656e+00
1.624567604064941406e+01 -6.487084388732910156e+00 -1.165321350097656250e+00
1.636529159545898438e+01 -5.698290348052978516e+00 -2.056055307388305664e+00
1.458273506164550781e+01 -6.581821441650390625e+00 5.882859975099563599e-02
1.481319808959960938e+01 -6.949999332427978516e+00 -1.545373320579528809e+00
1.537700843811035156e+01 -6.203583240509033203e+00 9.706743359565734863e-01
1.482562923431396484e+01 -4.004305362701416016e+00 1.937356472015380859e+00
1.515029811859130859e+01 -4.183663368225097656e+00 8.566637039184570312e-01
1.436470413208007812e+01 -3.293878316879272461e+00 9.963175654411315918e-01
1.579066848754882812e+01 -4.920071601867675781e+00 -3.359873294830322266e+00
1.522143077850341797e+01 -4.053253173828125000e+00 -2.587954521179199219e+00
1.521486091613769531e+01 -3.959710121154785156e+00 -1.033390164375305176e+00
1.496190834045410156e+01 -3.626938581466674805e+00 -1.529894113540649414e+00
1.431357765197753906e+01 -2.854485273361206055e+00 -9.020267128944396973e-01
1.379903316497802734e+01 -6.743724822998046875e+00 -6.244135379791259766e+00
1.523943328857421875e+01 -5.947630882263183594e+00 -6.545550823211669922e+00
1.235871696472167969e+01 -6.451329231262207031e+00 -6.660906791687011719e+00
1.290029621124267578e+01 -5.912488937377929688e+00 -7.447805881500244141e+00
1.591527938842773438e+01 -5.852323055267333984e+00 -5.643429756164550781e+00
1.559785842895507812e+01 -5.088695049285888672e+00 -5.935814380645751953e+00
1.502281665802001953e+01 -4.420503616333007812e+00 -5.542602062225341797e+00
1.324386787414550781e+01 -5.517472267150878906e+00 -7.307236194610595703e+00
1.261652183532714844e+01 -4.961761474609375000e+00 -6.617302417755126953e+00
1.348008537292480469e+01 -4.472357749938964844e+00 -6.103752613067626953e+00
1.360438728332519531e+01 -3.380951642990112305e+00 -4.951481819152832031e+00
1.497508239746093750e+01 -3.740775108337402344e+00 -2.827685356140136719e+00
1.490458679199218750e+01 -3.751024007797241211e+00 -4.505510807037353516e+00
1.434681034088134766e+01 -2.910012960433959961e+00 -3.755510568618774414e+00
1.015400695800781250e+01 -6.032534599304199219e+00 -2.741631507873535156e+00
6.988681793212890625e+00 -4.782648563385009766e+00 -2.366779088973999023e+00
7.274794578552246094e+00 -4.856808662414550781e+00 -1.937606096267700195e+00
6.840519905090332031e+00 -4.719387054443359375e+00 -2.930418252944946289e+00
1.047579479217529297e+01 -6.327395915985107422e+00 -2.337917566299438477e+00
9.004360198974609375e+00 -5.559309005737304688e+00 -1.940799951553344727e+00
7.944360733032226562e+00 -5.124540328979492188e+00 -1.573045253753662109e+00
9.591465950012207031e+00 -5.554467678070068359e+00 -3.434698104858398438e+00
9.948748588562011719e+00 -5.560571670532226562e+00 -4.664220809936523438e+00
8.327057838439941406e+00 -5.010097026824951172e+00 -3.959921836853027344e+00
1.353617668151855469e+01 -2.166231155395507812e+00 -4.977523535490036011e-02
1.218604755401611328e+01 -8.090524077415466309e-01 -1.034221649169921875e+00
1.095887947082519531e+01 -5.968379020690917969e+00 -5.499188423156738281e+00
1.102120971679687500e+01 -5.423715591430664062e+00 -6.031974315643310547e+00
9.592477798461914062e+00 -5.078539848327636719e+00 -5.198288917541503906e+00
1.171129512786865234e+01 -4.698197841644287109e+00 -6.173260688781738281e+00
9.179095268249511719e+00 -4.319470405578613281e+00 -6.411861419677734375e+00
1.039738464355468750e+01 -3.539347171783447266e+00 -5.864589214324951172e+00
1.246537303924560547e+01 -3.681439638137817383e+00 -5.457494735717773438e+00
1.064390850067138672e+01 -3.193798065185546875e+00 -5.664736747741699219e+00
1.066756439208984375e+01 -2.266090869903564453e+00 -5.249783039093017578e+00
8.539580345153808594e+00 -3.681030988693237305e+00 -7.025503158569335938e+00
9.049544334411621094e+00 -3.081196784973144531e+00 -6.563265323638916016e+00
8.054182052612304688e+00 -2.031110763549804688e+00 -6.901309967041015625e+00
1.040414524078369141e+01 -1.600243806838989258e+00 -5.107442378997802734e+00
8.255606651306152344e+00 -1.705345273017883301e+00 -6.635614871978759766e+00
8.749054908752441406e+00 -4.813224971294403076e-01 -5.839827537536621094e+00
7.281894207000732422e+00 -1.650714129209518433e-01 -6.912719726562500000e+00
1.326053619384765625e+01 -2.131078243255615234e+00 -4.060905456542968750e+00
1.343114471435546875e+01 -1.677957773208618164e+00 -1.941206693649291992e+00
1.318757820129394531e+01 -1.331229686737060547e+00 -3.147085428237915039e+00
1.237851333618164062e+01 -4.312062859535217285e-01 -2.229642868041992188e+00
1.202659988403320312e+01 -1.314778327941894531e-01 -2.831292152404785156e+00
1.240184497833251953e+01 -1.916217088699340820e+00 -4.358455181121826172e+00
1.120506095886230469e+01 -1.231636524200439453e+00 -4.480667591094970703e+00
1.148702621459960938e+01 -5.728580355644226074e-01 -3.863817930221557617e+00
1.016194248199462891e+01 1.566882729530334473e+00 -1.730606317520141602e+00
9.284440040588378906e+00 2.381194114685058594e+00 -2.878280401229858398e+00
9.319981575012207031e+00 2.296177148818969727e+00 -3.345541954040527344e+00
8.577687263488769531e+00 2.954969644546508789e+00 -2.363935708999633789e+00
1.020903682708740234e+01 -9.124373793601989746e-01 -4.996179103851318359e+00
1.064409351348876953e+01 2.979455292224884033e-01 -4.117574691772460938e+00
8.367717742919921875e+00 1.286375820636749268e-01 -5.852671623229980469e+00
7.013589859008789062e+00 9.814264178276062012e-01 -6.421240329742431641e+00
1.392564582824707031e+01 -3.279338359832763672e+00 2.526136636734008789e+00
1.249497604370117188e+01 -2.229399681091308594e+00 2.843060731887817383e+00
1.125007057189941406e+01 -7.211273312568664551e-01 1.408496379852294922e+00
1.143035888671875000e+01 -5.703376531600952148e-01 2.696930170059204102e-01
9.947266578674316406e+00 -2.524456381797790527e-01 3.090812444686889648e+00
8.842126846313476562e+00 1.081490635871887207e+00 2.625813245773315430e+00
9.400791168212890625e+00 7.564433217048645020e-01 2.073438167572021484e+00
7.322467327117919922e+00 2.144411325454711914e+00 3.004924297332763672e+00
7.166936874389648438e+00 2.807729721069335938e+00 1.867286562919616699e+00
9.799647331237792969e+00 9.759252071380615234e-01 3.595020771026611328e-01
1.003410816192626953e+01 1.357617497444152832e+00 -9.783058166503906250e-01
7.989743709564208984e+00 2.694112539291381836e+00 4.443922638893127441e-01
3.351992845535278320e+00 4.269888877868652344e+00 -3.455957770347595215e-01
6.231134414672851562e+00 3.621851205825805664e+00 3.024170696735382080e-01
5.480344772338867188e+00 4.049158573150634766e+00 -2.224861383438110352e+00
3.671048164367675781e+00 4.384792327880859375e+00 -6.836141347885131836e-01
2.847851753234863281e+00 3.816818714141845703e+00 -2.454249858856201172e+00
2.959603786468505859e+00 3.504353523254394531e+00 -3.325924634933471680e+00
-9.870817065238952637e-01 3.794245958328247070e+00 -7.654516100883483887e-01
2.146974802017211914e+00 3.139720201492309570e+00 -4.382820129394531250e+00
1.010465435683727264e-02 4.163451671600341797e+00 -3.142489671707153320e+00
3.066232204437255859e-01 3.710454702377319336e+00 -4.697043418884277344e+00
2.380094766616821289e+00 3.804866075515747070e+00 -2.564714193344116211e+00
5.101370334625244141e+00 -8.759319782257080078e-01 -8.892072677612304688e+00
2.942629098892211914e+00 3.064060807228088379e-01 -9.606186866760253906e+00
5.063162803649902344e+00 5.039314627647399902e-01 -8.108836174011230469e+00
3.642151355743408203e+00 5.593672990798950195e-01 -8.965241432189941406e+00
2.522708415985107422e+00 4.994635581970214844e-01 -9.799241065979003906e+00
1.545924544334411621e+00 1.848491787910461426e+00 -9.910875320434570312e+00
3.299147486686706543e-01 3.148184061050415039e+00 -9.156443595886230469e+00
1.124654859304428101e-01 3.002516031265258789e+00 -1.045784664154052734e+01
5.656523704528808594e+00 2.809392690658569336e+00 -4.853383064270019531e+00
6.157432079315185547e+00 1.879638671875000000e+00 -6.081112384796142578e+00
4.699610233306884766e+00 2.680356979370117188e+00 -5.239658355712890625e+00
4.795903682708740234e+00 2.376075983047485352e+00 -5.952625274658203125e+00
6.617986679077148438e+00 3.773371696472167969e+00 -2.719814538955688477e+00
6.583776473999023438e+00 1.280211687088012695e+00 -6.420372009277343750e+00
5.711193084716796875e+00 1.663760066032409668e+00 -6.594993114471435547e+00
4.858728885650634766e+00 1.774483919143676758e+00 -7.029873847961425781e+00
2.736191511154174805e+00 2.845277786254882812e+00 -5.057660579681396484e+00
2.815260648727416992e+00 2.083862543106079102e+00 -7.355152606964111328e+00
2.027007341384887695e+00 2.328644514083862305e+00 -6.809328556060791016e+00
9.467110782861709595e-02 3.302438735961914062e+00 -6.270010471343994141e+00
2.705955207347869873e-01 2.958667516708374023e+00 -7.757192134857177734e+00
3.021571934223175049e-01 3.030935287475585938e+00 -8.136205673217773438e+00
-3.298812389373779297e+00 3.403403759002685547e+00 -2.582740783691406250e+00
-5.633961677551269531e+00 3.062492847442626953e+00 -7.732500553131103516e+00
-4.808500766754150391e+00 3.485733985900878906e+00 -7.635113716125488281e+00
-4.258249282836914062e+00 3.353457212448120117e+00 -6.674319744110107422e+00
-2.165556669235229492e+00 3.291368961334228516e+00 -2.312608659267425537e-01
-1.889807701110839844e+00 3.756104230880737305e+00 -1.353839993476867676e+00
-1.528436422348022461e+00 4.099147319793701172e+00 -2.468536138534545898e+00
-1.354431986808776855e+00 4.392983436584472656e+00 -3.693904399871826172e+00
-1.182871818542480469e+00 4.401363849639892578e+00 -4.987305641174316406e+00
-4.800623893737792969e+00 4.079918384552001953e+00 -8.505437850952148438e+00
-4.506000518798828125e+00 4.556165695190429688e+00 -9.025004386901855469e+00
-1.981779098510742188e+00 4.463437080383300781e+00 -7.511569499969482422e+00
-3.350380659103393555e+00 4.459705829620361328e+00 -8.332112312316894531e+00
-1.541095256805419922e+00 3.652874231338500977e+00 -1.119902133941650391e+01
-1.228224039077758789e+00 3.508097171783447266e+00 -1.106333541870117188e+01
-3.828563451766967773e+00 4.852826595306396484e+00 -1.070507335662841797e+01
-2.047684907913208008e+00 4.181999206542968750e+00 -9.850831985473632812e+00
-3.109755218029022217e-01 3.481520414352416992e+00 -9.966409683227539062e+00
-2.159675836563110352e+00 4.561709403991699219e+00 -6.120809078216552734e+00
5.309828758239746094e+00 3.370073795318603516e+00 2.419792652130126953e+00
6.081497669219970703e+00 3.331843137741088867e+00 1.849922060966491699e+00
1.964325189590454102e+00 7.027782201766967773e-01 -1.028560447692871094e+01
-5.167279839515686035e-01 2.795341730117797852e+00 -1.161540699005126953e+01
4.418321549892425537e-01 2.524880886077880859e+00 -1.076914310455322266e+01
