1.557783126831054688e+00 -4.931375980377197266e+00 -2.714619636535644531e+00
2.273361921310424805e+00 -4.775508403778076172e+00 -1.925640702247619629e+00
1.510791659355163574e+00 -4.785194396972656250e+00 -2.310003519058227539e+00
-5.068930625915527344e+00 -8.108595848083496094e+00 -7.822382450103759766e+00
-4.999253273010253906e+00 -8.061948776245117188e+00 -1.156772518157958984e+01
-4.185088634490966797e+00 -8.321183204650878906e+00 -9.419661521911621094e+00
-7.270918369293212891e+00 -7.468692779541015625e+00 -7.059105873107910156e+00
-7.774990558624267578e+00 -7.350930213928222656e+00 -7.967453479766845703e+00
-5.692392826080322266e+00 -8.129096984863281250e+00 -9.823537826538085938e+00
-6.220718383789062500e+00 -7.997975826263427734e+00 -9.061570167541503906e+00
-6.480251789093017578e+00 -7.345611095428466797e+00 -1.205440330505371094e+01
-8.410629272460937500e+00 -6.367269039154052734e+00 -1.057625865936279297e+01
-8.332641601562500000e+00 -6.190222740173339844e+00 -1.129437828063964844e+01
-9.642024993896484375e+00 -5.266997814178466797e+00 -8.363516807556152344e+00
-1.005059528350830078e+01 -4.325278759002685547e+00 -8.716719627380371094e+00
-9.586295127868652344e+00 -4.642996788024902344e+00 -1.086844253540039062e+01
-8.220082283020019531e+00 -6.690424919128417969e+00 -5.445732593536376953e+00
-9.067540168762207031e+00 -6.091862678527832031e+00 -4.930477619171142578e+00
-7.968188285827636719e+00 -5.745039463043212891e+00 -3.405024766921997070e+00
-8.496932983398437500e+00 -5.228262901306152344e+00 -2.226507902145385742e+00
-6.958480358123779297e+00 -5.439940929412841797e+00 -3.112771987915039062e+00
-2.594602108001708984e+00 -5.031207084655761719e+00 -1.548758268356323242e+00
-3.374517440795898438e+00 -4.881636142730712891e+00 -5.835908651351928711e-01
-1.441719770431518555e+00 -4.994444847106933594e+00 -2.383524030447006226e-01
-7.379468917846679688e+00 -3.213809251785278320e+00 2.312977552413940430e+00
-5.355610370635986328e+00 -3.513185739517211914e+00 1.279111266136169434e+00
-3.860974788665771484e+00 -5.067863464355468750e+00 -2.137235641479492188e+00
-7.304516315460205078e+00 -4.796158313751220703e+00 -1.626870512962341309e+00
-6.308068752288818359e+00 -5.166377544403076172e+00 -2.786996126174926758e+00
-3.739100694656372070e+00 -4.414207458496093750e+00 1.338685303926467896e-01
-4.768353462219238281e+00 -7.278874397277832031e+00 -5.294964790344238281e+00
-4.546043872833251953e+00 -6.497834682464599609e+00 -4.091308116912841797e+00
-2.280580282211303711e+00 -7.655721187591552734e+00 -6.417037963867187500e+00
-2.885125160217285156e+00 -7.167631626129150391e+00 -5.067253589630126953e+00
-2.214820384979248047e+00 -7.177574634552001953e+00 -5.299108982086181641e+00
-1.356854677200317383e+00 -6.801807403564453125e+00 -5.044514179229736328e+00
-2.780293226242065430e+00 -6.776761054992675781e+00 -4.440109729766845703e+00
-5.267892360687255859e+00 -6.850377082824707031e+00 -4.679136753082275391e+00
-6.154029846191406250e+00 -7.666810989379882812e+00 -6.742201805114746094e+00
-8.704501152038574219e+00 -6.651033878326416016e+00 -6.455073356628417969e+00
-1.418769955635070801e+00 -4.981796264648437500e+00 -1.836643576622009277e+00
-9.367913603782653809e-01 -5.042540550231933594e+00 -2.277678728103637695e+00
-2.242555141448974609e+00 -5.125081539154052734e+00 -2.023837566375732422e+00
-3.533558547496795654e-01 -5.087152004241943359e+00 -1.198746919631958008e+00
6.282238960266113281e-01 -4.617404460906982422e+00 -1.599112749099731445e+00
-8.159214258193969727e-01 -5.404049396514892578e+00 -3.021266460418701172e+00
-9.653761982917785645e-03 -5.500046730041503906e+00 -3.345649480819702148e+00
6.044470071792602539e-01 -4.764353275299072266e+00 -2.126496553421020508e+00
-9.515499114990234375e+00 -4.813807487487792969e+00 -2.044683456420898438e+00
-9.939990043640136719e+00 -4.890856742858886719e+00 -4.680280208587646484e+00
-9.351774215698242188e+00 -5.581326961517333984e+00 -3.831308603286743164e+00
-1.019581031799316406e+01 -3.759927511215209961e+00 -3.288160324096679688e+00
-1.031945037841796875e+01 -3.586079120635986328e+00 -4.715898513793945312e+00
-9.120000839233398438e+00 -4.087719917297363281e+00 3.094929754734039307e-01
-9.781091690063476562e+00 -4.174508094787597656e+00 -1.408306717872619629e+00
-9.820357322692871094e+00 -3.231992244720458984e+00 -2.796615660190582275e-01
-9.599071502685546875e+00 -2.927518129348754883e+00 9.028715491294860840e-01
-9.113173484802246094e+00 -2.723290681838989258e+00 2.168237447738647461e+00
-9.278612136840820312e+00 -1.630892395973205566e+00 1.270038962364196777e+00
-1.017296218872070312e+01 -2.695221900939941406e+00 -2.523608684539794922e+00
-1.009733772277832031e+01 -1.609212398529052734e+00 -2.652481794357299805e+00
-9.464525222778320312e+00 -1.293915987014770508e+00 -8.878614306449890137e-01
-7.936905860900878906e+00 -4.188013970851898193e-01 -6.465344429016113281e-01
-1.006297206878662109e+01 -4.635337829589843750e+00 -5.545669555664062500e+00
-1.034763813018798828e+01 -3.652212619781494141e+00 -5.425108909606933594e+00
-1.053326511383056641e+01 -2.257891178131103516e+00 -5.301495075225830078e+00
-1.059082889556884766e+01 -2.099277496337890625e+00 -5.872079372406005859e+00
-1.008336353302001953e+01 -6.575155258178710938e-01 -5.353894710540771484e+00
-1.058952331542968750e+01 -2.844164133071899414e+00 -7.962211132049560547e+00
-1.071119403839111328e+01 -1.947924971580505371e+00 -8.887718200683593750e+00
-1.060115337371826172e+01 -8.119345307350158691e-01 -8.517287254333496094e+00
-9.951349258422851562e+00 -3.312301039695739746e-01 -6.705961227416992188e+00
-8.382483482360839844e+00 -2.025832384824752808e-01 -2.253717899322509766e+00
-6.926826000213623047e+00 1.702326774597167969e+00 -3.687501668930053711e+00
-9.016378402709960938e+00 3.862186670303344727e-01 -6.202933788299560547e+00
-7.575906753540039062e+00 1.439475178718566895e+00 -4.988884925842285156e+00
1.320960521697998047e+01 -5.526746273040771484e+00 4.485889911651611328e+00
1.354269790649414062e+01 -6.172966480255126953e+00 7.517573833465576172e-01
1.303948879241943359e+01 -5.986144065856933594e+00 1.429656267166137695e+00
1.491090869903564453e+01 -5.902463912963867188e+00 1.916211843490600586e+00
1.474944591522216797e+01 -5.048319816589355469e+00 3.046825647354125977e+00
1.195659828186035156e+01 -5.650812149047851562e+00 2.696348190307617188e+00
4.423833847045898438e+00 -1.119250059127807617e+00 4.894223690032958984e+00
5.300361633300781250e+00 -7.520292401313781738e-01 6.022660732269287109e+00
6.640649795532226562e+00 -4.826844692230224609e+00 -1.671579003334045410e+00
8.898546218872070312e+00 -6.245615959167480469e+00 -1.250489950180053711e+00
8.115062713623046875e+00 -6.155981540679931641e+00 -1.094851970672607422e+00
7.442543506622314453e+00 -6.235775470733642578e+00 -5.083758234977722168e-01
2.551667451858520508e+00 -5.423185825347900391e+00 4.034259021282196045e-01
4.289217948913574219e+00 -4.697156429290771484e+00 -1.500677824020385742e+00
5.160738945007324219e+00 -5.087682247161865234e+00 -1.175368309020996094e+00
2.301999330520629883e+00 -4.284917354583740234e+00 -1.263608694076538086e+00
4.109502792358398438e+00 -4.727826118469238281e+00 -1.281432151794433594e+00
5.104910373687744141e+00 -5.565143108367919922e+00 2.101389467716217041e-01
5.800784111022949219e+00 -5.963832855224609375e+00 -6.212953329086303711e-01
3.092842817306518555e+00 -5.490908145904541016e+00 -5.921708345413208008e-01
9.444988250732421875e+00 -5.128955364227294922e+00 3.034663677215576172e+00
9.990354537963867188e+00 -4.675817012786865234e+00 4.809003829956054688e+00
9.938762664794921875e+00 -4.823730945587158203e+00 4.209820747375488281e+00
8.689707756042480469e+00 -3.950853586196899414e+00 5.259565353393554688e+00
8.921581268310546875e+00 -4.915596008300781250e+00 3.114753484725952148e+00
9.017295837402343750e+00 -5.883263111114501953e+00 1.405213356018066406e+00
8.673968315124511719e+00 -6.072562217712402344e+00 9.263795018196105957e-01
5.526893615722656250e+00 -1.236351251602172852e+00 3.997831821441650391e+00
6.165024280548095703e+00 -3.655060768127441406e+00 2.378154039382934570e+00
5.590699195861816406e+00 -3.948553085327148438e+00 1.861054182052612305e+00
4.517009258270263672e+00 -1.871207594871520996e+00 3.054605722427368164e+00
4.617916584014892578e+00 -1.447706937789916992e+00 3.695646762847900391e+00
6.899147987365722656e+00 -2.373277902603149414e+00 4.272015571594238281e+00
6.707126140594482422e+00 -1.812470793724060059e+00 5.471697330474853516e+00
6.536592006683349609e+00 -5.440123081207275391e+00 9.252185821533203125e-01
1.207041549682617188e+01 -4.203956604003906250e+00 5.837860107421875000e+00
1.376720142364501953e+01 -4.574055671691894531e+00 4.502185821533203125e+00
1.258873558044433594e+01 -3.370565176010131836e+00 4.817321777343750000e+00
1.345851230621337891e+01 -3.298406600952148438e+00 3.166242599487304688e+00
7.842681407928466797e+00 -2.775229692459106445e+00 6.622901916503906250e+00
7.430438995361328125e+00 -2.303697586059570312e+00 6.584976196289062500e+00
4.258037567138671875e+00 -4.037750363349914551e-01 6.759027004241943359e+00
9.663803100585937500e+00 -4.003141403198242188e+00 6.411958694458007812e+00
1.044505977630615234e+01 -2.712663888931274414e+00 6.435977458953857422e+00
1.079627704620361328e+01 -2.316449642181396484e+00 5.484561920166015625e+00
8.723130226135253906e+00 -1.354088425636291504e+00 6.428138256072998047e+00
9.065633773803710938e+00 -1.047543644905090332e+00 5.449370861053466797e+00
1.112006473541259766e+01 -2.111344337463378906e+00 4.501450538635253906e+00
1.146613121032714844e+01 -1.820607066154479980e+00 3.511801719665527344e+00
6.672422409057617188e+00 -1.304352998733520508e+00 6.334962844848632812e+00
7.814012050628662109e+00 -7.506892681121826172e-01 6.342423439025878906e+00
7.086365222930908203e+00 1.869958490133285522e-01 5.794149398803710938e+00
6.314812660217285156e+00 -6.330080330371856689e-02 6.092525959014892578e+00
5.711775302886962891e+00 1.031051278114318848e+00 5.591400623321533203e+00
8.134003639221191406e+00 3.992164433002471924e-01 4.505640983581542969e+00
5.775099277496337891e+00 2.168497085571289062e+00 4.185215950012207031e+00
6.182226181030273438e+00 2.289977550506591797e+00 3.732472181320190430e+00
-2.132615804672241211e+00 -2.798462390899658203e+00 3.777692556381225586e+00
-1.523526668548583984e+00 -3.801607131958007812e+00 1.665166497230529785e+00
-1.477650761604309082e+00 -4.650846958160400391e+00 3.903921246528625488e-01
-1.618571043014526367e+00 -2.863413810729980469e+00 3.497791290283203125e+00
-2.483402341604232788e-01 -2.660032272338867188e+00 2.373536109924316406e+00
-5.071996212005615234e+00 -3.477926731109619141e+00 1.471318721771240234e+00
-4.359323024749755859e+00 -3.316152572631835938e+00 2.205523252487182617e+00
-5.805105209350585938e+00 -2.599885463714599609e+00 3.395672082901000977e+00
-5.278905868530273438e+00 -3.019770145416259766e+00 2.539138793945312500e+00
-4.094585895538330078e+00 -2.828018188476562500e+00 3.384726762771606445e+00
-2.757854938507080078e+00 -1.622006654739379883e+00 4.885389328002929688e+00
-5.653428077697753906e+00 -1.270191311836242676e+00 4.709667682647705078e+00
-5.349880695343017578e+00 -7.390944957733154297e-01 4.908990383148193359e+00
2.531827211380004883e+00 -1.706909656524658203e+00 3.642067193984985352e+00
1.366073846817016602e+00 -8.890705704689025879e-01 4.120171070098876953e+00
-6.701137125492095947e-02 -1.189258456230163574e+00 3.653795957565307617e+00
1.083533287048339844e+00 -3.199779987335205078e-01 4.654176235198974609e+00
2.515909194946289062e+00 -1.052645683288574219e+00 5.248939514160156250e+00
3.531342267990112305e+00 -5.712915658950805664e-01 6.578347682952880859e+00
1.113821268081665039e+00 7.656311392784118652e-01 5.378384590148925781e+00
-3.225238323211669922e+00 -1.391157865524291992e+00 5.012998104095458984e+00
-4.244631290435791016e+00 2.990067899227142334e-01 5.009952545166015625e+00
-2.749869823455810547e+00 5.651260018348693848e-01 5.136375427246093750e+00
-1.170353174209594727e+00 1.616192817687988281e+00 4.405798912048339844e+00
-3.887818098068237305e+00 1.018987059593200684e+00 4.047773361206054688e+00
-3.825258731842041016e+00 1.423538327217102051e+00 2.889656543731689453e+00
-1.796454191207885742e-01 -5.102423191070556641e+00 -8.151534199714660645e-02
2.951687276363372803e-01 -4.959760665893554688e+00 -1.171597018837928772e-01
8.121894001960754395e-01 -4.967085361480712891e+00 3.042770177125930786e-02
1.643258333206176758e+00 -3.801566839218139648e+00 1.412327647209167480e+00
1.479426622390747070e+00 -5.001090049743652344e+00 5.777300596237182617e-01
1.620500445365905762e+00 -3.762953758239746094e+00 -1.362672209739685059e+00
1.884538054466247559e+00 -2.622335672378540039e+00 2.342379808425903320e+00
2.300798654556274414e+00 1.464157104492187500e+00 5.476090431213378906e+00
2.876079320907592773e+00 2.447215557098388672e+00 4.172473907470703125e+00
2.599883317947387695e+00 2.952598571777343750e+00 2.989551782608032227e+00
-8.663139343261718750e-01 2.483300924301147461e+00 2.614757299423217773e+00
-6.661431193351745605e-01 1.951244354248046875e+00 4.172473430633544922e+00
5.673603415489196777e-01 2.555888414382934570e+00 3.236407756805419922e+00
-1.730062961578369141e+00 3.175586462020874023e+00 1.082300916314125061e-01
-7.586529731750488281e+00 -2.464299917221069336e+00 3.559373617172241211e+00
-7.328650951385498047e+00 -1.428164362907409668e+00 4.220467567443847656e+00
-7.960015296936035156e+00 -8.165831565856933594e-01 2.908412694931030273e+00
-6.811016082763671875e+00 -1.164330959320068359e+00 4.464193344116210938e+00
-7.015943527221679688e+00 -3.696545064449310303e-01 3.060817241668701172e+00
-6.420090198516845703e+00 1.883538663387298584e-01 1.420696616172790527e+00
-6.219370365142822266e+00 1.388483047485351562e-01 2.391492843627929688e+00
-6.925069332122802734e+00 2.277725338935852051e-01 -8.143284320831298828e-01
-3.745716333389282227e+00 1.650800704956054688e+00 1.846608161926269531e+00
-5.362371444702148438e+00 2.014986276626586914e+00 -1.993173956871032715e+00
-3.647758007049560547e+00 3.034511804580688477e+00 -1.669487714767456055e+00
3.397328376770019531e+00 6.797920465469360352e-01 6.355224609375000000e+00
2.989235162734985352e+00 1.730067133903503418e+00 5.273715019226074219e+00
3.837707042694091797e+00 2.094902515411376953e+00 4.725340366363525391e+00
4.529608249664306641e+00 2.593169927597045898e+00 3.682866096496582031e+00
3.873570919036865234e+00 3.118296384811401367e+00 2.918100357055664062e+00
7.749840259552001953e+00 -4.896790027618408203e+00 -3.962664365768432617e+00
2.373673677444458008e+00 -5.071680068969726562e+00 -3.053407430648803711e+00
5.487874507904052734e+00 -4.729692459106445312e+00 -2.524641752243041992e+00
6.312005519866943359e+00 -4.679610729217529297e+00 -2.972069501876831055e+00
3.028952836990356445e+00 -5.008627891540527344e+00 -2.935137271881103516e+00
2.088496208190917969e+00 -5.930929183959960938e+00 -5.250709056854248047e+00
2.624366521835327148e+00 -5.810376167297363281e+00 -6.252831935882568359e+00
3.886748075485229492e+00 -5.143629550933837891e+00 -5.597249031066894531e+00
5.916098117828369141e+00 -4.819544792175292969e+00 -3.730508089065551758e+00
7.149456024169921875e+00 -4.962148189544677734e+00 -4.067864418029785156e+00
2.441609621047973633e+00 -5.621799945831298828e+00 -8.458430290222167969e+00
8.308581352233886719e+00 -4.990942001342773438e+00 -6.006411552429199219e+00
3.297058343887329102e+00 -5.332946777343750000e+00 -7.115195274353027344e+00
3.710383892059326172e+00 -4.724116325378417969e+00 -7.898279666900634766e+00
6.281958580017089844e+00 -5.080687046051025391e+00 -5.375812530517578125e+00
7.398161888122558594e+00 -4.942368507385253906e+00 -6.329260349273681641e+00
5.871974468231201172e+00 -4.184844493865966797e+00 -7.249987602233886719e+00
7.525973320007324219e+00 -4.037749290466308594e+00 -7.364766120910644531e+00
5.585933208465576172e+00 -3.867987632751464844e+00 -7.628373622894287109e+00
5.158294677734375000e+00 -2.841145515441894531e+00 -8.643659591674804688e+00
5.233736991882324219e+00 -2.081711053848266602e+00 -8.898490905761718750e+00
-3.349292755126953125e+00 -7.971078872680664062e+00 -1.205596065521240234e+01
-3.131186246871948242e+00 -8.215189933776855469e+00 -1.051676177978515625e+01
-3.961199522018432617e+00 -7.544716835021972656e+00 -1.315918540954589844e+01
-1.580752849578857422e+00 -6.565142631530761719e+00 -1.324300670623779297e+01
-3.556547880172729492e+00 -6.335364818572998047e+00 -1.445955467224121094e+01
-3.374934673309326172e+00 -5.282116413116455078e+00 -1.519201278686523438e+01
-6.631136417388916016e+00 -6.538172245025634766e+00 -1.317161750793457031e+01
-7.072126388549804688e+00 -6.214662551879882812e+00 -1.318976783752441406e+01
-7.757993221282958984e+00 -5.235142230987548828e+00 -1.367750740051269531e+01
-5.719632148742675781e+00 -7.133394241333007812e+00 -1.307805538177490234e+01
-8.473366737365722656e+00 -5.367370605468750000e+00 -1.256494808197021484e+01
-7.363277912139892578e+00 -4.567466259002685547e+00 -1.457546997070312500e+01
-4.151144027709960938e+00 -5.536647319793701172e+00 -1.502879905700683594e+01
-5.994470119476318359e+00 -4.382681369781494141e+00 -1.525611305236816406e+01
-2.711244344711303711e+00 -5.389180183410644531e+00 -1.501357650756835938e+01
-2.177345514297485352e+00 -4.297098636627197266e+00 -1.536945533752441406e+01
-3.722528219223022461e+00 -3.717640876770019531e+00 -1.575157928466796875e+01
-2.791168689727783203e+00 -3.188659667968750000e+00 -1.571458339691162109e+01
-4.989622116088867188e+00 -2.650219917297363281e+00 -1.593898868560791016e+01
-3.921076774597167969e+00 -1.506053686141967773e+00 -1.593425178527832031e+01
-9.299983024597167969e+00 -4.443990707397460938e+00 -1.222334861755371094e+01
-8.933765411376953125e+00 -4.004594326019287109e+00 -1.344783115386962891e+01
-9.910635948181152344e+00 -2.865952014923095703e+00 -1.234875965118408203e+01
-1.040050792694091797e+01 -1.442113161087036133e+00 -1.152038574218750000e+01
-8.548598289489746094e+00 -3.352308511734008789e+00 -1.436270046234130859e+01
-7.691695690155029297e+00 -2.969235897064208984e+00 -1.519976329803466797e+01
-9.821770668029785156e+00 -9.277377724647521973e-01 -1.328419780731201172e+01
-9.375340461730957031e+00 -3.306294083595275879e-01 -1.420507907867431641e+01
-8.487557411193847656e+00 -9.539521932601928711e-01 -1.507453632354736328e+01
-7.135224342346191406e+00 1.578790098428726196e-01 -1.576999950408935547e+01
-7.627245426177978516e+00 8.117347359657287598e-01 -1.553643035888671875e+01
-1.522003889083862305e+00 -7.556698799133300781e+00 -6.888638973236083984e+00
-4.213055968284606934e-01 -7.157466888427734375e+00 -8.631951332092285156e+00
7.315856218338012695e-02 -6.569967746734619141e+00 -5.590141296386718750e+00
6.188108325004577637e-01 -6.686743736267089844e+00 -6.757272243499755859e+00
-2.399282902479171753e-01 -6.931325435638427734e+00 -9.611008644104003906e+00
-5.014232173562049866e-02 -5.896018981933593750e+00 -1.240259456634521484e+01
1.351743221282958984e+00 -6.390321731567382812e+00 -6.419381141662597656e+00
2.020381450653076172e+00 -5.953342914581298828e+00 -8.191405296325683594e+00
-7.597001791000366211e-01 -5.088640689849853516e+00 -1.430468559265136719e+01
1.025150299072265625e+00 -4.963644504547119141e+00 -1.243852615356445312e+01
-1.229842901229858398e+00 -3.741309165954589844e+00 -1.520432949066162109e+01
-1.917786598205566406e-01 -3.008462429046630859e+00 -1.486043930053710938e+01
1.959848403930664062e+00 -5.053848266601562500e+00 -1.069787502288818359e+01
-1.087758541107177734e+00 -2.406611204147338867e+00 -1.528230094909667969e+01
-1.306678414344787598e+00 -1.698683619499206543e+00 -1.534222793579101562e+01
2.141804218292236328e+00 -3.536831617355346680e+00 -1.149295711517333984e+01
8.845025300979614258e-01 -1.870764017105102539e+00 -1.348742675781250000e+01
7.968607544898986816e-01 -1.145032882690429688e+00 -1.333474349975585938e+01
-2.606913805007934570e+00 -1.780392050743103027e+00 -1.569778537750244141e+01
-2.676151990890502930e+00 -8.113062977790832520e-01 -1.564075851440429688e+01
-5.084647178649902344e+00 4.518868625164031982e-01 -1.588806343078613281e+01
-2.885921001434326172e+00 1.006394743919372559e+00 -1.536905097961425781e+01
-2.164498567581176758e+00 1.173420906066894531e+00 -1.512515640258789062e+01
-4.981799721717834473e-01 1.148914217948913574e+00 -1.389045810699462891e+01
-2.882066488265991211e+00 2.078805923461914062e+00 -1.503705310821533203e+01
-2.466359615325927734e+00 2.787544488906860352e+00 -1.464708518981933594e+01
2.702325582504272461e+00 -3.967716693878173828e+00 -1.033713245391845703e+01
3.519554138183593750e+00 -2.611076593399047852e+00 -1.011229705810546875e+01
3.012074232101440430e+00 -1.848997235298156738e+00 -1.085368156433105469e+01
9.634721875190734863e-01 -2.823495268821716309e-01 -1.281354522705078125e+01
1.482272863388061523e+00 5.717105697840452194e-03 -1.211078262329101562e+01
2.348114728927612305e+00 -2.194237709045410156e-01 -1.122766685485839844e+01
1.080574631690979004e+00 4.162148237228393555e-01 -1.233621215820312500e+01
-1.051129817962646484e+01 -9.675477743148803711e-01 -1.099456977844238281e+01
-9.968001365661621094e+00 6.833033561706542969e-01 -1.292181777954101562e+01
-1.030311965942382812e+01 -1.743616722524166107e-02 -1.048691654205322266e+01
-1.007263278961181641e+01 -1.218974143266677856e-01 -9.024640083312988281e+00
-9.726544380187988281e+00 5.417467355728149414e-01 -1.002745246887207031e+01
-9.963749885559082031e+00 9.207206368446350098e-01 -1.155244159698486328e+01
-9.433000564575195312e+00 2.029707431793212891e+00 -1.278474044799804688e+01
-8.822126388549804688e+00 1.395676970481872559e+00 -9.340947151184082031e+00
-8.416796684265136719e+00 2.394604682922363281e+00 -1.037575531005859375e+01
-8.197154045104980469e+00 1.156318187713623047e+00 -6.071061134338378906e+00
-7.959901809692382812e+00 1.591292738914489746e+00 -7.152364730834960938e+00
-8.282148361206054688e+00 1.878999233245849609e+00 -8.737998962402343750e+00
-7.899899482727050781e+00 2.546351194381713867e+00 -9.732581138610839844e+00
-6.297106266021728516e+00 2.699056386947631836e+00 -7.679069042205810547e+00
-6.213941097259521484e+00 3.008339405059814453e+00 -8.162090301513671875e+00
-8.635614395141601562e+00 2.198681592941284180e+00 -1.429162025451660156e+01
-8.036636352539062500e+00 2.226284265518188477e+00 -1.473167991638183594e+01
-7.636855602264404297e+00 3.436513662338256836e+00 -1.351313781738281250e+01
-6.656130790710449219e+00 4.259718894958496094e+00 -1.313860702514648438e+01
-6.100116252899169922e+00 1.891036152839660645e+00 -1.547634506225585938e+01
-5.845062255859375000e+00 2.181476116180419922e+00 -1.532683944702148438e+01
-5.171341896057128906e+00 3.964300632476806641e+00 -1.412220096588134766e+01
-4.615747451782226562e+00 3.958279132843017578e+00 -1.424974822998046875e+01
-5.867941379547119141e+00 3.766258001327514648e+00 -1.412505149841308594e+01
-8.273293495178222656e+00 3.278500556945800781e+00 -1.224823760986328125e+01
-6.244196414947509766e+00 4.411539077758789062e+00 -1.238197326660156250e+01
-5.557132244110107422e+00 4.380845069885253906e+00 -1.074398612976074219e+01
-3.389430761337280273e+00 4.232008457183837891e+00 -1.348912143707275391e+01
-3.171421051025390625e+00 4.294399261474609375e+00 -1.287125968933105469e+01
-5.220933914184570312e+00 4.432976722717285156e+00 -1.222009754180908203e+01
-4.469713211059570312e+00 4.633769512176513672e+00 -1.232703971862792969e+01
-3.217551231384277344e+00 4.684888839721679688e+00 -1.144400596618652344e+01
-4.958981513977050781e+00 4.785171985626220703e+00 -1.084897136688232422e+01
-3.796411514282226562e+00 4.891407012939453125e+00 -1.117214584350585938e+01
-6.641008377075195312e+00 3.681877851486206055e+00 -1.050196552276611328e+01
-5.932381153106689453e+00 3.623884677886962891e+00 -9.034443855285644531e+00
3.057238817214965820e+00 -1.916770935058593750e-01 -1.030256843566894531e+01
-1.394833922386169434e-01 1.527529835700988770e+00 -1.287803077697753906e+01
-2.114997148513793945e+00 3.220031499862670898e+00 -1.359569072723388672e+01
9.952011108398437500e-01 8.005388379096984863e-01 -1.168990325927734375e+01
-1.054705739021301270e+00 2.883293628692626953e+00 -1.233901786804199219e+01
-2.714395523071289062e+00 3.844707965850830078e+00 -1.327127075195312500e+01
-1.650633573532104492e+00 3.645835399627685547e+00 -1.187602138519287109e+01
1.141179275512695312e+01 -6.519999027252197266e+00 -3.372706890106201172e+00
1.331042480468750000e+01 -6.651566982269287109e+00 -1.733585834503173828e+00
1.116297245025634766e+01 -6.442524433135986328e+00 -8.385236263275146484e-01
1.095631217956542969e+01 -6.465415954589843750e+00 -2.593846559524536133e+00
1.431949520111083984e+01 -6.927549362182617188e+00 -5.021450519561767578e+00
1.196002769470214844e+01 -6.588216304779052734e+00 -3.975575208663940430e+00
1.266692543029785156e+01 -6.564052581787109375e+00 -5.470736026763916016e+00
1.312213039398193359e+01 -6.853934288024902344e+00 -3.664816856384277344e+00
1.560076713562011719e+01 -6.971913814544677734e+00 -3.597873210906982422e+00
1.600437927246093750e+01 -5.901613235473632812e+00 -4.179292678833007812e+00
1.623098754882812500e+01 -6.408767223358154297e+00 -1.186177611351013184e+00
1.636164283752441406e+01 -5.609375000000000000e+00 -2.064961671829223633e+00
1.457042598724365234e+01 -6.508944511413574219e+00 4.205996915698051453e-02
1.479911422729492188e+01 -6.887050151824951172e+00 -1.555167794227600098e+00
1.536321353912353516e+01 -6.132277011871337891e+00 9.503165483474731445e-01
1.478960514068603516e+01 -4.005753993988037109e+00 1.979930877685546875e+00
1.515817546844482422e+01 -4.120994091033935547e+00 8.779787421226501465e-01
1.435009574890136719e+01 -3.261140823364257812e+00 1.043485045433044434e+00
1.579076290130615234e+01 -4.845450878143310547e+00 -3.362433671951293945e+00
1.522517013549804688e+01 -3.975839853286743164e+00 -2.579381465911865234e+00
1.521441745758056641e+01 -3.887182235717773438e+00 -1.017198681831359863e+00
1.494964790344238281e+01 -3.567361116409301758e+00 -1.515359640121459961e+00
1.427867031097412109e+01 -2.822877645492553711e+00 -8.763177394866943359e-01
1.377505397796630859e+01 -6.729912281036376953e+00 -6.240051746368408203e+00
1.521114444732666016e+01 -5.927844047546386719e+00 -6.539828777313232422e+00
1.233643341064453125e+01 -6.446154594421386719e+00 -6.653797149658203125e+00
1.287658500671386719e+01 -5.904962062835693359e+00 -7.440159797668457031e+00
1.587187194824218750e+01 -5.806782245635986328e+00 -5.634691715240478516e+00
1.555682563781738281e+01 -5.059476375579833984e+00 -5.929274559020996094e+00
1.498953723907470703e+01 -4.389505863189697266e+00 -5.539070129394531250e+00
1.321412086486816406e+01 -5.510308742523193359e+00 -7.295137882232666016e+00
1.259136486053466797e+01 -4.958640575408935547e+00 -6.605105876922607422e+00
1.345207977294921875e+01 -4.467535495758056641e+00 -6.089174747467041016e+00
1.358252143859863281e+01 -3.362633943557739258e+00 -4.942659854888916016e+00
1.496102142333984375e+01 -3.686808824539184570e+00 -2.815109968185424805e+00
1.488004302978515625e+01 -3.711122274398803711e+00 -4.500983238220214844e+00
1.432456016540527344e+01 -2.878697633743286133e+00 -3.744826316833496094e+00
1.014338493347167969e+01 -5.993523597717285156e+00 -2.743119955062866211e+00
6.980802536010742188e+00 -4.735730648040771484e+00 -2.370319604873657227e+00
7.268001556396484375e+00 -4.806678771972656250e+00 -1.943616509437561035e+00
6.833323955535888672e+00 -4.685389041900634766e+00 -2.932902097702026367e+00
1.046476078033447266e+01 -6.284031867980957031e+00 -2.341681480407714844e+00
8.998418807983398438e+00 -5.509642601013183594e+00 -1.940796613693237305e+00
7.940058708190917969e+00 -5.072381019592285156e+00 -1.578339934349060059e+00
9.580819129943847656e+00 -5.519848823547363281e+00 -3.434671163558959961e+00
9.933503150939941406e+00 -5.541848182678222656e+00 -4.660892963409423828e+00
8.317114830017089844e+00 -4.977692604064941406e+00 -3.958722591400146484e+00
1.352707386016845703e+01 -2.134479761123657227e+00 -1.222980301827192307e-02
1.216733074188232422e+01 -8.189661502838134766e-01 -1.014271020889282227e+00
1.093903446197509766e+01 -5.958807945251464844e+00 -5.490993976593017578e+00
1.100176715850830078e+01 -5.416981220245361328e+00 -6.023287773132324219e+00
9.577442169189453125e+00 -5.068219184875488281e+00 -5.191360473632812500e+00
1.169181823730468750e+01 -4.693716049194335938e+00 -6.164246559143066406e+00
9.165979385375976562e+00 -4.318658351898193359e+00 -6.405269145965576172e+00
1.038320922851562500e+01 -3.536409139633178711e+00 -5.857226848602294922e+00
1.244500541687011719e+01 -3.674124479293823242e+00 -5.446469306945800781e+00
1.063205242156982422e+01 -3.191373825073242188e+00 -5.659670352935791016e+00
1.066396331787109375e+01 -2.258672237396240234e+00 -5.254484176635742188e+00
8.534498214721679688e+00 -3.683201551437377930e+00 -7.023647785186767578e+00
9.041207313537597656e+00 -3.081074237823486328e+00 -6.558615684509277344e+00
8.053264617919921875e+00 -2.029582023620605469e+00 -6.902252674102783203e+00
1.040272903442382812e+01 -1.594309091567993164e+00 -5.112564086914062500e+00
8.255567550659179688e+00 -1.701631426811218262e+00 -6.637779235839843750e+00
8.748589515686035156e+00 -4.771701693534851074e-01 -5.843662738800048828e+00
7.282633781433105469e+00 -1.622524708509445190e-01 -6.915893077850341797e+00
1.324107742309570312e+01 -2.109726667404174805e+00 -4.053036689758300781e+00
1.340916156768798828e+01 -1.658391833305358887e+00 -1.919966101646423340e+00
1.317843341827392578e+01 -1.315396904945373535e+00 -3.137624740600585938e+00
1.234009647369384766e+01 -4.721284806728363037e-01 -2.215674877166748047e+00
1.201816654205322266e+01 -1.368978321552276611e-01 -2.825293779373168945e+00
1.239172744750976562e+01 -1.907995462417602539e+00 -4.356887340545654297e+00
1.120350360870361328e+01 -1.220654487609863281e+00 -4.490636825561523438e+00
1.148198318481445312e+01 -5.681946277618408203e-01 -3.866816520690917969e+00
1.014563274383544922e+01 1.526031613349914551e+00 -1.736223697662353516e+00
9.280449867248535156e+00 2.357514619827270508e+00 -2.880885839462280273e+00
9.335701942443847656e+00 2.305873870849609375e+00 -3.355708122253417969e+00
8.573096275329589844e+00 2.927271127700805664e+00 -2.369030714035034180e+00
1.020901012420654297e+01 -9.055521488189697266e-01 -5.001822948455810547e+00
1.064744663238525391e+01 3.038365840911865234e-01 -4.125101089477539062e+00
8.368531227111816406e+00 1.321942806243896484e-01 -5.856074333190917969e+00
7.018155574798583984e+00 9.864360690116882324e-01 -6.428393363952636719e+00
1.386240291595458984e+01 -3.335814237594604492e+00 2.573899507522583008e+00
1.244344520568847656e+01 -2.309628486633300781e+00 2.887260913848876953e+00
1.126077079772949219e+01 -7.273665070533752441e-01 1.434060692787170410e+00
1.143053054809570312e+01 -5.808562040328979492e-01 2.892311215400695801e-01
9.969305992126464844e+00 -2.872154712677001953e-01 3.095695257186889648e+00
8.865045547485351562e+00 1.058651924133300781e+00 2.612926721572875977e+00
9.436964035034179688e+00 7.562197446823120117e-01 2.082376241683959961e+00
7.343363285064697266e+00 2.104628562927246094e+00 2.975672483444213867e+00
7.170872211456298828e+00 2.752480506896972656e+00 1.834174394607543945e+00
9.800176620483398438e+00 9.591333270072937012e-01 3.595808744430541992e-01
1.001943111419677734e+01 1.316378593444824219e+00 -9.888622164726257324e-01
8.002223014831542969e+00 2.675136089324951172e+00 4.284050464630126953e-01
3.349039793014526367e+00 4.273354053497314453e+00 -3.480489552021026611e-01
6.216660499572753906e+00 3.541467189788818359e+00 2.725498378276824951e-01
5.475261688232421875e+00 4.030018806457519531e+00 -2.227309226989746094e+00
3.669557332992553711e+00 4.386878490447998047e+00 -6.867151856422424316e-01
2.844863176345825195e+00 3.817461967468261719e+00 -2.456457614898681641e+00
2.959110736846923828e+00 3.508451461791992188e+00 -3.328513145446777344e+00
-9.869660735130310059e-01 3.793259143829345703e+00 -7.663598656654357910e-01
2.147968769073486328e+00 3.142458677291870117e+00 -4.385308742523193359e+00
1.012196484953165054e-02 4.162975311279296875e+00 -3.143191814422607422e+00
3.064517676830291748e-01 3.710242033004760742e+00 -4.698031902313232422e+00
2.378450155258178711e+00 3.806101322174072266e+00 -2.566326856613159180e+00
5.102477073669433594e+00 -8.742490410804748535e-01 -8.894219398498535156e+00
2.943759679794311523e+00 3.087834715843200684e-01 -9.607368469238281250e+00
5.065532684326171875e+00 5.087952017784118652e-01 -8.113666534423828125e+00
3.644309282302856445e+00 5.643100142478942871e-01 -8.968913078308105469e+00
2.523987293243408203e+00 5.017036199569702148e-01 -9.800811767578125000e+00
1.546455860137939453e+00 1.849659681320190430e+00 -9.911965370178222656e+00
3.306912779808044434e-01 3.149984121322631836e+00 -9.157320022583007812e+00
1.116439849138259888e-01 3.002505064010620117e+00 -1.045813655853271484e+01
5.657874584197998047e+00 2.808649539947509766e+00 -4.857971668243408203e+00
6.165060997009277344e+00 1.889280676841735840e+00 -6.090088844299316406e+00
4.702728271484375000e+00 2.694000959396362305e+00 -5.245893478393554688e+00
4.800286769866943359e+00 2.389400720596313477e+00 -5.959715366363525391e+00
6.608458995819091797e+00 3.738046169281005859e+00 -2.719721555709838867e+00
6.588495254516601562e+00 1.285979270935058594e+00 -6.428304672241210938e+00
5.716077804565429688e+00 1.672038793563842773e+00 -6.603533267974853516e+00
4.863378047943115234e+00 1.783677697181701660e+00 -7.036972999572753906e+00
2.738111257553100586e+00 2.851051330566406250e+00 -5.061207294464111328e+00
2.817609548568725586e+00 2.090973377227783203e+00 -7.359083175659179688e+00
2.029122352600097656e+00 2.330829381942749023e+00 -6.811288356781005859e+00
9.533974528312683105e-02 3.304130077362060547e+00 -6.271050453186035156e+00
2.720367312431335449e-01 2.961411237716674805e+00 -7.758126258850097656e+00
3.032133579254150391e-01 3.032926082611083984e+00 -8.137286186218261719e+00
-3.297060728073120117e+00 3.399665355682373047e+00 -2.585370063781738281e+00
-5.633586883544921875e+00 3.068876981735229492e+00 -7.730845451354980469e+00
-4.809241771697998047e+00 3.488457679748535156e+00 -7.634700298309326172e+00
-4.258892536163330078e+00 3.354667901992797852e+00 -6.673763275146484375e+00
-2.167356491088867188e+00 3.286242246627807617e+00 -2.306385785341262817e-01
-1.889577984809875488e+00 3.751518487930297852e+00 -1.354758143424987793e+00
-1.527451753616333008e+00 4.096746921539306641e+00 -2.469280958175659180e+00
-1.353799581527709961e+00 4.394206047058105469e+00 -3.693565368652343750e+00
-1.183139443397521973e+00 4.402227878570556641e+00 -4.987358093261718750e+00
-4.801237106323242188e+00 4.082577228546142578e+00 -8.504793167114257812e+00
-4.506136894226074219e+00 4.558584690093994141e+00 -9.024757385253906250e+00
-1.981495618820190430e+00 4.463706493377685547e+00 -7.511167526245117188e+00
-3.350590705871582031e+00 4.462207317352294922e+00 -8.331748962402343750e+00
-1.541688561439514160e+00 3.653723001480102539e+00 -1.119919204711914062e+01
-1.229148030281066895e+00 3.508431196212768555e+00 -1.106344890594482422e+01
-3.828896284103393555e+00 4.854602336883544922e+00 -1.070499229431152344e+01
-2.048480987548828125e+00 4.182544708251953125e+00 -9.850569725036621094e+00
-3.120477497577667236e-01 3.481661796569824219e+00 -9.966523170471191406e+00
-2.160210847854614258e+00 4.560552597045898438e+00 -6.120351791381835938e+00
5.277080535888671875e+00 3.159678220748901367e+00 2.317223787307739258e+00
6.051195144653320312e+00 3.170882225036621094e+00 1.780966997146606445e+00
1.965570449829101562e+00 7.041898369789123535e-01 -1.028724193572998047e+01
-5.174046754837036133e-01 2.796063899993896484e+00 -1.161544990539550781e+01
4.413028955459594727e-01 2.525421619415283203e+00 -1.076950073242187500e+01
