1.559417247772216797e+00 -4.936410427093505859e+00 -2.710654735565185547e+00
2.273772478103637695e+00 -4.786505699157714844e+00 -1.916401982307434082e+00
1.512440204620361328e+00 -4.793079376220703125e+00 -2.303249835968017578e+00
-5.068927288055419922e+00 -8.108819961547851562e+00 -7.822150707244873047e+00
-4.999300956726074219e+00 -8.062102317810058594e+00 -1.156780052185058594e+01
-4.185178279876708984e+00 -8.321157455444335938e+00 -9.419482231140136719e+00
-7.270946979522705078e+00 -7.468545436859130859e+00 -7.058773994445800781e+00
-7.775039196014404297e+00 -7.350808143615722656e+00 -7.967080116271972656e+00
-5.692270755767822266e+00 -8.129225730895996094e+00 -9.823622703552246094e+00
-6.220713138580322266e+00 -7.997721672058105469e+00 -9.061482429504394531e+00
-6.480845451354980469e+00 -7.346122264862060547e+00 -1.205446815490722656e+01
-8.411161422729492188e+00 -6.367972850799560547e+00 -1.057590293884277344e+01
-8.334246635437011719e+00 -6.191139698028564453e+00 -1.129440975189208984e+01
-9.642423629760742188e+00 -5.266859531402587891e+00 -8.363087654113769531e+00
-1.005034637451171875e+01 -4.325033187866210938e+00 -8.716392517089843750e+00
-9.587898254394531250e+00 -4.644195079803466797e+00 -1.086718082427978516e+01
-8.220231056213378906e+00 -6.690480709075927734e+00 -5.445346355438232422e+00
-9.067645072937011719e+00 -6.091625690460205078e+00 -4.929984092712402344e+00
-7.968035697937011719e+00 -5.745295524597167969e+00 -3.404618740081787109e+00
-8.496704101562500000e+00 -5.228286743164062500e+00 -2.226358652114868164e+00
-6.958176136016845703e+00 -5.440209388732910156e+00 -3.112536907196044922e+00
-2.593948125839233398e+00 -5.031586170196533203e+00 -1.546333551406860352e+00
-3.374241352081298828e+00 -4.881716728210449219e+00 -5.816890001296997070e-01
-1.441590666770935059e+00 -4.995063304901123047e+00 -2.340510785579681396e-01
-7.378582000732421875e+00 -3.211532831192016602e+00 2.311955928802490234e+00
-5.355025291442871094e+00 -3.511998176574707031e+00 1.278970837593078613e+00
-3.860309362411499023e+00 -5.068112373352050781e+00 -2.136154651641845703e+00
-7.304290294647216797e+00 -4.796229362487792969e+00 -1.626841306686401367e+00
-6.307518482208251953e+00 -5.166656970977783203e+00 -2.786723136901855469e+00
-3.738681793212890625e+00 -4.413705825805664062e+00 1.349815577268600464e-01
-4.767982959747314453e+00 -7.278780460357666016e+00 -5.294779300689697266e+00
-4.545356273651123047e+00 -6.497822284698486328e+00 -4.090918064117431641e+00
-2.280217885971069336e+00 -7.655392646789550781e+00 -6.416971683502197266e+00
-2.884567260742187500e+00 -7.167230606079101562e+00 -5.067229747772216797e+00
-2.214143276214599609e+00 -7.177290916442871094e+00 -5.298922538757324219e+00
-1.356053352355957031e+00 -6.802165508270263672e+00 -5.043491840362548828e+00
-2.779767513275146484e+00 -6.776530742645263672e+00 -4.439664363861083984e+00
-5.267520427703857422e+00 -6.850421905517578125e+00 -4.678916454315185547e+00
-6.153822898864746094e+00 -7.666761875152587891e+00 -6.742019176483154297e+00
-8.704889297485351562e+00 -6.650909423828125000e+00 -6.454642295837402344e+00
-1.417657136917114258e+00 -4.983357429504394531e+00 -1.833102822303771973e+00
-9.355373382568359375e-01 -5.045644760131835938e+00 -2.273666143417358398e+00
-2.241662979125976562e+00 -5.125890254974365234e+00 -2.021188020706176758e+00
-3.526214957237243652e-01 -5.091079235076904297e+00 -1.193138480186462402e+00
6.306675076484680176e-01 -4.625661373138427734e+00 -1.591285943984985352e+00
-8.154462575912475586e-01 -5.404488086700439453e+00 -3.019404172897338867e+00
-8.943232707679271698e-03 -5.502455234527587891e+00 -3.343362331390380859e+00
6.060894727706909180e-01 -4.769511222839355469e+00 -2.121268749237060547e+00
-9.515273094177246094e+00 -4.813662052154541016e+00 -2.044571399688720703e+00
-9.940046310424804688e+00 -4.890693187713623047e+00 -4.679557323455810547e+00
-9.351694107055664062e+00 -5.581369876861572266e+00 -3.830856800079345703e+00
-1.019577503204345703e+01 -3.759884595870971680e+00 -3.287861824035644531e+00
-1.031999301910400391e+01 -3.586004972457885742e+00 -4.715462684631347656e+00
-9.119787216186523438e+00 -4.087077140808105469e+00 3.092778027057647705e-01
-9.780795097351074219e+00 -4.174168109893798828e+00 -1.408327937126159668e+00
-9.820078849792480469e+00 -3.231427907943725586e+00 -2.798592746257781982e-01
-9.598785400390625000e+00 -2.926463603973388672e+00 9.025192856788635254e-01
-9.112387657165527344e+00 -2.721449136734008789e+00 2.167448520660400391e+00
-9.278749465942382812e+00 -1.629550218582153320e+00 1.269437074661254883e+00
-1.017281341552734375e+01 -2.695007085800170898e+00 -2.523627519607543945e+00
-1.009755134582519531e+01 -1.608946323394775391e+00 -2.652602195739746094e+00
-9.464545249938964844e+00 -1.293223857879638672e+00 -8.881351351737976074e-01
-7.936756134033203125e+00 -4.179365634918212891e-01 -6.469035148620605469e-01
-1.006309604644775391e+01 -4.635048866271972656e+00 -5.545276165008544922e+00
-1.034859943389892578e+01 -3.651942491531372070e+00 -5.424685955047607422e+00
-1.053441143035888672e+01 -2.257517576217651367e+00 -5.301489353179931641e+00
-1.059170341491699219e+01 -2.098039150238037109e+00 -5.871921539306640625e+00
-1.008353137969970703e+01 -6.572639346122741699e-01 -5.353984832763671875e+00
-1.058969020843505859e+01 -2.843439579010009766e+00 -7.961997509002685547e+00
-1.071144294738769531e+01 -1.947091817855834961e+00 -8.887232780456542969e+00
-1.060142898559570312e+01 -8.114466667175292969e-01 -8.517579078674316406e+00
-9.951639175415039062e+00 -3.307124674320220947e-01 -6.706542968750000000e+00
-8.382956504821777344e+00 -2.022620588541030884e-01 -2.253818750381469727e+00
-6.925508022308349609e+00 1.701618313789367676e+00 -3.686910390853881836e+00
-9.016231536865234375e+00 3.860882520675659180e-01 -6.203370571136474609e+00
-7.574406147003173828e+00 1.438611268997192383e+00 -4.989000797271728516e+00
1.319985675811767578e+01 -5.035424232482910156e+00 4.254232406616210938e+00
1.355228805541992188e+01 -6.188459396362304688e+00 7.441042661666870117e-01
1.304626464843750000e+01 -5.925794124603271484e+00 1.390050053596496582e+00
1.492004394531250000e+01 -5.846616744995117188e+00 1.907313704490661621e+00
1.478256797790527344e+01 -4.897763252258300781e+00 2.998556852340698242e+00
1.195729827880859375e+01 -5.492787361145019531e+00 2.617184877395629883e+00
4.441610813140869141e+00 -1.026742458343505859e+00 4.911004066467285156e+00
5.334255218505859375e+00 -5.940375924110412598e-01 6.021071434020996094e+00
6.643566131591796875e+00 -4.868632793426513672e+00 -1.664840579032897949e+00
8.903830528259277344e+00 -6.288039207458496094e+00 -1.250024199485778809e+00
8.116989135742187500e+00 -6.199746608734130859e+00 -1.088356971740722656e+00
7.443486690521240234e+00 -6.271361351013183594e+00 -4.952946901321411133e-01
2.548018455505371094e+00 -5.426972866058349609e+00 4.169112145900726318e-01
4.288166046142578125e+00 -4.722492218017578125e+00 -1.483965754508972168e+00
5.159041881561279297e+00 -5.124384880065917969e+00 -1.158590078353881836e+00
2.302628755569458008e+00 -4.296643733978271484e+00 -1.249760866165161133e+00
4.106115341186523438e+00 -4.749760627746582031e+00 -1.259299993515014648e+00
5.101686000823974609e+00 -5.584090232849121094e+00 2.301511764526367188e-01
5.800494194030761719e+00 -5.994302749633789062e+00 -6.030831336975097656e-01
3.088977813720703125e+00 -5.505055904388427734e+00 -5.743945240974426270e-01
9.444730758666992188e+00 -5.095031738281250000e+00 3.018372058868408203e+00
1.005727767944335938e+01 -4.475050926208496094e+00 4.724125862121582031e+00
9.960892677307128906e+00 -4.733020305633544922e+00 4.170202255249023438e+00
8.738103866577148438e+00 -3.850200414657592773e+00 5.214097499847412109e+00
8.924030303955078125e+00 -4.898500919342041016e+00 3.110316514968872070e+00
9.017438888549804688e+00 -5.889290809631347656e+00 1.407650589942932129e+00
8.676134109497070312e+00 -6.098435401916503906e+00 9.322780370712280273e-01
5.533898353576660156e+00 -1.189527511596679688e+00 3.988955736160278320e+00
6.166307926177978516e+00 -3.646546125411987305e+00 2.379647731781005859e+00
5.590903759002685547e+00 -3.947990417480468750e+00 1.868654012680053711e+00
4.520985126495361328e+00 -1.858208894729614258e+00 3.062443971633911133e+00
4.625893592834472656e+00 -1.413904309272766113e+00 3.701248407363891602e+00
6.903926849365234375e+00 -2.337673902511596680e+00 4.257368087768554688e+00
6.718487262725830078e+00 -1.750905513763427734e+00 5.451100826263427734e+00
6.535987854003906250e+00 -5.458345413208007812e+00 9.400218129158020020e-01
1.220357322692871094e+01 -3.628112316131591797e+00 5.562413692474365234e+00
1.394495964050292969e+01 -4.133072853088378906e+00 4.408278465270996094e+00
1.280164623260498047e+01 -2.866930246353149414e+00 4.685305595397949219e+00
1.361042499542236328e+01 -3.000168323516845703e+00 3.065313339233398438e+00
7.892859458923339844e+00 -2.691665172576904297e+00 6.578269481658935547e+00
7.453003883361816406e+00 -2.249484300613403320e+00 6.549573421478271484e+00
4.300063133239746094e+00 -2.316461205482482910e-01 6.834203720092773438e+00
9.773344039916992188e+00 -3.783212423324584961e+00 6.304486274719238281e+00
1.051969146728515625e+01 -2.444171905517578125e+00 6.265315055847167969e+00
1.079674339294433594e+01 -2.024706602096557617e+00 5.315841197967529297e+00
8.717436790466308594e+00 -1.327599048614501953e+00 6.328409194946289062e+00
9.075376510620117188e+00 -8.824038505554199219e-01 5.373395442962646484e+00
1.113852977752685547e+01 -1.861197352409362793e+00 4.371924877166748047e+00
1.145296192169189453e+01 -1.700698852539062500e+00 3.380544424057006836e+00
6.687947273254394531e+00 -1.234543561935424805e+00 6.306842803955078125e+00
7.824020862579345703e+00 -7.161296606063842773e-01 6.291561126708984375e+00
7.132141590118408203e+00 3.007486462593078613e-01 5.764394760131835938e+00
6.360896587371826172e+00 6.218330934643745422e-02 6.068216323852539062e+00
5.770575523376464844e+00 1.288287281990051270e+00 5.727219581604003906e+00
8.170921325683593750e+00 5.845667719841003418e-01 4.499165058135986328e+00
5.833835601806640625e+00 2.484978675842285156e+00 4.347844600677490234e+00
6.220311641693115234e+00 2.535431146621704102e+00 3.821491956710815430e+00
-2.131037712097167969e+00 -2.793613672256469727e+00 3.777576446533203125e+00
-1.521942019462585449e+00 -3.797256231307983398e+00 1.668575167655944824e+00
-1.477216720581054688e+00 -4.649454116821289062e+00 3.944834470748901367e-01
-1.614069819450378418e+00 -2.856588840484619141e+00 3.501850843429565430e+00
-2.418588101863861084e-01 -2.653464794158935547e+00 2.381855249404907227e+00
-5.071126461029052734e+00 -3.476855278015136719e+00 1.471436142921447754e+00
-4.358531475067138672e+00 -3.314475536346435547e+00 2.205931425094604492e+00
-5.804413318634033203e+00 -2.596314668655395508e+00 3.394443511962890625e+00
-5.278155326843261719e+00 -3.017202615737915039e+00 2.538431406021118164e+00
-4.093890190124511719e+00 -2.824857950210571289e+00 3.384213685989379883e+00
-2.757762670516967773e+00 -1.618064165115356445e+00 4.882094383239746094e+00
-5.653256893157958984e+00 -1.267522811889648438e+00 4.709207057952880859e+00
-5.349494934082031250e+00 -7.371173501014709473e-01 4.909693241119384766e+00
2.547722339630126953e+00 -1.673170685768127441e+00 3.668200016021728516e+00
1.379437327384948730e+00 -8.615266084671020508e-01 4.143893241882324219e+00
-5.627930536866188049e-02 -1.178690910339355469e+00 3.666112184524536133e+00
1.098121047019958496e+00 -2.806178033351898193e-01 4.676789283752441406e+00
2.541338920593261719e+00 -9.706618785858154297e-01 5.297794342041015625e+00
3.561249494552612305e+00 -4.502169489860534668e-01 6.648250102996826172e+00
1.125219583511352539e+00 8.114879727363586426e-01 5.404745578765869141e+00
-3.224421024322509766e+00 -1.388037562370300293e+00 5.011653900146484375e+00
-4.243643283843994141e+00 3.007704317569732666e-01 5.009982109069824219e+00
-2.748298406600952148e+00 5.677215456962585449e-01 5.134943962097167969e+00
-1.168889403343200684e+00 1.621319651603698730e+00 4.407380104064941406e+00
-3.887132406234741211e+00 1.019431233406066895e+00 4.046586513519287109e+00
-3.823845863342285156e+00 1.422548055648803711e+00 2.888461351394653320e+00
-1.801640242338180542e-01 -5.102708339691162109e+00 -7.539822906255722046e-02
2.958749830722808838e-01 -4.961512088775634766e+00 -1.090970039367675781e-01
8.118430972099304199e-01 -4.968964576721191406e+00 4.294525831937789917e-02
1.646504640579223633e+00 -3.795820951461791992e+00 1.426289796829223633e+00
1.478176355361938477e+00 -4.999097824096679688e+00 5.913941860198974609e-01
1.624021887779235840e+00 -3.773957490921020508e+00 -1.346185088157653809e+00
1.893078804016113281e+00 -2.609668016433715820e+00 2.358248472213745117e+00
2.305932521820068359e+00 1.590394377708435059e+00 5.574023246765136719e+00
2.892880439758300781e+00 2.595645904541015625e+00 4.263080120086669922e+00
2.616037368774414062e+00 3.003038406372070312e+00 3.025000095367431641e+00
-8.621370792388916016e-01 2.488903522491455078e+00 2.620183467864990234e+00
-6.619212627410888672e-01 1.961493611335754395e+00 4.179669857025146484e+00
5.763885378837585449e-01 2.568801879882812500e+00 3.248584508895874023e+00
-1.729966759681701660e+00 3.176840066909790039e+00 1.070967689156532288e-01
-7.585102081298828125e+00 -2.459232091903686523e+00 3.555439472198486328e+00
-7.328253269195556641e+00 -1.424056529998779297e+00 4.217818737030029297e+00
-7.960461616516113281e+00 -8.135443329811096191e-01 2.907410383224487305e+00
-6.811223506927490234e+00 -1.160825490951538086e+00 4.463255882263183594e+00
-7.015938758850097656e+00 -3.674027919769287109e-01 3.060132503509521484e+00
-6.419763088226318359e+00 1.885693371295928955e-01 1.419834136962890625e+00
-6.219085693359375000e+00 1.393059194087982178e-01 2.391010284423828125e+00
-6.923560619354248047e+00 2.271310389041900635e-01 -8.153753876686096191e-01
-3.745403528213500977e+00 1.651011466979980469e+00 1.848769783973693848e+00
-5.362529277801513672e+00 2.015183210372924805e+00 -1.992852330207824707e+00
-3.645393133163452148e+00 3.037165403366088867e+00 -1.669986009597778320e+00
3.410977602005004883e+00 8.418947458267211914e-01 6.485013008117675781e+00
3.004395008087158203e+00 1.917937397956848145e+00 5.406620025634765625e+00
3.875393390655517578e+00 2.372938156127929688e+00 4.887565135955810547e+00
4.569841861724853516e+00 2.916425466537475586e+00 3.844865083694458008e+00
3.889148235321044922e+00 3.292488098144531250e+00 2.992808580398559570e+00
7.757080078125000000e+00 -4.921720504760742188e+00 -3.963426589965820312e+00
2.375330209732055664e+00 -5.078680515289306641e+00 -3.049959897994995117e+00
5.490382671356201172e+00 -4.753983497619628906e+00 -2.515667200088500977e+00
6.316518306732177734e+00 -4.704971313476562500e+00 -2.967588901519775391e+00
3.030283689498901367e+00 -5.019692420959472656e+00 -2.929140806198120117e+00
2.089575052261352539e+00 -5.933135986328125000e+00 -5.249647617340087891e+00
2.625267505645751953e+00 -5.809726715087890625e+00 -6.252566337585449219e+00
3.887899637222290039e+00 -5.142962932586669922e+00 -5.597193241119384766e+00
5.919993877410888672e+00 -4.827232360839843750e+00 -3.729540824890136719e+00
7.154888629913330078e+00 -4.975925445556640625e+00 -4.069810867309570312e+00
2.442256689071655273e+00 -5.621964454650878906e+00 -8.458204269409179688e+00
8.316583633422851562e+00 -4.985713481903076172e+00 -6.014229297637939453e+00
3.298236131668090820e+00 -5.332830905914306641e+00 -7.115509986877441406e+00
3.711172342300415039e+00 -4.724693298339843750e+00 -7.899208068847656250e+00
6.285980701446533203e+00 -5.078095912933349609e+00 -5.378005504608154297e+00
7.403951168060302734e+00 -4.936440467834472656e+00 -6.332798004150390625e+00
5.874196529388427734e+00 -4.182217597961425781e+00 -7.251936435699462891e+00
7.529925823211669922e+00 -4.036716938018798828e+00 -7.372103691101074219e+00
5.585941791534423828e+00 -3.867604017257690430e+00 -7.629505157470703125e+00
5.157291412353515625e+00 -2.841462850570678711e+00 -8.643945693969726562e+00
5.231572151184082031e+00 -2.082156181335449219e+00 -8.896566390991210938e+00
-3.349377632141113281e+00 -7.970769882202148438e+00 -1.205586719512939453e+01
-3.131190061569213867e+00 -8.215083122253417969e+00 -1.051669311523437500e+01
-3.961421728134155273e+00 -7.544106960296630859e+00 -1.315908527374267578e+01
-1.581928849220275879e+00 -6.563187122344970703e+00 -1.324218845367431641e+01
-3.556889533996582031e+00 -6.334617614746093750e+00 -1.445985221862792969e+01
-3.375153779983520508e+00 -5.281102657318115234e+00 -1.519263267517089844e+01
-6.632007598876953125e+00 -6.538171291351318359e+00 -1.317145633697509766e+01
-7.073117256164550781e+00 -6.214033126831054688e+00 -1.318857669830322266e+01
-7.759348392486572266e+00 -5.234863281250000000e+00 -1.367548465728759766e+01
-5.719867706298828125e+00 -7.133070945739746094e+00 -1.307813167572021484e+01
-8.475364685058593750e+00 -5.367633342742919922e+00 -1.256447982788085938e+01
-7.364118576049804688e+00 -4.566597938537597656e+00 -1.457390880584716797e+01
-4.151110649108886719e+00 -5.535140037536621094e+00 -1.502879238128662109e+01
-5.995829582214355469e+00 -4.382560729980468750e+00 -1.525715541839599609e+01
-2.711575746536254883e+00 -5.387817382812500000e+00 -1.501405429840087891e+01
-2.177269458770751953e+00 -4.295758724212646484e+00 -1.536979961395263672e+01
-3.722856760025024414e+00 -3.715948820114135742e+00 -1.575253486633300781e+01
-2.790505409240722656e+00 -3.187252521514892578e+00 -1.571634292602539062e+01
-4.989744186401367188e+00 -2.649946928024291992e+00 -1.594044685363769531e+01
-3.920771598815917969e+00 -1.505479097366333008e+00 -1.593672180175781250e+01
-9.302293777465820312e+00 -4.443685531616210938e+00 -1.222176456451416016e+01
-8.935287475585937500e+00 -4.003554821014404297e+00 -1.344556713104248047e+01
-9.911993026733398438e+00 -2.865125417709350586e+00 -1.234679889678955078e+01
-1.040148162841796875e+01 -1.440750360488891602e+00 -1.151962471008300781e+01
-8.549152374267578125e+00 -3.351344823837280273e+00 -1.436061573028564453e+01
-7.692017078399658203e+00 -2.967427968978881836e+00 -1.519848728179931641e+01
-9.821535110473632812e+00 -9.255745410919189453e-01 -1.328375244140625000e+01
-9.375020027160644531e+00 -3.282876610755920410e-01 -1.420473098754882812e+01
-8.487569808959960938e+00 -9.518368840217590332e-01 -1.507436466217041016e+01
-7.135520458221435547e+00 1.589576154947280884e-01 -1.576941490173339844e+01
-7.627493858337402344e+00 8.132576942443847656e-01 -1.553656101226806641e+01
-1.521593093872070312e+00 -7.556453227996826172e+00 -6.888463497161865234e+00
-4.208775758743286133e-01 -7.157102108001708984e+00 -8.631834983825683594e+00
7.369557768106460571e-02 -6.570112705230712891e+00 -5.589515209197998047e+00
6.192933917045593262e-01 -6.686230659484863281e+00 -6.757109165191650391e+00
-2.396777868270874023e-01 -6.931116580963134766e+00 -9.610849380493164062e+00
-5.078778043389320374e-02 -5.895527839660644531e+00 -1.240215015411376953e+01
1.352543234825134277e+00 -6.390685081481933594e+00 -6.418971061706542969e+00
2.020692110061645508e+00 -5.952798843383789062e+00 -8.190957069396972656e+00
-7.606442570686340332e-01 -5.087504386901855469e+00 -1.430387973785400391e+01
1.024533629417419434e+00 -4.963364601135253906e+00 -1.243794250488281250e+01
-1.230886220932006836e+00 -3.740172147750854492e+00 -1.520268249511718750e+01
-1.927971392869949341e-01 -3.007672071456909180e+00 -1.485937595367431641e+01
1.960251331329345703e+00 -5.053899765014648438e+00 -1.069770240783691406e+01
-1.088068246841430664e+00 -2.405739784240722656e+00 -1.528175735473632812e+01
-1.307662248611450195e+00 -1.697822093963623047e+00 -1.534123706817626953e+01
2.141628742218017578e+00 -3.536638259887695312e+00 -1.149253940582275391e+01
8.842831850051879883e-01 -1.870309472084045410e+00 -1.348698997497558594e+01
7.970995306968688965e-01 -1.144627213478088379e+00 -1.333476066589355469e+01
-2.606370449066162109e+00 -1.778955578804016113e+00 -1.570016479492187500e+01
-2.676675081253051758e+00 -8.104220032691955566e-01 -1.564120960235595703e+01
-5.084730625152587891e+00 4.528918266296386719e-01 -1.588834381103515625e+01
-2.887010335922241211e+00 1.006411790847778320e+00 -1.536727333068847656e+01
-2.164685964584350586e+00 1.174034595489501953e+00 -1.512487888336181641e+01
-4.980327188968658447e-01 1.149406313896179199e+00 -1.389070034027099609e+01
-2.882402896881103516e+00 2.079348802566528320e+00 -1.503640460968017578e+01
-2.466215610504150391e+00 2.788175106048583984e+00 -1.464736652374267578e+01
2.703671693801879883e+00 -3.968308210372924805e+00 -1.033775901794433594e+01
3.520131349563598633e+00 -2.611305713653564453e+00 -1.011301326751708984e+01
3.012271642684936523e+00 -1.848506093025207520e+00 -1.085359668731689453e+01
9.643087387084960938e-01 -2.815922796726226807e-01 -1.281415653228759766e+01
1.482777237892150879e+00 5.972323939204216003e-03 -1.211143207550048828e+01
2.348827838897705078e+00 -2.191646099090576172e-01 -1.122815608978271484e+01
1.081285357475280762e+00 4.166170060634613037e-01 -1.233711242675781250e+01
-1.051224040985107422e+01 -9.675679206848144531e-01 -1.099391460418701172e+01
-9.967568397521972656e+00 6.843122243881225586e-01 -1.292183399200439453e+01
-1.030260467529296875e+01 -1.837742514908313751e-02 -1.048727607727050781e+01
-1.007192516326904297e+01 -1.222219020128250122e-01 -9.025045394897460938e+00
-9.725360870361328125e+00 5.400549769401550293e-01 -1.002802371978759766e+01
-9.963920593261718750e+00 9.210414290428161621e-01 -1.155222034454345703e+01
-9.435478210449218750e+00 2.032700061798095703e+00 -1.278362655639648438e+01
-8.820800781250000000e+00 1.394026875495910645e+00 -9.342516899108886719e+00
-8.417030334472656250e+00 2.395291090011596680e+00 -1.037592983245849609e+01
-8.196894645690917969e+00 1.156860232353210449e+00 -6.070868968963623047e+00
-7.961133003234863281e+00 1.592404127120971680e+00 -7.152266979217529297e+00
-8.283480644226074219e+00 1.879810929298400879e+00 -8.738095283508300781e+00
-7.898238658905029297e+00 2.543702840805053711e+00 -9.734176635742187500e+00
-6.294590473175048828e+00 2.692970991134643555e+00 -7.681484699249267578e+00
-6.210014820098876953e+00 2.999730348587036133e+00 -8.165478706359863281e+00
-8.635647773742675781e+00 2.201298236846923828e+00 -1.429200077056884766e+01
-8.036811828613281250e+00 2.230110406875610352e+00 -1.473242092132568359e+01
-7.638632774353027344e+00 3.441349029541015625e+00 -1.351420688629150391e+01
-6.656566143035888672e+00 4.262562751770019531e+00 -1.313830757141113281e+01
-6.100358009338378906e+00 1.892589926719665527e+00 -1.547518730163574219e+01
-5.844969749450683594e+00 2.183151483535766602e+00 -1.532769966125488281e+01
-5.171203613281250000e+00 3.965449571609497070e+00 -1.412261295318603516e+01
-4.615833759307861328e+00 3.958993911743164062e+00 -1.425020503997802734e+01
-5.868252277374267578e+00 3.768508434295654297e+00 -1.412563133239746094e+01
-8.273896217346191406e+00 3.281299352645874023e+00 -1.224810695648193359e+01
-6.243048667907714844e+00 4.409400463104248047e+00 -1.238319873809814453e+01
-5.554820060729980469e+00 4.375053882598876953e+00 -1.074657154083251953e+01
-3.389287233352661133e+00 4.231896400451660156e+00 -1.348965072631835938e+01
-3.170706987380981445e+00 4.294241428375244141e+00 -1.287190914154052734e+01
-5.219886779785156250e+00 4.430436611175537109e+00 -1.222170162200927734e+01
-4.469182014465332031e+00 4.632928848266601562e+00 -1.232798194885253906e+01
-3.216684818267822266e+00 4.683982372283935547e+00 -1.144455909729003906e+01
-4.958198070526123047e+00 4.781874656677246094e+00 -1.084994411468505859e+01
-3.796000003814697266e+00 4.889656543731689453e+00 -1.117287349700927734e+01
-6.637845516204833984e+00 3.674335479736328125e+00 -1.050512886047363281e+01
-5.928943634033203125e+00 3.615390777587890625e+00 -9.038443565368652344e+00
3.058119773864746094e+00 -1.911612153053283691e-01 -1.030304241180419922e+01
-1.384009420871734619e-01 1.528139114379882812e+00 -1.287878704071044922e+01
-2.114274024963378906e+00 3.220606088638305664e+00 -1.359641170501708984e+01
9.961522817611694336e-01 8.008123040199279785e-01 -1.169015121459960938e+01
-1.053486824035644531e+00 2.883781909942626953e+00 -1.233978271484375000e+01
-2.713721036911010742e+00 3.845068693161010742e+00 -1.327190303802490234e+01
-1.649246335029602051e+00 3.646222591400146484e+00 -1.187688255310058594e+01
1.142938709259033203e+01 -6.537447929382324219e+00 -3.382084131240844727e+00
1.332303810119628906e+01 -6.690506935119628906e+00 -1.735483407974243164e+00
1.116823196411132812e+01 -6.469271659851074219e+00 -8.371146321296691895e-01
1.096992778778076172e+01 -6.496107578277587891e+00 -2.600332021713256836e+00
1.434177303314208984e+01 -6.947779655456542969e+00 -5.034989356994628906e+00
1.198180389404296875e+01 -6.591155529022216797e+00 -3.986764669418334961e+00
1.268845844268798828e+01 -6.566836833953857422e+00 -5.485225677490234375e+00
1.314190578460693359e+01 -6.873767375946044922e+00 -3.676112413406372070e+00
1.561708259582519531e+01 -7.017719745635986328e+00 -3.605065584182739258e+00
1.605046272277832031e+01 -5.954467296600341797e+00 -4.195487022399902344e+00
1.624307441711425781e+01 -6.473650932312011719e+00 -1.174023032188415527e+00
1.636392593383789062e+01 -5.690616607666015625e+00 -2.066385269165039062e+00
1.457953262329101562e+01 -6.553784370422363281e+00 4.520289972424507141e-02
1.481079101562500000e+01 -6.935332775115966797e+00 -1.555575966835021973e+00
1.537779712677001953e+01 -6.180788993835449219e+00 9.602680206298828125e-01
1.482291030883789062e+01 -3.959928035736083984e+00 1.909816384315490723e+00
1.514489841461181641e+01 -4.162867546081542969e+00 8.387559652328491211e-01
1.436423873901367188e+01 -3.254583597183227539e+00 9.622063040733337402e-01
1.577876186370849609e+01 -4.916841983795166016e+00 -3.369190692901611328e+00
1.521804618835449219e+01 -4.045501708984375000e+00 -2.599786043167114258e+00
1.521201229095458984e+01 -3.948245763778686523e+00 -1.048118948936462402e+00
1.495785236358642578e+01 -3.618497133255004883e+00 -1.543748259544372559e+00
1.430651283264160156e+01 -2.835157394409179688e+00 -9.232875704765319824e-01
1.379486560821533203e+01 -6.734536170959472656e+00 -6.255903720855712891e+00
1.523345565795898438e+01 -5.940779209136962891e+00 -6.557363033294677734e+00
1.235480499267578125e+01 -6.440556049346923828e+00 -6.670714378356933594e+00
1.289380168914794922e+01 -5.900872707366943359e+00 -7.458362579345703125e+00
1.590945148468017578e+01 -5.846291542053222656e+00 -5.651828765869140625e+00
1.558880138397216797e+01 -5.084297657012939453e+00 -5.945966243743896484e+00
1.501343631744384766e+01 -4.416498661041259766e+00 -5.552360534667968750e+00
1.323726654052734375e+01 -5.507411003112792969e+00 -7.319641113281250000e+00
1.261074542999267578e+01 -4.953871250152587891e+00 -6.629931449890136719e+00
1.347343063354492188e+01 -4.464941024780273438e+00 -6.115469932556152344e+00
1.359971332550048828e+01 -3.373471021652221680e+00 -4.964463233947753906e+00
1.497005558013916016e+01 -3.733225345611572266e+00 -2.840112686157226562e+00
1.489603996276855469e+01 -3.747393131256103516e+00 -4.516660213470458984e+00
1.433740806579589844e+01 -2.905715703964233398e+00 -3.767896652221679688e+00
1.015436840057373047e+01 -6.028435707092285156e+00 -2.749588489532470703e+00
6.986019611358642578e+00 -4.779024600982666016e+00 -2.367666482925415039e+00
7.272364139556884766e+00 -4.856275558471679688e+00 -1.941190958023071289e+00
6.839062690734863281e+00 -4.712543964385986328e+00 -2.930916309356689453e+00
1.047447204589843750e+01 -6.325499534606933594e+00 -2.346917390823364258e+00
9.006192207336425781e+00 -5.551498413085937500e+00 -1.946562170982360840e+00
7.945776462554931641e+00 -5.121141433715820312e+00 -1.578635454177856445e+00
9.593070030212402344e+00 -5.543250083923339844e+00 -3.439290285110473633e+00
9.948679924011230469e+00 -5.550530910491943359e+00 -4.669952392578125000e+00
8.326606750488281250e+00 -4.999899864196777344e+00 -3.962754964828491211e+00
1.353475093841552734e+01 -2.138456583023071289e+00 -7.207310199737548828e-02
1.219370365142822266e+01 -7.664453387260437012e-01 -1.052585840225219727e+00
1.095648097991943359e+01 -5.959248542785644531e+00 -5.505343914031982422e+00
1.101787662506103516e+01 -5.411730289459228516e+00 -6.039747238159179688e+00
9.591375350952148438e+00 -5.068537235260009766e+00 -5.203452110290527344e+00
1.170695877075195312e+01 -4.688262939453125000e+00 -6.186204433441162109e+00
9.176750183105468750e+00 -4.314723014831542969e+00 -6.418682575225830078e+00
1.039536094665527344e+01 -3.530847549438476562e+00 -5.875255107879638672e+00
1.246139049530029297e+01 -3.672399520874023438e+00 -5.472769260406494141e+00
1.064340782165527344e+01 -3.185115337371826172e+00 -5.679497241973876953e+00
1.066644287109375000e+01 -2.259113550186157227e+00 -5.263662815093994141e+00
8.538219451904296875e+00 -3.680362224578857422e+00 -7.031520843505859375e+00
9.048972129821777344e+00 -3.075756072998046875e+00 -6.572421550750732422e+00
8.053601264953613281e+00 -2.029873609542846680e+00 -6.904466152191162109e+00
1.040051078796386719e+01 -1.597402691841125488e+00 -5.116055488586425781e+00
8.255384445190429688e+00 -1.702454566955566406e+00 -6.640095233917236328e+00
8.746475219726562500e+00 -4.780652821063995361e-01 -5.843510150909423828e+00
7.282458305358886719e+00 -1.628990024328231812e-01 -6.916142940521240234e+00
1.325171947479248047e+01 -2.125055074691772461e+00 -4.074221611022949219e+00
1.342461872100830078e+01 -1.662670135498046875e+00 -1.960655808448791504e+00
1.317769622802734375e+01 -1.327331185340881348e+00 -3.161968469619750977e+00
1.237642288208007812e+01 -4.204696118831634521e-01 -2.249619960784912109e+00
1.201657295227050781e+01 -1.274178028106689453e-01 -2.844679355621337891e+00
1.239741134643554688e+01 -1.910540819168090820e+00 -4.375027179718017578e+00
1.120004653930664062e+01 -1.226501226425170898e+00 -4.493498325347900391e+00
1.147870349884033203e+01 -5.698952674865722656e-01 -3.874631404876708984e+00
1.016690254211425781e+01 1.590020060539245605e+00 -1.747955441474914551e+00
9.281076431274414062e+00 2.390547752380371094e+00 -2.889860391616821289e+00
9.318083763122558594e+00 2.300844430923461914e+00 -3.351055145263671875e+00
8.578164100646972656e+00 2.965114593505859375e+00 -2.370499372482299805e+00
1.020530128479003906e+01 -9.096746444702148438e-01 -5.001789093017578125e+00
1.063970661163330078e+01 3.016205430030822754e-01 -4.122514724731445312e+00
8.368532180786132812e+00 1.318434327840805054e-01 -5.857388973236083984e+00
7.017528533935546875e+00 9.860255122184753418e-01 -6.427253723144531250e+00
1.393922328948974609e+01 -3.207968473434448242e+00 2.478692054748535156e+00
1.250326633453369141e+01 -2.141020298004150391e+00 2.802984952926635742e+00
1.125161933898925781e+01 -6.578829288482666016e-01 1.370154023170471191e+00
1.145554542541503906e+01 -4.877944290637969971e-01 2.546003460884094238e-01
9.990850448608398438e+00 -1.188040897250175476e-01 3.047502517700195312e+00
8.882117271423339844e+00 1.221284270286560059e+00 2.613901615142822266e+00
9.443710327148437500e+00 8.743396401405334473e-01 2.052377939224243164e+00
7.349610328674316406e+00 2.261817693710327148e+00 3.002761602401733398e+00
7.178963184356689453e+00 2.896184206008911133e+00 1.862270593643188477e+00
9.823939323425292969e+00 1.056223988533020020e+00 3.405172228813171387e-01
1.005760765075683594e+01 1.425105214118957520e+00 -1.000161051750183105e+00
7.991138935089111328e+00 2.742166280746459961e+00 4.349175989627838135e-01
3.351905345916748047e+00 4.271513462066650391e+00 -3.479835391044616699e-01
6.233665943145751953e+00 3.651551485061645508e+00 2.994700074195861816e-01
5.481564521789550781e+00 4.056111335754394531e+00 -2.227165699005126953e+00
3.672507286071777344e+00 4.388309478759765625e+00 -6.858057975769042969e-01
2.847957134246826172e+00 3.819480419158935547e+00 -2.457036256790161133e+00
2.959936618804931641e+00 3.506078720092773438e+00 -3.326423645019531250e+00
-9.866181612014770508e-01 3.796789407730102539e+00 -7.653346061706542969e-01
2.147532939910888672e+00 3.141566038131713867e+00 -4.384361267089843750e+00
1.043309364467859268e-02 4.163291454315185547e+00 -3.143780708312988281e+00
3.073136508464813232e-01 3.711662769317626953e+00 -4.698386192321777344e+00
2.379490852355957031e+00 3.806058406829833984e+00 -2.565840959548950195e+00
5.102135658264160156e+00 -8.742477297782897949e-01 -8.893579483032226562e+00
2.944442749023437500e+00 3.091346323490142822e-01 -9.607884407043457031e+00
5.064648151397705078e+00 5.068760514259338379e-01 -8.112526893615722656e+00
3.644366025924682617e+00 5.639732480049133301e-01 -8.968537330627441406e+00
2.524351119995117188e+00 5.021522045135498047e-01 -9.801206588745117188e+00
1.547251462936401367e+00 1.849747300148010254e+00 -9.912386894226074219e+00
3.312314152717590332e-01 3.149009704589843750e+00 -9.157272338867187500e+00
1.126614883542060852e-01 3.002418756484985352e+00 -1.045846939086914062e+01
5.656711578369140625e+00 2.810234069824218750e+00 -4.853056907653808594e+00
6.161992549896240234e+00 1.884604811668395996e+00 -6.083905696868896484e+00
4.700534343719482422e+00 2.683334589004516602e+00 -5.240642070770263672e+00
4.797160148620605469e+00 2.377891302108764648e+00 -5.952980518341064453e+00
6.619014739990234375e+00 3.780669927597045898e+00 -2.722906589508056641e+00
6.586705207824707031e+00 1.284052252769470215e+00 -6.425581455230712891e+00
5.714179992675781250e+00 1.667048692703247070e+00 -6.598494529724121094e+00
4.860560894012451172e+00 1.776416540145874023e+00 -7.031261920928955078e+00
2.736698627471923828e+00 2.846303701400756836e+00 -5.058308124542236328e+00
2.817033767700195312e+00 2.089049339294433594e+00 -7.357352733612060547e+00
2.028684616088867188e+00 2.329879999160766602e+00 -6.810377597808837891e+00
9.539271891117095947e-02 3.303893566131591797e+00 -6.271069049835205078e+00
2.728939950466156006e-01 2.960716962814331055e+00 -7.758187294006347656e+00
3.033778071403503418e-01 3.032325029373168945e+00 -8.137261390686035156e+00
-3.296728610992431641e+00 3.401481151580810547e+00 -2.585171937942504883e+00
-5.631131649017333984e+00 3.065317630767822266e+00 -7.732401371002197266e+00
-4.806747436523437500e+00 3.484035968780517578e+00 -7.636673927307128906e+00
-4.257486820220947266e+00 3.353807926177978516e+00 -6.674787044525146484e+00
-2.165096759796142578e+00 3.291739940643310547e+00 -2.303160130977630615e-01
-1.889220356941223145e+00 3.756546497344970703e+00 -1.354697823524475098e+00
-1.526694059371948242e+00 4.098946571350097656e+00 -2.469715356826782227e+00
-1.352590441703796387e+00 4.394481658935546875e+00 -3.694340229034423828e+00
-1.182311654090881348e+00 4.403001785278320312e+00 -4.987931251525878906e+00
-4.798570632934570312e+00 4.077149868011474609e+00 -8.507600784301757812e+00
-4.504914283752441406e+00 4.554620742797851562e+00 -9.026466369628906250e+00
-1.981095671653747559e+00 4.463850021362304688e+00 -7.511936187744140625e+00
-3.349625825881958008e+00 4.459014415740966797e+00 -8.333116531372070312e+00
-1.540903329849243164e+00 3.652724027633666992e+00 -1.120001792907714844e+01
-1.228196859359741211e+00 3.507810354232788086e+00 -1.106399726867675781e+01
-3.828037500381469727e+00 4.852318286895751953e+00 -1.070607471466064453e+01
-2.047502517700195312e+00 4.181094169616699219e+00 -9.851564407348632812e+00
-3.111801445484161377e-01 3.480972290039062500e+00 -9.966686248779296875e+00
-2.160024881362915039e+00 4.561666488647460938e+00 -6.121201992034912109e+00
5.313880920410156250e+00 3.425087213516235352e+00 2.415256738662719727e+00
6.089427947998046875e+00 3.400426864624023438e+00 1.847956895828247070e+00
1.966287016868591309e+00 7.045507431030273438e-01 -1.028757286071777344e+01
-5.161216259002685547e-01 2.796283960342407227e+00 -1.161608028411865234e+01
4.425706565380096436e-01 2.525532007217407227e+00 -1.076986217498779297e+01
