1.563085913658142090e+00 -4.936985492706298828e+00 -2.715781688690185547e+00
2.280753850936889648e+00 -4.787220954895019531e+00 -1.928488969802856445e+00
1.517065405845642090e+00 -4.795064449310302734e+00 -2.311971187591552734e+00
-5.069036960601806641e+00 -8.108757972717285156e+00 -7.822315216064453125e+00
-4.999432563781738281e+00 -8.061584472656250000e+00 -1.156781387329101562e+01
-4.185225009918212891e+00 -8.321057319641113281e+00 -9.419635772705078125e+00
-7.270980834960937500e+00 -7.468523025512695312e+00 -7.059126853942871094e+00
-7.775199890136718750e+00 -7.350807189941406250e+00 -7.967407226562500000e+00
-5.692440032958984375e+00 -8.128797531127929688e+00 -9.823762893676757812e+00
-6.220857143402099609e+00 -7.997605800628662109e+00 -9.061686515808105469e+00
-6.480554103851318359e+00 -7.344603061676025391e+00 -1.205434131622314453e+01
-8.410938262939453125e+00 -6.367058277130126953e+00 -1.057605266571044922e+01
-8.333313941955566406e+00 -6.189176082611083984e+00 -1.129409217834472656e+01
-9.642072677612304688e+00 -5.266505718231201172e+00 -8.363440513610839844e+00
-1.005032825469970703e+01 -4.324571132659912109e+00 -8.716034889221191406e+00
-9.585479736328125000e+00 -4.641937732696533203e+00 -1.086746692657470703e+01
-8.220100402832031250e+00 -6.690326213836669922e+00 -5.445820808410644531e+00
-9.067594528198242188e+00 -6.091135501861572266e+00 -4.930789470672607422e+00
-7.967961788177490234e+00 -5.744489669799804688e+00 -3.405378818511962891e+00
-8.496855735778808594e+00 -5.227369785308837891e+00 -2.227135419845581055e+00
-6.958202362060546875e+00 -5.439661979675292969e+00 -3.112982273101806641e+00
-2.593471050262451172e+00 -5.032597064971923828e+00 -1.549162387847900391e+00
-3.373915433883666992e+00 -4.883117675781250000e+00 -5.842522978782653809e-01
-1.440489888191223145e+00 -4.997229576110839844e+00 -2.396313548088073730e-01
-7.379458427429199219e+00 -3.211165189743041992e+00 2.310476303100585938e+00
-5.355838298797607422e+00 -3.512187957763671875e+00 1.277272343635559082e+00
-3.860160350799560547e+00 -5.068758010864257812e+00 -2.137341737747192383e+00
-7.304374217987060547e+00 -4.795978546142578125e+00 -1.627027869224548340e+00
-6.307436466217041016e+00 -5.166787147521972656e+00 -2.786963462829589844e+00
-3.739028215408325195e+00 -4.414953231811523438e+00 1.328011453151702881e-01
-4.768221855163574219e+00 -7.279231071472167969e+00 -5.294870376586914062e+00
-4.545568943023681641e+00 -6.498520851135253906e+00 -4.091192722320556641e+00
-2.280178546905517578e+00 -7.655988693237304688e+00 -6.417231082916259766e+00
-2.884613275527954102e+00 -7.168240547180175781e+00 -5.067327022552490234e+00
-2.214188575744628906e+00 -7.178083896636962891e+00 -5.299424648284912109e+00
-1.355907201766967773e+00 -6.802862167358398438e+00 -5.044758796691894531e+00
-2.779621839523315430e+00 -6.777615547180175781e+00 -4.440098285675048828e+00
-5.267724990844726562e+00 -6.850634098052978516e+00 -4.679019927978515625e+00
-6.154026508331298828e+00 -7.666893005371093750e+00 -6.742147445678710938e+00
-8.704625129699707031e+00 -6.650663852691650391e+00 -6.455199718475341797e+00
-1.416474938392639160e+00 -4.983766078948974609e+00 -1.837088227272033691e+00
-9.339128732681274414e-01 -5.045596122741699219e+00 -2.278258800506591797e+00
-2.240969181060791016e+00 -5.126338005065917969e+00 -2.023905754089355469e+00
-3.505450487136840820e-01 -5.092683792114257812e+00 -1.200587391853332520e+00
6.342232823371887207e-01 -4.626700401306152344e+00 -1.600911259651184082e+00
-8.141217827796936035e-01 -5.405762195587158203e+00 -3.021711826324462891e+00
-7.285694591701030731e-03 -5.502253532409667969e+00 -3.346629142761230469e+00
6.088196635246276855e-01 -4.770458221435546875e+00 -2.127744674682617188e+00
-9.515192985534667969e+00 -4.812253952026367188e+00 -2.045666217803955078e+00
-9.940041542053222656e+00 -4.889741420745849609e+00 -4.680712223052978516e+00
-9.351440429687500000e+00 -5.580108642578125000e+00 -3.831940412521362305e+00
-1.019558334350585938e+01 -3.758464097976684570e+00 -3.289058685302734375e+00
-1.031952762603759766e+01 -3.584494829177856445e+00 -4.716627597808837891e+00
-9.120184898376464844e+00 -4.086582660675048828e+00 3.085648417472839355e-01
-9.780893325805664062e+00 -4.172991752624511719e+00 -1.409362316131591797e+00
-9.820392608642578125e+00 -3.230556011199951172e+00 -2.806799113750457764e-01
-9.599338531494140625e+00 -2.925777196884155273e+00 9.017481207847595215e-01
-9.112895011901855469e+00 -2.720770359039306641e+00 2.166552305221557617e+00
-9.279144287109375000e+00 -1.628734707832336426e+00 1.269042372703552246e+00
-1.017270374298095703e+01 -2.693931818008422852e+00 -2.524653434753417969e+00
-1.009754467010498047e+01 -1.608052253723144531e+00 -2.653011798858642578e+00
-9.464683532714843750e+00 -1.292609572410583496e+00 -8.885959982872009277e-01
-7.936216831207275391e+00 -4.183542728424072266e-01 -6.470229625701904297e-01
-1.006359004974365234e+01 -4.634412288665771484e+00 -5.545453548431396484e+00
-1.034812450408935547e+01 -3.650694847106933594e+00 -5.425711631774902344e+00
-1.053364753723144531e+01 -2.255698442459106445e+00 -5.301837921142578125e+00
-1.059096622467041016e+01 -2.096342563629150391e+00 -5.871538162231445312e+00
-1.008517456054687500e+01 -6.532895565032958984e-01 -5.352750301361083984e+00
-1.058955955505371094e+01 -2.842490434646606445e+00 -7.961365222930908203e+00
-1.071161842346191406e+01 -1.946771502494812012e+00 -8.886763572692871094e+00
-1.060172462463378906e+01 -8.092241287231445312e-01 -8.516406059265136719e+00
-9.952626228332519531e+00 -3.274634182453155518e-01 -6.705286026000976562e+00
-8.382081985473632812e+00 -2.024140357971191406e-01 -2.253872871398925781e+00
-6.927023410797119141e+00 1.703540205955505371e+00 -3.685552835464477539e+00
-9.019564628601074219e+00 3.938860893249511719e-01 -6.201358318328857422e+00
-7.578204631805419922e+00 1.447033762931823730e+00 -4.986290931701660156e+00
1.317305755615234375e+01 -6.727544784545898438e+00 4.757587909698486328e+00
1.355306529998779297e+01 -6.451480865478515625e+00 7.850682139396667480e-01
1.305021476745605469e+01 -6.308300971984863281e+00 1.506158828735351562e+00
1.493071174621582031e+01 -6.459019184112548828e+00 1.933761954307556152e+00
1.474211215972900391e+01 -5.922556877136230469e+00 3.127368450164794922e+00
1.197457695007324219e+01 -6.128592014312744141e+00 2.835127592086791992e+00
4.412845611572265625e+00 -1.349613189697265625e+00 4.924478530883789062e+00
5.271482944488525391e+00 -1.183939218521118164e+00 6.026790618896484375e+00
6.655689239501953125e+00 -4.864064693450927734e+00 -1.684016227722167969e+00
8.919890403747558594e+00 -6.281823635101318359e+00 -1.261682987213134766e+00
8.135629653930664062e+00 -6.198516845703125000e+00 -1.105995059013366699e+00
7.459722995758056641e+00 -6.272488594055175781e+00 -5.198128819465637207e-01
2.555906057357788086e+00 -5.430101871490478516e+00 3.967624902725219727e-01
4.298885822296142578e+00 -4.714887142181396484e+00 -1.505587935447692871e+00
5.171829223632812500e+00 -5.111671447753906250e+00 -1.181074142456054688e+00
2.309037208557128906e+00 -4.295855045318603516e+00 -1.267887115478515625e+00
4.118854045867919922e+00 -4.744184494018554688e+00 -1.285866737365722656e+00
5.111182689666748047e+00 -5.586839675903320312e+00 2.039666175842285156e-01
5.811630249023437500e+00 -5.996838569641113281e+00 -6.290038228034973145e-01
3.098095417022705078e+00 -5.503379344940185547e+00 -5.970044136047363281e-01
9.484654426574707031e+00 -5.316217422485351562e+00 3.085069179534912109e+00
1.002945232391357422e+01 -5.296654701232910156e+00 4.918828010559082031e+00
9.983160972595214844e+00 -5.188555240631103516e+00 4.295192241668701172e+00
8.707471847534179688e+00 -4.379230499267578125e+00 5.268603801727294922e+00
8.950273513793945312e+00 -5.044483184814453125e+00 3.134084939956665039e+00
9.035336494445800781e+00 -5.954822540283203125e+00 1.411098480224609375e+00
8.688912391662597656e+00 -6.107321739196777344e+00 9.157068133354187012e-01
5.539485931396484375e+00 -1.435291409492492676e+00 4.039726734161376953e+00
6.178506851196289062e+00 -3.718916654586791992e+00 2.374145269393920898e+00
5.598499298095703125e+00 -3.984141111373901367e+00 1.857029318809509277e+00
4.523331165313720703e+00 -1.926667809486389160e+00 3.059503078460693359e+00
4.622104644775390625e+00 -1.561097860336303711e+00 3.726684570312500000e+00
6.932069778442382812e+00 -2.550412416458129883e+00 4.288729667663574219e+00
6.694749832153320312e+00 -2.193791627883911133e+00 5.487180709838867188e+00
6.551644802093505859e+00 -5.476971626281738281e+00 9.151505827903747559e-01
1.198358631134033203e+01 -5.648457527160644531e+00 6.291490077972412109e+00
1.361805820465087891e+01 -5.639110088348388672e+00 4.567013263702392578e+00
1.248288154602050781e+01 -4.450519561767578125e+00 4.938518524169921875e+00
1.336576271057128906e+01 -4.204700469970703125e+00 3.219431877136230469e+00
7.831976890563964844e+00 -3.304184675216674805e+00 6.611938953399658203e+00
7.380713939666748047e+00 -2.846244573593139648e+00 6.558892250061035156e+00
4.249242782592773438e+00 -7.363806366920471191e-01 6.786457538604736328e+00
9.662764549255371094e+00 -4.843295574188232422e+00 6.423402786254882812e+00
1.043178367614746094e+01 -3.563389062881469727e+00 6.343486309051513672e+00
1.073580551147460938e+01 -3.274060010910034180e+00 5.408742427825927734e+00
8.694478988647460938e+00 -2.066912174224853516e+00 6.238030910491943359e+00
9.023342132568359375e+00 -1.777038812637329102e+00 5.298247814178466797e+00
1.105798625946044922e+01 -2.984399795532226562e+00 4.437218666076660156e+00
1.141461086273193359e+01 -2.576166868209838867e+00 3.470424413681030273e+00
6.603331089019775391e+00 -1.864691376686096191e+00 6.292704582214355469e+00
7.762719631195068359e+00 -1.472506523132324219e+00 6.118195533752441406e+00
7.038946151733398438e+00 -4.745631814002990723e-01 5.561647415161132812e+00
6.280966758728027344e+00 -6.466607451438903809e-01 5.885585308074951172e+00
5.683364868164062500e+00 4.977095723152160645e-01 5.388072967529296875e+00
8.118056297302246094e+00 -1.775105595588684082e-01 4.372197628021240234e+00
5.755994319915771484e+00 1.701855540275573730e+00 4.021388053894042969e+00
6.145472049713134766e+00 1.832141399383544922e+00 3.578570365905761719e+00
-2.135628700256347656e+00 -2.794372320175170898e+00 3.769081354141235352e+00
-1.524227499961853027e+00 -3.805574417114257812e+00 1.662875533103942871e+00
-1.477288126945495605e+00 -4.654235363006591797e+00 3.887032866477966309e-01
-1.620547890663146973e+00 -2.868378162384033203e+00 3.495351076126098633e+00
-2.498843371868133545e-01 -2.667611598968505859e+00 2.371871471405029297e+00
-5.072393894195556641e+00 -3.477119207382202148e+00 1.469031691551208496e+00
-4.359954357147216797e+00 -3.314272403717041016e+00 2.202410459518432617e+00
-5.805686950683593750e+00 -2.595214605331420898e+00 3.391823291778564453e+00
-5.279724121093750000e+00 -3.016635179519653320e+00 2.535862207412719727e+00
-4.096371650695800781e+00 -2.822415828704833984e+00 3.377525568008422852e+00
-2.760832309722900391e+00 -1.606620430946350098e+00 4.860820293426513672e+00
-5.654405117034912109e+00 -1.265787482261657715e+00 4.706499576568603516e+00
-5.351238727569580078e+00 -7.348373532295227051e-01 4.907767295837402344e+00
2.519745111465454102e+00 -1.774933338165283203e+00 3.651684761047363281e+00
1.365303993225097656e+00 -9.273371696472167969e-01 4.127211093902587891e+00
-6.629397720098495483e-02 -1.201615452766418457e+00 3.655482053756713867e+00
1.088311672210693359e+00 -3.618465960025787354e-01 4.667973041534423828e+00
2.497570276260375977e+00 -1.177598834037780762e+00 5.268382072448730469e+00
3.508501052856445312e+00 -7.761662006378173828e-01 6.612933635711669922e+00
1.115082025527954102e+00 7.208312153816223145e-01 5.406204223632812500e+00
-3.226579189300537109e+00 -1.381767988204956055e+00 5.001463890075683594e+00
-4.247198581695556641e+00 3.058862686157226562e-01 5.011295795440673828e+00
-2.749812602996826172e+00 5.696133971214294434e-01 5.134747028350830078e+00
-1.167154431343078613e+00 1.614683270454406738e+00 4.408579349517822266e+00
-3.891556978225708008e+00 1.034298896789550781e+00 4.058220386505126953e+00
-3.826881885528564453e+00 1.434157252311706543e+00 2.895954847335815430e+00
-1.787712424993515015e-01 -5.105936527252197266e+00 -8.333452790975570679e-02
2.965651750564575195e-01 -4.965848445892333984e+00 -1.199343502521514893e-01
8.148790597915649414e-01 -4.977028369903564453e+00 2.557104080915451050e-02
1.641727209091186523e+00 -3.816715478897094727e+00 1.406709313392639160e+00
1.482028841972351074e+00 -5.012254238128662109e+00 5.702858567237854004e-01
1.627088308334350586e+00 -3.773428678512573242e+00 -1.364663839340209961e+00
1.878327250480651855e+00 -2.648987054824829102e+00 2.342996120452880859e+00
2.324713468551635742e+00 1.356445431709289551e+00 5.541727542877197266e+00
2.900142669677734375e+00 2.326732397079467773e+00 4.188391685485839844e+00
2.612785100936889648e+00 2.923267841339111328e+00 3.010193586349487305e+00
-8.621646761894226074e-01 2.482890367507934570e+00 2.621402978897094727e+00
-6.611257195472717285e-01 1.941688895225524902e+00 4.185880184173583984e+00
5.750304460525512695e-01 2.539590835571289062e+00 3.251582384109497070e+00
-1.729993820190429688e+00 3.178128719329833984e+00 1.102993115782737732e-01
-7.585556983947753906e+00 -2.458564519882202148e+00 3.553878784179687500e+00
-7.328579902648925781e+00 -1.423501491546630859e+00 4.216408252716064453e+00
-7.960048198699951172e+00 -8.131263852119445801e-01 2.906136751174926758e+00
-6.811577320098876953e+00 -1.159950733184814453e+00 4.461252689361572266e+00
-7.016074180603027344e+00 -3.665752112865447998e-01 3.059148073196411133e+00
-6.419715404510498047e+00 1.892977207899093628e-01 1.420370817184448242e+00
-6.219543933868408203e+00 1.406919509172439575e-01 2.392009973526000977e+00
-6.923749446868896484e+00 2.279260456562042236e-01 -8.150112032890319824e-01
-3.745906352996826172e+00 1.654286384582519531e+00 1.849123835563659668e+00
-5.362139701843261719e+00 2.016808271408081055e+00 -1.992317557334899902e+00
-3.646950721740722656e+00 3.037613630294799805e+00 -1.669342637062072754e+00
3.417353153228759766e+00 4.686561822891235352e-01 6.401601791381835938e+00
3.024071931838989258e+00 1.554875850677490234e+00 5.302431106567382812e+00
3.861581325531005859e+00 1.818643927574157715e+00 4.679167270660400391e+00
4.552899837493896484e+00 2.408718824386596680e+00 3.666602611541748047e+00
3.900093793869018555e+00 3.059225797653198242e+00 2.940436840057373047e+00
7.769117355346679688e+00 -4.929049968719482422e+00 -3.971094608306884766e+00
2.379465818405151367e+00 -5.078299999237060547e+00 -3.055159807205200195e+00
5.499803543090820312e+00 -4.748873233795166016e+00 -2.530133247375488281e+00
6.327092647552490234e+00 -4.702397346496582031e+00 -2.979527711868286133e+00
3.036331176757812500e+00 -5.017930030822753906e+00 -2.937604665756225586e+00
2.091921091079711914e+00 -5.933312892913818359e+00 -5.252214908599853516e+00
2.627717018127441406e+00 -5.809596061706542969e+00 -6.254052639007568359e+00
3.892191171646118164e+00 -5.144525527954101562e+00 -5.599434375762939453e+00
5.928134918212890625e+00 -4.828999042510986328e+00 -3.736068487167358398e+00
7.165079593658447266e+00 -4.981698036193847656e+00 -4.076109886169433594e+00
2.444249868392944336e+00 -5.621451854705810547e+00 -8.459075927734375000e+00
8.327486038208007812e+00 -4.996879100799560547e+00 -6.016140460968017578e+00
3.301211833953857422e+00 -5.332525730133056641e+00 -7.116898059844970703e+00
3.714641094207763672e+00 -4.724275112152099609e+00 -7.899982929229736328e+00
6.293555259704589844e+00 -5.083970546722412109e+00 -5.380851745605468750e+00
7.413465023040771484e+00 -4.940023899078369141e+00 -6.333851337432861328e+00
5.881511211395263672e+00 -4.186985969543457031e+00 -7.253517150878906250e+00
7.538256645202636719e+00 -4.042138576507568359e+00 -7.370647430419921875e+00
5.591197490692138672e+00 -3.867951393127441406e+00 -7.628589630126953125e+00
5.160771369934082031e+00 -2.841257333755493164e+00 -8.643379211425781250e+00
5.233551025390625000e+00 -2.079800844192504883e+00 -8.895768165588378906e+00
-3.349169254302978516e+00 -7.970633983612060547e+00 -1.205593872070312500e+01
-3.131200790405273438e+00 -8.214995384216308594e+00 -1.051682090759277344e+01
-3.961477279663085938e+00 -7.543550491333007812e+00 -1.315888404846191406e+01
-1.581815361976623535e+00 -6.562948703765869141e+00 -1.324207782745361328e+01
-3.557104587554931641e+00 -6.333415985107421875e+00 -1.445904541015625000e+01
-3.375988245010375977e+00 -5.279398918151855469e+00 -1.519182205200195312e+01
-6.631504058837890625e+00 -6.537044048309326172e+00 -1.317131614685058594e+01
-7.072344303131103516e+00 -6.212623596191406250e+00 -1.318885421752929688e+01
-7.757830142974853516e+00 -5.231361865997314453e+00 -1.367454147338867188e+01
-5.719833850860595703e+00 -7.132282257080078125e+00 -1.307796573638916016e+01
-8.473077774047851562e+00 -5.364969253540039062e+00 -1.256400203704833984e+01
-7.363731384277343750e+00 -4.564500331878662109e+00 -1.457334136962890625e+01
-4.151573657989501953e+00 -5.534027099609375000e+00 -1.502753257751464844e+01
-5.995918750762939453e+00 -4.382554531097412109e+00 -1.525767230987548828e+01
-2.712494850158691406e+00 -5.386236667633056641e+00 -1.501233100891113281e+01
-2.177511453628540039e+00 -4.294660568237304688e+00 -1.536846160888671875e+01
-3.722743272781372070e+00 -3.714249849319458008e+00 -1.575181293487548828e+01
-2.790458202362060547e+00 -3.186552762985229492e+00 -1.571556377410888672e+01
-4.989752769470214844e+00 -2.649034261703491211e+00 -1.594064140319824219e+01
-3.920418024063110352e+00 -1.504437565803527832e+00 -1.593610858917236328e+01
-9.299281120300292969e+00 -4.441308021545410156e+00 -1.222181510925292969e+01
-8.932325363159179688e+00 -4.000501632690429688e+00 -1.344486999511718750e+01
-9.910178184509277344e+00 -2.862417697906494141e+00 -1.234667491912841797e+01
-1.039843940734863281e+01 -1.434982895851135254e+00 -1.151953697204589844e+01
-8.548272132873535156e+00 -3.348533153533935547e+00 -1.436009597778320312e+01
-7.692123889923095703e+00 -2.966189622879028320e+00 -1.519810199737548828e+01
-9.820593833923339844e+00 -9.242497682571411133e-01 -1.328315639495849609e+01
-9.374051094055175781e+00 -3.263831436634063721e-01 -1.420431518554687500e+01
-8.486457824707031250e+00 -9.499947428703308105e-01 -1.507424831390380859e+01
-7.134892463684082031e+00 1.612336337566375732e-01 -1.577074146270751953e+01
-7.626760005950927734e+00 8.160613179206848145e-01 -1.553768730163574219e+01
-1.521631598472595215e+00 -7.556795597076416016e+00 -6.888813972473144531e+00
-4.207341670989990234e-01 -7.157616615295410156e+00 -8.632063865661621094e+00
7.432318478822708130e-02 -6.570576190948486328e+00 -5.591042041778564453e+00
6.198558807373046875e-01 -6.687023639678955078e+00 -6.757860183715820312e+00
-2.396289855241775513e-01 -6.931400775909423828e+00 -9.610906600952148438e+00
-5.046159029006958008e-02 -5.895884990692138672e+00 -1.240237045288085938e+01
1.354025125503540039e+00 -6.390953063964843750e+00 -6.420340061187744141e+00
2.022041559219360352e+00 -5.952391624450683594e+00 -8.191625595092773438e+00
-7.605694532394409180e-01 -5.087053775787353516e+00 -1.430375194549560547e+01
1.024926900863647461e+00 -4.963603496551513672e+00 -1.243807125091552734e+01
-1.230402469635009766e+00 -3.739726066589355469e+00 -1.520312786102294922e+01
-1.924968510866165161e-01 -3.007500410079956055e+00 -1.485943222045898438e+01
1.961470603942871094e+00 -5.054151535034179688e+00 -1.069832706451416016e+01
-1.087638497352600098e+00 -2.405394554138183594e+00 -1.528172779083251953e+01
-1.307313084602355957e+00 -1.697266817092895508e+00 -1.534091377258300781e+01
2.142428636550903320e+00 -3.536521434783935547e+00 -1.149300193786621094e+01
8.845251202583312988e-01 -1.870272636413574219e+00 -1.348697185516357422e+01
7.973911166191101074e-01 -1.144205093383789062e+00 -1.333454990386962891e+01
-2.606209278106689453e+00 -1.777953624725341797e+00 -1.569885158538818359e+01
-2.676633834838867188e+00 -8.095227479934692383e-01 -1.564060497283935547e+01
-5.084418773651123047e+00 4.540551900863647461e-01 -1.588914585113525391e+01
-2.886946678161621094e+00 1.006530046463012695e+00 -1.536593246459960938e+01
-2.164382696151733398e+00 1.174820899963378906e+00 -1.512425327301025391e+01
-4.973804652690887451e-01 1.150338053703308105e+00 -1.389054107666015625e+01
-2.881996154785156250e+00 2.080058813095092773e+00 -1.503541469573974609e+01
-2.465709209442138672e+00 2.789230108261108398e+00 -1.464660930633544922e+01
2.704991579055786133e+00 -3.967653036117553711e+00 -1.033831119537353516e+01
3.521747589111328125e+00 -2.609651088714599609e+00 -1.011237049102783203e+01
3.013975143432617188e+00 -1.846889734268188477e+00 -1.085379123687744141e+01
9.652166962623596191e-01 -2.804626822471618652e-01 -1.281412029266357422e+01
1.484549522399902344e+00 8.096368052065372467e-03 -1.211159133911132812e+01
2.351207256317138672e+00 -2.162524461746215820e-01 -1.122835922241210938e+01
1.082962155342102051e+00 4.184812903404235840e-01 -1.233737850189208984e+01
-1.051062393188476562e+01 -9.610142707824707031e-01 -1.099373912811279297e+01
-9.966450691223144531e+00 6.874812245368957520e-01 -1.292156124114990234e+01
-1.030156326293945312e+01 -1.473461370915174484e-02 -1.048698616027832031e+01
-1.007150936126708984e+01 -1.189754605293273926e-01 -9.024782180786132812e+00
-9.724258422851562500e+00 5.463174581527709961e-01 -1.002772712707519531e+01
-9.962081909179687500e+00 9.251905083656311035e-01 -1.155235099792480469e+01
-9.433704376220703125e+00 2.036344528198242188e+00 -1.278489112854003906e+01
-8.820883750915527344e+00 1.402441024780273438e+00 -9.342136383056640625e+00
-8.416069984436035156e+00 2.403750419616699219e+00 -1.037465858459472656e+01
-8.202747344970703125e+00 1.168047547340393066e+00 -6.068192481994628906e+00
-7.966118335723876953e+00 1.602904796600341797e+00 -7.149692058563232422e+00
-8.287049293518066406e+00 1.889687418937683105e+00 -8.735814094543457031e+00
-7.901940345764160156e+00 2.556845903396606445e+00 -9.730866432189941406e+00
-6.300414085388183594e+00 2.706154584884643555e+00 -7.676631450653076172e+00
-6.216423988342285156e+00 3.016257286071777344e+00 -8.160411834716796875e+00
-8.634583473205566406e+00 2.204043388366699219e+00 -1.429411125183105469e+01
-8.035231590270996094e+00 2.231835126876831055e+00 -1.473367309570312500e+01
-7.636794567108154297e+00 3.444789648056030273e+00 -1.351474285125732422e+01
-6.655686855316162109e+00 4.266466617584228516e+00 -1.313849639892578125e+01
-6.099156379699707031e+00 1.896633744239807129e+00 -1.547742652893066406e+01
-5.843811511993408203e+00 2.186035156250000000e+00 -1.532785987854003906e+01
-5.170327663421630859e+00 3.968816041946411133e+00 -1.412192535400390625e+01
-4.614789962768554688e+00 3.961096048355102539e+00 -1.424918270111083984e+01
-5.866552352905273438e+00 3.773350954055786133e+00 -1.412605857849121094e+01
-8.273737907409667969e+00 3.287511110305786133e+00 -1.224807548522949219e+01
-6.243714809417724609e+00 4.419250965118408203e+00 -1.238090801239013672e+01
-5.556370735168457031e+00 4.389659881591796875e+00 -1.074312686920166016e+01
-3.388401269912719727e+00 4.234509944915771484e+00 -1.348884105682373047e+01
-3.169969797134399414e+00 4.297210693359375000e+00 -1.287098407745361328e+01
-5.220000267028808594e+00 4.438420772552490234e+00 -1.221991634368896484e+01
-4.468129158020019531e+00 4.637446403503417969e+00 -1.232669639587402344e+01
-3.215986728668212891e+00 4.687770843505859375e+00 -1.144387531280517578e+01
-4.956724643707275391e+00 4.790616035461425781e+00 -1.084833717346191406e+01
-3.794496059417724609e+00 4.894964694976806641e+00 -1.117207336425781250e+01
-6.642041206359863281e+00 3.691903591156005859e+00 -1.050042629241943359e+01
-5.933444023132324219e+00 3.632107973098754883e+00 -9.032701492309570312e+00
3.061739206314086914e+00 -1.862756460905075073e-01 -1.030381202697753906e+01
-1.373151242733001709e-01 1.530283689498901367e+00 -1.287880229949951172e+01
-2.113238811492919922e+00 3.222904920578002930e+00 -1.359584808349609375e+01
9.980657100677490234e-01 8.045921921730041504e-01 -1.169018459320068359e+01
-1.052724242210388184e+00 2.886260747909545898e+00 -1.233955669403076172e+01
-2.712705373764038086e+00 3.847638845443725586e+00 -1.327129364013671875e+01
-1.648825168609619141e+00 3.648674488067626953e+00 -1.187635040283203125e+01
1.144000244140625000e+01 -6.567630290985107422e+00 -3.382712125778198242e+00
1.332938766479492188e+01 -6.828356742858886719e+00 -1.724306941032409668e+00
1.117904376983642578e+01 -6.467403411865234375e+00 -8.418385386466979980e-01
1.098399066925048828e+01 -6.499070644378662109e+00 -2.603485107421875000e+00
1.436111450195312500e+01 -7.021368503570556641e+00 -5.027070522308349609e+00
1.199456501007080078e+01 -6.636142730712890625e+00 -3.983781337738037109e+00
1.270733070373535156e+01 -6.616436481475830078e+00 -5.477956771850585938e+00
1.315347957611083984e+01 -6.948373317718505859e+00 -3.672549009323120117e+00
1.563493728637695312e+01 -7.123407840728759766e+00 -3.598882436752319336e+00
1.608051490783691406e+01 -6.048670768737792969e+00 -4.174805641174316406e+00
1.625391387939453125e+01 -6.633123874664306641e+00 -1.169396996498107910e+00
1.639254760742187500e+01 -5.825920104980468750e+00 -2.037433624267578125e+00
1.458255004882812500e+01 -6.746614456176757812e+00 4.712038487195968628e-02
1.482001972198486328e+01 -7.062392234802246094e+00 -1.554781198501586914e+00
1.539032649993896484e+01 -6.504418849945068359e+00 9.682329297065734863e-01
1.477870845794677734e+01 -4.620543003082275391e+00 2.069268703460693359e+00
1.514413452148437500e+01 -4.528439044952392578e+00 9.310897588729858398e-01
1.432193279266357422e+01 -3.724917173385620117e+00 1.093728303909301758e+00
1.582789897918701172e+01 -5.020049095153808594e+00 -3.336694717407226562e+00
1.525617218017578125e+01 -4.176067829132080078e+00 -2.549100875854492188e+00
1.522453880310058594e+01 -4.145152568817138672e+00 -9.816180467605590820e-01
1.499326705932617188e+01 -3.775437831878662109e+00 -1.481673598289489746e+00
1.435568904876708984e+01 -3.045238256454467773e+00 -8.323676586151123047e-01
1.381955814361572266e+01 -6.786232948303222656e+00 -6.243787765502929688e+00
1.526567268371582031e+01 -5.997433185577392578e+00 -6.539179801940917969e+00
1.237977504730224609e+01 -6.479322433471679688e+00 -6.661964416503906250e+00
1.292406940460205078e+01 -5.943545818328857422e+00 -7.444690227508544922e+00
1.594361495971679688e+01 -5.923780441284179688e+00 -5.633975028991699219e+00
1.564147949218750000e+01 -5.147789955139160156e+00 -5.924961090087890625e+00
1.506961059570312500e+01 -4.482300281524658203e+00 -5.523400783538818359e+00
1.327190685272216797e+01 -5.555941581726074219e+00 -7.297670841217041016e+00
1.264460468292236328e+01 -4.999070644378662109e+00 -6.608084678649902344e+00
1.351447296142578125e+01 -4.522722244262695312e+00 -6.083395957946777344e+00
1.365049362182617188e+01 -3.440043449401855469e+00 -4.923559665679931641e+00
1.502416133880615234e+01 -3.841532707214355469e+00 -2.788770198822021484e+00
1.496204662322998047e+01 -3.822209596633911133e+00 -4.478580951690673828e+00
1.441090488433837891e+01 -2.984430789947509766e+00 -3.719448566436767578e+00
1.017180442810058594e+01 -6.027336120605468750e+00 -2.756433010101318359e+00
6.998538017272949219e+00 -4.776431083679199219e+00 -2.382239580154418945e+00
7.285244941711425781e+00 -4.848504543304443359e+00 -1.957226395606994629e+00
6.850894927978515625e+00 -4.714056968688964844e+00 -2.942065477371215820e+00
1.049061298370361328e+01 -6.314500808715820312e+00 -2.351954698562622070e+00
9.022463798522949219e+00 -5.546063899993896484e+00 -1.956576466560363770e+00
7.960732460021972656e+00 -5.113822460174560547e+00 -1.591603398323059082e+00
9.607609748840332031e+00 -5.551680564880371094e+00 -3.446564197540283203e+00
9.962907791137695312e+00 -5.573295116424560547e+00 -4.673739433288574219e+00
8.339468955993652344e+00 -5.011247634887695312e+00 -3.970431566238403320e+00
1.360017681121826172e+01 -2.361274003982543945e+00 3.886625543236732483e-02
1.222106838226318359e+01 -9.942356348037719727e-01 -9.970301389694213867e-01
1.097402095794677734e+01 -5.989600658416748047e+00 -5.504269599914550781e+00
1.104133129119873047e+01 -5.443207263946533203e+00 -6.035268783569335938e+00
9.606212615966796875e+00 -5.093273162841796875e+00 -5.207001209259033203e+00
1.173604965209960938e+01 -4.724506855010986328e+00 -6.170518875122070312e+00
9.194677352905273438e+00 -4.332423686981201172e+00 -6.418338298797607422e+00
1.041952514648437500e+01 -3.559664487838745117e+00 -5.865390777587890625e+00
1.249816894531250000e+01 -3.720808029174804688e+00 -5.441229820251464844e+00
1.066963100433349609e+01 -3.219725608825683594e+00 -5.659022331237792969e+00
1.069436454772949219e+01 -2.289204597473144531e+00 -5.240387439727783203e+00
8.549948692321777344e+00 -3.688051700592041016e+00 -7.028948783874511719e+00
9.066429138183593750e+00 -3.092382431030273438e+00 -6.565891742706298828e+00
8.062307357788085938e+00 -2.034745454788208008e+00 -6.902295112609863281e+00
1.042735195159912109e+01 -1.621982216835021973e+00 -5.099787712097167969e+00
8.267986297607421875e+00 -1.710987210273742676e+00 -6.636585235595703125e+00
8.763793945312500000e+00 -4.911575317382812500e-01 -5.836802005767822266e+00
7.290714740753173828e+00 -1.635994315147399902e-01 -6.915206432342529297e+00
1.331904315948486328e+01 -2.191060781478881836e+00 -4.030283451080322266e+00
1.349623107910156250e+01 -1.805449843406677246e+00 -1.883567452430725098e+00
1.326322174072265625e+01 -1.390355467796325684e+00 -3.110290050506591797e+00
1.243310642242431641e+01 -5.417228937149047852e-01 -2.184605836868286133e+00
1.208622741699218750e+01 -1.889559477567672729e-01 -2.798519372940063477e+00
1.244468784332275391e+01 -1.964498519897460938e+00 -4.330949783325195312e+00
1.124409675598144531e+01 -1.265618085861206055e+00 -4.465277671813964844e+00
1.153287220001220703e+01 -6.132558584213256836e-01 -3.840038537979125977e+00
1.017547225952148438e+01 1.474886655807495117e+00 -1.714954972267150879e+00
9.296768188476562500e+00 2.315840959548950195e+00 -2.857285737991333008e+00
9.335195541381835938e+00 2.267108917236328125e+00 -3.333928585052490234e+00
8.573131561279296875e+00 2.876560449600219727e+00 -2.354019880294799805e+00
1.023051071166992188e+01 -9.314050078392028809e-01 -4.989423274993896484e+00
1.067145156860351562e+01 2.710663676261901855e-01 -4.105700016021728516e+00
8.378747940063476562e+00 1.259252130985260010e-01 -5.852953910827636719e+00
7.025197982788085938e+00 9.854253530502319336e-01 -6.427371501922607422e+00
1.380473899841308594e+01 -4.065657615661621094e+00 2.624547004699707031e+00
1.242085933685302734e+01 -2.975379943847656250e+00 2.903027296066284180e+00
1.123629760742187500e+01 -1.183147430419921875e+00 1.411087632179260254e+00
1.142396640777587891e+01 -8.760493397712707520e-01 2.857944071292877197e-01
9.927752494812011719e+00 -8.853779435157775879e-01 3.015347719192504883e+00
8.824579238891601562e+00 5.691465139389038086e-01 2.504701137542724609e+00
9.374199867248535156e+00 2.750089764595031738e-01 2.006225109100341797e+00
7.290011405944824219e+00 1.596816062927246094e+00 2.829731225967407227e+00
7.149720668792724609e+00 2.414627313613891602e+00 1.775923252105712891e+00
9.803280830383300781e+00 6.845699548721313477e-01 3.364568352699279785e-01
1.005053997039794922e+01 1.138479232788085938e+00 -9.885746240615844727e-01
7.999470710754394531e+00 2.468090057373046875e+00 4.034895598888397217e-01
3.353831052780151367e+00 4.278522968292236328e+00 -3.423450887203216553e-01
6.226188182830810547e+00 3.464553833007812500e+00 2.665764689445495605e-01
5.483254909515380859e+00 4.030243396759033203e+00 -2.222253799438476562e+00
3.677375793457031250e+00 4.394350051879882812e+00 -6.803256273269653320e-01
2.850994586944580078e+00 3.825021028518676758e+00 -2.454578161239624023e+00
2.964666366577148438e+00 3.518562793731689453e+00 -3.328344345092773438e+00
-9.867668747901916504e-01 3.797302246093750000e+00 -7.629039883613586426e-01
2.152825117111206055e+00 3.151343107223510742e+00 -4.386153221130371094e+00
1.109667401760816574e-02 4.164659023284912109e+00 -3.142389059066772461e+00
3.082110881805419922e-01 3.713193178176879883e+00 -4.697659492492675781e+00
2.382705450057983398e+00 3.812795162200927734e+00 -2.565366983413696289e+00
5.106081485748291016e+00 -8.695346117019653320e-01 -8.893892288208007812e+00
2.949927091598510742e+00 3.169118165969848633e-01 -9.609398841857910156e+00
5.073654174804687500e+00 5.164633989334106445e-01 -8.115031242370605469e+00
3.650755643844604492e+00 5.728915333747863770e-01 -8.970070838928222656e+00
2.529811382293701172e+00 5.094723701477050781e-01 -9.802475929260253906e+00
1.550226092338562012e+00 1.854939818382263184e+00 -9.913125038146972656e+00
3.336633741855621338e-01 3.154608726501464844e+00 -9.157783508300781250e+00
1.146087050437927246e-01 3.007665872573852539e+00 -1.045865249633789062e+01
5.663128852844238281e+00 2.813711643218994141e+00 -4.859181880950927734e+00
6.173052787780761719e+00 1.894941687583923340e+00 -6.092936515808105469e+00
4.707827091217041016e+00 2.706054210662841797e+00 -5.249620914459228516e+00
4.807301521301269531e+00 2.402420759201049805e+00 -5.963104724884033203e+00
6.611711025238037109e+00 3.727372407913208008e+00 -2.712376356124877930e+00
6.595701694488525391e+00 1.288692474365234375e+00 -6.428886890411376953e+00
5.725701808929443359e+00 1.683114051818847656e+00 -6.606678009033203125e+00
4.872291088104248047e+00 1.796825528144836426e+00 -7.040589809417724609e+00
2.742779493331909180e+00 2.860890150070190430e+00 -5.062388420104980469e+00
2.824011087417602539e+00 2.101372241973876953e+00 -7.361203670501708984e+00
2.033293724060058594e+00 2.336821079254150391e+00 -6.812409400939941406e+00
9.668896347284317017e-02 3.306020736694335938e+00 -6.270987510681152344e+00
2.741581797599792480e-01 2.964132547378540039e+00 -7.758871555328369141e+00
3.056045770645141602e-01 3.036757469177246094e+00 -8.137747764587402344e+00
-3.296178817749023438e+00 3.402145862579345703e+00 -2.584912300109863281e+00
-5.635950088500976562e+00 3.075812816619873047e+00 -7.728640556335449219e+00
-4.809412956237792969e+00 3.491207361221313477e+00 -7.633944511413574219e+00
-4.257939815521240234e+00 3.354679346084594727e+00 -6.674159049987792969e+00
-2.166782617568969727e+00 3.290827274322509766e+00 -2.309837341308593750e-01
-1.888989567756652832e+00 3.756815195083618164e+00 -1.354124784469604492e+00
-1.527055740356445312e+00 4.100288867950439453e+00 -2.468136548995971680e+00
-1.352911353111267090e+00 4.396824836730957031e+00 -3.693542957305908203e+00
-1.182106137275695801e+00 4.404013156890869141e+00 -4.987572669982910156e+00
-4.800694465637207031e+00 4.090062141418457031e+00 -8.502762794494628906e+00
-4.504183769226074219e+00 4.562918663024902344e+00 -9.024607658386230469e+00
-1.980611920356750488e+00 4.465735435485839844e+00 -7.511352062225341797e+00
-3.350121974945068359e+00 4.462213039398193359e+00 -8.331674575805664062e+00
-1.540026664733886719e+00 3.657097816467285156e+00 -1.119901847839355469e+01
-1.227154612541198730e+00 3.512055873870849609e+00 -1.106338691711425781e+01
-3.826997041702270508e+00 4.857766628265380859e+00 -1.070493316650390625e+01
-2.047240972518920898e+00 4.184817314147949219e+00 -9.850581169128417969e+00
-3.101361989974975586e-01 3.485637903213500977e+00 -9.966688156127929688e+00
-2.159403562545776367e+00 4.563549041748046875e+00 -6.120459556579589844e+00
5.304216384887695312e+00 3.051099538803100586e+00 2.318507194519042969e+00
6.056872367858886719e+00 2.970616579055786133e+00 1.747161984443664551e+00
1.970214009284973145e+00 7.102710008621215820e-01 -1.028842830657958984e+01
-5.148494243621826172e-01 2.799941301345825195e+00 -1.161596393585205078e+01
4.446055293083190918e-01 2.530433893203735352e+00 -1.077025318145751953e+01
