1.559411764144897461e+00 -4.929073333740234375e+00 -2.712007761001586914e+00
2.275652885437011719e+00 -4.769264698028564453e+00 -1.919580221176147461e+00
1.513032793998718262e+00 -4.781002998352050781e+00 -2.306292295455932617e+00
-5.068691253662109375e+00 -8.108534812927246094e+00 -7.822089672088623047e+00
-4.999233722686767578e+00 -8.061339378356933594e+00 -1.156789493560791016e+01
-4.184949398040771484e+00 -8.320912361145019531e+00 -9.419608116149902344e+00
-7.271066665649414062e+00 -7.468792915344238281e+00 -7.058646202087402344e+00
-7.775186538696289062e+00 -7.351146697998046875e+00 -7.967036247253417969e+00
-5.692162990570068359e+00 -8.128708839416503906e+00 -9.823575019836425781e+00
-6.220638751983642578e+00 -7.997593879699707031e+00 -9.061268806457519531e+00
-6.480369091033935547e+00 -7.344639778137207031e+00 -1.205413150787353516e+01
-8.410594940185546875e+00 -6.365947246551513672e+00 -1.057580757141113281e+01
-8.333254814147949219e+00 -6.188222408294677734e+00 -1.129372215270996094e+01
-9.642587661743164062e+00 -5.266442298889160156e+00 -8.362588882446289062e+00
-1.005134773254394531e+01 -4.324750900268554688e+00 -8.715793609619140625e+00
-9.587387084960937500e+00 -4.640677452087402344e+00 -1.086724853515625000e+01
-8.220296859741210938e+00 -6.690488815307617188e+00 -5.445245742797851562e+00
-9.067884445190429688e+00 -6.091526031494140625e+00 -4.929960727691650391e+00
-7.968146324157714844e+00 -5.745020866394042969e+00 -3.404805421829223633e+00
-8.496705055236816406e+00 -5.228348731994628906e+00 -2.226409673690795898e+00
-6.958256244659423828e+00 -5.440008640289306641e+00 -3.112540721893310547e+00
-2.593723058700561523e+00 -5.029998302459716797e+00 -1.546998739242553711e+00
-3.373763322830200195e+00 -4.880141258239746094e+00 -5.820842385292053223e-01
-1.440358161926269531e+00 -4.990733623504638672e+00 -2.355555593967437744e-01
-7.379587173461914062e+00 -3.211620092391967773e+00 2.311952829360961914e+00
-5.355667591094970703e+00 -3.511163949966430664e+00 1.279285788536071777e+00
-3.860470771789550781e+00 -5.067419052124023438e+00 -2.136204957962036133e+00
-7.304375648498535156e+00 -4.796468257904052734e+00 -1.626620054244995117e+00
-6.307719707489013672e+00 -5.166563987731933594e+00 -2.786396503448486328e+00
-3.738558769226074219e+00 -4.412611484527587891e+00 1.348932087421417236e-01
-4.768043041229248047e+00 -7.278615474700927734e+00 -5.294448852539062500e+00
-4.545645713806152344e+00 -6.497579097747802734e+00 -4.090523242950439453e+00
-2.280461311340332031e+00 -7.655231475830078125e+00 -6.416574954986572266e+00
-2.884815216064453125e+00 -7.167175292968750000e+00 -5.066545486450195312e+00
-2.214574813842773438e+00 -7.176884651184082031e+00 -5.298351764678955078e+00
-1.356605887413024902e+00 -6.801040649414062500e+00 -5.043035030364990234e+00
-2.779869794845581055e+00 -6.776318550109863281e+00 -4.439086437225341797e+00
-5.267590045928955078e+00 -6.850149631500244141e+00 -4.678762435913085938e+00
-6.153818130493164062e+00 -7.666716575622558594e+00 -6.741743087768554688e+00
-8.704946517944335938e+00 -6.650891304016113281e+00 -6.454503536224365234e+00
-1.417754411697387695e+00 -4.979733467102050781e+00 -1.834687113761901855e+00
-9.356532096862792969e-01 -5.040219783782958984e+00 -2.275754928588867188e+00
-2.241807460784912109e+00 -5.124055385589599609e+00 -2.022138118743896484e+00
-3.514482080936431885e-01 -5.082028865814208984e+00 -1.195736408233642578e+00
6.303225159645080566e-01 -4.611580371856689453e+00 -1.596378207206726074e+00
-8.153286576271057129e-01 -5.402604103088378906e+00 -3.019588708877563477e+00
-8.747017011046409607e-03 -5.498316764831542969e+00 -3.343682527542114258e+00
6.061325073242187500e-01 -4.761048316955566406e+00 -2.124240636825561523e+00
-9.515234947204589844e+00 -4.813694953918457031e+00 -2.044654846191406250e+00
-9.940333366394042969e+00 -4.890456199645996094e+00 -4.679637908935546875e+00
-9.351878166198730469e+00 -5.581118583679199219e+00 -3.830997467041015625e+00
-1.019584465026855469e+01 -3.759526729583740234e+00 -3.287796974182128906e+00
-1.032026863098144531e+01 -3.585591793060302734e+00 -4.715416908264160156e+00
-9.120216369628906250e+00 -4.088219642639160156e+00 3.100262582302093506e-01
-9.780632972717285156e+00 -4.174235343933105469e+00 -1.408553600311279297e+00
-9.819735527038574219e+00 -3.231637477874755859e+00 -2.803964912891387939e-01
-9.599024772644042969e+00 -2.926537036895751953e+00 9.022474288940429688e-01
-9.113037109375000000e+00 -2.721341133117675781e+00 2.167343378067016602e+00
-9.278776168823242188e+00 -1.629416942596435547e+00 1.269180536270141602e+00
-1.017265605926513672e+01 -2.694854974746704102e+00 -2.523918390274047852e+00
-1.009726142883300781e+01 -1.608944296836853027e+00 -2.652447700500488281e+00
-9.464147567749023438e+00 -1.293404340744018555e+00 -8.883891701698303223e-01
-7.935951709747314453e+00 -4.185834527015686035e-01 -6.469889879226684570e-01
-1.006320095062255859e+01 -4.634706497192382812e+00 -5.545148372650146484e+00
-1.034867954254150391e+01 -3.651489973068237305e+00 -5.424523830413818359e+00
-1.053343200683593750e+01 -2.256878376007080078e+00 -5.301118850708007812e+00
-1.059104347229003906e+01 -2.098270654678344727e+00 -5.871584415435791016e+00
-1.008403396606445312e+01 -6.563949584960937500e-01 -5.352859497070312500e+00
-1.058996295928955078e+01 -2.843406915664672852e+00 -7.961768150329589844e+00
-1.071180725097656250e+01 -1.946897387504577637e+00 -8.886700630187988281e+00
-1.060185527801513672e+01 -8.112803101539611816e-01 -8.515947341918945312e+00
-9.952419281005859375e+00 -3.298209607601165771e-01 -6.704644203186035156e+00
-8.382676124572753906e+00 -2.024325281381607056e-01 -2.253602027893066406e+00
-6.927153587341308594e+00 1.702406048774719238e+00 -3.685809850692749023e+00
-9.019103050231933594e+00 3.896425664424896240e-01 -6.200954914093017578e+00
-7.578057289123535156e+00 1.442309975624084473e+00 -4.986645698547363281e+00
1.311854362487792969e+01 -5.351816654205322266e+00 4.714784145355224609e+00
1.353011035919189453e+01 -6.107232093811035156e+00 8.341805338859558105e-01
1.300895500183105469e+01 -5.888916492462158203e+00 1.515694856643676758e+00
1.486254978179931641e+01 -5.769564151763916016e+00 2.046017169952392578e+00
1.466320323944091797e+01 -4.884484291076660156e+00 3.216745853424072266e+00
1.191577816009521484e+01 -5.559378147125244141e+00 2.817643880844116211e+00
4.399569988250732422e+00 -1.087594389915466309e+00 5.037934303283691406e+00
5.261154651641845703e+00 -6.637461781501770020e-01 6.188648223876953125e+00
6.641908645629882812e+00 -4.817101955413818359e+00 -1.647598028182983398e+00
8.905974388122558594e+00 -6.226425647735595703e+00 -1.210617423057556152e+00
8.120970726013183594e+00 -6.137142658233642578e+00 -1.051270604133605957e+00
7.448073387145996094e+00 -6.216021537780761719e+00 -4.646433889865875244e-01
2.551758766174316406e+00 -5.412916660308837891e+00 4.094619154930114746e-01
4.290908336639404297e+00 -4.691751956939697266e+00 -1.487803339958190918e+00
5.161358833312988281e+00 -5.078222751617431641e+00 -1.154289126396179199e+00
2.304395675659179688e+00 -4.276381969451904297e+00 -1.255768418312072754e+00
4.110930442810058594e+00 -4.721393585205078125e+00 -1.268842101097106934e+00
5.107417583465576172e+00 -5.549936294555664062e+00 2.345826625823974609e-01
5.804841995239257812e+00 -5.948185920715332031e+00 -5.854327678680419922e-01
3.094714879989624023e+00 -5.481692790985107422e+00 -5.805191397666931152e-01
9.425643920898437500e+00 -5.063751697540283203e+00 3.148269176483154297e+00
9.927167892456054688e+00 -4.540037631988525391e+00 5.076068878173828125e+00
9.897415161132812500e+00 -4.704030036926269531e+00 4.381690025329589844e+00
8.604961395263671875e+00 -3.934245586395263672e+00 5.692539691925048828e+00
8.905063629150390625e+00 -4.878250122070312500e+00 3.233203887939453125e+00
9.013558387756347656e+00 -5.852546215057373047e+00 1.475469350814819336e+00
8.678780555725097656e+00 -6.048322200775146484e+00 9.759476780891418457e-01
5.518023014068603516e+00 -1.255638957023620605e+00 4.215413093566894531e+00
6.159381389617919922e+00 -3.650835275650024414e+00 2.472713470458984375e+00
5.590056419372558594e+00 -3.939087390899658203e+00 1.911993503570556641e+00
4.519975662231445312e+00 -1.862771034240722656e+00 3.141789913177490234e+00
4.616318225860595703e+00 -1.450963735580444336e+00 3.819694757461547852e+00
6.866911411285400391e+00 -2.390789031982421875e+00 4.511655807495117188e+00
6.647430419921875000e+00 -1.831456661224365234e+00 5.858355522155761719e+00
6.537316322326660156e+00 -5.423282623291015625e+00 9.715598821640014648e-01
1.197641277313232422e+01 -4.030125617980957031e+00 6.143046855926513672e+00
1.368457984924316406e+01 -4.396088600158691406e+00 4.733324527740478516e+00
1.253023052215576172e+01 -3.153687953948974609e+00 5.094774246215820312e+00
1.341621589660644531e+01 -3.154048204421997070e+00 3.360868692398071289e+00
7.669417858123779297e+00 -2.860822677612304688e+00 7.388817310333251953e+00
7.270108222961425781e+00 -2.230520248413085938e+00 7.196523189544677734e+00
4.216991901397705078e+00 -3.092144727706909180e-01 6.922782897949218750e+00
9.557244300842285156e+00 -4.013699531555175781e+00 6.981519222259521484e+00
1.029635524749755859e+01 -2.678765773773193359e+00 6.885173320770263672e+00
1.067315292358398438e+01 -2.163551807403564453e+00 5.890676975250244141e+00
8.584725379943847656e+00 -1.309011936187744141e+00 6.960666179656982422e+00
8.960122108459472656e+00 -9.646502137184143066e-01 5.792949199676513672e+00
1.103414726257324219e+01 -1.959496378898620605e+00 4.798568248748779297e+00
1.138492965698242188e+01 -1.756678342819213867e+00 3.701818943023681641e+00
6.569803714752197266e+00 -1.219361424446105957e+00 6.680221557617187500e+00
7.707340717315673828e+00 -6.932014226913452148e-01 6.715649127960205078e+00
7.021815299987792969e+00 2.288010865449905396e-01 5.971405506134033203e+00
6.272698402404785156e+00 1.773113384842872620e-02 6.230682849884033203e+00
5.673188209533691406e+00 1.106369495391845703e+00 5.692925930023193359e+00
8.076508522033691406e+00 4.550875127315521240e-01 4.700324058532714844e+00
5.735712528228759766e+00 2.216982841491699219e+00 4.270306110382080078e+00
6.128669261932373047e+00 2.298372745513916016e+00 3.799829959869384766e+00
-2.133229494094848633e+00 -2.794541597366333008e+00 3.780195713043212891e+00
-1.522350668907165527e+00 -3.796838283538818359e+00 1.670248866081237793e+00
-1.476344823837280273e+00 -4.646605968475341797e+00 3.939591646194458008e-01
-1.616175413131713867e+00 -2.856916189193725586e+00 3.505342721939086914e+00
-2.432544082403182983e-01 -2.652593374252319336e+00 2.387741804122924805e+00
-5.071699142456054688e+00 -3.476998090744018555e+00 1.471766233444213867e+00
-4.359310150146484375e+00 -3.313807010650634766e+00 2.206613779067993164e+00
-5.805680274963378906e+00 -2.598039150238037109e+00 3.395781278610229492e+00
-5.279194831848144531e+00 -3.016988515853881836e+00 2.539289474487304688e+00
-4.095358848571777344e+00 -2.825480937957763672e+00 3.385810375213623047e+00
-2.760071516036987305e+00 -1.618548154830932617e+00 4.884660720825195312e+00
-5.654962539672851562e+00 -1.268577218055725098e+00 4.710453987121582031e+00
-5.351929664611816406e+00 -7.380152344703674316e-01 4.911682128906250000e+00
2.530914545059204102e+00 -1.695215582847595215e+00 3.717392444610595703e+00
1.368594169616699219e+00 -8.715652227401733398e-01 4.170196533203125000e+00
-5.969664081931114197e-02 -1.181288123130798340e+00 3.674390077590942383e+00
1.082353711128234863e+00 -2.927922606468200684e-01 4.703474044799804688e+00
2.498914241790771484e+00 -1.006440877914428711e+00 5.353276729583740234e+00
3.493738412857055664e+00 -5.007689595222473145e-01 6.719481468200683594e+00
1.096180081367492676e+00 8.002220988273620605e-01 5.438868999481201172e+00
-3.227101087570190430e+00 -1.388664484024047852e+00 5.014099597930908203e+00
-4.246786594390869141e+00 3.005551397800445557e-01 5.012477397918701172e+00
-2.752700090408325195e+00 5.675887465476989746e-01 5.140433311462402344e+00
-1.175885438919067383e+00 1.623755812644958496e+00 4.415700435638427734e+00
-3.889607191085815430e+00 1.020436525344848633e+00 4.049947738647460938e+00
-3.824770689010620117e+00 1.422645449638366699e+00 2.890451669692993164e+00
-1.778926849365234375e-01 -5.096198081970214844e+00 -7.805150747299194336e-02
2.973757386207580566e-01 -4.952004909515380859e+00 -1.120906919240951538e-01
8.145003914833068848e-01 -4.956687450408935547e+00 3.833800181746482849e-02
1.646297097206115723e+00 -3.792551994323730469e+00 1.432878971099853516e+00
1.481296181678771973e+00 -4.989713191986083984e+00 5.878929495811462402e-01
1.622554183006286621e+00 -3.755570650100708008e+00 -1.360118865966796875e+00
1.888047218322753906e+00 -2.616476058959960938e+00 2.380824327468872070e+00
2.260192632675170898e+00 1.559733986854553223e+00 5.616380214691162109e+00
2.853092908859252930e+00 2.520140171051025391e+00 4.257570743560791016e+00
2.593781948089599609e+00 2.971956253051757812e+00 3.022318840026855469e+00
-8.673847913742065430e-01 2.487820625305175781e+00 2.622821331024169922e+00
-6.740410923957824707e-01 1.966004133224487305e+00 4.193875789642333984e+00
5.628488659858703613e-01 2.565445184707641602e+00 3.256198167800903320e+00
-1.730517387390136719e+00 3.178113937377929688e+00 1.110547780990600586e-01
-7.586187839508056641e+00 -2.459816932678222656e+00 3.555932044982910156e+00
-7.328838825225830078e+00 -1.424445509910583496e+00 4.217699527740478516e+00
-7.960678100585937500e+00 -8.134147524833679199e-01 2.907278060913085938e+00
-6.812193393707275391e+00 -1.161701083183288574e+00 4.463609695434570312e+00
-7.016490936279296875e+00 -3.666356503963470459e-01 3.060695648193359375e+00
-6.419599533081054688e+00 1.882399916648864746e-01 1.420349001884460449e+00
-6.218826293945312500e+00 1.386097967624664307e-01 2.391274213790893555e+00
-6.923808097839355469e+00 2.276694327592849731e-01 -8.148068785667419434e-01
-3.745108127593994141e+00 1.649531245231628418e+00 1.847039937973022461e+00
-5.362590789794921875e+00 2.015788555145263672e+00 -1.992345571517944336e+00
-3.648759841918945312e+00 3.039366006851196289e+00 -1.667133927345275879e+00
3.348937273025512695e+00 7.809919118881225586e-01 6.523696899414062500e+00
2.952309131622314453e+00 1.840187430381774902e+00 5.416893959045410156e+00
3.806681632995605469e+00 2.217096567153930664e+00 4.856094837188720703e+00
4.508837223052978516e+00 2.723916292190551758e+00 3.798224449157714844e+00
3.860362529754638672e+00 3.179388046264648438e+00 2.971365928649902344e+00
7.754650592803955078e+00 -4.884965896606445312e+00 -3.939777612686157227e+00
2.375535726547241211e+00 -5.069920063018798828e+00 -3.049964427947998047e+00
5.490111351013183594e+00 -4.724685192108154297e+00 -2.510910034179687500e+00
6.314723968505859375e+00 -4.674181461334228516e+00 -2.955611228942871094e+00
3.031132936477661133e+00 -5.005597114562988281e+00 -2.929360628128051758e+00
2.089790582656860352e+00 -5.928644657135009766e+00 -5.248563289642333984e+00
2.625292778015136719e+00 -5.806081295013427734e+00 -6.250174522399902344e+00
3.889089345932006836e+00 -5.139930725097656250e+00 -5.593735694885253906e+00
5.919308662414550781e+00 -4.809621334075927734e+00 -3.719758033752441406e+00
7.154294490814208984e+00 -4.949954032897949219e+00 -4.051243305206298828e+00
2.443026542663574219e+00 -5.620925903320312500e+00 -8.456554412841796875e+00
8.318511009216308594e+00 -4.965335845947265625e+00 -5.986453533172607422e+00
3.299323558807373047e+00 -5.330541610717773438e+00 -7.112796783447265625e+00
3.712580680847167969e+00 -4.722445964813232422e+00 -7.896285057067871094e+00
6.287851810455322266e+00 -5.066509723663330078e+00 -5.366003513336181641e+00
7.407117843627929688e+00 -4.924343109130859375e+00 -6.315285205841064453e+00
5.876502037048339844e+00 -4.174634456634521484e+00 -7.241860866546630859e+00
7.533631801605224609e+00 -4.026709079742431641e+00 -7.356243133544921875e+00
5.587478637695312500e+00 -3.862735748291015625e+00 -7.622855186462402344e+00
5.159004688262939453e+00 -2.839631319046020508e+00 -8.641891479492187500e+00
5.232477188110351562e+00 -2.081487417221069336e+00 -8.895836830139160156e+00
-3.349476337432861328e+00 -7.970373153686523438e+00 -1.205609512329101562e+01
-3.131210327148437500e+00 -8.214890480041503906e+00 -1.051684188842773438e+01
-3.961534500122070312e+00 -7.543584346771240234e+00 -1.315921688079833984e+01
-1.581776738166809082e+00 -6.563499927520751953e+00 -1.324238109588623047e+01
-3.557021379470825195e+00 -6.334478378295898438e+00 -1.445990371704101562e+01
-3.375624895095825195e+00 -5.280760288238525391e+00 -1.519252967834472656e+01
-6.631365299224853516e+00 -6.536574363708496094e+00 -1.317086219787597656e+01
-7.072199821472167969e+00 -6.212156295776367188e+00 -1.318826961517333984e+01
-7.758376598358154297e+00 -5.231983661651611328e+00 -1.367466545104980469e+01
-5.719865322113037109e+00 -7.131891250610351562e+00 -1.307781028747558594e+01
-8.473937988281250000e+00 -5.364160537719726562e+00 -1.256348609924316406e+01
-7.364786148071289062e+00 -4.564658641815185547e+00 -1.457297611236572266e+01
-4.151514530181884766e+00 -5.535425662994384766e+00 -1.502890491485595703e+01
-5.996610164642333984e+00 -4.382061958312988281e+00 -1.525706958770751953e+01
-2.711638927459716797e+00 -5.387924194335937500e+00 -1.501423835754394531e+01
-2.177308559417724609e+00 -4.295679569244384766e+00 -1.536941909790039062e+01
-3.723355531692504883e+00 -3.715288162231445312e+00 -1.575196075439453125e+01
-2.790794610977172852e+00 -3.186823606491088867e+00 -1.571473121643066406e+01
-4.990313529968261719e+00 -2.649332046508789062e+00 -1.594021511077880859e+01
-3.921938419342041016e+00 -1.504353880882263184e+00 -1.593419170379638672e+01
-9.300796508789062500e+00 -4.439936637878417969e+00 -1.222100543975830078e+01
-8.935031890869140625e+00 -4.000471115112304688e+00 -1.344454479217529297e+01
-9.911889076232910156e+00 -2.861335039138793945e+00 -1.234617233276367188e+01
-1.040180492401123047e+01 -1.437307476997375488e+00 -1.151824951171875000e+01
-8.550148963928222656e+00 -3.347682714462280273e+00 -1.435949707031250000e+01
-7.693010807037353516e+00 -2.965424299240112305e+00 -1.519677543640136719e+01
-9.822402954101562500e+00 -9.225371479988098145e-01 -1.328199863433837891e+01
-9.376820564270019531e+00 -3.251124322414398193e-01 -1.420172786712646484e+01
-8.489084243774414062e+00 -9.497503042221069336e-01 -1.507169532775878906e+01
-7.137413501739501953e+00 1.619015634059906006e-01 -1.576653861999511719e+01
-7.628906250000000000e+00 8.169356584548950195e-01 -1.553329658508300781e+01
-1.521918177604675293e+00 -7.555910587310791016e+00 -6.887882709503173828e+00
-4.210575819015502930e-01 -7.156672954559326172e+00 -8.631326675415039062e+00
7.339075207710266113e-02 -6.568430900573730469e+00 -5.588825225830078125e+00
6.189867854118347168e-01 -6.685389518737792969e+00 -6.756285667419433594e+00
-2.396881133317947388e-01 -6.930831909179687500e+00 -9.610570907592773438e+00
-5.068781599402427673e-02 -5.895415306091308594e+00 -1.240201568603515625e+01
1.352486491203308105e+00 -6.388372421264648438e+00 -6.417713642120361328e+00
2.021016836166381836e+00 -5.951647281646728516e+00 -8.189570426940917969e+00
-7.605010867118835449e-01 -5.087353706359863281e+00 -1.430376338958740234e+01
1.024648189544677734e+00 -4.963361263275146484e+00 -1.243762969970703125e+01
-1.230630517005920410e+00 -3.739821434020996094e+00 -1.520256328582763672e+01
-1.924863606691360474e-01 -3.007574319839477539e+00 -1.485929107666015625e+01
1.960374712944030762e+00 -5.053628444671630859e+00 -1.069692802429199219e+01
-1.088287830352783203e+00 -2.405306339263916016e+00 -1.528111457824707031e+01
-1.307880282402038574e+00 -1.697470188140869141e+00 -1.534041690826416016e+01
2.141980886459350586e+00 -3.536584615707397461e+00 -1.149236202239990234e+01
8.848643302917480469e-01 -1.870355010032653809e+00 -1.348726081848144531e+01
7.971745729446411133e-01 -1.144585847854614258e+00 -1.333460235595703125e+01
-2.607104063034057617e+00 -1.778251409530639648e+00 -1.569810771942138672e+01
-2.677269458770751953e+00 -8.095740079879760742e-01 -1.563984298706054688e+01
-5.086621284484863281e+00 4.548559486865997314e-01 -1.588616943359375000e+01
-2.888037919998168945e+00 1.007944107055664062e+00 -1.536513328552246094e+01
-2.165685653686523438e+00 1.174922943115234375e+00 -1.512332439422607422e+01
-4.990279078483581543e-01 1.149706125259399414e+00 -1.388929462432861328e+01
-2.883599758148193359e+00 2.080516815185546875e+00 -1.503443431854248047e+01
-2.467622280120849609e+00 2.788533687591552734e+00 -1.464480876922607422e+01
2.703964710235595703e+00 -3.967843055725097656e+00 -1.033684825897216797e+01
3.520188093185424805e+00 -2.610986948013305664e+00 -1.011136913299560547e+01
3.012141704559326172e+00 -1.848748207092285156e+00 -1.085262298583984375e+01
9.632351994514465332e-01 -2.819277346134185791e-01 -1.281278228759765625e+01
1.481387972831726074e+00 5.635499954223632812e-03 -1.210916996002197266e+01
2.347356081008911133e+00 -2.194337248802185059e-01 -1.122574329376220703e+01
1.079534888267517090e+00 4.160427153110504150e-01 -1.233477306365966797e+01
-1.051275920867919922e+01 -9.647498130798339844e-01 -1.099232196807861328e+01
-9.969980239868164062e+00 6.881562471389770508e-01 -1.291857337951660156e+01
-1.030359172821044922e+01 -1.418152078986167908e-02 -1.048529529571533203e+01
-1.007295608520507812e+01 -1.198085844516754150e-01 -9.023316383361816406e+00
-9.726413726806640625e+00 5.455120205879211426e-01 -1.002574634552001953e+01
-9.964601516723632812e+00 9.255178570747375488e-01 -1.154991340637207031e+01
-9.435950279235839844e+00 2.036449193954467773e+00 -1.278155326843261719e+01
-8.822737693786621094e+00 1.400925397872924805e+00 -9.339828491210937500e+00
-8.419596672058105469e+00 2.402105569839477539e+00 -1.037244129180908203e+01
-8.201196670532226562e+00 1.161977887153625488e+00 -6.067818641662597656e+00
-7.967425346374511719e+00 1.602074384689331055e+00 -7.146402835845947266e+00
-8.288723945617675781e+00 1.889586210250854492e+00 -8.732593536376953125e+00
-7.903684139251708984e+00 2.553811788558959961e+00 -9.728593826293945312e+00
-6.300370216369628906e+00 2.702502489089965820e+00 -7.676833629608154297e+00
-6.216864109039306641e+00 3.013376474380493164e+00 -8.159393310546875000e+00
-8.637277603149414062e+00 2.205395221710205078e+00 -1.428913879394531250e+01
-8.038354873657226562e+00 2.233415603637695312e+00 -1.472866153717041016e+01
-7.639910221099853516e+00 3.444755077362060547e+00 -1.351026058197021484e+01
-6.659121513366699219e+00 4.266299724578857422e+00 -1.313400936126708984e+01
-6.102341651916503906e+00 1.895709633827209473e+00 -1.547251129150390625e+01
-5.846711635589599609e+00 2.184669494628906250e+00 -1.532408714294433594e+01
-5.172690868377685547e+00 3.967310905456542969e+00 -1.411852169036865234e+01
-4.617053508758544922e+00 3.959851264953613281e+00 -1.424624252319335938e+01
-5.869864463806152344e+00 3.771058559417724609e+00 -1.412160396575927734e+01
-8.276745796203613281e+00 3.287271022796630859e+00 -1.224448013305664062e+01
-6.246176242828369141e+00 4.417482376098632812e+00 -1.237852668762207031e+01
-5.559421539306640625e+00 4.386683464050292969e+00 -1.074092006683349609e+01
-3.391137123107910156e+00 4.232743740081787109e+00 -1.348582935333251953e+01
-3.172922134399414062e+00 4.294715404510498047e+00 -1.286825370788574219e+01
-5.222786903381347656e+00 4.437388896942138672e+00 -1.221699905395507812e+01
-4.471047878265380859e+00 4.635835647583007812e+00 -1.232384014129638672e+01
-3.218963384628295898e+00 4.684785842895507812e+00 -1.144115543365478516e+01
-4.960047721862792969e+00 4.789495468139648438e+00 -1.084568786621093750e+01
-3.797255516052246094e+00 4.892340183258056641e+00 -1.116930103302001953e+01
-6.643131732940673828e+00 3.687836170196533203e+00 -1.049883460998535156e+01
-5.934189319610595703e+00 3.629268646240234375e+00 -9.031371116638183594e+00
3.055742502212524414e+00 -1.921548992395401001e-01 -1.029981613159179688e+01
-1.406266689300537109e-01 1.527382969856262207e+00 -1.287625789642333984e+01
-2.116247892379760742e+00 3.220656394958496094e+00 -1.359344005584716797e+01
9.935627579689025879e-01 7.997097969055175781e-01 -1.168743419647216797e+01
-1.055644869804382324e+00 2.883413553237915039e+00 -1.233700275421142578e+01
-2.715744733810424805e+00 3.845322132110595703e+00 -1.326853275299072266e+01
-1.651909589767456055e+00 3.645608425140380859e+00 -1.187340259552001953e+01
1.143196010589599609e+01 -6.467364788055419922e+00 -3.328918457031250000e+00
1.331691932678222656e+01 -6.622505187988281250e+00 -1.657266736030578613e+00
1.117006492614746094e+01 -6.420350551605224609e+00 -8.027952313423156738e-01
1.097185420989990234e+01 -6.421816825866699219e+00 -2.554824352264404297e+00
1.434733390808105469e+01 -6.899225234985351562e+00 -4.964146137237548828e+00
1.198666095733642578e+01 -6.522562503814697266e+00 -3.929750919342041016e+00
1.269493961334228516e+01 -6.509716033935546875e+00 -5.424346446990966797e+00
1.314350986480712891e+01 -6.817005634307861328e+00 -3.608934879302978516e+00
1.561740207672119141e+01 -6.971372127532958984e+00 -3.526039600372314453e+00
1.605487442016601562e+01 -5.910784244537353516e+00 -4.112706184387207031e+00
1.623011970520019531e+01 -6.428243637084960938e+00 -1.087641954421997070e+00
1.636283874511718750e+01 -5.642724990844726562e+00 -1.976002573966979980e+00
1.456196117401123047e+01 -6.483312606811523438e+00 1.345206499099731445e-01
1.480198097229003906e+01 -6.879364967346191406e+00 -1.476090788841247559e+00
1.534631061553955078e+01 -6.123424053192138672e+00 1.069040298461914062e+00
1.475280570983886719e+01 -3.939831733703613281e+00 2.092146635055541992e+00
1.511295509338378906e+01 -4.115110397338867188e+00 9.793277382850646973e-01
1.429998016357421875e+01 -3.260379791259765625e+00 1.138060569763183594e+00
1.579140758514404297e+01 -4.869683742523193359e+00 -3.281213521957397461e+00
1.521754646301269531e+01 -4.005027294158935547e+00 -2.502124786376953125e+00
1.519849777221679688e+01 -3.906066894531250000e+00 -9.363019466400146484e-01
1.495280742645263672e+01 -3.578933715820312500e+00 -1.439138531684875488e+00
1.430349063873291016e+01 -2.809997320175170898e+00 -8.102313280105590820e-01
1.380326652526855469e+01 -6.691488742828369141e+00 -6.187922954559326172e+00
1.524299526214599609e+01 -5.900257110595703125e+00 -6.485400676727294922e+00
1.236111927032470703e+01 -6.402178287506103516e+00 -6.611340999603271484e+00
1.290462779998779297e+01 -5.868375778198242188e+00 -7.395266532897949219e+00
1.592602062225341797e+01 -5.805537700653076172e+00 -5.575250625610351562e+00
1.559262180328369141e+01 -5.047808647155761719e+00 -5.863841056823730469e+00
1.501893711090087891e+01 -4.383973121643066406e+00 -5.470498561859130859e+00
1.324650955200195312e+01 -5.476442813873291016e+00 -7.250007629394531250e+00
1.261738395690917969e+01 -4.923939704895019531e+00 -6.564972877502441406e+00
1.347710609436035156e+01 -4.442253589630126953e+00 -6.038609027862548828e+00
1.359772491455078125e+01 -3.356103181838989258e+00 -4.882330417633056641e+00
1.497616481781005859e+01 -3.692905426025390625e+00 -2.744726419448852539e+00
1.490036869049072266e+01 -3.714429140090942383e+00 -4.430253505706787109e+00
1.434072971343994141e+01 -2.880400419235229492e+00 -3.679805994033813477e+00
1.015666961669921875e+01 -5.957501888275146484e+00 -2.706223726272583008e+00
6.984166145324707031e+00 -4.731148242950439453e+00 -2.346764802932739258e+00
7.270851135253906250e+00 -4.798361301422119141e+00 -1.916324853897094727e+00
6.836585998535156250e+00 -4.679831981658935547e+00 -2.912797689437866211e+00
1.047681999206542969e+01 -6.248816490173339844e+00 -2.305332660675048828e+00
9.006461143493652344e+00 -5.486917495727539062e+00 -1.907719373703002930e+00
7.943304061889648438e+00 -5.058178424835205078e+00 -1.542838811874389648e+00
9.591653823852539062e+00 -5.488507747650146484e+00 -3.400082349777221680e+00
9.947728157043457031e+00 -5.501381874084472656e+00 -4.624513626098632812e+00
8.324975967407226562e+00 -4.954806327819824219e+00 -3.932133674621582031e+00
1.351287937164306641e+01 -2.142167329788208008e+00 4.286460578441619873e-02
1.216353988647460938e+01 -8.066456317901611328e-01 -9.640626311302185059e-01
1.095949268341064453e+01 -5.907688140869140625e+00 -5.453632354736328125e+00
1.102009582519531250e+01 -5.377383232116699219e+00 -5.989825725555419922e+00
9.589232444763183594e+00 -5.036154747009277344e+00 -5.166312217712402344e+00
1.171136569976806641e+01 -4.662737846374511719e+00 -6.128986835479736328e+00
9.178621292114257812e+00 -4.296777725219726562e+00 -6.387887477874755859e+00
1.039534282684326172e+01 -3.516400575637817383e+00 -5.832190036773681641e+00
1.246168327331542969e+01 -3.656346797943115234e+00 -5.401327610015869141e+00
1.063955879211425781e+01 -3.177140712738037109e+00 -5.624625205993652344e+00
1.066177177429199219e+01 -2.252954244613647461e+00 -5.208956718444824219e+00
8.541579246520996094e+00 -3.668932437896728516e+00 -7.010202884674072266e+00
9.048763275146484375e+00 -3.066612720489501953e+00 -6.543008804321289062e+00
8.052833557128906250e+00 -2.025750160217285156e+00 -6.891905307769775391e+00
1.039898777008056641e+01 -1.588801383972167969e+00 -5.077072143554687500e+00
8.254486083984375000e+00 -1.697007060050964355e+00 -6.624144077301025391e+00
8.747585296630859375e+00 -4.739356338977813721e-01 -5.827885627746582031e+00
7.279589176177978516e+00 -1.619484424591064453e-01 -6.907457828521728516e+00
1.325453758239746094e+01 -2.106440544128417969e+00 -3.994831323623657227e+00
1.342714595794677734e+01 -1.646170854568481445e+00 -1.866348624229431152e+00
1.319493865966796875e+01 -1.301471233367919922e+00 -3.090455293655395508e+00
1.236592483520507812e+01 -4.321139752864837646e-01 -2.174446821212768555e+00
1.202758789062500000e+01 -1.219867318868637085e-01 -2.788863897323608398e+00
1.239711666107177734e+01 -1.904116749763488770e+00 -4.303181648254394531e+00
1.120101356506347656e+01 -1.221601843833923340e+00 -4.439360141754150391e+00
1.148531341552734375e+01 -5.636301636695861816e-01 -3.823740005493164062e+00
1.015576648712158203e+01 1.543085217475891113e+00 -1.715739965438842773e+00
9.279999732971191406e+00 2.361304521560668945e+00 -2.862012147903442383e+00
9.327806472778320312e+00 2.300229072570800781e+00 -3.339329719543457031e+00
8.567296981811523438e+00 2.921952724456787109e+00 -2.355137348175048828e+00
1.020835971832275391e+01 -9.039782881736755371e-01 -4.976718902587890625e+00
1.064963912963867188e+01 3.064040541648864746e-01 -4.102641105651855469e+00
8.367486000061035156e+00 1.335931718349456787e-01 -5.848227500915527344e+00
7.014448165893554688e+00 9.858199357986450195e-01 -6.422015190124511719e+00
1.381870269775390625e+01 -3.258540153503417969e+00 2.711200237274169922e+00
1.238932323455810547e+01 -2.246699571609497070e+00 3.023471355438232422e+00
1.119462871551513672e+01 -7.382305264472961426e-01 1.542060375213623047e+00
1.140288543701171875e+01 -5.798301100730895996e-01 3.606338500976562500e-01
9.893191337585449219e+00 -2.678615450859069824e-01 3.267193317413330078e+00
8.811711311340332031e+00 1.061709880828857422e+00 2.716819763183593750e+00
9.377461433410644531e+00 7.470616102218627930e-01 2.178047895431518555e+00
7.281737804412841797e+00 2.090752124786376953e+00 3.047359466552734375e+00
7.130090713500976562e+00 2.735512018203735352e+00 1.877104520797729492e+00
9.776375770568847656e+00 9.552663564682006836e-01 4.190439283847808838e-01
1.001541900634765625e+01 1.322893381118774414e+00 -9.459294676780700684e-01
7.970900535583496094e+00 2.655780315399169922e+00 4.577414393424987793e-01
3.349441766738891602e+00 4.271361351013183594e+00 -3.450966179370880127e-01
6.206044197082519531e+00 3.551482200622558594e+00 2.908247411251068115e-01
5.476790904998779297e+00 4.036326408386230469e+00 -2.224016189575195312e+00
3.670199871063232422e+00 4.385157585144042969e+00 -6.833970546722412109e-01
2.845204591751098633e+00 3.816925048828125000e+00 -2.454293966293334961e+00
2.957513570785522461e+00 3.504382848739624023e+00 -3.324830055236816406e+00
-9.884021878242492676e-01 3.799936771392822266e+00 -7.616369724273681641e-01
2.144264459609985352e+00 3.136846065521240234e+00 -4.381623268127441406e+00
8.397626690566539764e-03 4.163194179534912109e+00 -3.140493631362915039e+00
3.042964339256286621e-01 3.708174943923950195e+00 -4.694925785064697266e+00
2.377918481826782227e+00 3.804033994674682617e+00 -2.563922405242919922e+00
5.099714279174804688e+00 -8.752442598342895508e-01 -8.889692306518554688e+00
2.940070629119873047e+00 3.058976829051971436e-01 -9.603371620178222656e+00
5.059591293334960938e+00 5.040242075920104980e-01 -8.105226516723632812e+00
3.639809608459472656e+00 5.603464245796203613e-01 -8.963132858276367188e+00
2.521100044250488281e+00 4.996879696846008301e-01 -9.797405242919921875e+00
1.544463396072387695e+00 1.848072052001953125e+00 -9.909414291381835938e+00
3.291999101638793945e-01 3.148375749588012695e+00 -9.154457092285156250e+00
1.104074865579605103e-01 3.001898765563964844e+00 -1.045576858520507812e+01
5.654109477996826172e+00 2.804195404052734375e+00 -4.852459907531738281e+00
6.159931659698486328e+00 1.883322834968566895e+00 -6.083805561065673828e+00
4.697899341583251953e+00 2.684653282165527344e+00 -5.240064620971679688e+00
4.794741630554199219e+00 2.380024194717407227e+00 -5.952633857727050781e+00
6.609759330749511719e+00 3.746254444122314453e+00 -2.714964389801025391e+00
6.583623409271240234e+00 1.283140659332275391e+00 -6.421738147735595703e+00
5.709939956665039062e+00 1.665973544120788574e+00 -6.595533370971679688e+00
4.856549739837646484e+00 1.775897145271301270e+00 -7.027857780456542969e+00
2.733164310455322266e+00 2.843675374984741211e+00 -5.056421756744384766e+00
2.812976837158203125e+00 2.086747407913208008e+00 -7.354125499725341797e+00
2.024592399597167969e+00 2.324972867965698242e+00 -6.807228088378906250e+00
9.265948832035064697e-02 3.301446199417114258e+00 -6.268039703369140625e+00
2.688708007335662842e-01 2.957314491271972656e+00 -7.755310535430908203e+00
3.006586730480194092e-01 3.030352354049682617e+00 -8.134530067443847656e+00
-3.297662734985351562e+00 3.403903961181640625e+00 -2.583000659942626953e+00
-5.636232852935791016e+00 3.070471286773681641e+00 -7.729493141174316406e+00
-4.810247898101806641e+00 3.486769437789916992e+00 -7.634212493896484375e+00
-4.259274959564208984e+00 3.353770017623901367e+00 -6.673430919647216797e+00
-2.168587446212768555e+00 3.291316509246826172e+00 -2.278531789779663086e-01
-1.891187906265258789e+00 3.760316610336303711e+00 -1.350575685501098633e+00
-1.529630303382873535e+00 4.105369567871093750e+00 -2.465101718902587891e+00
-1.355327606201171875e+00 4.397466659545898438e+00 -3.691766262054443359e+00
-1.183950185775756836e+00 4.402759075164794922e+00 -4.985518455505371094e+00
-4.802399635314941406e+00 4.083824634552001953e+00 -8.502964973449707031e+00
-4.506984710693359375e+00 4.560702323913574219e+00 -9.022213935852050781e+00
-1.982091426849365234e+00 4.464777469635009766e+00 -7.509552001953125000e+00
-3.351639986038208008e+00 4.460959911346435547e+00 -8.329758644104003906e+00
-1.543177008628845215e+00 3.653423070907592773e+00 -1.119646644592285156e+01
-1.230475425720214844e+00 3.507819175720214844e+00 -1.106080532073974609e+01
-3.829668760299682617e+00 4.856092929840087891e+00 -1.070225811004638672e+01
-2.049374341964721680e+00 4.182431221008300781e+00 -9.848222732543945312e+00
-3.131785988807678223e-01 3.480885028839111328e+00 -9.964077949523925781e+00
-2.160489559173583984e+00 4.562106132507324219e+00 -6.119121074676513672e+00
5.263324737548828125e+00 3.229392290115356445e+00 2.376960515975952148e+00
6.027957916259765625e+00 3.184653043746948242e+00 1.815211296081542969e+00
1.963092684745788574e+00 7.026582956314086914e-01 -1.028420639038085938e+01
-5.187435150146484375e-01 2.795598030090332031e+00 -1.161311721801757812e+01
4.398892223834991455e-01 2.524686574935913086e+00 -1.076695060729980469e+01
