1.556649999999999423e+00 -4.932190000000000296e+00 -2.713650000000000340e+00
2.272129999999999761e+00 -4.777130000000001431e+00 -1.923289999999997280e+00
1.510089999999999488e+00 -4.786480000000000068e+00 -2.308420000000000361e+00
-5.068989999999999441e+00 -8.108589999999999520e+00 -7.822279999999998346e+00
-4.999440000000000772e+00 -8.061579999999999302e+00 -1.156790000000000163e+01
-4.185089999999998867e+00 -8.320959999999999468e+00 -9.419629999999997949e+00
-7.271009999999999529e+00 -7.468480000000000452e+00 -7.059049999999998271e+00
-7.775099999999998346e+00 -7.350730000000000430e+00 -7.967359999999999332e+00
-5.692370000000000374e+00 -8.128729999999999123e+00 -9.823719999999998009e+00
-6.220780000000000420e+00 -7.997469999999999857e+00 -9.061619999999997788e+00
-6.480559999999999654e+00 -7.344800000000000217e+00 -1.205439999999999934e+01
-8.410579999999997725e+00 -6.366290000000000227e+00 -1.057610000000000205e+01
-8.332949999999998525e+00 -6.188729999999999620e+00 -1.129420000000000179e+01
-9.642269999999999897e+00 -5.266530000000000378e+00 -8.363250000000000739e+00
-1.005080000000000062e+01 -4.324870000000000658e+00 -8.716290000000000759e+00
-9.586830000000000851e+00 -4.642080000000000872e+00 -1.086780000000000257e+01
-8.220140000000000668e+00 -6.690389999999999837e+00 -5.445690000000000808e+00
-9.067600000000002325e+00 -6.091709999999999958e+00 -4.930470000000000574e+00
-7.968239999999998879e+00 -5.745150000000000645e+00 -3.404900000000000482e+00
-8.497019999999999129e+00 -5.228220000000000312e+00 -2.226529999999998122e+00
-6.958479999999998888e+00 -5.440220000000000944e+00 -3.112539999999998308e+00
-2.594589999999999730e+00 -5.031130000000000102e+00 -1.547609999999999042e+00
-3.374430000000000263e+00 -4.881430000000000824e+00 -5.825710000000009492e-01
-1.441469999999998919e+00 -4.993390000000000661e+00 -2.367060000000019704e-01
-7.379080000000000084e+00 -3.211890000000001244e+00 2.311640000000000583e+00
-5.355470000000000397e+00 -3.512199999999999989e+00 1.278849999999998710e+00
-3.861000000000000654e+00 -5.068060000000000898e+00 -2.136520000000000863e+00
-7.304509999999998726e+00 -4.796260000000001078e+00 -1.626839999999999842e+00
-6.308020000000000849e+00 -5.166780000000000150e+00 -2.786579999999999391e+00
-3.738889999999999159e+00 -4.413800000000001056e+00 1.345789999999972286e-01
-4.768449999999999633e+00 -7.278940000000000410e+00 -5.294710000000000250e+00
-4.546079999999999011e+00 -6.498050000000000992e+00 -4.090810000000002056e+00
-2.280809999999998006e+00 -7.655630000000000379e+00 -6.416900000000000048e+00
-2.885370000000000434e+00 -7.167770000000000863e+00 -5.066900000000000404e+00
-2.215199999999998060e+00 -7.177470000000000461e+00 -5.298900000000000610e+00
-1.357649999999997803e+00 -6.801790000000000447e+00 -5.043940000000000090e+00
-2.780579999999999163e+00 -6.777019999999999378e+00 -4.439499999999999780e+00
-5.267920000000001046e+00 -6.850469999999999615e+00 -4.678879999999999484e+00
-6.154080000000000439e+00 -7.666749999999999510e+00 -6.742069999999998231e+00
-8.704689999999997596e+00 -6.650870000000001170e+00 -6.455040000000000333e+00
-1.418939999999997426e+00 -4.981560000000000876e+00 -1.835369999999998836e+00
-9.370860000000010848e-01 -5.042670000000000208e+00 -2.276440000000000019e+00
-2.242799999999998128e+00 -5.125049999999999883e+00 -2.022759999999999003e+00
-3.532060000000011857e-01 -5.086910000000000487e+00 -1.197040000000000326e+00
6.285930000000001794e-01 -4.618059999999999832e+00 -1.597569999999998602e+00
-8.166010000000002433e-01 -5.403979999999998896e+00 -3.020450000000000301e+00
-1.055009999999995812e-02 -5.500040000000001150e+00 -3.345110000000001360e+00
6.039139999999988406e-01 -4.764750000000000263e+00 -2.125359999999998362e+00
-9.515510000000000801e+00 -4.813410000000000188e+00 -2.044919999999999405e+00
-9.939959999999999241e+00 -4.890610000000000568e+00 -4.680290000000000283e+00
-9.351800000000000779e+00 -5.581160000000000565e+00 -3.831380000000000230e+00
-1.019559999999999889e+01 -3.759510000000001018e+00 -3.288419999999999899e+00
-1.031919999999999860e+01 -3.585779999999999745e+00 -4.716160000000000352e+00
-9.119979999999998199e+00 -4.087170000000001302e+00 3.091320000000025159e-01
-9.780979999999999563e+00 -4.173960000000000115e+00 -1.408619999999997763e+00
-9.820229999999998682e+00 -3.231310000000000571e+00 -2.801209999999981215e-01
-9.598950000000000315e+00 -2.926550000000001539e+00 9.022999999999994358e-01
-9.112780000000000769e+00 -2.721640000000001169e+00 2.167250000000000121e+00
-9.278879999999999129e+00 -1.629560000000001008e+00 1.269389999999999574e+00
-1.017280000000000051e+01 -2.694779999999999287e+00 -2.523980000000000778e+00
-1.009749999999999837e+01 -1.608769999999999811e+00 -2.652739999999997877e+00
-9.464579999999997995e+00 -1.293130000000000557e+00 -8.882370000000012755e-01
-7.936659999999999826e+00 -4.180490000000002260e-01 -6.468620000000012693e-01
-1.006290000000000262e+01 -4.635120000000000573e+00 -5.545780000000000598e+00
-1.034750000000000014e+01 -3.651950000000000696e+00 -5.425390000000001045e+00
-1.053320000000000078e+01 -2.257890000000000175e+00 -5.301990000000000869e+00
-1.059070000000000000e+01 -2.098980000000000956e+00 -5.872500000000000497e+00
-1.008309999999999818e+01 -6.579300000000007920e-01 -5.354270000000000529e+00
-1.058950000000000102e+01 -2.843530000000001223e+00 -7.962419999999998943e+00
-1.071140000000000292e+01 -1.947580000000000089e+00 -8.887840000000000629e+00
-1.060100000000000087e+01 -8.123880000000008872e-01 -8.517889999999997741e+00
-9.951410000000000977e+00 -3.317030000000008028e-01 -6.706680000000002195e+00
-8.383089999999999264e+00 -2.020600000000009611e-01 -2.253719999999999501e+00
-6.926289999999999836e+00 1.700609999999998845e+00 -3.687500000000000888e+00
-9.016030000000000655e+00 3.845809999999996731e-01 -6.203920000000000989e+00
-7.575650000000000439e+00 1.437990000000000324e+00 -4.989419999999999966e+00
1.320610000000000461e+01 -5.589480000000000004e+00 4.570890000000001230e+00
1.353500000000000192e+01 -6.231640000000000512e+00 7.849959999999986948e-01
1.303420000000000378e+01 -6.019339999999998803e+00 1.461970000000000214e+00
1.489600000000000257e+01 -5.970500000000001251e+00 1.964229999999998810e+00
1.472609999999999530e+01 -5.132340000000001012e+00 3.104069999999999219e+00
1.195619999999999727e+01 -5.675519999999999676e+00 2.738679999999998671e+00
4.418169999999999931e+00 -1.110020000000000673e+00 4.963019999999997545e+00
5.288350000000002105e+00 -7.406980000000018549e-01 6.113929999999998088e+00
6.637479999999997382e+00 -4.840469999999999828e+00 -1.665910000000000224e+00
8.897149999999999892e+00 -6.263130000000000308e+00 -1.241809999999998970e+00
8.111630000000005225e+00 -6.172279999999999767e+00 -1.084189999999998655e+00
7.441289999999999516e+00 -6.245629999999999349e+00 -4.978160000000017016e-01
2.550670000000000659e+00 -5.420359999999999623e+00 4.065510000000011614e-01
4.286599999999999966e+00 -4.701899999999999302e+00 -1.497030000000000971e+00
5.157619999999997873e+00 -5.093379999999999797e+00 -1.168910000000001448e+00
2.301500000000001211e+00 -4.284559999999999924e+00 -1.261199999999998100e+00
4.107720000000003147e+00 -4.730629999999999669e+00 -1.278020000000000600e+00
5.103489999999998972e+00 -5.565039999999999765e+00 2.172429999999980765e-01
5.797760000000000247e+00 -5.970690000000000275e+00 -6.101960000000006268e-01
3.091329999999999245e+00 -5.490549999999998931e+00 -5.877210000000009371e-01
9.445910000000003137e+00 -5.141489999999999227e+00 3.062129999999998020e+00
9.996059999999999945e+00 -4.708940000000001014e+00 4.861999999999998323e+00
9.938880000000001047e+00 -4.852970000000000006e+00 4.251609999999999445e+00
8.695740000000000691e+00 -3.964560000000000528e+00 5.305869999999998754e+00
8.922590000000003130e+00 -4.922740000000000116e+00 3.134710000000000107e+00
9.016820000000002722e+00 -5.889140000000000263e+00 1.419599999999996864e+00
8.672810000000001907e+00 -6.079040000000000887e+00 9.356159999999997812e-01
5.521750000000002601e+00 -1.240210000000000257e+00 4.047819999999996199e+00
6.164380000000003079e+00 -3.655470000000000663e+00 2.395610000000000461e+00
5.590029999999999610e+00 -3.947650000000000325e+00 1.873480000000000478e+00
4.516810000000001324e+00 -1.869020000000000570e+00 3.080760000000000165e+00
4.616030000000002076e+00 -1.449380000000001001e+00 3.738739999999999508e+00
6.899269999999999570e+00 -2.376870000000001149e+00 4.303020000000001843e+00
6.704060000000005459e+00 -1.817080000000000473e+00 5.521369999999998335e+00
6.535659999999999137e+00 -5.444119999999999848e+00 9.367539999999983102e-01
1.208150000000000546e+01 -4.249840000000000728e+00 5.912049999999999805e+00
1.376690000000000502e+01 -4.617309999999999803e+00 4.560259999999999536e+00
1.263780000000000214e+01 -3.314109999999999889e+00 4.881669999999999732e+00
1.349399999999999800e+01 -3.306010000000001448e+00 3.212610000000001964e+00
7.851589999999999847e+00 -2.776670000000000194e+00 6.670329999999997206e+00
7.429050000000004594e+00 -2.309460000000000068e+00 6.637439999999999785e+00
4.255130000000001189e+00 -3.617350000000006394e-01 6.890850000000000364e+00
9.679700000000000415e+00 -4.052450000000001218e+00 6.493199999999996308e+00
1.044199999999999839e+01 -2.727880000000000305e+00 6.464389999999996306e+00
1.082130000000000081e+01 -2.244360000000000799e+00 5.538189999999998392e+00
8.715960000000000818e+00 -1.365260000000001028e+00 6.465929999999996625e+00
9.073629999999999640e+00 -9.960560000000010517e-01 5.497819999999999929e+00
1.116929999999999801e+01 -2.016180000000001193e+00 4.551389999999999603e+00
1.150479999999999769e+01 -1.763700000000000712e+00 3.540450000000001207e+00
6.666750000000002174e+00 -1.303620000000000889e+00 6.386339999999997907e+00
7.806170000000000719e+00 -7.620510000000008111e-01 6.376120000000002008e+00
7.085440000000004623e+00 2.009969999999977608e-01 5.822049999999999059e+00
6.304210000000000313e+00 -5.183160000000182344e-02 6.120560000000001111e+00
5.721309999999999008e+00 1.115849999999999342e+00 5.688409999999997524e+00
8.148529999999999163e+00 4.690199999999991598e-01 4.553570000000000562e+00
5.802469999999997796e+00 2.317889999999999340e+00 4.307640000000000136e+00
6.192020000000000302e+00 2.386709999999998111e+00 3.801770000000002536e+00
-2.132569999999997634e+00 -2.795849999999999724e+00 3.778020000000001488e+00
-1.522659999999999014e+00 -3.799070000000001723e+00 1.667689999999998118e+00
-1.477140000000001008e+00 -4.649080000000000545e+00 3.921989999999994092e-01
-1.616519999999999291e+00 -2.860170000000000545e+00 3.501850000000001017e+00
-2.446599999999993225e-01 -2.656980000000000341e+00 2.381769999999999943e+00
-5.071690000000000254e+00 -3.477029999999999177e+00 1.471170000000001199e+00
-4.359180000000000277e+00 -3.314940000000000886e+00 2.205759999999999721e+00
-5.805009999999999337e+00 -2.596970000000000667e+00 3.394359999999997157e+00
-5.278799999999999493e+00 -3.017740000000000755e+00 2.538380000000002301e+00
-4.094839999999999591e+00 -2.826000000000000956e+00 3.384279999999998623e+00
-2.758849999999998470e+00 -1.619750000000000467e+00 4.882800000000001361e+00
-5.653920000000000279e+00 -1.268320000000001446e+00 4.709300000000000708e+00
-5.350439999999999863e+00 -7.380140000000009470e-01 4.910079999999999778e+00
2.534559999999999924e+00 -1.701290000000000191e+00 3.681729999999998171e+00
1.371880000000002431e+00 -8.800060000000009541e-01 4.149350000000002758e+00
-6.070039999999883584e-02 -1.185340000000000726e+00 3.666490000000000915e+00
1.089599999999999680e+00 -3.054360000000008735e-01 4.682539999999997704e+00
2.516610000000000902e+00 -1.023840000000001416e+00 5.312869999999997539e+00
3.521100000000000563e+00 -5.320110000000006778e-01 6.675059999999994886e+00
1.115220000000000988e+00 7.836829999999994634e-01 5.406659999999997801e+00
-3.225510000000000321e+00 -1.389669999999999961e+00 5.011869999999998271e+00
-4.244609999999999772e+00 2.996959999999995183e-01 5.010429999999997719e+00
-2.749739999999998297e+00 5.654039999999979083e-01 5.135600000000000165e+00
-1.170179999999999776e+00 1.617659999999999876e+00 4.407050000000002576e+00
-3.887859999999998983e+00 1.018619999999998083e+00 4.047470000000000567e+00
-3.824049999999999283e+00 1.421869999999998413e+00 2.889169999999999128e+00
-1.792709999999999582e-01 -5.100400000000000489e+00 -7.939340000000291719e-02
2.956280000000007790e-01 -4.957679999999998977e+00 -1.141000000000008258e-01
8.126740000000002295e-01 -4.964140000000000441e+00 3.499220000000080599e-02
1.644849999999999701e+00 -3.798339999999999606e+00 1.423229999999999995e+00
1.479760000000001963e+00 -4.997320000000000206e+00 5.833779999999971766e-01
1.620490000000001762e+00 -3.763630000000000919e+00 -1.360829999999999318e+00
1.887420000000001652e+00 -2.620090000000000252e+00 2.362579999999999902e+00
2.290210000000000079e+00 1.531249999999999556e+00 5.581639999999996604e+00
2.880590000000001094e+00 2.531539999999997903e+00 4.256049999999997446e+00
2.609380000000001587e+00 2.980739999999998613e+00 3.023420000000001995e+00
-8.630159999999994502e-01 2.483119999999998662e+00 2.618590000000000195e+00
-6.645819999999986738e-01 1.953269999999999396e+00 4.179669999999997998e+00
5.725079999999984626e-01 2.556950000000000056e+00 3.248000000000001553e+00
-1.729679999999998552e+00 3.175059999999998439e+00 1.085959999999966813e-01
-7.585539999999999949e+00 -2.459690000000001042e+00 3.555179999999998230e+00
-7.328510000000000524e+00 -1.424660000000000926e+00 4.217590000000002171e+00
-7.960590000000000721e+00 -8.139120000000015231e-01 2.907299999999996665e+00
-6.811599999999999433e+00 -1.161530000000001062e+00 4.463099999999998957e+00
-7.016079999999998762e+00 -3.679220000000009150e-01 3.060160000000000213e+00
-6.419929999999999914e+00 1.884850000000002634e-01 1.420249999999997348e+00
-6.219280000000000364e+00 1.389700000000000935e-01 2.391229999999999301e+00
-6.924249999999999794e+00 2.276509999999992984e-01 -8.149340000000020456e-01
-3.744779999999999998e+00 1.649239999999999373e+00 1.846179999999999710e+00
-5.361849999999999561e+00 2.013739999999998975e+00 -1.993670000000001385e+00
-3.646659999999999791e+00 3.033159999999998746e+00 -1.670090000000001629e+00
3.383260000000000378e+00 7.513479999999987946e-01 6.494049999999996992e+00
2.985599999999999810e+00 1.829589999999998717e+00 5.401309999999997835e+00
3.849899999999999434e+00 2.245899999999998897e+00 4.861930000000000085e+00
4.552070000000000505e+00 2.798479999999998746e+00 3.822540000000000937e+00
3.883029999999998871e+00 3.232789999999998276e+00 2.987320000000001752e+00
7.739860000000002849e+00 -4.919800000000000395e+00 -3.958060000000000578e+00
2.372199999999998976e+00 -5.073839999999999684e+00 -3.052359999999999296e+00
5.484739999999996840e+00 -4.738030000000000186e+00 -2.520420000000001881e+00
6.307070000000000398e+00 -4.693509999999999849e+00 -2.967790000000002149e+00
3.026740000000000652e+00 -5.012010000000001853e+00 -2.933139999999999858e+00
2.086730000000000196e+00 -5.931219999999999715e+00 -5.250270000000000437e+00
2.621170000000000666e+00 -5.808980000000000032e+00 -6.252079999999999416e+00
3.882899999999998464e+00 -5.143190000000001483e+00 -5.596470000000000056e+00
5.910409999999999719e+00 -4.822730000000000850e+00 -3.728549999999999809e+00
7.140450000000001296e+00 -4.973969999999999558e+00 -4.066099999999996939e+00
2.440320000000000711e+00 -5.622090000000000920e+00 -8.458049999999998292e+00
8.292860000000001008e+00 -5.001490000000001324e+00 -6.006640000000000867e+00
3.293870000000000964e+00 -5.332810000000000272e+00 -7.114830000000002208e+00
3.706960000000000033e+00 -4.724459999999999660e+00 -7.898359999999998493e+00
6.274220000000003239e+00 -5.079800000000000537e+00 -5.375210000000000043e+00
7.386370000000001212e+00 -4.943760000000001043e+00 -6.329100000000000392e+00
5.863310000000001132e+00 -4.185020000000000628e+00 -7.249559999999998894e+00
7.515620000000005518e+00 -4.046330000000000204e+00 -7.369559999999999889e+00
5.578749999999997655e+00 -3.867690000000000072e+00 -7.627399999999999736e+00
5.154089999999999172e+00 -2.840750000000000774e+00 -8.643379999999998731e+00
5.231390000000000207e+00 -2.081529999999999880e+00 -8.897809999999997999e+00
-3.349439999999998197e+00 -7.970579999999999998e+00 -1.205599999999999916e+01
-3.131240000000000467e+00 -8.214980000000000615e+00 -1.051680000000000348e+01
-3.961460000000000647e+00 -7.543729999999999158e+00 -1.315920000000000201e+01
-1.581830000000000513e+00 -6.563279999999999781e+00 -1.324220000000000041e+01
-3.556910000000000238e+00 -6.334360000000001101e+00 -1.445979999999999777e+01
-3.375279999999998726e+00 -5.280960000000001209e+00 -1.519229999999999592e+01
-6.631370000000000431e+00 -6.536649999999998961e+00 -1.317119999999999891e+01
-7.072149999999999714e+00 -6.212410000000000210e+00 -1.318880000000000230e+01
-7.758049999999999002e+00 -5.232389999999999652e+00 -1.367539999999999978e+01
-5.719880000000000742e+00 -7.132269999999999222e+00 -1.307809999999999917e+01
-8.473499999999997812e+00 -5.365009999999999835e+00 -1.256419999999999781e+01
-7.364300000000000068e+00 -4.565109999999999779e+00 -1.457369999999999877e+01
-4.151449999999999640e+00 -5.535130000000000550e+00 -1.502880000000000038e+01
-5.996219999999999217e+00 -4.382410000000001027e+00 -1.525719999999999743e+01
-2.711609999999998522e+00 -5.387830000000001007e+00 -1.501369999999999827e+01
-2.177319999999999478e+00 -4.295710000000000583e+00 -1.536940000000000239e+01
-3.723109999999999253e+00 -3.716060000000001029e+00 -1.575220000000000020e+01
-2.790620000000000545e+00 -3.187420000000000364e+00 -1.571560000000000201e+01
-4.990149999999999864e+00 -2.649720000000000741e+00 -1.594009999999999927e+01
-3.921189999999999287e+00 -1.504900000000001015e+00 -1.593560000000000088e+01
-9.300609999999998934e+00 -4.441530000000000200e+00 -1.222210000000000107e+01
-8.934489999999998489e+00 -4.001809999999999867e+00 -1.344569999999999865e+01
-9.911329999999999529e+00 -2.863419999999999632e+00 -1.234730000000000238e+01
-1.040130000000000088e+01 -1.439680000000000515e+00 -1.152009999999999934e+01
-8.549440000000000595e+00 -3.349889999999999812e+00 -1.436079999999999757e+01
-7.692489999999999384e+00 -2.967249999999999943e+00 -1.519810000000000016e+01
-9.822010000000000574e+00 -9.254840000000019717e-01 -1.328419999999999845e+01
-9.375740000000000407e+00 -3.296919999999994855e-01 -1.420529999999999937e+01
-8.487999999999999545e+00 -9.525269999999997905e-01 -1.507440000000000069e+01
-7.135790000000000077e+00 1.590629999999982891e-01 -1.577009999999999934e+01
-7.627929999999998323e+00 8.126269999999999882e-01 -1.553679999999999772e+01
-1.522480000000000278e+00 -7.556239999999998957e+00 -6.888490000000000890e+00
-4.217589999999981076e-01 -7.157029999999998893e+00 -8.631789999999998741e+00
7.208750000000080371e-02 -6.569350000000000911e+00 -5.589950000000002639e+00
6.178690000000003346e-01 -6.686100000000001486e+00 -6.757120000000001347e+00
-2.400909999999994993e-01 -6.931079999999999686e+00 -9.610869999999998470e+00
-5.078600000000119130e-02 -5.895450000000000301e+00 -1.240210000000000079e+01
1.350110000000001031e+00 -6.389849999999999142e+00 -6.419149999999999245e+00
2.018910000000000426e+00 -5.952799999999998981e+00 -8.190950000000000841e+00
-7.605899999999999883e-01 -5.087419999999998943e+00 -1.430380000000000074e+01
1.024350000000000316e+00 -4.963350000000000151e+00 -1.243799999999999883e+01
-1.230569999999998387e+00 -3.740110000000000490e+00 -1.520270000000000188e+01
-1.926200000000010404e-01 -3.007610000000000561e+00 -1.485939999999999905e+01
1.959430000000001115e+00 -5.053860000000000241e+00 -1.069769999999999932e+01
-1.088169999999999193e+00 -2.405740000000000656e+00 -1.528159999999999741e+01
-1.307629999999998294e+00 -1.697800000000000864e+00 -1.534099999999999930e+01
2.141260000000000385e+00 -3.536699999999998401e+00 -1.149290000000000234e+01
8.844270000000000742e-01 -1.870319999999999983e+00 -1.348719999999999786e+01
7.970759999999991186e-01 -1.144550000000000400e+00 -1.333480000000000132e+01
-2.606510000000000105e+00 -1.779080000000000883e+00 -1.569919999999999938e+01
-2.676289999999998948e+00 -8.102820000000006129e-01 -1.564150000000000063e+01
-5.085009999999999586e+00 4.531189999999978291e-01 -1.588889999999999958e+01
-2.886939999999997397e+00 1.006819999999998716e+00 -1.536729999999999841e+01
-2.164819999999999300e+00 1.174239999999997952e+00 -1.512480000000000047e+01
-4.981239999999999557e-01 1.149420000000000330e+00 -1.389080000000000048e+01
-2.882499999999999396e+00 2.079319999999999169e+00 -1.503609999999999935e+01
-2.466289999999999871e+00 2.787979999999999237e+00 -1.464729999999999954e+01
2.702619999999999578e+00 -3.968330000000000357e+00 -1.033790000000000120e+01
3.518800000000002370e+00 -2.611130000000000617e+00 -1.011340000000000039e+01
3.011800000000000921e+00 -1.848449999999999926e+00 -1.085410000000000252e+01
9.640090000000015591e-01 -2.817350000000000687e-01 -1.281430000000000113e+01
1.482499999999999263e+00 6.244229999998310299e-03 -1.211170000000000258e+01
2.348360000000000891e+00 -2.187330000000010377e-01 -1.122850000000000037e+01
1.080980000000000718e+00 4.167169999999985053e-01 -1.233740000000000059e+01
-1.051210000000000022e+01 -9.672330000000012307e-01 -1.099420000000000108e+01
-9.967900000000001981e+00 6.836189999999987554e-01 -1.292289999999999850e+01
-1.030240000000000045e+01 -1.723920000000243175e-02 -1.048770000000000202e+01
-1.007179999999999964e+01 -1.223410000000008796e-01 -9.025520000000000209e+00
-9.725260000000000460e+00 5.415249999999983688e-01 -1.002870000000000061e+01
-9.963300000000000267e+00 9.211839999999997808e-01 -1.155330000000000013e+01
-9.433569999999997790e+00 2.030549999999997635e+00 -1.278590000000000160e+01
-8.820370000000000488e+00 1.394409999999999705e+00 -9.343719999999999359e+00
-8.416219999999997370e+00 2.395159999999999290e+00 -1.037700000000000244e+01
-8.197399999999998244e+00 1.155139999999998501e+00 -6.071770000000001666e+00
-7.960020000000000095e+00 1.590519999999998824e+00 -7.153089999999997950e+00
-8.281810000000000116e+00 1.877399999999998847e+00 -8.739449999999999719e+00
-7.898790000000000866e+00 2.544939999999998204e+00 -9.734059999999999491e+00
-6.296570000000000000e+00 2.695549999999998558e+00 -7.680509999999999060e+00
-6.212730000000000530e+00 3.004839999999998401e+00 -8.163970000000000837e+00
-8.635399999999998855e+00 2.199499999999999122e+00 -1.429340000000000011e+01
-8.036829999999998364e+00 2.227759999999998186e+00 -1.473309999999999675e+01
-7.637070000000000469e+00 3.438439999999999053e+00 -1.351469999999999771e+01
-6.655519999999999214e+00 4.260149999999999437e+00 -1.313940000000000019e+01
-6.100579999999999892e+00 1.892989999999998396e+00 -1.547709999999999653e+01
-5.844950000000000756e+00 2.182629999999998738e+00 -1.532809999999999917e+01
-5.170960000000000001e+00 3.965049999999998409e+00 -1.412310000000000265e+01
-4.615560000000000329e+00 3.958940000000000126e+00 -1.425029999999999575e+01
-5.867840000000000167e+00 3.767389999999999795e+00 -1.412649999999999828e+01
-8.273339999999999250e+00 3.279690000000000438e+00 -1.224919999999999831e+01
-6.242969999999999686e+00 4.410389999999998700e+00 -1.238330000000000375e+01
-5.555780000000001273e+00 4.378199999999998759e+00 -1.074579999999999913e+01
-3.389139999999998487e+00 4.232289999999999885e+00 -1.348979999999999890e+01
-3.170910000000000561e+00 4.294399999999999551e+00 -1.287199999999999989e+01
-5.219999999999997975e+00 4.431839999999998447e+00 -1.222150000000000247e+01
-4.469149999999999068e+00 4.633609999999998230e+00 -1.232799999999999763e+01
-3.216889999999998473e+00 4.684939999999998328e+00 -1.144480000000000075e+01
-4.958239999999999981e+00 4.783719999999997974e+00 -1.085000000000000142e+01
-3.795919999999999739e+00 4.891039999999998500e+00 -1.117310000000000336e+01
-6.639169999999999128e+00 3.679029999999998246e+00 -1.050410000000000110e+01
-5.930710000000001259e+00 3.620349999999999735e+00 -9.036619999999999209e+00
3.057350000000000456e+00 -1.908220000000011296e-01 -1.030369999999999919e+01
-1.389119999999985644e-01 1.528209999999998514e+00 -1.287899999999999956e+01
-2.114519999999998845e+00 3.220639999999998171e+00 -1.359629999999999761e+01
9.955310000000006099e-01 8.012399999999995082e-01 -1.169050000000000011e+01
-1.054069999999998064e+00 2.883969999999997924e+00 -1.233999999999999986e+01
-2.713950000000000529e+00 3.845000000000000639e+00 -1.327190000000000225e+01
-1.649949999999999806e+00 3.646259999999998946e+00 -1.187689999999999912e+01
1.140339999999999598e+01 -6.536270000000000024e+00 -3.358689999999998843e+00
1.330110000000000170e+01 -6.713250000000000384e+00 -1.703439999999998955e+00
1.116099999999999781e+01 -6.450160000000000338e+00 -8.279910000000008097e-01
1.095270000000000188e+01 -6.472630000000000550e+00 -2.581599999999999007e+00
1.430070000000000263e+01 -6.980389999999999873e+00 -5.001180000000001513e+00
1.194970000000000354e+01 -6.606630000000000891e+00 -3.960660000000000736e+00
1.265109999999999779e+01 -6.592660000000001297e+00 -5.457419999999999050e+00
1.310919999999999952e+01 -6.896169999999999689e+00 -3.644350000000001089e+00
1.558479999999999954e+01 -7.048960000000000115e+00 -3.571029999999999927e+00
1.600290000000000390e+01 -5.982319999999999638e+00 -4.152249999999999552e+00
1.622100000000000364e+01 -6.507329999999999615e+00 -1.142009999999999303e+00
1.633590000000000231e+01 -5.720180000000000042e+00 -2.024639999999997109e+00
1.455920000000000059e+01 -6.586950000000000749e+00 7.803150000000147468e-02
1.478610000000000468e+01 -6.962100000000001288e+00 -1.523859999999998438e+00
1.535849999999999937e+01 -6.243960000000000399e+00 1.000749999999997808e+00
1.478560000000000230e+01 -4.100279999999999703e+00 2.014309999999996492e+00
1.512600000000000300e+01 -4.232270000000000643e+00 9.126949999999980356e-01
1.433739999999999881e+01 -3.342220000000000635e+00 1.060069999999999180e+00
1.574120000000000097e+01 -4.949799999999999756e+00 -3.319130000000000358e+00
1.518130000000000379e+01 -4.083319999999999617e+00 -2.541629999999999168e+00
1.519230000000000480e+01 -3.984379999999999811e+00 -9.881919999999987381e-01
1.493389999999999596e+01 -3.652369999999999894e+00 -1.482929999999998971e+00
1.431129999999999924e+01 -2.858640000000000292e+00 -8.512939999999979968e-01
1.375210000000000754e+01 -6.767789999999999750e+00 -6.225180000000000824e+00
1.518610000000000149e+01 -5.972739999999999938e+00 -6.520729999999999471e+00
1.231370000000000076e+01 -6.474339999999999762e+00 -6.645350000000001423e+00
1.285300000000000153e+01 -5.937480000000000757e+00 -7.431899999999998840e+00
1.584280000000000399e+01 -5.870580000000000354e+00 -5.605480000000001795e+00
1.551650000000000063e+01 -5.121730000000000338e+00 -5.892440000000002343e+00
1.494750000000000512e+01 -4.461809999999999832e+00 -5.496780000000001110e+00
1.319250000000000078e+01 -5.544069999999999609e+00 -7.286579999999999835e+00
1.256440000000000268e+01 -4.993290000000000006e+00 -6.599610000000000198e+00
1.341710000000000313e+01 -4.515220000000000233e+00 -6.068120000000001291e+00
1.352790000000000248e+01 -3.440240000000000187e+00 -4.899960000000000981e+00
1.492609999999999992e+01 -3.774049999999999461e+00 -2.777209999999999734e+00
1.483039999999999736e+01 -3.798859999999999459e+00 -4.455719999999999459e+00
1.426080000000000325e+01 -2.976270000000001303e+00 -3.695590000000000153e+00
1.013959999999999795e+01 -6.005390000000000228e+00 -2.734699999999998798e+00
6.976240000000002439e+00 -4.759390000000000676e+00 -2.365279999999998939e+00
7.264550000000002505e+00 -4.825989999999999114e+00 -1.938199999999998147e+00
6.826590000000002156e+00 -4.704950000000001076e+00 -2.928139999999999521e+00
1.046219999999999750e+01 -6.292410000000001169e+00 -2.331480000000000441e+00
8.994640000000002189e+00 -5.525459999999999816e+00 -1.935909999999999798e+00
7.936429999999996099e+00 -5.090670000000000250e+00 -1.570969999999998201e+00
9.571790000000003573e+00 -5.537619999999999543e+00 -3.426850000000001284e+00
9.918660000000000920e+00 -5.561770000000000991e+00 -4.653179999999998984e+00
8.305650000000003530e+00 -4.999710000000001209e+00 -3.954250000000000931e+00
1.354600000000000115e+01 -2.162150000000001349e+00 3.318790000001167750e-03
1.220059999999999789e+01 -7.788370000000018889e-01 -9.832570000000014909e-01
1.092190000000000083e+01 -5.979280000000000150e+00 -5.483010000000001938e+00
1.097739999999999760e+01 -5.445979999999999599e+00 -6.020369999999999777e+00
9.558579999999997412e+00 -5.092889999999999695e+00 -5.191280000000001671e+00
1.166269999999999740e+01 -4.730470000000000397e+00 -6.161259999999999515e+00
9.146820000000007056e+00 -4.342260000000000453e+00 -6.409179999999998323e+00
1.035449999999999982e+01 -3.572560000000000180e+00 -5.855330000000000368e+00
1.240349999999999753e+01 -3.730670000000000375e+00 -5.426410000000000622e+00
1.059159999999999791e+01 -3.238279999999999603e+00 -5.644249999999999545e+00
1.060429999999999851e+01 -2.321450000000001346e+00 -5.216630000000001210e+00
8.519940000000003621e+00 -3.697549999999999670e+00 -7.025960000000002204e+00
9.017559999999999576e+00 -3.107390000000000541e+00 -6.555550000000000210e+00
8.041410000000004388e+00 -2.041930000000001133e+00 -6.899310000000000720e+00
1.033610000000000184e+01 -1.659280000000000976e+00 -5.068080000000000140e+00
8.230849999999998445e+00 -1.725440000000000085e+00 -6.627520000000003186e+00
8.710220000000003182e+00 -5.127710000000016421e-01 -5.823110000000001563e+00
7.273030000000003881e+00 -1.709270000000018552e-01 -6.912330000000000751e+00
1.315700000000000180e+01 -2.217630000000001100e+00 -3.990259999999999696e+00
1.340770000000000373e+01 -1.692970000000000530e+00 -1.890779999999999905e+00
1.308399999999999963e+01 -1.423919999999999852e+00 -3.085020000000002316e+00
1.233680000000000021e+01 -4.660840000000007199e-01 -2.191760000000000375e+00
1.195100000000000229e+01 -2.005009999999989023e-01 -2.787669999999999426e+00
1.231269999999999953e+01 -1.994630000000001235e+00 -4.301650000000000418e+00
1.111320000000000441e+01 -1.316280000000000339e+00 -4.421559999999999491e+00
1.137500000000000000e+01 -6.766189999999994154e-01 -3.786300000000001997e+00
1.014360000000000106e+01 1.551409999999999734e+00 -1.707779999999999632e+00
9.226930000000001186e+00 2.315119999999999401e+00 -2.844170000000000087e+00
9.226200000000002177e+00 2.187929999999999264e+00 -3.284329999999999306e+00
8.544660000000002142e+00 2.904040000000000177e+00 -2.350430000000000685e+00
1.012710000000000221e+01 -9.841329999999997025e-01 -4.943369999999999820e+00
1.051389999999999603e+01 1.761289999999984812e-01 -4.024989999999998957e+00
8.355050000000000310e+00 1.166409999999982738e-01 -5.855000000000001315e+00
7.013920000000000599e+00 9.812660000000000826e-01 -6.428249999999999353e+00
1.387419999999999831e+01 -3.396189999999999376e+00 2.602469999999998063e+00
1.247170000000000378e+01 -2.304920000000000968e+00 2.910419999999999341e+00
1.128169999999999895e+01 -6.907320000000003457e-01 1.458889999999998022e+00
1.148349999999999760e+01 -4.947550000000006665e-01 3.255810000000001758e-01
9.995999999999998664e+00 -2.193370000000003373e-01 3.132120000000000459e+00
8.880800000000000693e+00 1.133280000000000065e+00 2.650119999999999365e+00
9.463790000000003033e+00 8.230249999999976751e-01 2.112750000000001016e+00
7.346460000000003099e+00 2.170039999999998415e+00 3.017230000000001411e+00
7.182030000000001024e+00 2.828590000000000160e+00 1.874119999999999120e+00
9.862800000000001788e+00 1.057200000000000140e+00 3.944129999999992364e-01
1.007539999999999836e+01 1.408079999999998000e+00 -9.555409999999998627e-01
8.005340000000003897e+00 2.721609999999997864e+00 4.543970000000001064e-01
3.351829999999999199e+00 4.271900000000000475e+00 -3.455440000000025158e-01
6.236450000000003158e+00 3.629719999999999835e+00 3.046820000000002304e-01
5.479720000000000368e+00 4.046699999999997743e+00 -2.224059999999998816e+00
3.671940000000000204e+00 4.387690000000000090e+00 -6.833379999999991128e-01
2.847850000000001547e+00 3.820169999999999177e+00 -2.455700000000000660e+00
2.961140000000000772e+00 3.510799999999999255e+00 -3.327619999999997802e+00
-9.873829999999998996e-01 3.794600000000000417e+00 -7.650349999999985773e-01
2.148840000000001194e+00 3.144009999999997529e+00 -4.385360000000001257e+00
1.035139999999857077e-02 4.161929999999999019e+00 -3.143240000000001810e+00
3.077469999999981054e-01 3.710999999999999854e+00 -4.698160000000002334e+00
2.380239999999999689e+00 3.807559999999998279e+00 -2.565919999999998868e+00
5.101240000000002439e+00 -8.738750000000004015e-01 -8.894980000000000331e+00
2.943520000000000802e+00 3.099789999999997825e-01 -9.608599999999999142e+00
5.062760000000001703e+00 5.080159999999975806e-01 -8.112650000000000361e+00
3.643599999999999728e+00 5.645509999999988038e-01 -8.969030000000000058e+00
2.523920000000000829e+00 5.029980000000000562e-01 -9.801579999999999515e+00
1.546639999999999571e+00 1.850589999999999291e+00 -9.912620000000000431e+00
3.310469999999994251e-01 3.150720000000000187e+00 -9.157750000000000057e+00
1.122300000000003017e-01 3.003400000000000958e+00 -1.045870000000000033e+01
5.658040000000000624e+00 2.813119999999997844e+00 -4.857379999999999143e+00
6.164809999999997459e+00 1.890449999999997965e+00 -6.090499999999999581e+00
4.703029999999998267e+00 2.694749999999999535e+00 -5.245950000000003222e+00
4.800279999999999880e+00 2.390019999999997591e+00 -5.959600000000000897e+00
6.609370000000002854e+00 3.753919999999996815e+00 -2.715859999999998386e+00
6.586330000000001128e+00 1.284659999999999691e+00 -6.428190000000000737e+00
5.715440000000003629e+00 1.673139999999999183e+00 -6.603610000000000646e+00
4.862479999999997915e+00 1.783969999999998723e+00 -7.036480000000000068e+00
2.738470000000001736e+00 2.852169999999997430e+00 -5.060950000000002724e+00
2.817730000000001844e+00 2.091549999999999798e+00 -7.359180000000001165e+00
2.029739999999999434e+00 2.331619999999998250e+00 -6.811510000000001064e+00
9.589659999999823603e-02 3.304299999999997794e+00 -6.271230000000001858e+00
2.725120000000003095e-01 2.961689999999999490e+00 -7.758719999999999395e+00
3.034920000000002061e-01 3.033459999999999379e+00 -8.137639999999997542e+00
-3.296359999999999513e+00 3.398639999999998995e+00 -2.585429999999999229e+00
-5.632979999999999876e+00 3.065179999999998017e+00 -7.732409999999998895e+00
-4.808170000000000499e+00 3.484369999999999301e+00 -7.636449999999999072e+00
-4.258289999999999687e+00 3.352879999999999860e+00 -6.674659999999998483e+00
-2.166689999999996896e+00 3.285539999999997463e+00 -2.319819999999996052e-01
-1.889239999999998920e+00 3.751259999999998929e+00 -1.355660000000000309e+00
-1.527559999999997364e+00 4.095650000000000901e+00 -2.469730000000001091e+00
-1.353409999999998448e+00 4.393120000000000580e+00 -3.694280000000000452e+00
-1.182399999999999674e+00 4.401799999999997048e+00 -4.987799999999999123e+00
-4.800239999999998730e+00 4.079709999999998615e+00 -8.506259999999999266e+00
-4.505539999999999878e+00 4.556890000000000107e+00 -9.025849999999998374e+00
-1.981120000000000436e+00 4.464269999999999072e+00 -7.511960000000000193e+00
-3.350199999999999623e+00 4.459919999999999440e+00 -8.332669999999996691e+00
-1.541089999999999627e+00 3.654099999999998793e+00 -1.119989999999999952e+01
-1.228469999999999951e+00 3.508989999999996279e+00 -1.106410000000000160e+01
-3.828279999999999461e+00 4.853729999999998768e+00 -1.070600000000000129e+01
-2.047819999999998863e+00 4.182339999999999058e+00 -9.851390000000000313e+00
-3.114439999999994990e-01 3.482159999999998590e+00 -9.966989999999997352e+00
-2.159430000000000849e+00 4.561089999999999200e+00 -6.121300000000000630e+00
5.302550000000000985e+00 3.332359999999998212e+00 2.403379999999999406e+00
6.075500000000001677e+00 3.301919999999999966e+00 1.837850000000000872e+00
1.965520000000000600e+00 7.051689999999987135e-01 -1.028790000000000049e+01
-5.168189999999993622e-01 2.796739999999999338e+00 -1.161630000000000251e+01
4.417760000000000575e-01 2.526319999999999233e+00 -1.077009999999999934e+01
